1.946768464280010846e+02 1.490989860283490884e+02 1.032447522193789240e+02
1.946997460016934838e+02 1.491086390211009700e+02 1.032315196367992769e+02
1.947226455753858829e+02 1.491182920138528800e+02 1.032182870542196440e+02
1.947455451490782821e+02 1.491279450066047616e+02 1.032050544716399969e+02
1.947684447227706812e+02 1.491375979993566432e+02 1.031918218890603640e+02
1.947913442964631088e+02 1.491472509921085248e+02 1.031785893064807169e+02
1.948142438701555079e+02 1.491569039848604348e+02 1.031653567239010840e+02
1.948371434438479071e+02 1.491665569776123164e+02 1.031521241413214369e+02
1.948600430175403062e+02 1.491762099703641979e+02 1.031388915587418040e+02
1.948829425912327054e+02 1.491858629631161079e+02 1.031256589761621569e+02
1.949058421649251045e+02 1.491955159558679895e+02 1.031124263935825240e+02
1.949287417386175036e+02 1.492051689486198711e+02 1.030991938110028769e+02
1.949516413123099028e+02 1.492148219413717811e+02 1.030859612284232441e+02
1.949745408860023304e+02 1.492244749341236627e+02 1.030727286458435970e+02
1.949974404596947295e+02 1.492341279268755443e+02 1.030594960632639641e+02
1.950203400333871286e+02 1.492437809196274259e+02 1.030462634806843170e+02
1.950432396070795278e+02 1.492534339123793359e+02 1.030330308981046841e+02
1.950661391807719269e+02 1.492630869051312175e+02 1.030197983155250370e+02
1.950661391807719269e+02 1.492630869051312175e+02 1.030197983155250370e+02
1.950916021456611702e+02 1.492738204593370313e+02 1.030050844701869011e+02
1.951170651105504135e+02 1.492845540135428450e+02 1.029903706248487509e+02
1.951425280754396567e+02 1.492952875677486588e+02 1.029756567795106150e+02
1.951679910403288716e+02 1.493060211219544726e+02 1.029609429341724791e+02
1.951934540052181148e+02 1.493167546761602864e+02 1.029462290888343432e+02
1.952189169701073581e+02 1.493274882303661002e+02 1.029315152434961931e+02
1.952443799349966014e+02 1.493382217845719140e+02 1.029168013981580572e+02
1.952698428998858446e+02 1.493489553387777278e+02 1.029020875528199213e+02
1.952953058647750879e+02 1.493596888929835416e+02 1.028873737074817711e+02
1.953207688296643312e+02 1.493704224471893554e+02 1.028726598621436352e+02
1.953462317945535460e+02 1.493811560013951691e+02 1.028579460168054993e+02
1.953716947594427893e+02 1.493918895556009829e+02 1.028432321714673634e+02
1.953971577243320326e+02 1.494026231098067967e+02 1.028285183261292133e+02
1.954226206892212758e+02 1.494133566640126105e+02 1.028138044807910774e+02
1.954226206892212758e+02 1.494133566640126105e+02 1.028138044807910774e+02
1.954402598039060877e+02 1.494122005465378038e+02 1.027690781888044711e+02
1.954578989185908995e+02 1.494110444290629687e+02 1.027243518968178506e+02
1.954755380332756829e+02 1.494098883115881620e+02 1.026796256048312443e+02
1.954931771479604947e+02 1.494087321941133553e+02 1.026348993128446239e+02
1.955108162626453066e+02 1.494075760766385201e+02 1.025901730208580176e+02
1.955284553773301184e+02 1.494064199591637134e+02 1.025454467288714113e+02
1.955460944920149018e+02 1.494052638416889067e+02 1.025007204368847908e+02
1.955637336066997136e+02 1.494041077242141000e+02 1.024559941448981846e+02
1.955813727213845254e+02 1.494029516067392649e+02 1.024112678529115783e+02
1.955990118360693373e+02 1.494017954892644582e+02 1.023665415609249578e+02
1.956166509507541207e+02 1.494006393717896515e+02 1.023218152689383516e+02
1.956342900654389325e+02 1.493994832543148163e+02 1.022770889769517311e+02
1.956519291801237443e+02 1.493983271368400096e+02 1.022323626849651248e+02
1.956519291801237443e+02 1.493983271368400096e+02 1.022323626849651248e+02
1.956612287445221341e+02 1.493977176170822929e+02 1.022087824180376998e+02
1.956705283089205523e+02 1.493971080973245478e+02 1.021852021511102890e+02
1.956798278733189420e+02 1.493964985775668310e+02 1.021616218841828641e+02
1.956891274377173318e+02 1.493958890578091143e+02 1.021380416172554533e+02
1.956984270021157499e+02 1.493952795380513692e+02 1.021144613503280283e+02
1.957077265665141397e+02 1.493946700182936524e+02 1.020908810834006175e+02
1.957170261309125294e+02 1.493940604985359357e+02 1.020673008164731925e+02
1.957263256953109476e+02 1.493934509787781906e+02 1.020437205495457818e+02
1.957356252597093373e+02 1.493928414590204738e+02 1.020201402826183568e+02
1.957449248241077271e+02 1.493922319392627571e+02 1.019965600156909460e+02
1.957542243885061168e+02 1.493916224195050404e+02 1.019729797487635210e+02
1.957635239529045350e+02 1.493910128997472953e+02 1.019493994818361102e+02
1.957728235173029248e+02 1.493904033799895785e+02 1.019258192149086852e+02
1.957821230817013145e+02 1.493897938602318618e+02 1.019022389479812745e+02
1.957914226460997327e+02 1.493891843404741167e+02 1.018786586810538495e+02
1.958007222104981224e+02 1.493885748207163999e+02 1.018550784141264387e+02
1.958100217748965122e+02 1.493879653009586832e+02 1.018314981471990137e+02
1.958193213392949303e+02 1.493873557812009381e+02 1.018079178802716029e+02
1.958286209036933201e+02 1.493867462614432213e+02 1.017843376133441780e+02
1.958286209036933201e+02 1.493867462614432213e+02 1.017843376133441780e+02
1.958483812273217950e+02 1.494070991328941602e+02 1.017547358309268759e+02
1.958681415509502699e+02 1.494274520043451275e+02 1.017251340485095881e+02
1.958879018745787448e+02 1.494478048757960664e+02 1.016955322660922860e+02
1.959076621982072481e+02 1.494681577472470053e+02 1.016659304836749840e+02
1.959274225218357230e+02 1.494885106186979442e+02 1.016363287012576961e+02
1.959471828454641980e+02 1.495088634901489115e+02 1.016067269188403941e+02
1.959669431690926729e+02 1.495292163615998504e+02 1.015771251364230920e+02
1.959867034927211478e+02 1.495495692330507893e+02 1.015475233540058042e+02
1.960064638163496227e+02 1.495699221045017282e+02 1.015179215715885022e+02
1.960262241399780976e+02 1.495902749759526955e+02 1.014883197891712001e+02
1.960459844636065725e+02 1.496106278474036344e+02 1.014587180067539123e+02
1.960657447872350758e+02 1.496309807188545733e+02 1.014291162243366102e+02
1.960855051108635507e+02 1.496513335903055122e+02 1.013995144419193082e+02
1.961052654344920256e+02 1.496716864617564795e+02 1.013699126595020203e+02
1.961250257581205005e+02 1.496920393332074184e+02 1.013403108770847183e+02
1.961250257581205005e+02 1.496920393332074184e+02 1.013403108770847183e+02
1.961395853748662148e+02 1.497070355454948469e+02 1.013184999687671564e+02
1.961541449916119575e+02 1.497220317577822470e+02 1.012966890604495802e+02
1.961687046083576718e+02 1.497370279700696756e+02 1.012748781521320183e+02
1.961832642251033860e+02 1.497520241823571041e+02 1.012530672438144563e+02
1.961978238418491287e+02 1.497670203946445042e+02 1.012312563354968944e+02
1.962123834585948430e+02 1.497820166069319328e+02 1.012094454271793182e+02
1.962269430753405857e+02 1.497970128192193613e+02 1.011876345188617563e+02
1.962415026920862999e+02 1.498120090315067614e+02 1.011658236105441944e+02
1.962560623088320142e+02 1.498270052437941899e+02 1.011440127022266324e+02
1.962706219255777569e+02 1.498420014560816185e+02 1.011222017939090563e+02
1.962851815423234711e+02 1.498569976683690470e+02 1.011003908855914943e+02
1.962997411590691854e+02 1.498719938806564471e+02 1.010785799772739324e+02
1.963143007758149281e+02 1.498869900929438757e+02 1.010567690689563705e+02
1.963288603925606424e+02 1.499019863052313042e+02 1.010349581606387943e+02
1.963434200093063851e+02 1.499169825175187043e+02 1.010131472523212324e+02
1.963579796260520993e+02 1.499319787298061328e+02 1.009913363440036704e+02
1.963725392427978136e+02 1.499469749420935614e+02 1.009695254356861085e+02
1.963870988595435563e+02 1.499619711543809615e+02 1.009477145273685323e+02
1.964016584762892705e+02 1.499769673666683900e+02 1.009259036190509704e+02
1.964016584762892705e+02 1.499769673666683900e+02 1.009259036190509704e+02
1.964195929279523511e+02 1.499954396141935149e+02 1.008990370683868605e+02
1.964375273796154033e+02 1.500139118617186114e+02 1.008721705177227506e+02
1.964554618312784839e+02 1.500323841092437362e+02 1.008453039670586548e+02
1.964733962829415361e+02 1.500508563567688327e+02 1.008184374163945449e+02
1.964913307346046167e+02 1.500693286042939576e+02 1.007915708657304350e+02
1.965092651862676689e+02 1.500878008518190825e+02 1.007647043150663251e+02
1.965271996379307495e+02 1.501062730993441789e+02 1.007378377644022294e+02
1.965451340895938017e+02 1.501247453468693038e+02 1.007109712137381194e+02
1.965630685412568823e+02 1.501432175943944003e+02 1.006841046630740095e+02
1.965810029929199629e+02 1.501616898419195252e+02 1.006572381124098996e+02
1.965989374445830151e+02 1.501801620894446501e+02 1.006303715617457897e+02
1.966168718962460957e+02 1.501986343369697465e+02 1.006035050110816940e+02
1.966348063479091479e+02 1.502171065844948714e+02 1.005766384604175840e+02
1.966527407995722285e+02 1.502355788320199963e+02 1.005497719097534741e+02
1.966706752512352807e+02 1.502540510795450928e+02 1.005229053590893642e+02
1.966886097028983613e+02 1.502725233270702176e+02 1.004960388084252685e+02
1.967065441545614135e+02 1.502909955745953141e+02 1.004691722577611586e+02
1.967244786062244941e+02 1.503094678221204390e+02 1.004423057070970486e+02
1.967244786062244941e+02 1.503094678221204390e+02 1.004423057070970486e+02
1.967477011728780383e+02 1.503310621316772142e+02 1.004238993814218617e+02
1.967709237395316109e+02 1.503526564412340178e+02 1.004054930557466605e+02
1.967941463061851550e+02 1.503742507507907931e+02 1.003870867300714735e+02
1.968173688728386992e+02 1.503958450603475967e+02 1.003686804043962724e+02
1.968405914394922434e+02 1.504174393699043719e+02 1.003502740787210854e+02
1.968638140061458159e+02 1.504390336794611756e+02 1.003318677530458984e+02
1.968870365727993601e+02 1.504606279890179508e+02 1.003134614273706973e+02
1.969102591394529043e+02 1.504822222985747260e+02 1.002950551016955103e+02
1.969334817061064768e+02 1.505038166081315296e+02 1.002766487760203233e+02
1.969567042727600210e+02 1.505254109176883048e+02 1.002582424503451222e+02
1.969799268394135652e+02 1.505470052272451085e+02 1.002398361246699352e+02
1.970031494060671093e+02 1.505685995368018837e+02 1.002214297989947340e+02
1.970263719727206819e+02 1.505901938463586873e+02 1.002030234733195471e+02
1.970495945393742261e+02 1.506117881559154625e+02 1.001846171476443601e+02
1.970728171060277703e+02 1.506333824654722378e+02 1.001662108219691589e+02
1.970960396726813428e+02 1.506549767750290414e+02 1.001478044962939720e+02
1.971192622393348870e+02 1.506765710845858166e+02 1.001293981706187850e+02
1.971424848059884312e+02 1.506981653941426202e+02 1.001109918449435838e+02
1.971657073726419753e+02 1.507197597036993955e+02 1.000925855192683969e+02
1.971889299392955479e+02 1.507413540132561991e+02 1.000741791935931957e+02
1.972121525059490921e+02 1.507629483228129743e+02 1.000557728679180087e+02
1.972121525059490921e+02 1.507629483228129743e+02 1.000557728679180087e+02
1.972330229519194233e+02 1.507858487307102564e+02 1.000435872467458154e+02
1.972538933978897262e+02 1.508087491386075669e+02 1.000314016255736362e+02
1.972747638438600575e+02 1.508316495465048490e+02 1.000192160044014429e+02
1.972956342898303888e+02 1.508545499544021595e+02 1.000070303832292495e+02
1.973165047358006916e+02 1.508774503622994416e+02 9.999484476205705619e+01
1.973373751817710229e+02 1.509003507701967521e+02 9.998265914088486284e+01
1.973582456277413257e+02 1.509232511780940342e+02 9.997047351971268370e+01
1.973791160737116570e+02 1.509461515859913447e+02 9.995828789854049035e+01
1.973999865196819883e+02 1.509690519938886268e+02 9.994610227736829700e+01
1.974208569656522911e+02 1.509919524017859374e+02 9.993391665619611786e+01
1.974417274116226224e+02 1.510148528096832194e+02 9.992173103502392451e+01
1.974625978575929253e+02 1.510377532175805300e+02 9.990954541385173115e+01
1.974834683035632565e+02 1.510606536254778121e+02 9.989735979267953780e+01
1.975043387495335878e+02 1.510835540333750941e+02 9.988517417150734445e+01
1.975252091955038907e+02 1.511064544412724047e+02 9.987298855033516531e+01
1.975460796414742219e+02 1.511293548491696868e+02 9.986080292916297196e+01
1.975669500874445532e+02 1.511522552570669973e+02 9.984861730799077861e+01
1.975878205334148561e+02 1.511751556649642794e+02 9.983643168681859947e+01
1.976086909793851873e+02 1.511980560728615899e+02 9.982424606564640612e+01
1.976295614253555186e+02 1.512209564807588720e+02 9.981206044447421277e+01
1.976504318713258215e+02 1.512438568886561825e+02 9.979987482330201942e+01
1.976713023172961528e+02 1.512667572965534646e+02 9.978768920212982607e+01
1.976921727632664556e+02 1.512896577044507751e+02 9.977550358095764693e+01
1.977130432092367869e+02 1.513125581123480572e+02 9.976331795978545358e+01
1.977130432092367869e+02 1.513125581123480572e+02 9.976331795978545358e+01
1.977469099673544690e+02 1.513050307863592252e+02 9.975358948404787895e+01
1.977807767254721227e+02 1.512975034603704216e+02 9.974386100831030433e+01
1.978146434835898049e+02 1.512899761343815896e+02 9.973413253257274391e+01
1.978485102417074870e+02 1.512824488083927577e+02 9.972440405683516929e+01
1.978823769998251692e+02 1.512749214824039257e+02 9.971467558109759466e+01
1.979162437579428229e+02 1.512673941564151221e+02 9.970494710536002003e+01
1.979501105160605050e+02 1.512598668304262901e+02 9.969521862962244541e+01
1.979839772741781871e+02 1.512523395044374581e+02 9.968549015388488499e+01
1.980178440322958409e+02 1.512448121784486545e+02 9.967576167814731036e+01
1.980517107904135230e+02 1.512372848524598226e+02 9.966603320240973574e+01
1.980855775485312051e+02 1.512297575264709906e+02 9.965630472667216111e+01
1.981194443066488873e+02 1.512222302004821586e+02 9.964657625093458648e+01
1.981533110647665410e+02 1.512147028744933550e+02 9.963684777519702607e+01
1.981871778228842231e+02 1.512071755485045230e+02 9.962711929945945144e+01
1.982210445810019053e+02 1.511996482225156910e+02 9.961739082372187681e+01
1.982549113391195874e+02 1.511921208965268590e+02 9.960766234798430219e+01
1.982887780972372411e+02 1.511845935705380555e+02 9.959793387224672756e+01
1.983226448553549233e+02 1.511770662445492235e+02 9.958820539650916714e+01
1.983565116134726054e+02 1.511695389185603915e+02 9.957847692077159252e+01
1.983903783715902591e+02 1.511620115925715879e+02 9.956874844503401789e+01
1.984242451297079413e+02 1.511544842665827559e+02 9.955901996929644326e+01
1.984581118878256234e+02 1.511469569405939239e+02 9.954929149355886864e+01
1.984919786459433055e+02 1.511394296146050920e+02 9.953956301782130822e+01
1.985258454040609593e+02 1.511319022886162884e+02 9.952983454208373360e+01
1.985597121621786414e+02 1.511243749626274564e+02 9.952010606634615897e+01
1.985597121621786414e+02 1.511243749626274564e+02 9.952010606634615897e+01
1.985783204822542984e+02 1.511137755419183577e+02 9.950907259206113054e+01
1.985969288023299555e+02 1.511031761212092590e+02 9.949803911777610210e+01
1.986155371224056125e+02 1.510925767005001603e+02 9.948700564349107367e+01
1.986341454424812696e+02 1.510819772797910616e+02 9.947597216920604524e+01
1.986527537625568982e+02 1.510713778590819913e+02 9.946493869492103101e+01
1.986713620826325553e+02 1.510607784383728927e+02 9.945390522063600258e+01
1.986899704027082123e+02 1.510501790176637940e+02 9.944287174635097415e+01
1.987085787227838694e+02 1.510395795969546953e+02 9.943183827206594572e+01
1.987271870428595264e+02 1.510289801762455966e+02 9.942080479778091728e+01
1.987457953629351834e+02 1.510183807555364979e+02 9.940977132349588885e+01
1.987644036830108405e+02 1.510077813348273992e+02 9.939873784921086042e+01
1.987830120030864975e+02 1.509971819141183005e+02 9.938770437492583198e+01
1.988016203231621546e+02 1.509865824934092018e+02 9.937667090064080355e+01
1.988202286432378116e+02 1.509759830727001031e+02 9.936563742635577512e+01
1.988388369633134403e+02 1.509653836519910328e+02 9.935460395207076090e+01
1.988574452833890973e+02 1.509547842312819341e+02 9.934357047778573246e+01
1.988760536034647544e+02 1.509441848105728354e+02 9.933253700350070403e+01
1.988946619235404114e+02 1.509335853898637367e+02 9.932150352921567560e+01
1.989132702436160685e+02 1.509229859691546380e+02 9.931047005493064717e+01
1.989318785636917255e+02 1.509123865484455393e+02 9.929943658064561873e+01
1.989504868837673826e+02 1.509017871277364407e+02 9.928840310636059030e+01
1.989690952038430396e+02 1.508911877070273420e+02 9.927736963207556187e+01
1.989877035239186966e+02 1.508805882863182433e+02 9.926633615779053343e+01
1.990063118439943537e+02 1.508699888656091446e+02 9.925530268350550500e+01
1.990249201640699823e+02 1.508593894449000743e+02 9.924426920922049078e+01
1.990435284841456394e+02 1.508487900241909756e+02 9.923323573493546235e+01
1.990621368042212964e+02 1.508381906034818769e+02 9.922220226065043391e+01
1.990807451242969535e+02 1.508275911827727782e+02 9.921116878636540548e+01
1.990993534443726105e+02 1.508169917620636795e+02 9.920013531208037705e+01
1.990993534443726105e+02 1.508169917620636795e+02 9.920013531208037705e+01
1.991245987778610527e+02 1.508368459403146460e+02 9.917352516514061733e+01
1.991498441113495232e+02 1.508567001185655840e+02 9.914691501820087183e+01
1.991750894448379654e+02 1.508765542968165505e+02 9.912030487126111211e+01
1.992003347783264360e+02 1.508964084750674886e+02 9.909369472432135240e+01
1.992255801118148781e+02 1.509162626533184550e+02 9.906708457738160689e+01
1.992508254453033203e+02 1.509361168315694215e+02 9.904047443044184718e+01
1.992760707787917909e+02 1.509559710098203595e+02 9.901386428350210167e+01
1.993013161122802330e+02 1.509758251880713260e+02 9.898725413656234196e+01
1.993265614457687036e+02 1.509956793663222641e+02 9.896064398962258224e+01
1.993518067792571458e+02 1.510155335445732305e+02 9.893403384268283673e+01
1.993770521127456163e+02 1.510353877228241686e+02 9.890742369574307702e+01
1.994022974462340585e+02 1.510552419010751350e+02 9.888081354880331730e+01
1.994275427797225007e+02 1.510750960793261015e+02 9.885420340186357180e+01
1.994527881132109712e+02 1.510949502575770396e+02 9.882759325492381208e+01
1.994780334466994134e+02 1.511148044358280060e+02 9.880098310798405237e+01
1.995032787801878840e+02 1.511346586140789441e+02 9.877437296104430686e+01
1.995285241136763261e+02 1.511545127923299106e+02 9.874776281410454715e+01
1.995537694471647683e+02 1.511743669705808770e+02 9.872115266716480164e+01
1.995790147806532389e+02 1.511942211488318151e+02 9.869454252022504193e+01
1.996042601141416810e+02 1.512140753270827815e+02 9.866793237328528221e+01
1.996295054476301516e+02 1.512339295053337196e+02 9.864132222634553671e+01
1.996547507811185937e+02 1.512537836835846861e+02 9.861471207940577699e+01
1.996547507811185937e+02 1.512537836835846861e+02 9.861471207940577699e+01
1.996781183467130347e+02 1.512636339517312649e+02 9.860120906639920690e+01
1.997014859123074473e+02 1.512734842198778153e+02 9.858770605339263682e+01
1.997248534779018883e+02 1.512833344880243942e+02 9.857420304038606673e+01
1.997482210434963008e+02 1.512931847561709731e+02 9.856070002737948244e+01
1.997715886090907418e+02 1.513030350243175519e+02 9.854719701437291235e+01
1.997949561746851828e+02 1.513128852924641023e+02 9.853369400136634226e+01
1.998183237402795953e+02 1.513227355606106812e+02 9.852019098835977218e+01
1.998416913058740363e+02 1.513325858287572601e+02 9.850668797535320209e+01
1.998650588714684488e+02 1.513424360969038389e+02 9.849318496234663201e+01
1.998884264370628898e+02 1.513522863650503893e+02 9.847968194934006192e+01
1.999117940026573024e+02 1.513621366331969682e+02 9.846617893633347762e+01
1.999351615682517433e+02 1.513719869013435471e+02 9.845267592332690754e+01
1.999585291338461843e+02 1.513818371694900975e+02 9.843917291032033745e+01
1.999818966994405969e+02 1.513916874376366763e+02 9.842566989731376736e+01
2.000052642650350379e+02 1.514015377057832552e+02 9.841216688430719728e+01
2.000286318306294504e+02 1.514113879739298341e+02 9.839866387130062719e+01
2.000519993962238914e+02 1.514212382420763845e+02 9.838516085829405711e+01
2.000753669618183324e+02 1.514310885102229634e+02 9.837165784528748702e+01
2.000987345274127449e+02 1.514409387783695422e+02 9.835815483228090272e+01
2.001221020930071859e+02 1.514507890465160926e+02 9.834465181927433264e+01
2.001454696586015984e+02 1.514606393146626715e+02 9.833114880626776255e+01
2.001688372241960394e+02 1.514704895828092504e+02 9.831764579326119247e+01
2.001922047897904520e+02 1.514803398509558292e+02 9.830414278025462238e+01
2.002155723553848929e+02 1.514901901191023796e+02 9.829063976724805229e+01
2.002389399209793339e+02 1.515000403872489585e+02 9.827713675424148221e+01
2.002623074865737465e+02 1.515098906553955374e+02 9.826363374123489791e+01
2.002856750521681874e+02 1.515197409235421162e+02 9.825013072822832783e+01
2.003090426177626000e+02 1.515295911916886666e+02 9.823662771522175774e+01
2.003324101833570410e+02 1.515394414598352455e+02 9.822312470221518765e+01
2.003324101833570410e+02 1.515394414598352455e+02 9.822312470221518765e+01
2.003475940425699378e+02 1.515232716069695300e+02 9.820435296010053605e+01
2.003627779017828345e+02 1.515071017541038145e+02 9.818558121798588445e+01
2.003779617609957597e+02 1.514909319012380990e+02 9.816680947587123285e+01
2.003931456202086565e+02 1.514747620483724120e+02 9.814803773375656704e+01
2.004083294794215533e+02 1.514585921955066965e+02 9.812926599164191543e+01
2.004235133386344501e+02 1.514424223426409810e+02 9.811049424952726383e+01
2.004386971978473753e+02 1.514262524897752655e+02 9.809172250741261223e+01
2.004538810570602720e+02 1.514100826369095500e+02 9.807295076529796063e+01
2.004690649162731688e+02 1.513939127840438346e+02 9.805417902318330903e+01
2.004842487754860656e+02 1.513777429311781475e+02 9.803540728106864321e+01
2.004994326346989908e+02 1.513615730783124320e+02 9.801663553895399161e+01
2.005146164939118876e+02 1.513454032254467165e+02 9.799786379683934001e+01
2.005298003531247844e+02 1.513292333725810010e+02 9.797909205472468841e+01
2.005449842123376811e+02 1.513130635197152856e+02 9.796032031261003681e+01
2.005601680715505779e+02 1.512968936668495701e+02 9.794154857049538521e+01
2.005753519307635031e+02 1.512807238139838546e+02 9.792277682838073360e+01
2.005905357899763999e+02 1.512645539611181675e+02 9.790400508626606779e+01
2.006057196491892967e+02 1.512483841082524521e+02 9.788523334415141619e+01
2.006209035084021934e+02 1.512322142553867366e+02 9.786646160203676459e+01
2.006360873676151186e+02 1.512160444025210211e+02 9.784768985992211299e+01
2.006512712268280154e+02 1.511998745496553056e+02 9.782891811780746139e+01
2.006664550860409122e+02 1.511837046967895901e+02 9.781014637569280978e+01
2.006816389452538090e+02 1.511675348439239031e+02 9.779137463357814397e+01
2.006968228044667342e+02 1.511513649910581876e+02 9.777260289146349237e+01
2.007120066636796309e+02 1.511351951381924721e+02 9.775383114934884077e+01
2.007271905228925277e+02 1.511190252853267566e+02 9.773505940723418917e+01
2.007271905228925277e+02 1.511190252853267566e+02 9.773505940723418917e+01
2.007491193734838930e+02 1.510956724418497288e+02 9.770794886027772463e+01
2.007710482240752299e+02 1.510723195983726725e+02 9.768083831332127431e+01
2.007929770746665952e+02 1.510489667548956447e+02 9.765372776636480978e+01
2.008149059252579605e+02 1.510256139114185885e+02 9.762661721940834525e+01
2.008368347758492973e+02 1.510022610679415607e+02 9.759950667245189493e+01
2.008587636264406626e+02 1.509789082244645044e+02 9.757239612549543040e+01
2.008806924770319995e+02 1.509555553809874766e+02 9.754528557853896586e+01
2.009026213276233648e+02 1.509322025375104204e+02 9.751817503158251554e+01
2.009245501782147301e+02 1.509088496940333926e+02 9.749106448462605101e+01
2.009464790288060669e+02 1.508854968505563363e+02 9.746395393766958648e+01
2.009684078793974322e+02 1.508621440070793085e+02 9.743684339071313616e+01
2.009903367299887691e+02 1.508387911636022523e+02 9.740973284375667163e+01
2.010122655805801344e+02 1.508154383201252244e+02 9.738262229680020710e+01
2.010341944311714997e+02 1.507920854766481966e+02 9.735551174984375677e+01
2.010561232817628365e+02 1.507687326331711404e+02 9.732840120288729224e+01
2.010780521323542018e+02 1.507453797896941126e+02 9.730129065593082771e+01
2.010999809829455671e+02 1.507220269462170563e+02 9.727418010897437739e+01
2.011219098335369040e+02 1.506986741027400285e+02 9.724706956201791286e+01
2.011438386841282693e+02 1.506753212592629723e+02 9.721995901506144833e+01
2.011657675347196346e+02 1.506519684157859444e+02 9.719284846810499801e+01
2.011876963853109714e+02 1.506286155723088882e+02 9.716573792114853347e+01
2.012096252359023367e+02 1.506052627288318604e+02 9.713862737419206894e+01
2.012315540864936736e+02 1.505819098853548041e+02 9.711151682723561862e+01
2.012534829370850389e+02 1.505585570418777763e+02 9.708440628027915409e+01
2.012534829370850389e+02 1.505585570418777763e+02 9.708440628027915409e+01
2.012456547713747170e+02 1.505428284020079559e+02 9.705904710967465121e+01
2.012378266056644236e+02 1.505270997621381355e+02 9.703368793907016254e+01
2.012299984399541017e+02 1.505113711222683150e+02 9.700832876846565966e+01
2.012221702742438083e+02 1.504956424823984946e+02 9.698296959786117100e+01
2.012143421085334865e+02 1.504799138425286742e+02 9.695761042725666812e+01
2.012065139428231646e+02 1.504641852026588538e+02 9.693225125665216524e+01
2.011986857771128712e+02 1.504484565627890333e+02 9.690689208604767657e+01
2.011908576114025493e+02 1.504327279229191845e+02 9.688153291544317369e+01
2.011830294456922275e+02 1.504169992830493641e+02 9.685617374483868502e+01
2.011752012799819340e+02 1.504012706431795436e+02 9.683081457423418215e+01
2.011673731142716122e+02 1.503855420033097232e+02 9.680545540362967927e+01
2.011595449485612903e+02 1.503698133634399028e+02 9.678009623302519060e+01
2.011517167828509969e+02 1.503540847235700824e+02 9.675473706242068772e+01
2.011438886171406750e+02 1.503383560837002619e+02 9.672937789181619905e+01
2.011360604514303816e+02 1.503226274438304415e+02 9.670401872121169617e+01
2.011282322857200597e+02 1.503068988039606211e+02 9.667865955060719330e+01
2.011204041200097379e+02 1.502911701640908007e+02 9.665330038000270463e+01
2.011125759542994444e+02 1.502754415242209802e+02 9.662794120939820175e+01
2.011047477885891226e+02 1.502597128843511598e+02 9.660258203879371308e+01
2.010969196228788292e+02 1.502439842444813394e+02 9.657722286818921020e+01
2.010890914571685073e+02 1.502282556046115189e+02 9.655186369758472154e+01
2.010812632914581854e+02 1.502125269647416985e+02 9.652650452698021866e+01
2.010734351257478920e+02 1.501967983248718781e+02 9.650114535637571578e+01
2.010656069600375702e+02 1.501810696850020577e+02 9.647578618577122711e+01
2.010577787943272483e+02 1.501653410451322088e+02 9.645042701516672423e+01
2.010499506286169549e+02 1.501496124052623884e+02 9.642506784456223556e+01
2.010421224629066330e+02 1.501338837653925680e+02 9.639970867395773269e+01
2.010342942971963112e+02 1.501181551255227475e+02 9.637434950335322981e+01
2.010264661314860177e+02 1.501024264856529271e+02 9.634899033274874114e+01
2.010186379657756959e+02 1.500866978457831067e+02 9.632363116214423826e+01
2.010108098000654024e+02 1.500709692059132863e+02 9.629827199153974959e+01
2.010029816343550806e+02 1.500552405660434658e+02 9.627291282093524671e+01
2.010029816343550806e+02 1.500552405660434658e+02 9.627291282093524671e+01
2.009851716892908087e+02 1.500360772687541271e+02 9.627086598494359748e+01
2.009673617442265083e+02 1.500169139714647883e+02 9.626881914895196246e+01
2.009495517991622364e+02 1.499977506741754496e+02 9.626677231296031323e+01
2.009317418540979645e+02 1.499785873768861393e+02 9.626472547696866400e+01
2.009139319090336642e+02 1.499594240795968005e+02 9.626267864097702898e+01
2.008961219639693923e+02 1.499402607823074618e+02 9.626063180498537974e+01
2.008783120189051203e+02 1.499210974850181231e+02 9.625858496899373051e+01
2.008605020738408200e+02 1.499019341877287843e+02 9.625653813300209549e+01
2.008426921287765481e+02 1.498827708904394456e+02 9.625449129701044626e+01
2.008248821837122478e+02 1.498636075931501068e+02 9.625244446101881124e+01
2.008070722386479758e+02 1.498444442958607681e+02 9.625039762502716201e+01
2.007892622935837039e+02 1.498252809985714578e+02 9.624835078903551278e+01
2.007714523485194036e+02 1.498061177012821190e+02 9.624630395304387775e+01
2.007536424034551317e+02 1.497869544039927803e+02 9.624425711705222852e+01
2.007358324583908598e+02 1.497677911067034415e+02 9.624221028106057929e+01
2.007180225133265594e+02 1.497486278094141028e+02 9.624016344506894427e+01
2.007002125682622875e+02 1.497294645121247640e+02 9.623811660907729504e+01
2.006824026231980156e+02 1.497103012148354253e+02 9.623606977308564581e+01
2.006645926781337153e+02 1.496911379175460866e+02 9.623402293709401079e+01
2.006467827330694433e+02 1.496719746202567762e+02 9.623197610110236155e+01
2.006289727880051714e+02 1.496528113229674375e+02 9.622992926511071232e+01
2.006111628429408711e+02 1.496336480256780987e+02 9.622788242911907730e+01
2.005933528978765992e+02 1.496144847283887600e+02 9.622583559312742807e+01
2.005755429528122988e+02 1.495953214310994213e+02 9.622378875713579305e+01
2.005577330077480269e+02 1.495761581338100825e+02 9.622174192114414382e+01
2.005399230626837550e+02 1.495569948365207438e+02 9.621969508515249458e+01
2.005221131176194547e+02 1.495378315392314050e+02 9.621764824916085956e+01
2.005043031725551828e+02 1.495186682419420947e+02 9.621560141316921033e+01
2.004864932274909108e+02 1.494995049446527560e+02 9.621355457717756110e+01
2.004686832824266105e+02 1.494803416473634172e+02 9.621150774118592608e+01
2.004508733373623386e+02 1.494611783500740785e+02 9.620946090519427685e+01
2.004508733373623386e+02 1.494611783500740785e+02 9.620946090519427685e+01
2.004518228320664264e+02 1.494333839401882074e+02 9.620929403845163108e+01
2.004527723267705142e+02 1.494055895303023647e+02 9.620912717170898532e+01
2.004537218214746019e+02 1.493777951204164935e+02 9.620896030496633955e+01
2.004546713161786897e+02 1.493500007105306224e+02 9.620879343822369378e+01
2.004556208108828059e+02 1.493222063006447797e+02 9.620862657148103381e+01
2.004565703055868937e+02 1.492944118907589086e+02 9.620845970473838804e+01
2.004575198002909815e+02 1.492666174808730375e+02 9.620829283799574227e+01
2.004584692949950693e+02 1.492388230709871664e+02 9.620812597125309651e+01
2.004594187896991571e+02 1.492110286611013237e+02 9.620795910451045074e+01
2.004603682844032448e+02 1.491832342512154526e+02 9.620779223776780498e+01
2.004613177791073326e+02 1.491554398413295814e+02 9.620762537102515921e+01
2.004622672738114204e+02 1.491276454314437387e+02 9.620745850428251345e+01
2.004632167685155082e+02 1.490998510215578676e+02 9.620729163753986768e+01
2.004641662632196244e+02 1.490720566116719965e+02 9.620712477079720770e+01
2.004651157579237122e+02 1.490442622017861538e+02 9.620695790405456194e+01
2.004660652526278000e+02 1.490164677919002827e+02 9.620679103731191617e+01
2.004670147473318877e+02 1.489886733820144116e+02 9.620662417056927040e+01
2.004679642420359755e+02 1.489608789721285689e+02 9.620645730382662464e+01
2.004689137367400633e+02 1.489330845622426978e+02 9.620629043708397887e+01
2.004698632314441511e+02 1.489052901523568266e+02 9.620612357034133311e+01
2.004708127261482389e+02 1.488774957424709555e+02 9.620595670359868734e+01
2.004717622208523551e+02 1.488497013325851128e+02 9.620578983685602736e+01
2.004727117155564429e+02 1.488219069226992417e+02 9.620562297011338160e+01
2.004736612102605307e+02 1.487941125128133706e+02 9.620545610337073583e+01
2.004746107049646184e+02 1.487663181029275279e+02 9.620528923662809007e+01
2.004755601996687062e+02 1.487385236930416568e+02 9.620512236988544430e+01
2.004755601996687062e+02 1.487385236930416568e+02 9.620512236988544430e+01
2.004765627866786986e+02 1.487091751203936099e+02 9.620494617255874914e+01
2.004775653736886909e+02 1.486798265477455345e+02 9.620476997523203977e+01
2.004785679606986832e+02 1.486504779750974876e+02 9.620459377790534461e+01
2.004795705477086756e+02 1.486211294024494407e+02 9.620441758057863524e+01
2.004805731347186679e+02 1.485917808298013654e+02 9.620424138325194008e+01
2.004815757217286603e+02 1.485624322571533185e+02 9.620406518592523071e+01
2.004825783087386526e+02 1.485330836845052715e+02 9.620388898859853555e+01
2.004835808957486449e+02 1.485037351118571962e+02 9.620371279127184039e+01
2.004845834827586373e+02 1.484743865392091493e+02 9.620353659394513102e+01
2.004855860697686296e+02 1.484450379665611024e+02 9.620336039661843586e+01
2.004865886567786220e+02 1.484156893939130271e+02 9.620318419929172649e+01
2.004875912437886143e+02 1.483863408212649801e+02 9.620300800196503133e+01
2.004885938307986066e+02 1.483569922486169048e+02 9.620283180463832196e+01
2.004895964178085990e+02 1.483276436759688579e+02 9.620265560731162680e+01
2.004905990048185913e+02 1.482982951033208110e+02 9.620247940998491742e+01
2.004916015918285837e+02 1.482689465306727357e+02 9.620230321265822226e+01
2.004926041788385760e+02 1.482395979580246888e+02 9.620212701533152710e+01
2.004936067658485683e+02 1.482102493853766418e+02 9.620195081800481773e+01
2.004946093528585607e+02 1.481809008127285665e+02 9.620177462067812257e+01
2.004956119398685530e+02 1.481515522400805196e+02 9.620159842335141320e+01
2.004966145268785453e+02 1.481222036674324727e+02 9.620142222602471804e+01
2.004976171138885377e+02 1.480928550947843974e+02 9.620124602869800867e+01
2.004986197008985300e+02 1.480635065221363504e+02 9.620106983137131351e+01
2.004986197008985300e+02 1.480635065221363504e+02 9.620106983137131351e+01
2.005181871462997947e+02 1.480426684263229049e+02 9.617687867984885486e+01
2.005377545917010593e+02 1.480218303305094878e+02 9.615268752832641042e+01
2.005573220371022956e+02 1.480009922346960423e+02 9.612849637680395176e+01
2.005768894825035602e+02 1.479801541388826251e+02 9.610430522528149311e+01
2.005964569279048249e+02 1.479593160430691796e+02 9.608011407375903445e+01
2.006160243733060895e+02 1.479384779472557625e+02 9.605592292223659001e+01
2.006355918187073257e+02 1.479176398514423170e+02 9.603173177071413136e+01
2.006551592641085904e+02 1.478968017556288999e+02 9.600754061919167270e+01
2.006747267095098550e+02 1.478759636598154543e+02 9.598334946766922826e+01
2.006942941549111197e+02 1.478551255640020372e+02 9.595915831614676961e+01
2.007138616003123559e+02 1.478342874681885917e+02 9.593496716462431095e+01
2.007334290457136206e+02 1.478134493723751746e+02 9.591077601310185230e+01
2.007529964911148852e+02 1.477926112765617290e+02 9.588658486157940786e+01
2.007725639365161499e+02 1.477717731807483119e+02 9.586239371005694920e+01
2.007921313819173861e+02 1.477509350849348664e+02 9.583820255853449055e+01
2.008116988273186507e+02 1.477300969891214493e+02 9.581401140701204611e+01
2.008312662727199154e+02 1.477092588933080037e+02 9.578982025548958745e+01
2.008508337181211800e+02 1.476884207974945866e+02 9.576562910396712880e+01
2.008704011635224163e+02 1.476675827016811411e+02 9.574143795244467015e+01
2.008899686089236809e+02 1.476467446058677240e+02 9.571724680092222570e+01
2.009095360543249456e+02 1.476259065100542784e+02 9.569305564939976705e+01
2.009095360543249456e+02 1.476259065100542784e+02 9.569305564939976705e+01
2.009348590793561016e+02 1.475989390847688583e+02 9.566174889867306774e+01
2.009601821043872576e+02 1.475719716594834381e+02 9.563044214794636844e+01
2.009855051294183852e+02 1.475450042341979895e+02 9.559913539721966913e+01
2.010108281544495412e+02 1.475180368089125693e+02 9.556782864649296982e+01
2.010361511794806972e+02 1.474910693836271491e+02 9.553652189576627052e+01
2.010614742045118533e+02 1.474641019583417290e+02 9.550521514503957121e+01
2.010867972295430093e+02 1.474371345330563088e+02 9.547390839431287191e+01
2.011121202545741369e+02 1.474101671077708602e+02 9.544260164358617260e+01
2.011374432796052929e+02 1.473831996824854400e+02 9.541129489285947329e+01
2.011627663046364489e+02 1.473562322572000198e+02 9.537998814213277399e+01
2.011880893296676049e+02 1.473292648319145997e+02 9.534868139140607468e+01
2.012134123546987610e+02 1.473022974066291795e+02 9.531737464067937537e+01
2.012387353797298886e+02 1.472753299813437309e+02 9.528606788995266186e+01
2.012640584047610446e+02 1.472483625560583107e+02 9.525476113922596255e+01
2.012893814297922006e+02 1.472213951307728905e+02 9.522345438849926325e+01
2.013147044548233566e+02 1.471944277054874703e+02 9.519214763777256394e+01
2.013400274798545126e+02 1.471674602802020502e+02 9.516084088704586463e+01
2.013653505048856402e+02 1.471404928549166016e+02 9.512953413631916533e+01
2.013906735299167963e+02 1.471135254296311814e+02 9.509822738559246602e+01
2.014159965549479523e+02 1.470865580043457612e+02 9.506692063486576671e+01
2.014413195799791083e+02 1.470595905790603410e+02 9.503561388413906741e+01
2.014666426050102643e+02 1.470326231537749209e+02 9.500430713341236810e+01
2.014919656300413919e+02 1.470056557284894723e+02 9.497300038268566880e+01
2.015172886550725480e+02 1.469786883032040521e+02 9.494169363195896949e+01
2.015426116801037040e+02 1.469517208779186319e+02 9.491038688123227018e+01
2.015426116801037040e+02 1.469517208779186319e+02 9.491038688123227018e+01
2.015477089186190938e+02 1.469502449090622349e+02 9.488279748235910915e+01
2.015528061571344551e+02 1.469487689402058379e+02 9.485520808348594812e+01
2.015579033956498449e+02 1.469472929713494409e+02 9.482761868461280130e+01
2.015630006341652347e+02 1.469458170024930439e+02 9.480002928573964027e+01
2.015680978726805961e+02 1.469443410336366469e+02 9.477243988686647924e+01
2.015731951111959859e+02 1.469428650647802499e+02 9.474485048799331821e+01
2.015782923497113757e+02 1.469413890959238245e+02 9.471726108912015718e+01
2.015833895882267655e+02 1.469399131270674275e+02 9.468967169024701036e+01
2.015884868267421268e+02 1.469384371582110305e+02 9.466208229137384933e+01
2.015935840652575166e+02 1.469369611893546335e+02 9.463449289250068830e+01
2.015986813037729064e+02 1.469354852204982365e+02 9.460690349362752727e+01
2.016037785422882678e+02 1.469340092516418395e+02 9.457931409475436624e+01
2.016088757808036576e+02 1.469325332827854425e+02 9.455172469588121942e+01
2.016139730193190474e+02 1.469310573139290454e+02 9.452413529700805839e+01
2.016190702578344087e+02 1.469295813450726484e+02 9.449654589813489736e+01
2.016241674963497985e+02 1.469281053762162514e+02 9.446895649926173633e+01
2.016292647348651883e+02 1.469266294073598544e+02 9.444136710038857530e+01
2.016343619733805497e+02 1.469251534385034574e+02 9.441377770151542848e+01
2.016394592118959395e+02 1.469236774696470604e+02 9.438618830264226744e+01
2.016445564504113293e+02 1.469222015007906350e+02 9.435859890376910641e+01
2.016496536889267190e+02 1.469207255319342380e+02 9.433100950489594538e+01
2.016547509274420804e+02 1.469192495630778410e+02 9.430342010602279856e+01
2.016598481659574702e+02 1.469177735942214440e+02 9.427583070714963753e+01
2.016649454044728600e+02 1.469162976253650470e+02 9.424824130827647650e+01
2.016700426429882214e+02 1.469148216565086500e+02 9.422065190940331547e+01
2.016751398815036112e+02 1.469133456876522530e+02 9.419306251053015444e+01
2.016802371200190009e+02 1.469118697187958560e+02 9.416547311165700762e+01
2.016853343585343623e+02 1.469103937499394590e+02 9.413788371278384659e+01
2.016904315970497521e+02 1.469089177810830620e+02 9.411029431391068556e+01
2.016955288355651419e+02 1.469074418122266650e+02 9.408270491503752453e+01
2.017006260740805033e+02 1.469059658433702680e+02 9.405511551616436350e+01
2.017057233125958930e+02 1.469044898745138710e+02 9.402752611729121668e+01
2.017108205511112828e+02 1.469030139056574455e+02 9.399993671841805565e+01
2.017159177896266726e+02 1.469015379368010485e+02 9.397234731954489462e+01
2.017210150281420340e+02 1.469000619679446515e+02 9.394475792067173359e+01
2.017261122666574238e+02 1.468985859990882545e+02 9.391716852179857256e+01
2.017312095051728136e+02 1.468971100302318575e+02 9.388957912292542574e+01
2.017363067436881749e+02 1.468956340613754605e+02 9.386198972405226471e+01
2.017414039822035647e+02 1.468941580925190635e+02 9.383440032517910367e+01
2.017414039822035647e+02 1.468941580925190635e+02 9.383440032517910367e+01
2.017536575994712678e+02 1.468787326190992246e+02 9.380968339989867388e+01
2.017659112167389708e+02 1.468633071456793857e+02 9.378496647461822988e+01
2.017781648340067022e+02 1.468478816722595468e+02 9.376024954933780009e+01
2.017904184512744052e+02 1.468324561988397079e+02 9.373553262405737030e+01
2.018026720685421083e+02 1.468170307254198690e+02 9.371081569877692630e+01
2.018149256858098113e+02 1.468016052520000585e+02 9.368609877349649651e+01
2.018271793030775427e+02 1.467861797785802196e+02 9.366138184821606671e+01
2.018394329203452457e+02 1.467707543051603807e+02 9.363666492293562271e+01
2.018516865376129488e+02 1.467553288317405418e+02 9.361194799765519292e+01
2.018639401548806518e+02 1.467399033583207029e+02 9.358723107237476313e+01
2.018761937721483832e+02 1.467244778849008640e+02 9.356251414709431913e+01
2.018884473894160863e+02 1.467090524114810250e+02 9.353779722181388934e+01
2.019007010066837893e+02 1.466936269380611861e+02 9.351308029653345955e+01
2.019129546239514923e+02 1.466782014646413472e+02 9.348836337125301554e+01
2.019252082412191953e+02 1.466627759912215083e+02 9.346364644597258575e+01
2.019374618584869268e+02 1.466473505178016694e+02 9.343892952069215596e+01
2.019497154757546298e+02 1.466319250443818305e+02 9.341421259541171196e+01
2.019619690930223328e+02 1.466164995709620200e+02 9.338949567013128217e+01
2.019742227102900358e+02 1.466010740975421811e+02 9.336477874485083817e+01
2.019864763275577673e+02 1.465856486241223422e+02 9.334006181957040837e+01
2.019987299448254703e+02 1.465702231507025033e+02 9.331534489428997858e+01
2.020109835620931733e+02 1.465547976772826644e+02 9.329062796900953458e+01
2.020232371793608763e+02 1.465393722038628255e+02 9.326591104372910479e+01
2.020354907966285793e+02 1.465239467304429866e+02 9.324119411844867500e+01
2.020477444138963108e+02 1.465085212570231477e+02 9.321647719316823100e+01
2.020599980311640138e+02 1.464930957836033087e+02 9.319176026788780121e+01
2.020722516484317168e+02 1.464776703101834698e+02 9.316704334260737141e+01
2.020845052656994199e+02 1.464622448367636309e+02 9.314232641732692741e+01
2.020967588829671513e+02 1.464468193633437920e+02 9.311760949204649762e+01
2.021090125002348543e+02 1.464313938899239815e+02 9.309289256676606783e+01
2.021212661175025573e+02 1.464159684165041426e+02 9.306817564148562383e+01
2.021335197347702604e+02 1.464005429430843037e+02 9.304345871620519404e+01
2.021457733520379918e+02 1.463851174696644648e+02 9.301874179092476425e+01
2.021580269693056948e+02 1.463696919962446259e+02 9.299402486564432024e+01
2.021702805865733978e+02 1.463542665228247870e+02 9.296930794036389045e+01
2.021702805865733978e+02 1.463542665228247870e+02 9.296930794036389045e+01
2.021939868555284363e+02 1.463441446221726494e+02 9.297018485635349805e+01
2.022176931244835032e+02 1.463340227215205118e+02 9.297106177234309143e+01
2.022413993934385417e+02 1.463239008208683742e+02 9.297193868833269903e+01
2.022651056623935801e+02 1.463137789202162367e+02 9.297281560432230663e+01
2.022888119313486186e+02 1.463036570195640991e+02 9.297369252031190001e+01
2.023125182003036855e+02 1.462935351189119615e+02 9.297456943630150761e+01
2.023362244692587240e+02 1.462834132182598239e+02 9.297544635229111520e+01
2.023599307382137624e+02 1.462732913176076863e+02 9.297632326828070859e+01
2.023836370071688009e+02 1.462631694169555487e+02 9.297720018427031619e+01
2.024073432761238678e+02 1.462530475163034112e+02 9.297807710025992378e+01
2.024310495450789062e+02 1.462429256156512736e+02 9.297895401624953138e+01
2.024547558140339447e+02 1.462328037149991360e+02 9.297983093223912476e+01
2.024784620829889832e+02 1.462226818143469984e+02 9.298070784822873236e+01
2.025021683519440501e+02 1.462125599136948608e+02 9.298158476421833996e+01
2.025258746208990885e+02 1.462024380130427232e+02 9.298246168020793334e+01
2.025495808898541270e+02 1.461923161123905857e+02 9.298333859619754094e+01
2.025732871588091655e+02 1.461821942117384481e+02 9.298421551218714853e+01
2.025969934277642324e+02 1.461720723110863389e+02 9.298509242817674192e+01
2.026206996967192708e+02 1.461619504104342013e+02 9.298596934416634952e+01
2.026444059656743093e+02 1.461518285097820637e+02 9.298684626015595711e+01
2.026681122346293478e+02 1.461417066091299262e+02 9.298772317614555050e+01
2.026918185035844147e+02 1.461315847084777886e+02 9.298860009213515809e+01
2.027155247725394531e+02 1.461214628078256510e+02 9.298947700812476569e+01
2.027392310414944916e+02 1.461113409071735134e+02 9.299035392411435907e+01
2.027629373104495301e+02 1.461012190065213758e+02 9.299123084010396667e+01
2.027866435794045969e+02 1.460910971058692382e+02 9.299210775609357427e+01
2.028103498483596354e+02 1.460809752052171007e+02 9.299298467208318186e+01
2.028340561173146739e+02 1.460708533045649631e+02 9.299386158807277525e+01
2.028577623862697124e+02 1.460607314039128255e+02 9.299473850406238284e+01
2.028814686552247792e+02 1.460506095032606879e+02 9.299561542005199044e+01
2.029051749241798177e+02 1.460404876026085503e+02 9.299649233604158383e+01
2.029288811931348562e+02 1.460303657019564127e+02 9.299736925203119142e+01
2.029525874620898946e+02 1.460202438013042752e+02 9.299824616802079902e+01
2.029762937310449615e+02 1.460101219006521376e+02 9.299912308401039240e+01
2.030000000000000000e+02 1.460000000000000000e+02 9.300000000000000000e+01
2.030000000000000000e+02 1.460000000000000000e+02 9.300000000000000000e+01
2.030000000000000000e+02 1.460000000000000000e+02 9.300000000000000000e+01
2.030000000000000000e+02 1.460000000000000000e+02 9.300000000000000000e+01
2.030000000000000000e+02 1.460000000000000000e+02 9.300000000000000000e+01
2.030000000000000000e+02 1.460000000000000000e+02 9.300000000000000000e+01
2.030000000000000000e+02 1.460000000000000000e+02 9.300000000000000000e+01
2.030000000000000000e+02 1.460000000000000000e+02 9.300000000000000000e+01
2.030000000000000000e+02 1.460000000000000000e+02 9.300000000000000000e+01
2.030000000000000000e+02 1.460000000000000000e+02 9.300000000000000000e+01
2.030000000000000000e+02 1.460000000000000000e+02 9.300000000000000000e+01
2.030000000000000000e+02 1.460000000000000000e+02 9.300000000000000000e+01
2.030000000000000000e+02 1.460000000000000000e+02 9.300000000000000000e+01
2.030000000000000000e+02 1.460000000000000000e+02 9.300000000000000000e+01
2.030000000000000000e+02 1.460000000000000000e+02 9.300000000000000000e+01
2.030000000000000000e+02 1.460000000000000000e+02 9.300000000000000000e+01
2.030000000000000000e+02 1.460000000000000000e+02 9.300000000000000000e+01
2.030000000000000000e+02 1.460000000000000000e+02 9.300000000000000000e+01
2.030000000000000000e+02 1.460000000000000000e+02 9.300000000000000000e+01
2.030000000000000000e+02 1.460000000000000000e+02 9.300000000000000000e+01
2.030000000000000000e+02 1.460000000000000000e+02 9.300000000000000000e+01
2.030000000000000000e+02 1.460000000000000000e+02 9.300000000000000000e+01
2.030000000000000000e+02 1.460000000000000000e+02 9.300000000000000000e+01
2.030000000000000000e+02 1.460000000000000000e+02 9.300000000000000000e+01
2.030000000000000000e+02 1.460000000000000000e+02 9.300000000000000000e+01
2.030000000000000000e+02 1.460000000000000000e+02 9.300000000000000000e+01
2.030000000000000000e+02 1.460000000000000000e+02 9.300000000000000000e+01
2.030000000000000000e+02 1.460000000000000000e+02 9.300000000000000000e+01
2.030000000000000000e+02 1.460000000000000000e+02 9.300000000000000000e+01
2.030000000000000000e+02 1.460000000000000000e+02 9.300000000000000000e+01
2.030000000000000000e+02 1.460000000000000000e+02 9.300000000000000000e+01
2.030000000000000000e+02 1.460000000000000000e+02 9.300000000000000000e+01
2.030303140907998909e+02 1.459929512428207943e+02 9.299943969870847127e+01
2.030606281815997818e+02 1.459859024856415886e+02 9.299887939741694254e+01
2.030909422723997011e+02 1.459788537284624113e+02 9.299831909612539960e+01
2.031212563631995920e+02 1.459718049712832055e+02 9.299775879483387087e+01
2.031515704539994829e+02 1.459647562141039998e+02 9.299719849354234213e+01
2.031818845447993738e+02 1.459577074569247941e+02 9.299663819225081340e+01
2.032121986355992931e+02 1.459506586997456168e+02 9.299607789095928467e+01
2.032425127263991840e+02 1.459436099425664111e+02 9.299551758966774173e+01
2.032728268171990749e+02 1.459365611853872053e+02 9.299495728837621300e+01
2.033031409079989658e+02 1.459295124282079996e+02 9.299439698708468427e+01
2.033334549987988851e+02 1.459224636710288223e+02 9.299383668579315554e+01
2.033637690895987760e+02 1.459154149138496166e+02 9.299327638450162681e+01
2.033940831803986669e+02 1.459083661566704109e+02 9.299271608321008387e+01
2.034243972711985577e+02 1.459013173994912052e+02 9.299215578191855514e+01
2.034547113619984771e+02 1.458942686423120279e+02 9.299159548062702640e+01
2.034850254527983680e+02 1.458872198851328221e+02 9.299103517933549767e+01
2.035153395435982588e+02 1.458801711279536164e+02 9.299047487804395473e+01
2.035456536343981497e+02 1.458731223707744107e+02 9.298991457675242600e+01
2.035759677251980690e+02 1.458660736135952334e+02 9.298935427546089727e+01
2.036062818159979599e+02 1.458590248564160277e+02 9.298879397416936854e+01
2.036365959067978508e+02 1.458519760992368219e+02 9.298823367287783981e+01
2.036669099975977417e+02 1.458449273420576162e+02 9.298767337158629687e+01
2.036972240883976610e+02 1.458378785848784389e+02 9.298711307029476814e+01
2.037275381791975519e+02 1.458308298276992332e+02 9.298655276900323940e+01
2.037578522699974428e+02 1.458237810705200275e+02 9.298599246771171067e+01
2.037881663607973337e+02 1.458167323133408217e+02 9.298543216642018194e+01
2.038184804515972530e+02 1.458096835561616444e+02 9.298487186512863900e+01
2.038487945423971439e+02 1.458026347989824387e+02 9.298431156383711027e+01
2.038791086331970348e+02 1.457955860418032330e+02 9.298375126254558154e+01
2.038791086331970348e+02 1.457955860418032330e+02 9.298375126254558154e+01
2.039072890478784927e+02 1.458099658629562612e+02 9.298520811780790041e+01
2.039354694625599791e+02 1.458243456841092893e+02 9.298666497307021928e+01
2.039636498772414370e+02 1.458387255052623175e+02 9.298812182833253814e+01
2.039918302919229234e+02 1.458531053264153456e+02 9.298957868359485701e+01
2.040200107066043813e+02 1.458674851475683738e+02 9.299103553885717588e+01
2.040481911212858677e+02 1.458818649687214020e+02 9.299249239411949475e+01
2.040763715359673256e+02 1.458962447898744301e+02 9.299394924938181362e+01
2.041045519506488120e+02 1.459106246110274583e+02 9.299540610464413248e+01
2.041327323653302699e+02 1.459250044321804864e+02 9.299686295990645135e+01
2.041609127800117562e+02 1.459393842533335146e+02 9.299831981516877022e+01
2.041890931946932142e+02 1.459537640744865428e+02 9.299977667043108909e+01
2.042172736093746721e+02 1.459681438956395709e+02 9.300123352569340796e+01
2.042454540240561585e+02 1.459825237167925991e+02 9.300269038095574103e+01
2.042736344387376164e+02 1.459969035379456272e+02 9.300414723621805990e+01
2.043018148534191027e+02 1.460112833590986554e+02 9.300560409148037877e+01
2.043299952681005607e+02 1.460256631802516836e+02 9.300706094674269764e+01
2.043581756827820470e+02 1.460400430014047117e+02 9.300851780200501651e+01
2.043863560974635050e+02 1.460544228225577399e+02 9.300997465726733537e+01
2.044145365121449913e+02 1.460688026437107681e+02 9.301143151252965424e+01
2.044427169268264493e+02 1.460831824648637962e+02 9.301288836779197311e+01
2.044708973415079356e+02 1.460975622860168244e+02 9.301434522305429198e+01
2.044990777561893935e+02 1.461119421071698525e+02 9.301580207831661085e+01
2.045272581708708799e+02 1.461263219283228807e+02 9.301725893357892971e+01
2.045554385855523378e+02 1.461407017494759089e+02 9.301871578884124858e+01
2.045554385855523378e+02 1.461407017494759089e+02 9.301871578884124858e+01
2.045723461628956841e+02 1.461636692850341319e+02 9.300574483439096696e+01
2.045892537402390303e+02 1.461866368205923550e+02 9.299277387994069954e+01
2.046061613175823766e+02 1.462096043561505780e+02 9.297980292549041792e+01
2.046230688949256944e+02 1.462325718917088295e+02 9.296683197104013630e+01
2.046399764722690406e+02 1.462555394272670526e+02 9.295386101658986888e+01
2.046568840496123869e+02 1.462785069628252757e+02 9.294089006213958726e+01
2.046737916269557331e+02 1.463014744983834987e+02 9.292791910768930563e+01
2.046906992042990794e+02 1.463244420339417218e+02 9.291494815323902401e+01
2.047076067816424256e+02 1.463474095694999448e+02 9.290197719878875660e+01
2.047245143589857435e+02 1.463703771050581963e+02 9.288900624433847497e+01
2.047414219363290897e+02 1.463933446406164194e+02 9.287603528988819335e+01
2.047583295136724360e+02 1.464163121761746424e+02 9.286306433543792593e+01
2.047752370910157822e+02 1.464392797117328655e+02 9.285009338098764431e+01
2.047921446683591284e+02 1.464622472472910886e+02 9.283712242653736268e+01
2.048090522457024747e+02 1.464852147828493116e+02 9.282415147208709527e+01
2.048259598230458209e+02 1.465081823184075347e+02 9.281118051763681365e+01
2.048428674003891388e+02 1.465311498539657862e+02 9.279820956318653202e+01
2.048597749777324850e+02 1.465541173895240092e+02 9.278523860873626461e+01
2.048766825550758313e+02 1.465770849250822323e+02 9.277226765428598299e+01
2.048935901324191775e+02 1.466000524606404554e+02 9.275929669983570136e+01
2.049104977097625238e+02 1.466230199961986784e+02 9.274632574538541974e+01
2.049274052871058700e+02 1.466459875317569015e+02 9.273335479093515232e+01
2.049443128644491878e+02 1.466689550673151530e+02 9.272038383648487070e+01
2.049612204417925341e+02 1.466919226028733760e+02 9.270741288203458907e+01
2.049781280191358803e+02 1.467148901384315991e+02 9.269444192758432166e+01
2.049950355964792266e+02 1.467378576739898222e+02 9.268147097313404004e+01
2.049950355964792266e+02 1.467378576739898222e+02 9.268147097313404004e+01
2.050133745940287326e+02 1.467322035650408623e+02 9.265457774441772187e+01
2.050317135915782387e+02 1.467265494560918739e+02 9.262768451570140371e+01
2.050500525891277732e+02 1.467208953471429140e+02 9.260079128698507134e+01
2.050683915866772793e+02 1.467152412381939541e+02 9.257389805826875318e+01
2.050867305842267854e+02 1.467095871292449658e+02 9.254700482955243501e+01
2.051050695817762914e+02 1.467039330202960059e+02 9.252011160083611685e+01
2.051234085793258259e+02 1.466982789113470460e+02 9.249321837211979869e+01
2.051417475768753320e+02 1.466926248023980577e+02 9.246632514340348052e+01
2.051600865744248381e+02 1.466869706934490978e+02 9.243943191468716236e+01
2.051784255719743442e+02 1.466813165845001379e+02 9.241253868597082999e+01
2.051967645695238502e+02 1.466756624755511496e+02 9.238564545725451183e+01
2.052151035670733847e+02 1.466700083666021897e+02 9.235875222853819366e+01
2.052334425646228908e+02 1.466643542576532298e+02 9.233185899982187550e+01
2.052517815621723969e+02 1.466587001487042414e+02 9.230496577110555734e+01
2.052701205597219030e+02 1.466530460397552815e+02 9.227807254238922496e+01
2.052884595572714375e+02 1.466473919308063216e+02 9.225117931367290680e+01
2.053067985548209435e+02 1.466417378218573333e+02 9.222428608495658864e+01
2.053251375523704496e+02 1.466360837129083734e+02 9.219739285624027048e+01
2.053251375523704496e+02 1.466360837129083734e+02 9.219739285624027048e+01
2.053415558650788739e+02 1.466514215152913323e+02 9.217421613860129526e+01
2.053579741777872982e+02 1.466667593176742912e+02 9.215103942096233425e+01
2.053743924904957225e+02 1.466820971200572785e+02 9.212786270332335903e+01
2.053908108032041469e+02 1.466974349224402374e+02 9.210468598568439802e+01
2.054072291159125712e+02 1.467127727248231963e+02 9.208150926804542280e+01
2.054236474286209955e+02 1.467281105272061552e+02 9.205833255040646179e+01
2.054400657413294198e+02 1.467434483295891425e+02 9.203515583276748657e+01
2.054564840540378441e+02 1.467587861319721014e+02 9.201197911512851135e+01
2.054729023667462684e+02 1.467741239343550603e+02 9.198880239748955034e+01
2.054893206794546927e+02 1.467894617367380192e+02 9.196562567985057512e+01
2.055057389921631454e+02 1.468047995391210065e+02 9.194244896221161412e+01
2.055221573048715697e+02 1.468201373415039654e+02 9.191927224457263890e+01
2.055385756175799941e+02 1.468354751438869243e+02 9.189609552693367789e+01
2.055549939302884184e+02 1.468508129462698832e+02 9.187291880929470267e+01
2.055714122429968427e+02 1.468661507486528706e+02 9.184974209165572745e+01
2.055878305557052670e+02 1.468814885510358295e+02 9.182656537401676644e+01
2.056042488684136913e+02 1.468968263534187884e+02 9.180338865637779122e+01
2.056206671811221156e+02 1.469121641558017473e+02 9.178021193873883021e+01
2.056370854938305399e+02 1.469275019581847346e+02 9.175703522109985499e+01
2.056535038065389642e+02 1.469428397605676935e+02 9.173385850346089398e+01
2.056699221192473885e+02 1.469581775629506524e+02 9.171068178582191877e+01
2.056699221192473885e+02 1.469581775629506524e+02 9.171068178582191877e+01
2.056788233490017603e+02 1.469656795288111368e+02 9.167918124602735475e+01
2.056877245787561606e+02 1.469731814946716213e+02 9.164768070623279073e+01
2.056966258085105324e+02 1.469806834605321058e+02 9.161618016643822671e+01
2.057055270382649041e+02 1.469881854263925902e+02 9.158467962664366269e+01
2.057144282680193044e+02 1.469956873922531031e+02 9.155317908684909867e+01
2.057233294977736762e+02 1.470031893581135876e+02 9.152167854705453465e+01
2.057322307275280764e+02 1.470106913239740720e+02 9.149017800725997063e+01
2.057411319572824482e+02 1.470181932898345565e+02 9.145867746746540661e+01
2.057500331870368200e+02 1.470256952556950409e+02 9.142717692767084259e+01
2.057589344167912202e+02 1.470331972215555254e+02 9.139567638787627857e+01
2.057678356465455920e+02 1.470406991874160099e+02 9.136417584808171455e+01
2.057767368762999922e+02 1.470482011532765227e+02 9.133267530828715053e+01
2.057856381060543640e+02 1.470557031191370072e+02 9.130117476849258651e+01
2.057945393358087358e+02 1.470632050849974917e+02 9.126967422869802249e+01
2.058034405655631360e+02 1.470707070508579761e+02 9.123817368890345847e+01
2.058123417953175078e+02 1.470782090167184606e+02 9.120667314910889445e+01
2.058123417953175078e+02 1.470782090167184606e+02 9.120667314910889445e+01
2.057951743441482506e+02 1.470949627533457829e+02 9.118658706438542083e+01
2.057780068929789934e+02 1.471117164899731051e+02 9.116650097966194721e+01
2.057608394418097362e+02 1.471284702266004558e+02 9.114641489493847359e+01
2.057436719906404790e+02 1.471452239632277781e+02 9.112632881021499998e+01
2.057265045394712217e+02 1.471619776998551004e+02 9.110624272549152636e+01
2.057093370883019645e+02 1.471787314364824226e+02 9.108615664076805274e+01
2.056921696371327073e+02 1.471954851731097449e+02 9.106607055604457912e+01
2.056750021859634785e+02 1.472122389097370956e+02 9.104598447132111971e+01
2.056578347347942213e+02 1.472289926463644179e+02 9.102589838659764609e+01
2.056406672836249641e+02 1.472457463829917401e+02 9.100581230187417248e+01
2.056234998324557068e+02 1.472625001196190624e+02 9.098572621715069886e+01
2.056063323812864496e+02 1.472792538562463847e+02 9.096564013242722524e+01
2.055891649301171924e+02 1.472960075928737353e+02 9.094555404770375162e+01
2.055719974789479352e+02 1.473127613295010576e+02 9.092546796298027800e+01
2.055548300277786780e+02 1.473295150661283799e+02 9.090538187825680438e+01
2.055376625766094207e+02 1.473462688027557022e+02 9.088529579353333077e+01
2.055204951254401635e+02 1.473630225393830244e+02 9.086520970880985715e+01
2.055033276742709063e+02 1.473797762760103751e+02 9.084512362408638353e+01
2.054861602231016491e+02 1.473965300126376974e+02 9.082503753936290991e+01
2.054689927719323919e+02 1.474132837492650197e+02 9.080495145463943629e+01
2.054518253207631346e+02 1.474300374858923419e+02 9.078486536991596267e+01
2.054346578695938774e+02 1.474467912225196642e+02 9.076477928519248906e+01
2.054174904184246486e+02 1.474635449591470149e+02 9.074469320046902965e+01
2.054003229672553914e+02 1.474802986957743371e+02 9.072460711574555603e+01
2.053831555160861342e+02 1.474970524324016594e+02 9.070452103102208241e+01
2.053659880649168770e+02 1.475138061690289817e+02 9.068443494629860879e+01
2.053488206137476197e+02 1.475305599056563040e+02 9.066434886157513517e+01
2.053316531625783625e+02 1.475473136422836546e+02 9.064426277685166156e+01
2.053144857114091053e+02 1.475640673789109769e+02 9.062417669212818794e+01
2.052973182602398481e+02 1.475808211155382992e+02 9.060409060740471432e+01
2.052973182602398481e+02 1.475808211155382992e+02 9.060409060740471432e+01
2.052728849549743018e+02 1.475971229860040239e+02 9.059354190699657750e+01
2.052484516497087270e+02 1.476134248564697486e+02 9.058299320658842646e+01
2.052240183444431807e+02 1.476297267269354734e+02 9.057244450618028964e+01
2.051995850391776344e+02 1.476460285974011697e+02 9.056189580577215281e+01
2.051751517339120596e+02 1.476623304678668944e+02 9.055134710536401599e+01
2.051507184286465133e+02 1.476786323383326192e+02 9.054079840495586495e+01
2.051262851233809386e+02 1.476949342087983439e+02 9.053024970454772813e+01
2.051018518181153922e+02 1.477112360792640686e+02 9.051970100413959130e+01
2.050774185128498459e+02 1.477275379497297934e+02 9.050915230373145448e+01
2.050529852075842712e+02 1.477438398201955181e+02 9.049860360332330345e+01
2.050285519023187248e+02 1.477601416906612428e+02 9.048805490291516662e+01
2.050041185970531785e+02 1.477764435611269391e+02 9.047750620250702980e+01
2.049796852917876038e+02 1.477927454315926639e+02 9.046695750209889297e+01
2.049552519865220575e+02 1.478090473020583886e+02 9.045640880169074194e+01
2.049308186812564827e+02 1.478253491725241133e+02 9.044586010128260511e+01
2.049063853759909364e+02 1.478416510429898381e+02 9.043531140087446829e+01
2.048819520707253901e+02 1.478579529134555628e+02 9.042476270046631726e+01
2.048575187654598153e+02 1.478742547839212875e+02 9.041421400005818043e+01
2.048330854601942690e+02 1.478905566543869838e+02 9.040366529965004361e+01
2.048086521549287227e+02 1.479068585248527086e+02 9.039311659924190678e+01
2.047842188496631479e+02 1.479231603953184333e+02 9.038256789883375575e+01
2.047597855443976016e+02 1.479394622657841580e+02 9.037201919842561892e+01
2.047353522391320553e+02 1.479557641362498828e+02 9.036147049801748210e+01
2.047109189338664805e+02 1.479720660067156075e+02 9.035092179760934528e+01
2.046864856286009342e+02 1.479883678771813322e+02 9.034037309720119424e+01
2.046620523233353595e+02 1.480046697476470570e+02 9.032982439679305742e+01
2.046376190180698131e+02 1.480209716181127533e+02 9.031927569638492059e+01
2.046131857128042668e+02 1.480372734885784780e+02 9.030872699597678377e+01
2.045887524075386921e+02 1.480535753590442027e+02 9.029817829556863273e+01
2.045643191022731457e+02 1.480698772295099275e+02 9.028762959516049591e+01
2.045643191022731457e+02 1.480698772295099275e+02 9.028762959516049591e+01
2.045466619936939594e+02 1.480871088234034687e+02 9.026697060650826643e+01
2.045290048851147446e+02 1.481043404172970384e+02 9.024631161785603695e+01
2.045113477765355583e+02 1.481215720111905796e+02 9.022565262920380746e+01
2.044936906679563435e+02 1.481388036050841492e+02 9.020499364055157798e+01
2.044760335593771572e+02 1.481560351989776905e+02 9.018433465189934850e+01
2.044583764507979424e+02 1.481732667928712601e+02 9.016367566324711902e+01
2.044407193422187561e+02 1.481904983867648014e+02 9.014301667459488954e+01
2.044230622336395413e+02 1.482077299806583710e+02 9.012235768594266005e+01
2.044054051250603550e+02 1.482249615745519122e+02 9.010169869729043057e+01
2.043877480164811402e+02 1.482421931684454819e+02 9.008103970863820109e+01
2.043700909079019539e+02 1.482594247623390231e+02 9.006038071998597161e+01
2.043524337993227391e+02 1.482766563562325928e+02 9.003972173133374213e+01
2.043347766907435528e+02 1.482938879501261340e+02 9.001906274268151265e+01
2.043171195821643380e+02 1.483111195440197037e+02 8.999840375402928316e+01
2.042994624735851517e+02 1.483283511379132449e+02 8.997774476537705368e+01
2.042818053650059369e+02 1.483455827318068145e+02 8.995708577672482420e+01
2.042641482564267505e+02 1.483628143257003558e+02 8.993642678807259472e+01
2.042464911478475358e+02 1.483800459195939254e+02 8.991576779942036524e+01
2.042288340392683494e+02 1.483972775134874666e+02 8.989510881076813575e+01
2.042111769306891347e+02 1.484145091073810363e+02 8.987444982211590627e+01
2.041935198221099483e+02 1.484317407012745775e+02 8.985379083346367679e+01
2.041758627135307336e+02 1.484489722951681472e+02 8.983313184481144731e+01
2.041582056049515472e+02 1.484662038890616884e+02 8.981247285615921783e+01
2.041405484963723325e+02 1.484834354829552581e+02 8.979181386750698834e+01
2.041228913877931461e+02 1.485006670768487993e+02 8.977115487885475886e+01
2.041228913877931461e+02 1.485006670768487993e+02 8.977115487885475886e+01
2.041072957808780757e+02 1.485135529439171194e+02 8.974610293644408898e+01
2.040917001739630336e+02 1.485264388109854679e+02 8.972105099403340489e+01
2.040761045670479632e+02 1.485393246780537879e+02 8.969599905162273501e+01
2.040605089601329212e+02 1.485522105451221080e+02 8.967094710921205092e+01
2.040449133532178507e+02 1.485650964121904565e+02 8.964589516680138104e+01
2.040293177463027803e+02 1.485779822792587765e+02 8.962084322439069695e+01
2.040137221393877383e+02 1.485908681463270966e+02 8.959579128198002707e+01
2.039981265324726678e+02 1.486037540133954451e+02 8.957073933956934297e+01
2.039825309255576258e+02 1.486166398804637652e+02 8.954568739715867309e+01
2.039669353186425553e+02 1.486295257475320852e+02 8.952063545474798900e+01
2.039513397117274849e+02 1.486424116146004337e+02 8.949558351233731912e+01
2.039357441048124429e+02 1.486552974816687538e+02 8.947053156992663503e+01
2.039201484978973724e+02 1.486681833487371023e+02 8.944547962751596515e+01
2.039045528909823020e+02 1.486810692158054223e+02 8.942042768510528106e+01
2.038889572840672599e+02 1.486939550828737424e+02 8.939537574269461118e+01
2.038733616771521895e+02 1.487068409499420909e+02 8.937032380028392708e+01
2.038577660702371475e+02 1.487197268170104110e+02 8.934527185787325720e+01
2.038421704633220770e+02 1.487326126840787310e+02 8.932021991546257311e+01
2.038265748564070066e+02 1.487454985511470795e+02 8.929516797305190323e+01
2.038109792494919645e+02 1.487583844182153996e+02 8.927011603064121914e+01
2.037953836425768941e+02 1.487712702852837197e+02 8.924506408823054926e+01
2.037797880356618521e+02 1.487841561523520681e+02 8.922001214581986517e+01
2.037641924287467816e+02 1.487970420194203882e+02 8.919496020340919529e+01
2.037641924287467816e+02 1.487970420194203882e+02 8.919496020340919529e+01
2.037814743435767468e+02 1.488131865891559471e+02 8.917056439201320472e+01
2.037987562584067405e+02 1.488293311588915060e+02 8.914616858061722837e+01
2.038160381732367057e+02 1.488454757286270649e+02 8.912177276922123781e+01
2.038333200880666709e+02 1.488616202983626238e+02 8.909737695782524725e+01
2.038506020028966645e+02 1.488777648680981827e+02 8.907298114642927089e+01
2.038678839177266298e+02 1.488939094378337415e+02 8.904858533503328033e+01
2.038851658325565950e+02 1.489100540075693289e+02 8.902418952363728977e+01
2.039024477473865886e+02 1.489261985773048877e+02 8.899979371224131341e+01
2.039197296622165538e+02 1.489423431470404466e+02 8.897539790084532285e+01
2.039370115770465475e+02 1.489584877167760055e+02 8.895100208944934650e+01
2.039542934918765127e+02 1.489746322865115644e+02 8.892660627805335594e+01
2.039715754067064779e+02 1.489907768562471233e+02 8.890221046665736537e+01
2.039888573215364715e+02 1.490069214259826822e+02 8.887781465526138902e+01
2.040061392363664368e+02 1.490230659957182411e+02 8.885341884386539846e+01
2.040061392363664368e+02 1.490230659957182411e+02 8.885341884386539846e+01
2.040400308778446288e+02 1.490226572490705337e+02 8.885104042214155129e+01
2.040739225193228492e+02 1.490222485024227979e+02 8.884866200041771833e+01
2.041078141608010412e+02 1.490218397557750905e+02 8.884628357869387116e+01
2.041417058022792332e+02 1.490214310091273546e+02 8.884390515697002400e+01
2.041755974437574537e+02 1.490210222624796472e+02 8.884152673524617683e+01
2.042094890852356457e+02 1.490206135158319114e+02 8.883914831352234387e+01
2.042433807267138377e+02 1.490202047691842040e+02 8.883676989179849670e+01
2.042772723681920581e+02 1.490197960225364966e+02 8.883439147007464953e+01
2.043111640096702502e+02 1.490193872758887608e+02 8.883201304835081658e+01
2.043450556511484706e+02 1.490189785292410534e+02 8.882963462662696941e+01
2.043789472926266626e+02 1.490185697825933175e+02 8.882725620490312224e+01
2.044128389341048546e+02 1.490181610359456101e+02 8.882487778317927507e+01
2.044467305755830751e+02 1.490177522892978743e+02 8.882249936145544211e+01
2.044806222170612671e+02 1.490173435426501669e+02 8.882012093973159494e+01
2.044806222170612671e+02 1.490173435426501669e+02 8.882012093973159494e+01
2.045132709140939369e+02 1.490169497864057746e+02 8.881782974441348699e+01
2.045459196111266351e+02 1.490165560301613823e+02 8.881553854909539325e+01
2.045785683081593049e+02 1.490161622739170184e+02 8.881324735377728530e+01
2.046112170051919747e+02 1.490157685176726261e+02 8.881095615845919156e+01
2.046438657022246446e+02 1.490153747614282338e+02 8.880866496314108360e+01
2.046765143992573144e+02 1.490149810051838699e+02 8.880637376782297565e+01
2.047091630962900126e+02 1.490145872489394776e+02 8.880408257250488191e+01
2.047418117933226824e+02 1.490141934926950853e+02 8.880179137718677396e+01
2.047744604903553522e+02 1.490137997364506930e+02 8.879950018186866600e+01
2.048071091873880505e+02 1.490134059802063007e+02 8.879720898655057226e+01
2.048397578844207203e+02 1.490130122239619368e+02 8.879491779123246431e+01
2.048724065814533901e+02 1.490126184677175445e+02 8.879262659591435636e+01
2.049050552784860599e+02 1.490122247114731522e+02 8.879033540059626262e+01
2.049377039755187297e+02 1.490118309552287883e+02 8.878804420527815466e+01
2.049703526725514280e+02 1.490114371989843960e+02 8.878575300996006092e+01
2.050030013695840978e+02 1.490110434427400037e+02 8.878346181464195297e+01
2.050030013695840978e+02 1.490110434427400037e+02 8.878346181464195297e+01
2.050186151098226048e+02 1.490301294173713984e+02 8.876324572803861201e+01
2.050342288500611119e+02 1.490492153920027647e+02 8.874302964143525685e+01
2.050498425902996473e+02 1.490683013666341594e+02 8.872281355483191589e+01
2.050654563305381544e+02 1.490873873412655257e+02 8.870259746822856073e+01
2.050810700707766614e+02 1.491064733158969204e+02 8.868238138162521977e+01
2.050966838110151684e+02 1.491255592905282867e+02 8.866216529502187882e+01
2.051122975512537039e+02 1.491446452651596815e+02 8.864194920841852365e+01
2.051279112914922109e+02 1.491637312397910478e+02 8.862173312181518270e+01
2.051435250317307180e+02 1.491828172144224425e+02 8.860151703521184174e+01
2.051591387719692250e+02 1.492019031890538088e+02 8.858130094860848658e+01
2.051747525122077604e+02 1.492209891636852035e+02 8.856108486200514562e+01
2.051903662524462675e+02 1.492400751383165698e+02 8.854086877540179046e+01
2.052059799926847745e+02 1.492591611129479645e+02 8.852065268879844950e+01
2.052215937329232816e+02 1.492782470875793308e+02 8.850043660219510855e+01
2.052372074731618170e+02 1.492973330622107255e+02 8.848022051559175338e+01
2.052528212134003240e+02 1.493164190368420918e+02 8.846000442898841243e+01
2.052684349536388311e+02 1.493355050114734865e+02 8.843978834238507147e+01
2.052840486938773381e+02 1.493545909861048528e+02 8.841957225578171631e+01
2.052996624341158736e+02 1.493736769607362476e+02 8.839935616917837535e+01
2.053152761743543806e+02 1.493927629353676139e+02 8.837914008257502019e+01
2.053308899145928876e+02 1.494118489099990086e+02 8.835892399597167923e+01
2.053308899145928876e+02 1.494118489099990086e+02 8.835892399597167923e+01
2.053522343329094610e+02 1.494348152601023969e+02 8.836137703686952705e+01
2.053735787512260345e+02 1.494577816102057852e+02 8.836383007776737486e+01
2.053949231695426079e+02 1.494807479603091735e+02 8.836628311866522267e+01
2.054162675878591813e+02 1.495037143104125903e+02 8.836873615956307049e+01
2.054376120061757831e+02 1.495266806605159786e+02 8.837118920046090409e+01
2.054589564244923565e+02 1.495496470106193669e+02 8.837364224135875190e+01
2.054803008428089299e+02 1.495726133607227553e+02 8.837609528225659972e+01
2.055016452611255033e+02 1.495955797108261436e+02 8.837854832315444753e+01
2.055229896794420767e+02 1.496185460609295319e+02 8.838100136405229534e+01
2.055443340977586502e+02 1.496415124110329486e+02 8.838345440495014316e+01
2.055656785160752236e+02 1.496644787611363370e+02 8.838590744584799097e+01
2.055870229343917970e+02 1.496874451112397253e+02 8.838836048674583878e+01
2.056083673527083988e+02 1.497104114613431136e+02 8.839081352764367239e+01
2.056297117710249722e+02 1.497333778114465019e+02 8.839326656854152020e+01
2.056510561893415456e+02 1.497563441615498903e+02 8.839571960943936801e+01
2.056724006076581190e+02 1.497793105116532786e+02 8.839817265033721583e+01
2.056937450259746925e+02 1.498022768617566953e+02 8.840062569123506364e+01
2.057150894442912659e+02 1.498252432118600836e+02 8.840307873213291145e+01
2.057364338626078393e+02 1.498482095619634720e+02 8.840553177303075927e+01
2.057577782809244127e+02 1.498711759120668603e+02 8.840798481392860708e+01
2.057791226992409861e+02 1.498941422621702486e+02 8.841043785482645490e+01
2.058004671175575879e+02 1.499171086122736369e+02 8.841289089572428850e+01
2.058218115358741613e+02 1.499400749623770537e+02 8.841534393662213631e+01
2.058431559541907347e+02 1.499630413124804420e+02 8.841779697751998413e+01
2.058645003725073082e+02 1.499860076625838303e+02 8.842025001841783194e+01
2.058858447908238816e+02 1.500089740126872186e+02 8.842270305931567975e+01
2.058858447908238816e+02 1.500089740126872186e+02 8.842270305931567975e+01
2.059169312893754125e+02 1.500085990971765568e+02 8.842052149476913314e+01
2.059480177879269434e+02 1.500082241816658666e+02 8.841833993022258653e+01
2.059791042864784743e+02 1.500078492661552048e+02 8.841615836567603992e+01
2.060101907850300336e+02 1.500074743506445429e+02 8.841397680112949331e+01
2.060412772835815645e+02 1.500070994351338527e+02 8.841179523658293249e+01
2.060723637821330954e+02 1.500067245196231909e+02 8.840961367203638588e+01
2.061034502806846263e+02 1.500063496041125291e+02 8.840743210748983927e+01
2.061345367792361571e+02 1.500059746886018388e+02 8.840525054294329266e+01
2.061656232777876880e+02 1.500055997730911770e+02 8.840306897839674605e+01
2.061967097763392474e+02 1.500052248575805152e+02 8.840088741385019944e+01
2.062277962748907782e+02 1.500048499420698249e+02 8.839870584930365283e+01
2.062588827734423091e+02 1.500044750265591631e+02 8.839652428475710622e+01
2.062899692719938400e+02 1.500041001110485013e+02 8.839434272021054539e+01
2.063210557705453709e+02 1.500037251955378110e+02 8.839216115566399878e+01
2.063521422690969018e+02 1.500033502800271492e+02 8.838997959111745217e+01
2.063832287676484327e+02 1.500029753645164590e+02 8.838779802657090556e+01
2.064143152661999920e+02 1.500026004490057971e+02 8.838561646202435895e+01
2.064454017647515229e+02 1.500022255334951353e+02 8.838343489747781234e+01
2.064764882633030538e+02 1.500018506179844451e+02 8.838125333293126573e+01
2.065075747618545847e+02 1.500014757024737833e+02 8.837907176838471912e+01
2.065386612604061156e+02 1.500011007869631214e+02 8.837689020383817251e+01
2.065697477589576465e+02 1.500007258714524312e+02 8.837470863929161169e+01
2.066008342575092058e+02 1.500003509559417694e+02 8.837252707474506508e+01
2.066319207560607367e+02 1.499999760404311075e+02 8.837034551019851847e+01
2.066630072546122676e+02 1.499996011249204173e+02 8.836816394565197186e+01
2.066940937531637985e+02 1.499992262094097555e+02 8.836598238110542525e+01
2.066940937531637985e+02 1.499992262094097555e+02 8.836598238110542525e+01
2.067248183604342842e+02 1.499920819972509491e+02 8.836541449215737032e+01
2.067555429677047982e+02 1.499849377850921428e+02 8.836484660320932960e+01
2.067862675749752839e+02 1.499777935729333080e+02 8.836427871426127467e+01
2.068169921822457979e+02 1.499706493607745017e+02 8.836371082531321974e+01
2.068477167895162836e+02 1.499635051486156954e+02 8.836314293636517903e+01
2.068784413967867692e+02 1.499563609364568890e+02 8.836257504741712410e+01
2.069091660040572833e+02 1.499492167242980543e+02 8.836200715846906917e+01
2.069398906113277690e+02 1.499420725121392479e+02 8.836143926952102845e+01
2.069706152185982830e+02 1.499349282999804416e+02 8.836087138057297352e+01
2.070013398258687687e+02 1.499277840878216352e+02 8.836030349162491859e+01
2.070320644331392828e+02 1.499206398756628005e+02 8.835973560267686366e+01
2.070627890404097684e+02 1.499134956635039941e+02 8.835916771372882295e+01
2.070935136476802541e+02 1.499063514513451878e+02 8.835859982478076802e+01
2.071242382549507681e+02 1.498992072391863815e+02 8.835803193583271309e+01
2.071549628622212538e+02 1.498920630270275751e+02 8.835746404688467237e+01
2.071856874694917678e+02 1.498849188148687404e+02 8.835689615793661744e+01
2.072164120767622535e+02 1.498777746027099340e+02 8.835632826898856251e+01
2.072471366840327391e+02 1.498706303905511277e+02 8.835576038004052180e+01
2.072778612913032532e+02 1.498634861783923213e+02 8.835519249109246687e+01
2.073085858985737389e+02 1.498563419662334866e+02 8.835462460214441194e+01
2.073393105058442529e+02 1.498491977540746802e+02 8.835405671319637122e+01
2.073700351131147386e+02 1.498420535419158739e+02 8.835348882424831629e+01
2.073700351131147386e+02 1.498420535419158739e+02 8.835348882424831629e+01
2.073951183735677830e+02 1.498294888740291810e+02 8.833539530722300981e+01
2.074202016340208559e+02 1.498169242061425166e+02 8.831730179019768912e+01
2.074452848944739003e+02 1.498043595382558237e+02 8.829920827317238263e+01
2.074703681549269447e+02 1.497917948703691309e+02 8.828111475614706194e+01
2.074954514153799892e+02 1.497792302024824380e+02 8.826302123912175546e+01
2.075205346758330620e+02 1.497666655345957736e+02 8.824492772209644897e+01
2.075456179362861064e+02 1.497541008667090807e+02 8.822683420507112828e+01
2.075707011967391509e+02 1.497415361988223879e+02 8.820874068804582180e+01
2.075957844571921953e+02 1.497289715309356950e+02 8.819064717102050110e+01
2.076208677176452682e+02 1.497164068630490306e+02 8.817255365399519462e+01
2.076459509780983126e+02 1.497038421951623377e+02 8.815446013696988814e+01
2.076710342385513570e+02 1.496912775272756448e+02 8.813636661994456745e+01
2.076961174990044015e+02 1.496787128593889520e+02 8.811827310291926096e+01
2.077212007594574743e+02 1.496661481915022875e+02 8.810017958589394027e+01
2.077462840199105187e+02 1.496535835236155947e+02 8.808208606886863379e+01
2.077462840199105187e+02 1.496535835236155947e+02 8.808208606886863379e+01
2.077750297789634715e+02 1.496398792052320914e+02 8.808316943750472205e+01
2.078037755380164526e+02 1.496261748868485881e+02 8.808425280614082453e+01
2.078325212970694054e+02 1.496124705684650849e+02 8.808533617477691280e+01
2.078612670561223865e+02 1.495987662500815816e+02 8.808641954341301528e+01
2.078900128151753393e+02 1.495850619316981067e+02 8.808750291204910354e+01
2.079187585742283204e+02 1.495713576133146034e+02 8.808858628068520602e+01
2.079475043332812731e+02 1.495576532949311002e+02 8.808966964932129429e+01
2.079762500923342543e+02 1.495439489765475969e+02 8.809075301795739676e+01
2.080049958513872070e+02 1.495302446581640936e+02 8.809183638659348503e+01
2.080337416104401882e+02 1.495165403397805903e+02 8.809291975522958751e+01
2.080624873694931409e+02 1.495028360213970871e+02 8.809400312386567578e+01
2.080912331285461221e+02 1.494891317030135838e+02 8.809508649250177825e+01
2.081199788875990748e+02 1.494754273846301089e+02 8.809616986113786652e+01
2.081487246466520276e+02 1.494617230662466056e+02 8.809725322977395479e+01
2.081774704057050087e+02 1.494480187478631024e+02 8.809833659841005726e+01
2.082062161647579615e+02 1.494343144294795991e+02 8.809941996704614553e+01
2.082349619238109426e+02 1.494206101110960958e+02 8.810050333568224801e+01
2.082637076828638953e+02 1.494069057927125925e+02 8.810158670431833627e+01
2.082924534419168765e+02 1.493932014743290893e+02 8.810267007295443875e+01
2.083211992009698292e+02 1.493794971559455860e+02 8.810375344159052702e+01
2.083499449600228104e+02 1.493657928375620827e+02 8.810483681022662950e+01
2.083786907190757631e+02 1.493520885191786078e+02 8.810592017886271776e+01
2.084074364781287443e+02 1.493383842007951046e+02 8.810700354749882024e+01
2.084361822371816970e+02 1.493246798824116013e+02 8.810808691613490851e+01
2.084649279962346782e+02 1.493109755640280980e+02 8.810917028477101098e+01
2.084936737552876309e+02 1.492972712456445947e+02 8.811025365340709925e+01
