2.329562236012089329e+02 7.140499267960220209e+01 1.004039602699876070e+02
2.329798654865770118e+02 7.138280450356694473e+01 1.004061048670411367e+02
2.330035073719450907e+02 7.136061632753167316e+01 1.004082494640946663e+02
2.330271492573131979e+02 7.133842815149640160e+01 1.004103940611481960e+02
2.330507911426812768e+02 7.131623997546114424e+01 1.004125386582017114e+02
2.330744330280493557e+02 7.129405179942588688e+01 1.004146832552552411e+02
2.330980749134174346e+02 7.127186362339061532e+01 1.004168278523087707e+02
2.331217167987855134e+02 7.124967544735534375e+01 1.004189724493623004e+02
2.331453586841535923e+02 7.122748727132008639e+01 1.004211170464158300e+02
2.331690005695216996e+02 7.120529909528482904e+01 1.004232616434693597e+02
2.331926424548897785e+02 7.118311091924955747e+01 1.004254062405228893e+02
2.332162843402578574e+02 7.116092274321428590e+01 1.004275508375764048e+02
2.332399262256259362e+02 7.113873456717902855e+01 1.004296954346299344e+02
2.332635681109940151e+02 7.111654639114377119e+01 1.004318400316834641e+02
2.332872099963621224e+02 7.109435821510849962e+01 1.004339846287369937e+02
2.333108518817302013e+02 7.107217003907322805e+01 1.004361292257905234e+02
2.333344937670982802e+02 7.104998186303797070e+01 1.004382738228440530e+02
2.333581356524663590e+02 7.102779368700271334e+01 1.004404184198975827e+02
2.333817775378344379e+02 7.100560551096744177e+01 1.004425630169511123e+02
2.334054194232025168e+02 7.098341733493217021e+01 1.004447076140046278e+02
2.334290613085706241e+02 7.096122915889691285e+01 1.004468522110581574e+02
2.334527031939387030e+02 7.093904098286165549e+01 1.004489968081116871e+02
2.334763450793067818e+02 7.091685280682638393e+01 1.004511414051652167e+02
2.334763450793067818e+02 7.091685280682638393e+01 1.004511414051652167e+02
2.335010303614762392e+02 7.089368539112629719e+01 1.004533806505799447e+02
2.335257156436457251e+02 7.087051797542619624e+01 1.004556198959946869e+02
2.335504009258151825e+02 7.084735055972610951e+01 1.004578591414094149e+02
2.335750862079846684e+02 7.082418314402600856e+01 1.004600983868241570e+02
2.335997714901541258e+02 7.080101572832592183e+01 1.004623376322388850e+02
2.336244567723235832e+02 7.077784831262582088e+01 1.004645768776536130e+02
2.336491420544930691e+02 7.075468089692573415e+01 1.004668161230683552e+02
2.336738273366625265e+02 7.073151348122563320e+01 1.004690553684830832e+02
2.336985126188320123e+02 7.070834606552554646e+01 1.004712946138978253e+02
2.337231979010014697e+02 7.068517864982544552e+01 1.004735338593125533e+02
2.337478831831709272e+02 7.066201123412535878e+01 1.004757731047272955e+02
2.337725684653404130e+02 7.063884381842527205e+01 1.004780123501420235e+02
2.337972537475098704e+02 7.061567640272517110e+01 1.004802515955567515e+02
2.338219390296793563e+02 7.059250898702508437e+01 1.004824908409714936e+02
2.338466243118488137e+02 7.056934157132498342e+01 1.004847300863862216e+02
2.338713095940182995e+02 7.054617415562489668e+01 1.004869693318009638e+02
2.338959948761877570e+02 7.052300673992479574e+01 1.004892085772156918e+02
2.339206801583572144e+02 7.049983932422470900e+01 1.004914478226304198e+02
2.339453654405267002e+02 7.047667190852460806e+01 1.004936870680451619e+02
2.339700507226961577e+02 7.045350449282452132e+01 1.004959263134598899e+02
2.339947360048656435e+02 7.043033707712442038e+01 1.004981655588746321e+02
2.340194212870351009e+02 7.040716966142433364e+01 1.005004048042893601e+02
2.340194212870351009e+02 7.040716966142433364e+01 1.005004048042893601e+02
2.340341229804565444e+02 7.038016412469036709e+01 1.005160720999733428e+02
2.340488246738780163e+02 7.035315858795638633e+01 1.005317393956573255e+02
2.340635263672994597e+02 7.032615305122241978e+01 1.005474066913413225e+02
2.340782280607209032e+02 7.029914751448845323e+01 1.005630739870253052e+02
2.340929297541423750e+02 7.027214197775448667e+01 1.005787412827092879e+02
2.341076314475638185e+02 7.024513644102050591e+01 1.005944085783932707e+02
2.341223331409852619e+02 7.021813090428653936e+01 1.006100758740772534e+02
2.341370348344067338e+02 7.019112536755257281e+01 1.006257431697612361e+02
2.341517365278281773e+02 7.016411983081860626e+01 1.006414104654452331e+02
2.341664382212496207e+02 7.013711429408462550e+01 1.006570777611292158e+02
2.341811399146710926e+02 7.011010875735065895e+01 1.006727450568131985e+02
2.341958416080925360e+02 7.008310322061669240e+01 1.006884123524971812e+02
2.342105433015140079e+02 7.005609768388272585e+01 1.007040796481811640e+02
2.342252449949354514e+02 7.002909214714874508e+01 1.007197469438651467e+02
2.342399466883568948e+02 7.000208661041477853e+01 1.007354142395491436e+02
2.342546483817783667e+02 6.997508107368081198e+01 1.007510815352331264e+02
2.342693500751998101e+02 6.994807553694684543e+01 1.007667488309171091e+02
2.342840517686212536e+02 6.992107000021286467e+01 1.007824161266010918e+02
2.342987534620427255e+02 6.989406446347889812e+01 1.007980834222850746e+02
2.343134551554641689e+02 6.986705892674493157e+01 1.008137507179690573e+02
2.343281568488856124e+02 6.984005339001096502e+01 1.008294180136530542e+02
2.343428585423070842e+02 6.981304785327698426e+01 1.008450853093370370e+02
2.343575602357285277e+02 6.978604231654301771e+01 1.008607526050210197e+02
2.343575602357285277e+02 6.978604231654301771e+01 1.008607526050210197e+02
2.343367638107989421e+02 6.975226815033354910e+01 1.008868730495572237e+02
2.343159673858693566e+02 6.971849398412408050e+01 1.009129934940934419e+02
2.342951709609397710e+02 6.968471981791461189e+01 1.009391139386296459e+02
2.342743745360101855e+02 6.965094565170514329e+01 1.009652343831658499e+02
2.342535781110805999e+02 6.961717148549567469e+01 1.009913548277020681e+02
2.342327816861510144e+02 6.958339731928620608e+01 1.010174752722382721e+02
2.342119852612214004e+02 6.954962315307675169e+01 1.010435957167744903e+02
2.341911888362918148e+02 6.951584898686728309e+01 1.010697161613106942e+02
2.341703924113622293e+02 6.948207482065781448e+01 1.010958366058468982e+02
2.341495959864326437e+02 6.944830065444834588e+01 1.011219570503831164e+02
2.341287995615030582e+02 6.941452648823887728e+01 1.011480774949193204e+02
2.341080031365734726e+02 6.938075232202940867e+01 1.011741979394555244e+02
2.340872067116438870e+02 6.934697815581994007e+01 1.012003183839917426e+02
2.340664102867143015e+02 6.931320398961047147e+01 1.012264388285279466e+02
2.340456138617847159e+02 6.927942982340100286e+01 1.012525592730641506e+02
2.340248174368551304e+02 6.924565565719153426e+01 1.012786797176003688e+02
2.340040210119255448e+02 6.921188149098206566e+01 1.013048001621365728e+02
2.339832245869959593e+02 6.917810732477259705e+01 1.013309206066727768e+02
2.339624281620663453e+02 6.914433315856314266e+01 1.013570410512089950e+02
2.339416317371367597e+02 6.911055899235367406e+01 1.013831614957451990e+02
2.339208353122071742e+02 6.907678482614420545e+01 1.014092819402814172e+02
2.339000388872775886e+02 6.904301065993473685e+01 1.014354023848176212e+02
2.338792424623480031e+02 6.900923649372526825e+01 1.014615228293538252e+02
2.338584460374184175e+02 6.897546232751579964e+01 1.014876432738900434e+02
2.338376496124888320e+02 6.894168816130633104e+01 1.015137637184262474e+02
2.338376496124888320e+02 6.894168816130633104e+01 1.015137637184262474e+02
2.338213234406406968e+02 6.892737440013091543e+01 1.015221954583274879e+02
2.338049972687925333e+02 6.891306063895549983e+01 1.015306271982287285e+02
2.337886710969443982e+02 6.889874687778008422e+01 1.015390589381299691e+02
2.337723449250962631e+02 6.888443311660466861e+01 1.015474906780312097e+02
2.337560187532481280e+02 6.887011935542925301e+01 1.015559224179324502e+02
2.337396925813999644e+02 6.885580559425383740e+01 1.015643541578336908e+02
2.337233664095518293e+02 6.884149183307842179e+01 1.015727858977349314e+02
2.337070402377036942e+02 6.882717807190300618e+01 1.015812176376361720e+02
2.336907140658555591e+02 6.881286431072759058e+01 1.015896493775374125e+02
2.336743878940073955e+02 6.879855054955218918e+01 1.015980811174386673e+02
2.336580617221592604e+02 6.878423678837677357e+01 1.016065128573399079e+02
2.336417355503111253e+02 6.876992302720135797e+01 1.016149445972411485e+02
2.336254093784629902e+02 6.875560926602594236e+01 1.016233763371423890e+02
2.336090832066148266e+02 6.874129550485052675e+01 1.016318080770436296e+02
2.335927570347666915e+02 6.872698174367511115e+01 1.016402398169448702e+02
2.335764308629185564e+02 6.871266798249969554e+01 1.016486715568461108e+02
2.335601046910704213e+02 6.869835422132427993e+01 1.016571032967473514e+02
2.335437785192222577e+02 6.868404046014886433e+01 1.016655350366485919e+02
2.335274523473741226e+02 6.866972669897344872e+01 1.016739667765498325e+02
2.335111261755259875e+02 6.865541293779803311e+01 1.016823985164510731e+02
2.334948000036778240e+02 6.864109917662261751e+01 1.016908302563523137e+02
2.334784738318296888e+02 6.862678541544720190e+01 1.016992619962535542e+02
2.334621476599815537e+02 6.861247165427178629e+01 1.017076937361547948e+02
2.334458214881334186e+02 6.859815789309637069e+01 1.017161254760560354e+02
2.334294953162852551e+02 6.858384413192095508e+01 1.017245572159572760e+02
2.334131691444371199e+02 6.856953037074553947e+01 1.017329889558585165e+02
2.333968429725889848e+02 6.855521660957012386e+01 1.017414206957597571e+02
2.333805168007408497e+02 6.854090284839470826e+01 1.017498524356609977e+02
2.333641906288926862e+02 6.852658908721930686e+01 1.017582841755622525e+02
2.333478644570445510e+02 6.851227532604389125e+01 1.017667159154634930e+02
2.333315382851964159e+02 6.849796156486847565e+01 1.017751476553647336e+02
2.333152121133482808e+02 6.848364780369306004e+01 1.017835793952659742e+02
2.332988859415001173e+02 6.846933404251764443e+01 1.017920111351672148e+02
2.332825597696519822e+02 6.845502028134222883e+01 1.018004428750684554e+02
2.332662335978038470e+02 6.844070652016681322e+01 1.018088746149696959e+02
2.332499074259557119e+02 6.842639275899139761e+01 1.018173063548709365e+02
2.332335812541075484e+02 6.841207899781598201e+01 1.018257380947721771e+02
2.332172550822594133e+02 6.839776523664056640e+01 1.018341698346734177e+02
2.332172550822594133e+02 6.839776523664056640e+01 1.018341698346734177e+02
2.331962391179278598e+02 6.837933976022694083e+01 1.018450236433105971e+02
2.331752231535963062e+02 6.836091428381330104e+01 1.018558774519477765e+02
2.331542071892647527e+02 6.834248880739967547e+01 1.018667312605849418e+02
2.331331912249332277e+02 6.832406333098604989e+01 1.018775850692221212e+02
2.331121752606016742e+02 6.830563785457241011e+01 1.018884388778593006e+02
2.330911592962701206e+02 6.828721237815878453e+01 1.018992926864964801e+02
2.330701433319385671e+02 6.826878690174515896e+01 1.019101464951336595e+02
2.330491273676070136e+02 6.825036142533151917e+01 1.019210003037708248e+02
2.330281114032754601e+02 6.823193594891789360e+01 1.019318541124080042e+02
2.330070954389439066e+02 6.821351047250425381e+01 1.019427079210451836e+02
2.329860794746123815e+02 6.819508499609062824e+01 1.019535617296823631e+02
2.329650635102808280e+02 6.817665951967700266e+01 1.019644155383195283e+02
2.329440475459492745e+02 6.815823404326336288e+01 1.019752693469567077e+02
2.329230315816177210e+02 6.813980856684973730e+01 1.019861231555938872e+02
2.329020156172861675e+02 6.812138309043611173e+01 1.019969769642310666e+02
2.328809996529546140e+02 6.810295761402247194e+01 1.020078307728682461e+02
2.328599836886230605e+02 6.808453213760884637e+01 1.020186845815054113e+02
2.328389677242915354e+02 6.806610666119522079e+01 1.020295383901425907e+02
2.328179517599599819e+02 6.804768118478158101e+01 1.020403921987797702e+02
2.327969357956284284e+02 6.802925570836795544e+01 1.020512460074169496e+02
2.327759198312968749e+02 6.801083023195431565e+01 1.020620998160541291e+02
2.327549038669653214e+02 6.799240475554069008e+01 1.020729536246912943e+02
2.327338879026337679e+02 6.797397927912706450e+01 1.020838074333284737e+02
2.327128719383022144e+02 6.795555380271342472e+01 1.020946612419656532e+02
2.326918559739706893e+02 6.793712832629979914e+01 1.021055150506028326e+02
2.326708400096391358e+02 6.791870284988617357e+01 1.021163688592399978e+02
2.326498240453075823e+02 6.790027737347253378e+01 1.021272226678771773e+02
2.326288080809760288e+02 6.788185189705890821e+01 1.021380764765143567e+02
2.326288080809760288e+02 6.788185189705890821e+01 1.021380764765143567e+02
2.326087779938727635e+02 6.786471356389530740e+01 1.021197887234642110e+02
2.325887479067695267e+02 6.784757523073169239e+01 1.021015009704140653e+02
2.325687178196662614e+02 6.783043689756809158e+01 1.020832132173639195e+02
2.325486877325629962e+02 6.781329856440449078e+01 1.020649254643137738e+02
2.325286576454597309e+02 6.779616023124087576e+01 1.020466377112636422e+02
2.325086275583564941e+02 6.777902189807727495e+01 1.020283499582134965e+02
2.324885974712532288e+02 6.776188356491367415e+01 1.020100622051633508e+02
2.324685673841499636e+02 6.774474523175005913e+01 1.019917744521132050e+02
2.324485372970466983e+02 6.772760689858645833e+01 1.019734866990630593e+02
2.324285072099434615e+02 6.771046856542285752e+01 1.019551989460129136e+02
2.324084771228401962e+02 6.769333023225924251e+01 1.019369111929627678e+02
2.323884470357369310e+02 6.767619189909564170e+01 1.019186234399126221e+02
2.323684169486336941e+02 6.765905356593202669e+01 1.019003356868624905e+02
2.323483868615304289e+02 6.764191523276842588e+01 1.018820479338123448e+02
2.323283567744271636e+02 6.762477689960482508e+01 1.018637601807621991e+02
2.323083266873238983e+02 6.760763856644121006e+01 1.018454724277120533e+02
2.322882966002206615e+02 6.759050023327760925e+01 1.018271846746619076e+02
2.322682665131173962e+02 6.757336190011400845e+01 1.018088969216117619e+02
2.322482364260141310e+02 6.755622356695039343e+01 1.017906091685616161e+02
2.322282063389108657e+02 6.753908523378679263e+01 1.017723214155114704e+02
2.322081762518076289e+02 6.752194690062319182e+01 1.017540336624613246e+02
2.321881461647043636e+02 6.750480856745957681e+01 1.017357459094111931e+02
2.321681160776010984e+02 6.748767023429597600e+01 1.017174581563610474e+02
2.321480859904978331e+02 6.747053190113237520e+01 1.016991704033109016e+02
2.321280559033945963e+02 6.745339356796876018e+01 1.016808826502607559e+02
2.321080258162913310e+02 6.743625523480515938e+01 1.016625948972106102e+02
2.321080258162913310e+02 6.743625523480515938e+01 1.016625948972106102e+02
2.320936320126422743e+02 6.742393947196512727e+01 1.016494531507354679e+02
2.320792382089932175e+02 6.741162370912509516e+01 1.016363114042603115e+02
2.320648444053441892e+02 6.739930794628504884e+01 1.016231696577851693e+02
2.320504506016951325e+02 6.738699218344501674e+01 1.016100279113100271e+02
2.320360567980460758e+02 6.737467642060498463e+01 1.015968861648348707e+02
2.320216629943970190e+02 6.736236065776495252e+01 1.015837444183597285e+02
2.320072691907479623e+02 6.735004489492490620e+01 1.015706026718845862e+02
2.319928753870989340e+02 6.733772913208487410e+01 1.015574609254094440e+02
2.319784815834498772e+02 6.732541336924484199e+01 1.015443191789342876e+02
2.319640877798008205e+02 6.731309760640480988e+01 1.015311774324591454e+02
2.319496939761517638e+02 6.730078184356476356e+01 1.015180356859840032e+02
2.319353001725027070e+02 6.728846608072473146e+01 1.015048939395088468e+02
2.319209063688536503e+02 6.727615031788469935e+01 1.014917521930337045e+02
2.319065125652046220e+02 6.726383455504466724e+01 1.014786104465585623e+02
2.318921187615555652e+02 6.725151879220463513e+01 1.014654687000834059e+02
2.318777249579065085e+02 6.723920302936458882e+01 1.014523269536082637e+02
2.318633311542574518e+02 6.722688726652455671e+01 1.014391852071331215e+02
2.318489373506083950e+02 6.721457150368452460e+01 1.014260434606579651e+02
2.318345435469593667e+02 6.720225574084449249e+01 1.014129017141828228e+02
2.318201497433103100e+02 6.718993997800444617e+01 1.013997599677076806e+02
2.318057559396612533e+02 6.717762421516441407e+01 1.013866182212325384e+02
2.317913621360121965e+02 6.716530845232438196e+01 1.013734764747573820e+02
2.317769683323631398e+02 6.715299268948434985e+01 1.013603347282822398e+02
2.317625745287141115e+02 6.714067692664430353e+01 1.013471929818070976e+02
2.317481807250650547e+02 6.712836116380427143e+01 1.013340512353319411e+02
2.317337869214159980e+02 6.711604540096423932e+01 1.013209094888567989e+02
2.317337869214159980e+02 6.711604540096423932e+01 1.013209094888567989e+02
2.317239301350475671e+02 6.709624078149141724e+01 1.012889786462585135e+02
2.317140733486791362e+02 6.707643616201860937e+01 1.012570478036602424e+02
2.317042165623107053e+02 6.705663154254578728e+01 1.012251169610619570e+02
2.316943597759422744e+02 6.703682692307297941e+01 1.011931861184636858e+02
2.316845029895738435e+02 6.701702230360015733e+01 1.011612552758654004e+02
2.316746462032054126e+02 6.699721768412733525e+01 1.011293244332671293e+02
2.316647894168369817e+02 6.697741306465452737e+01 1.010973935906688439e+02
2.316549326304685508e+02 6.695760844518170529e+01 1.010654627480705727e+02
2.316450758441001199e+02 6.693780382570889742e+01 1.010335319054722873e+02
2.316352190577316605e+02 6.691799920623607534e+01 1.010016010628740020e+02
2.316253622713632296e+02 6.689819458676325326e+01 1.009696702202757308e+02
2.316155054849947987e+02 6.687838996729044538e+01 1.009377393776774454e+02
2.316056486986263678e+02 6.685858534781762330e+01 1.009058085350791742e+02
2.315957919122579369e+02 6.683878072834480122e+01 1.008738776924808889e+02
2.315859351258895060e+02 6.681897610887199335e+01 1.008419468498826177e+02
2.315760783395210751e+02 6.679917148939917126e+01 1.008100160072843323e+02
2.315662215531526442e+02 6.677936686992636339e+01 1.007780851646860611e+02
2.315563647667842133e+02 6.675956225045354131e+01 1.007461543220877758e+02
2.315563647667842133e+02 6.675956225045354131e+01 1.007461543220877758e+02
2.315727354167931367e+02 6.674212854020581176e+01 1.007259153554385449e+02
2.315891060668020316e+02 6.672469482995806800e+01 1.007056763887893140e+02
2.316054767168109549e+02 6.670726111971033845e+01 1.006854374221400832e+02
2.316218473668198499e+02 6.668982740946260890e+01 1.006651984554908665e+02
2.316382180168287732e+02 6.667239369921487935e+01 1.006449594888416357e+02
2.316545886668376966e+02 6.665495998896713559e+01 1.006247205221924048e+02
2.316709593168465915e+02 6.663752627871940604e+01 1.006044815555431740e+02
2.316873299668555148e+02 6.662009256847167649e+01 1.005842425888939431e+02
2.317037006168644098e+02 6.660265885822394694e+01 1.005640036222447122e+02
2.317200712668733331e+02 6.658522514797620317e+01 1.005437646555954814e+02
2.317364419168822565e+02 6.656779143772847362e+01 1.005235256889462647e+02
2.317528125668911514e+02 6.655035772748074407e+01 1.005032867222970339e+02
2.317691832169000747e+02 6.653292401723300031e+01 1.004830477556478030e+02
2.317855538669089697e+02 6.651549030698527076e+01 1.004628087889985721e+02
2.318019245169178930e+02 6.649805659673754121e+01 1.004425698223493413e+02
2.318182951669267879e+02 6.648062288648981166e+01 1.004223308557001104e+02
2.318346658169357113e+02 6.646318917624206790e+01 1.004020918890508796e+02
2.318510364669446346e+02 6.644575546599433835e+01 1.003818529224016487e+02
2.318674071169535296e+02 6.642832175574660880e+01 1.003616139557524320e+02
2.318837777669624529e+02 6.641088804549887925e+01 1.003413749891032012e+02
2.319001484169713478e+02 6.639345433525113549e+01 1.003211360224539703e+02
2.319165190669802712e+02 6.637602062500340594e+01 1.003008970558047395e+02
2.319165190669802712e+02 6.637602062500340594e+01 1.003008970558047395e+02
2.319409370913345754e+02 6.636211195877432090e+01 1.002864188201172055e+02
2.319653551156888511e+02 6.634820329254525006e+01 1.002719405844296858e+02
2.319897731400431553e+02 6.633429462631616502e+01 1.002574623487421519e+02
2.320141911643974595e+02 6.632038596008709419e+01 1.002429841130546322e+02
2.320386091887517637e+02 6.630647729385800915e+01 1.002285058773670983e+02
2.320630272131060394e+02 6.629256862762893832e+01 1.002140276416795643e+02
2.320874452374603436e+02 6.627865996139985327e+01 1.001995494059920446e+02
2.321118632618146478e+02 6.626475129517078244e+01 1.001850711703045107e+02
2.321362812861689235e+02 6.625084262894169740e+01 1.001705929346169768e+02
2.321606993105232277e+02 6.623693396271262657e+01 1.001561146989294571e+02
2.321851173348775319e+02 6.622302529648354152e+01 1.001416364632419231e+02
2.322095353592318361e+02 6.620911663025447069e+01 1.001271582275544034e+02
2.322339533835861118e+02 6.619520796402538565e+01 1.001126799918668695e+02
2.322583714079404160e+02 6.618129929779631482e+01 1.000982017561793356e+02
2.322827894322947202e+02 6.616739063156722978e+01 1.000837235204918159e+02
2.323072074566489960e+02 6.615348196533815894e+01 1.000692452848042819e+02
2.323316254810033001e+02 6.613957329910907390e+01 1.000547670491167480e+02
2.323560435053576043e+02 6.612566463288000307e+01 1.000402888134292283e+02
2.323804615297119085e+02 6.611175596665091803e+01 1.000258105777416944e+02
2.324048795540661843e+02 6.609784730042184719e+01 1.000113323420541747e+02
2.324292975784204884e+02 6.608393863419276215e+01 9.999685410636664074e+01
2.324292975784204884e+02 6.608393863419276215e+01 9.999685410636664074e+01
2.324581985457511735e+02 6.608239416103778296e+01 9.999691199089517113e+01
2.324870995130818585e+02 6.608084968788280378e+01 9.999696987542368731e+01
2.325160004804125151e+02 6.607930521472782459e+01 9.999702775995221771e+01
2.325449014477432002e+02 6.607776074157285962e+01 9.999708564448073389e+01
2.325738024150738852e+02 6.607621626841788043e+01 9.999714352900926428e+01
2.326027033824045702e+02 6.607467179526290124e+01 9.999720141353778047e+01
2.326316043497352553e+02 6.607312732210792205e+01 9.999725929806631086e+01
2.326605053170659119e+02 6.607158284895294287e+01 9.999731718259482705e+01
2.326894062843965969e+02 6.607003837579796368e+01 9.999737506712335744e+01
2.327183072517272819e+02 6.606849390264298449e+01 9.999743295165187362e+01
2.327472082190579670e+02 6.606694942948801952e+01 9.999749083618040402e+01
2.327761091863886520e+02 6.606540495633304033e+01 9.999754872070892020e+01
2.328050101537193370e+02 6.606386048317806114e+01 9.999760660523745059e+01
2.328339111210499937e+02 6.606231601002308196e+01 9.999766448976596678e+01
2.328628120883806787e+02 6.606077153686810277e+01 9.999772237429449717e+01
2.328917130557113637e+02 6.605922706371312358e+01 9.999778025882301336e+01
2.329206140230420488e+02 6.605768259055814440e+01 9.999783814335154375e+01
2.329495149903727338e+02 6.605613811740317942e+01 9.999789602788005993e+01
2.329784159577033904e+02 6.605459364424820023e+01 9.999795391240859033e+01
2.330073169250340754e+02 6.605304917109322105e+01 9.999801179693710651e+01
2.330362178923647605e+02 6.605150469793824186e+01 9.999806968146563690e+01
2.330362178923647605e+02 6.605150469793824186e+01 9.999806968146563690e+01
2.330616055987834443e+02 6.605014797411023153e+01 9.999812052943205742e+01
2.330869933052021565e+02 6.604879125028222120e+01 9.999817137739847794e+01
2.331123810116208404e+02 6.604743452645421087e+01 9.999822222536489846e+01
2.331377687180395242e+02 6.604607780262620054e+01 9.999827307333131898e+01
2.331631564244582364e+02 6.604472107879819021e+01 9.999832392129773950e+01
2.331885441308769202e+02 6.604336435497017987e+01 9.999837476926416002e+01
2.332139318372956041e+02 6.604200763114216954e+01 9.999842561723058054e+01
2.332393195437143163e+02 6.604065090731415921e+01 9.999847646519700106e+01
2.332647072501330001e+02 6.603929418348614888e+01 9.999852731316342158e+01
2.332900949565516839e+02 6.603793745965812434e+01 9.999857816112982789e+01
2.333154826629703678e+02 6.603658073583011401e+01 9.999862900909624841e+01
2.333408703693890800e+02 6.603522401200210368e+01 9.999867985706266893e+01
2.333662580758077638e+02 6.603386728817409335e+01 9.999873070502908945e+01
2.333916457822264476e+02 6.603251056434608302e+01 9.999878155299550997e+01
2.334170334886451599e+02 6.603115384051807268e+01 9.999883240096193049e+01
2.334424211950638437e+02 6.602979711669006235e+01 9.999888324892835101e+01
2.334678089014825275e+02 6.602844039286205202e+01 9.999893409689477153e+01
2.334931966079012398e+02 6.602708366903404169e+01 9.999898494486119205e+01
2.335185843143199236e+02 6.602572694520603136e+01 9.999903579282761257e+01
2.335185843143199236e+02 6.602572694520603136e+01 9.999903579282761257e+01
2.335506786933652563e+02 6.602401181552562548e+01 9.999910007330576889e+01
2.335827730724105891e+02 6.602229668584523381e+01 9.999916435378392521e+01
2.336148674514559502e+02 6.602058155616482793e+01 9.999922863426209574e+01
2.336469618305012830e+02 6.601886642648442205e+01 9.999929291474025206e+01
2.336790562095466157e+02 6.601715129680401617e+01 9.999935719521840838e+01
2.337111505885919485e+02 6.601543616712362450e+01 9.999942147569656470e+01
2.337432449676372812e+02 6.601372103744321862e+01 9.999948575617472102e+01
2.337753393466826424e+02 6.601200590776281274e+01 9.999955003665289155e+01
2.338074337257279751e+02 6.601029077808240686e+01 9.999961431713104787e+01
2.338395281047733079e+02 6.600857564840201519e+01 9.999967859760920419e+01
2.338716224838186406e+02 6.600686051872160931e+01 9.999974287808736051e+01
2.339037168628639733e+02 6.600514538904120343e+01 9.999980715856551683e+01
2.339358112419093345e+02 6.600343025936079755e+01 9.999987143904368736e+01
2.339679056209546673e+02 6.600171512968040588e+01 9.999993571952184368e+01
2.340000000000000000e+02 6.600000000000000000e+01 1.000000000000000000e+02
2.340000000000000000e+02 6.600000000000000000e+01 1.000000000000000000e+02
2.340000000000000000e+02 6.600000000000000000e+01 1.000000000000000000e+02
2.340000000000000000e+02 6.600000000000000000e+01 1.000000000000000000e+02
2.340000000000000000e+02 6.600000000000000000e+01 1.000000000000000000e+02
2.340000000000000000e+02 6.600000000000000000e+01 1.000000000000000000e+02
2.340000000000000000e+02 6.600000000000000000e+01 1.000000000000000000e+02
2.340000000000000000e+02 6.600000000000000000e+01 1.000000000000000000e+02
2.340000000000000000e+02 6.600000000000000000e+01 1.000000000000000000e+02
2.340000000000000000e+02 6.600000000000000000e+01 1.000000000000000000e+02
2.340000000000000000e+02 6.600000000000000000e+01 1.000000000000000000e+02
2.340000000000000000e+02 6.600000000000000000e+01 1.000000000000000000e+02
2.340000000000000000e+02 6.600000000000000000e+01 1.000000000000000000e+02
2.340000000000000000e+02 6.600000000000000000e+01 1.000000000000000000e+02
2.340000000000000000e+02 6.600000000000000000e+01 1.000000000000000000e+02
2.340000000000000000e+02 6.600000000000000000e+01 1.000000000000000000e+02
2.340000000000000000e+02 6.600000000000000000e+01 1.000000000000000000e+02
2.340000000000000000e+02 6.600000000000000000e+01 1.000000000000000000e+02
2.340320590673343304e+02 6.599961335492379533e+01 9.999775018326441511e+01
2.340641181346686892e+02 6.599922670984759066e+01 9.999550036652883023e+01
2.340961772020030196e+02 6.599884006477140019e+01 9.999325054979324534e+01
2.341282362693373500e+02 6.599845341969519552e+01 9.999100073305766045e+01
2.341602953366716804e+02 6.599806677461899085e+01 9.998875091632207557e+01
2.341923544040060392e+02 6.599768012954278618e+01 9.998650109958649068e+01
2.342244134713403696e+02 6.599729348446658150e+01 9.998425128285090580e+01
2.342564725386747000e+02 6.599690683939039104e+01 9.998200146611530670e+01
2.342885316060090304e+02 6.599652019431418637e+01 9.997975164937972181e+01
2.343205906733433892e+02 6.599613354923798170e+01 9.997750183264413693e+01
2.343526497406777196e+02 6.599574690416177702e+01 9.997525201590855204e+01
2.343847088080120500e+02 6.599536025908557235e+01 9.997300219917296715e+01
2.344167678753463804e+02 6.599497361400938189e+01 9.997075238243738227e+01
2.344488269426807392e+02 6.599458696893317722e+01 9.996850256570179738e+01
2.344808860100150696e+02 6.599420032385697255e+01 9.996625274896621249e+01
2.344808860100150696e+02 6.599420032385697255e+01 9.996625274896621249e+01
2.345131580280999799e+02 6.599381111051019388e+01 9.996398798793553908e+01
2.345454300461848902e+02 6.599342189716342943e+01 9.996172322690486567e+01
2.345777020642698290e+02 6.599303268381665077e+01 9.995945846587419226e+01
2.346099740823547393e+02 6.599264347046988632e+01 9.995719370484351884e+01
2.346422461004396496e+02 6.599225425712310766e+01 9.995492894381284543e+01
2.346745181185245599e+02 6.599186504377632900e+01 9.995266418278217202e+01
2.347067901366094702e+02 6.599147583042956455e+01 9.995039942175149861e+01
2.347390621546943805e+02 6.599108661708278589e+01 9.994813466072082520e+01
2.347713341727792908e+02 6.599069740373602144e+01 9.994586989969013757e+01
2.348036061908642296e+02 6.599030819038924278e+01 9.994360513865946416e+01
2.348358782089491399e+02 6.598991897704246412e+01 9.994134037762879075e+01
2.348681502270340502e+02 6.598952976369569967e+01 9.993907561659811734e+01
2.349004222451189605e+02 6.598914055034892101e+01 9.993681085556744392e+01
2.349326942632038708e+02 6.598875133700214235e+01 9.993454609453677051e+01
2.349649662812888096e+02 6.598836212365537790e+01 9.993228133350609710e+01
2.349972382993737199e+02 6.598797291030859924e+01 9.993001657247542369e+01
2.350295103174586302e+02 6.598758369696183479e+01 9.992775181144475027e+01
2.350617823355435405e+02 6.598719448361505613e+01 9.992548705041407686e+01
2.350617823355435405e+02 6.598719448361505613e+01 9.992548705041407686e+01
2.350936170960873426e+02 6.598681054376777411e+01 9.992325297490907587e+01
2.351254518566311162e+02 6.598642660392049208e+01 9.992101889940407489e+01
2.351572866171749183e+02 6.598604266407321006e+01 9.991878482389907390e+01
2.351891213777187204e+02 6.598565872422592804e+01 9.991655074839407291e+01
2.352209561382625225e+02 6.598527478437864602e+01 9.991431667288907192e+01
2.352527908988062961e+02 6.598489084453136400e+01 9.991208259738407094e+01
2.352846256593500982e+02 6.598450690468409618e+01 9.990984852187908416e+01
2.353164604198939003e+02 6.598412296483681416e+01 9.990761444637408317e+01
2.353482951804377024e+02 6.598373902498953214e+01 9.990538037086908218e+01
2.353801299409814760e+02 6.598335508514225012e+01 9.990314629536408120e+01
2.354119647015252781e+02 6.598297114529496810e+01 9.990091221985908021e+01
2.354437994620690802e+02 6.598258720544768607e+01 9.989867814435407922e+01
2.354756342226128822e+02 6.598220326560040405e+01 9.989644406884907823e+01
2.355074689831566559e+02 6.598181932575312203e+01 9.989420999334407725e+01
2.355393037437004580e+02 6.598143538590584001e+01 9.989197591783907626e+01
2.355711385042442600e+02 6.598105144605855799e+01 9.988974184233407527e+01
2.356029732647880337e+02 6.598066750621127596e+01 9.988750776682907428e+01
2.356348080253318358e+02 6.598028356636399394e+01 9.988527369132407330e+01
2.356666427858756379e+02 6.597989962651671192e+01 9.988303961581907231e+01
2.356984775464194399e+02 6.597951568666944411e+01 9.988080554031408553e+01
2.357303123069632136e+02 6.597913174682216209e+01 9.987857146480908455e+01
2.357621470675070157e+02 6.597874780697488006e+01 9.987633738930408356e+01
2.357939818280508177e+02 6.597836386712759804e+01 9.987410331379908257e+01
2.358258165885946198e+02 6.597797992728031602e+01 9.987186923829408158e+01
2.358576513491383935e+02 6.597759598743303400e+01 9.986963516278908060e+01
2.358894861096821955e+02 6.597721204758575198e+01 9.986740108728407961e+01
2.358894861096821955e+02 6.597721204758575198e+01 9.986740108728407961e+01
2.359096769756172307e+02 6.599760641876063971e+01 9.988122609835117771e+01
2.359298678415522375e+02 6.601800078993552745e+01 9.989505110941826160e+01
2.359500587074872726e+02 6.603839516111041519e+01 9.990887612048535971e+01
2.359702495734223078e+02 6.605878953228530293e+01 9.992270113155244360e+01
2.359904404393573429e+02 6.607918390346019066e+01 9.993652614261954170e+01
2.360106313052923497e+02 6.609957827463507840e+01 9.995035115368663980e+01
2.360308221712273848e+02 6.611997264580996614e+01 9.996417616475372370e+01
2.360510130371624200e+02 6.614036701698485388e+01 9.997800117582082180e+01
2.360712039030974267e+02 6.616076138815974161e+01 9.999182618688790569e+01
2.360913947690324619e+02 6.618115575933462935e+01 1.000056511979550038e+02
2.361115856349674971e+02 6.620155013050951709e+01 1.000194762090221019e+02
2.361317765009025322e+02 6.622194450168440483e+01 1.000333012200891858e+02
2.361519673668375390e+02 6.624233887285929256e+01 1.000471262311562839e+02
2.361721582327725741e+02 6.626273324403418030e+01 1.000609512422233678e+02
2.361923490987076093e+02 6.628312761520906804e+01 1.000747762532904659e+02
2.362125399646426445e+02 6.630352198638394157e+01 1.000886012643575498e+02
2.362327308305776512e+02 6.632391635755882930e+01 1.001024262754246479e+02
2.362529216965126864e+02 6.634431072873371704e+01 1.001162512864917460e+02
2.362731125624477215e+02 6.636470509990860478e+01 1.001300762975588299e+02
2.362933034283827283e+02 6.638509947108349252e+01 1.001439013086259280e+02
2.363134942943177634e+02 6.640549384225838025e+01 1.001577263196930119e+02
2.363336851602527986e+02 6.642588821343326799e+01 1.001715513307601100e+02
2.363538760261878338e+02 6.644628258460815573e+01 1.001853763418272081e+02
2.363740668921228405e+02 6.646667695578304347e+01 1.001992013528942920e+02
2.363942577580578757e+02 6.648707132695793121e+01 1.002130263639613901e+02
2.364144486239929108e+02 6.650746569813281894e+01 1.002268513750284740e+02
2.364346394899279176e+02 6.652786006930770668e+01 1.002406763860955721e+02
2.364548303558629527e+02 6.654825444048259442e+01 1.002545013971626702e+02
2.364750212217979879e+02 6.656864881165748216e+01 1.002683264082297541e+02
2.364952120877330231e+02 6.658904318283236989e+01 1.002821514192968522e+02
2.365154029536680298e+02 6.660943755400725763e+01 1.002959764303639361e+02
2.365355938196030650e+02 6.662983192518214537e+01 1.003098014414310342e+02
2.365355938196030650e+02 6.662983192518214537e+01 1.003098014414310342e+02
2.365335577131699836e+02 6.664919902500582793e+01 1.003359480813524840e+02
2.365315216067369306e+02 6.666856612482951050e+01 1.003620947212739338e+02
2.365294855003038492e+02 6.668793322465319307e+01 1.003882413611953837e+02
2.365274493938707678e+02 6.670730032447687563e+01 1.004143880011168335e+02
2.365254132874377149e+02 6.672666742430055820e+01 1.004405346410382833e+02
2.365233771810046335e+02 6.674603452412424076e+01 1.004666812809597189e+02
2.365213410745715805e+02 6.676540162394792333e+01 1.004928279208811688e+02
2.365193049681384991e+02 6.678476872377160589e+01 1.005189745608026186e+02
2.365172688617054177e+02 6.680413582359528846e+01 1.005451212007240684e+02
2.365152327552723648e+02 6.682350292341897102e+01 1.005712678406455183e+02
2.365131966488392834e+02 6.684287002324265359e+01 1.005974144805669681e+02
2.365111605424062020e+02 6.686223712306635036e+01 1.006235611204884179e+02
2.365091244359731490e+02 6.688160422289003293e+01 1.006497077604098678e+02
2.365070883295400677e+02 6.690097132271371549e+01 1.006758544003313176e+02
2.365050522231069863e+02 6.692033842253739806e+01 1.007020010402527674e+02
2.365030161166739333e+02 6.693970552236108063e+01 1.007281476801742173e+02
2.365009800102408519e+02 6.695907262218476319e+01 1.007542943200956529e+02
2.364989439038077990e+02 6.697843972200844576e+01 1.007804409600171027e+02
2.364969077973747176e+02 6.699780682183212832e+01 1.008065875999385526e+02
2.364948716909416362e+02 6.701717392165581089e+01 1.008327342398600024e+02
2.364928355845085832e+02 6.703654102147949345e+01 1.008588808797814522e+02
2.364907994780755018e+02 6.705590812130317602e+01 1.008850275197029021e+02
2.364907994780755018e+02 6.705590812130317602e+01 1.008850275197029021e+02
2.364740954444120007e+02 6.707369686412643262e+01 1.009056786471803946e+02
2.364573914107484711e+02 6.709148560694967500e+01 1.009263297746578729e+02
2.364406873770849700e+02 6.710927434977293160e+01 1.009469809021353655e+02
2.364239833434214688e+02 6.712706309259618820e+01 1.009676320296128438e+02
2.364072793097579677e+02 6.714485183541944480e+01 1.009882831570903363e+02
2.363905752760944381e+02 6.716264057824268718e+01 1.010089342845678289e+02
2.363738712424309369e+02 6.718042932106594378e+01 1.010295854120453072e+02
2.363571672087674358e+02 6.719821806388920038e+01 1.010502365395227997e+02
2.363404631751039346e+02 6.721600680671244277e+01 1.010708876670002780e+02
2.363237591414404051e+02 6.723379554953569937e+01 1.010915387944777706e+02
2.363070551077769039e+02 6.725158429235895596e+01 1.011121899219552631e+02
2.362903510741134028e+02 6.726937303518219835e+01 1.011328410494327414e+02
2.362736470404499016e+02 6.728716177800545495e+01 1.011534921769102340e+02
2.362569430067863721e+02 6.730495052082871155e+01 1.011741433043877123e+02
2.362402389731228709e+02 6.732273926365195393e+01 1.011947944318652048e+02
2.362235349394593698e+02 6.734052800647521053e+01 1.012154455593426974e+02
2.362068309057958402e+02 6.735831674929846713e+01 1.012360966868201757e+02
2.361901268721323390e+02 6.737610549212172373e+01 1.012567478142976682e+02
2.361734228384688379e+02 6.739389423494496612e+01 1.012773989417751466e+02
2.361567188048053367e+02 6.741168297776822271e+01 1.012980500692526391e+02
2.361400147711418072e+02 6.742947172059147931e+01 1.013187011967301316e+02
2.361233107374783060e+02 6.744726046341472170e+01 1.013393523242076100e+02
2.361066067038148049e+02 6.746504920623797830e+01 1.013600034516851025e+02
2.360899026701513037e+02 6.748283794906123489e+01 1.013806545791625808e+02
2.360731986364877741e+02 6.750062669188449149e+01 1.014013057066400734e+02
2.360564946028242730e+02 6.751841543470773388e+01 1.014219568341175659e+02
2.360397905691607718e+02 6.753620417753099048e+01 1.014426079615950442e+02
2.360230865354972707e+02 6.755399292035424708e+01 1.014632590890725368e+02
2.360063825018337411e+02 6.757178166317748946e+01 1.014839102165500151e+02
2.359896784681702400e+02 6.758957040600074606e+01 1.015045613440275076e+02
2.359896784681702400e+02 6.758957040600074606e+01 1.015045613440275076e+02
2.359704431159869102e+02 6.758923933354036251e+01 1.015296883147463944e+02
2.359512077638035521e+02 6.758890826107996475e+01 1.015548152854652812e+02
2.359319724116202224e+02 6.758857718861958119e+01 1.015799422561841681e+02
2.359127370594368642e+02 6.758824611615919764e+01 1.016050692269030549e+02
2.358935017072535345e+02 6.758791504369879988e+01 1.016301961976219559e+02
2.358742663550702048e+02 6.758758397123841632e+01 1.016553231683408427e+02
2.358550310028868466e+02 6.758725289877803277e+01 1.016804501390597295e+02
2.358357956507035169e+02 6.758692182631763501e+01 1.017055771097786163e+02
2.358165602985201872e+02 6.758659075385725146e+01 1.017307040804975031e+02
2.357973249463368290e+02 6.758625968139686790e+01 1.017558310512163899e+02
2.357780895941534993e+02 6.758592860893647014e+01 1.017809580219352767e+02
2.357588542419701412e+02 6.758559753647608659e+01 1.018060849926541636e+02
2.357396188897868115e+02 6.758526646401570304e+01 1.018312119633730646e+02
2.357203835376034817e+02 6.758493539155530527e+01 1.018563389340919514e+02
2.357011481854201236e+02 6.758460431909492172e+01 1.018814659048108382e+02
2.356819128332367939e+02 6.758427324663453817e+01 1.019065928755297250e+02
2.356626774810534357e+02 6.758394217417415462e+01 1.019317198462486118e+02
2.356434421288701060e+02 6.758361110171375685e+01 1.019568468169674986e+02
2.356242067766867763e+02 6.758328002925337330e+01 1.019819737876863854e+02
2.356049714245034181e+02 6.758294895679298975e+01 1.020071007584052722e+02
2.355857360723200884e+02 6.758261788433259198e+01 1.020322277291241591e+02
2.355665007201367587e+02 6.758228681187220843e+01 1.020573546998430601e+02
2.355472653679534005e+02 6.758195573941182488e+01 1.020824816705619469e+02
2.355280300157700708e+02 6.758162466695142712e+01 1.021076086412808337e+02
2.355087946635867127e+02 6.758129359449104356e+01 1.021327356119997205e+02
2.354895593114033829e+02 6.758096252203066001e+01 1.021578625827186073e+02
2.354703239592200532e+02 6.758063144957026225e+01 1.021829895534374941e+02
2.354510886070366951e+02 6.758030037710987870e+01 1.022081165241563809e+02
2.354318532548533653e+02 6.757996930464949514e+01 1.022332434948752677e+02
2.354126179026700356e+02 6.757963823218909738e+01 1.022583704655941688e+02
2.353933825504866775e+02 6.757930715972871383e+01 1.022834974363130556e+02
2.353741471983033477e+02 6.757897608726833028e+01 1.023086244070319424e+02
2.353549118461199896e+02 6.757864501480793251e+01 1.023337513777508292e+02
2.353356764939366599e+02 6.757831394234754896e+01 1.023588783484697160e+02
2.353356764939366599e+02 6.757831394234754896e+01 1.023588783484697160e+02
2.353154153250992238e+02 6.755608207286508105e+01 1.023707082311808847e+02
2.352951541562617876e+02 6.753385020338259892e+01 1.023825381138920534e+02
2.352748929874243515e+02 6.751161833390013101e+01 1.023943679966032363e+02
2.352546318185869154e+02 6.748938646441764888e+01 1.024061978793144050e+02
2.352343706497494793e+02 6.746715459493518097e+01 1.024180277620255737e+02
2.352141094809120432e+02 6.744492272545269884e+01 1.024298576447367566e+02
2.351938483120746355e+02 6.742269085597023093e+01 1.024416875274479253e+02
2.351735871432371994e+02 6.740045898648774880e+01 1.024535174101590940e+02
2.351533259743997633e+02 6.737822711700528089e+01 1.024653472928702627e+02
2.351330648055623271e+02 6.735599524752279876e+01 1.024771771755814314e+02
2.351128036367248910e+02 6.733376337804033085e+01 1.024890070582926143e+02
2.350925424678874549e+02 6.731153150855786294e+01 1.025008369410037830e+02
2.350722812990500188e+02 6.728929963907538081e+01 1.025126668237149516e+02
2.350520201302125827e+02 6.726706776959291290e+01 1.025244967064261346e+02
2.350317589613751466e+02 6.724483590011043077e+01 1.025363265891373032e+02
2.350114977925377104e+02 6.722260403062796286e+01 1.025481564718484719e+02
2.349912366237002743e+02 6.720037216114548073e+01 1.025599863545596406e+02
2.349709754548628666e+02 6.717814029166301282e+01 1.025718162372708093e+02
2.349507142860254305e+02 6.715590842218053069e+01 1.025836461199819922e+02
2.349304531171879944e+02 6.713367655269806278e+01 1.025954760026931609e+02
2.349101919483505583e+02 6.711144468321558065e+01 1.026073058854043296e+02
2.348899307795131222e+02 6.708921281373311274e+01 1.026191357681155125e+02
2.348696696106756860e+02 6.706698094425063061e+01 1.026309656508266812e+02
2.348494084418382499e+02 6.704474907476816270e+01 1.026427955335378499e+02
2.348494084418382499e+02 6.704474907476816270e+01 1.026427955335378499e+02
2.348267909725434208e+02 6.702234511523208482e+01 1.026474938338313621e+02
2.348041735032485917e+02 6.699994115569600694e+01 1.026521921341248742e+02
2.347815560339537626e+02 6.697753719615992907e+01 1.026568904344183863e+02
2.347589385646589335e+02 6.695513323662385119e+01 1.026615887347118985e+02
2.347363210953641044e+02 6.693272927708777331e+01 1.026662870350054106e+02
2.347137036260692469e+02 6.691032531755168122e+01 1.026709853352989370e+02
2.346910861567744178e+02 6.688792135801560335e+01 1.026756836355924491e+02
2.346684686874795887e+02 6.686551739847952547e+01 1.026803819358859613e+02
2.346458512181847595e+02 6.684311343894344759e+01 1.026850802361794734e+02
2.346232337488899304e+02 6.682070947940736971e+01 1.026897785364729856e+02
2.346006162795951013e+02 6.679830551987129184e+01 1.026944768367664977e+02
2.345779988103002722e+02 6.677590156033521396e+01 1.026991751370600099e+02
2.345553813410054431e+02 6.675349760079913608e+01 1.027038734373535220e+02
2.345327638717106140e+02 6.673109364126305820e+01 1.027085717376470342e+02
2.345101464024157849e+02 6.670868968172698033e+01 1.027132700379405463e+02
2.344875289331209274e+02 6.668628572219088824e+01 1.027179683382340727e+02
2.344649114638260983e+02 6.666388176265481036e+01 1.027226666385275848e+02
2.344422939945312692e+02 6.664147780311873248e+01 1.027273649388210970e+02
2.344196765252364401e+02 6.661907384358265460e+01 1.027320632391146091e+02
2.343970590559416109e+02 6.659666988404657673e+01 1.027367615394081213e+02
2.343744415866467818e+02 6.657426592451049885e+01 1.027414598397016334e+02
2.343744415866467818e+02 6.657426592451049885e+01 1.027414598397016334e+02
2.343444617855970478e+02 6.658092932390637486e+01 1.027500717583894527e+02
2.343144819845473137e+02 6.658759272330223666e+01 1.027586836770772720e+02
2.342845021834976080e+02 6.659425612269811268e+01 1.027672955957650913e+02
2.342545223824478740e+02 6.660091952209397448e+01 1.027759075144529106e+02
2.342245425813981399e+02 6.660758292148985049e+01 1.027845194331407299e+02
2.341945627803484058e+02 6.661424632088571229e+01 1.027931313518285634e+02
2.341645829792987001e+02 6.662090972028158831e+01 1.028017432705163827e+02
2.341346031782489661e+02 6.662757311967746432e+01 1.028103551892042020e+02
2.341046233771992320e+02 6.663423651907332612e+01 1.028189671078920213e+02
2.340746435761494979e+02 6.664089991846920213e+01 1.028275790265798406e+02
2.340446637750997922e+02 6.664756331786506394e+01 1.028361909452676599e+02
2.340146839740500582e+02 6.665422671726093995e+01 1.028448028639554792e+02
2.339847041730003241e+02 6.666089011665680175e+01 1.028534147826432985e+02
2.339547243719505900e+02 6.666755351605267776e+01 1.028620267013311178e+02
2.339247445709008844e+02 6.667421691544855378e+01 1.028706386200189371e+02
2.338947647698511503e+02 6.668088031484441558e+01 1.028792505387067706e+02
2.338647849688014162e+02 6.668754371424029159e+01 1.028878624573945899e+02
2.338348051677516821e+02 6.669420711363615339e+01 1.028964743760824092e+02
2.338048253667019765e+02 6.670087051303202941e+01 1.029050862947702285e+02
2.337748455656522424e+02 6.670753391242789121e+01 1.029136982134580478e+02
2.337448657646025083e+02 6.671419731182376722e+01 1.029223101321458671e+02
2.337448657646025083e+02 6.671419731182376722e+01 1.029223101321458671e+02
2.337208857643963995e+02 6.669724600828406835e+01 1.029358223861389519e+02
2.336969057641902907e+02 6.668029470474435527e+01 1.029493346401320366e+02
2.336729257639841819e+02 6.666334340120465640e+01 1.029628468941251356e+02
2.336489457637780731e+02 6.664639209766495753e+01 1.029763591481182203e+02
2.336249657635719359e+02 6.662944079412525866e+01 1.029898714021113051e+02
2.336009857633658271e+02 6.661248949058554558e+01 1.030033836561043898e+02
2.335770057631597183e+02 6.659553818704584671e+01 1.030168959100974746e+02
2.335530257629536095e+02 6.657858688350614784e+01 1.030304081640905594e+02
2.335290457627475007e+02 6.656163557996643476e+01 1.030439204180836441e+02
2.335050657625413919e+02 6.654468427642673589e+01 1.030574326720767431e+02
2.334810857623352831e+02 6.652773297288703702e+01 1.030709449260698278e+02
2.334571057621291743e+02 6.651078166934733815e+01 1.030844571800629126e+02
2.334331257619230655e+02 6.649383036580762507e+01 1.030979694340559973e+02
2.334091457617169283e+02 6.647687906226792620e+01 1.031114816880490821e+02
2.333851657615108195e+02 6.645992775872822733e+01 1.031249939420421811e+02
2.333611857613047107e+02 6.644297645518852846e+01 1.031385061960352658e+02
2.333372057610986019e+02 6.642602515164881538e+01 1.031520184500283506e+02
2.333132257608924931e+02 6.640907384810911651e+01 1.031655307040214353e+02
