2.887772987861696379e+02 2.817697320991842957e+02 2.774086382181644694e+02
2.887631261769299726e+02 2.817752988617137930e+02 2.773859796101164079e+02
2.887489535676902506e+02 2.817808656242432903e+02 2.773633210020683464e+02
2.887347809584505853e+02 2.817864323867727876e+02 2.773406623940203417e+02
2.887206083492108633e+02 2.817919991493022849e+02 2.773180037859722802e+02
2.887064357399711980e+02 2.817975659118317822e+02 2.772953451779242187e+02
2.886922631307315328e+02 2.818031326743612794e+02 2.772726865698761571e+02
2.886780905214918107e+02 2.818086994368908336e+02 2.772500279618280956e+02
2.886639179122521455e+02 2.818142661994203308e+02 2.772273693537800341e+02
2.886497453030124234e+02 2.818198329619498281e+02 2.772047107457320294e+02
2.886355726937727582e+02 2.818253997244793254e+02 2.771820521376839679e+02
2.886214000845330929e+02 2.818309664870088227e+02 2.771593935296359064e+02
2.886072274752933708e+02 2.818365332495383200e+02 2.771367349215878448e+02
2.885930548660537056e+02 2.818421000120678173e+02 2.771140763135397833e+02
2.885788822568139835e+02 2.818476667745973145e+02 2.770914177054917786e+02
2.885647096475743183e+02 2.818532335371268118e+02 2.770687590974437171e+02
2.885505370383345962e+02 2.818588002996563091e+02 2.770461004893956556e+02
2.885363644290949310e+02 2.818643670621858064e+02 2.770234418813475941e+02
2.885221918198552657e+02 2.818699338247153037e+02 2.770007832732995325e+02
2.885080192106155437e+02 2.818755005872448010e+02 2.769781246652515279e+02
2.884938466013758784e+02 2.818810673497742982e+02 2.769554660572034663e+02
2.884796739921361564e+02 2.818866341123038524e+02 2.769328074491554048e+02
2.884655013828964911e+02 2.818922008748333496e+02 2.769101488411073433e+02
2.884513287736568259e+02 2.818977676373628469e+02 2.768874902330592818e+02
2.884371561644171038e+02 2.819033343998923442e+02 2.768648316250112202e+02
2.884229835551774386e+02 2.819089011624218415e+02 2.768421730169632156e+02
2.884088109459377165e+02 2.819144679249513388e+02 2.768195144089151540e+02
2.883946383366980513e+02 2.819200346874808361e+02 2.767968558008670925e+02
2.883946383366980513e+02 2.819200346874808361e+02 2.767968558008670925e+02
2.883738472928423562e+02 2.819122657181018781e+02 2.767826900018712877e+02
2.883530562489866043e+02 2.819044967487229201e+02 2.767685242028754828e+02
2.883322652051309092e+02 2.818967277793439621e+02 2.767543584038796780e+02
2.883114741612752141e+02 2.818889588099650041e+02 2.767401926048838732e+02
2.882906831174195190e+02 2.818811898405860461e+02 2.767260268058880683e+02
2.882698920735637671e+02 2.818734208712070881e+02 2.767118610068922635e+02
2.882491010297080720e+02 2.818656519018281301e+02 2.766976952078964587e+02
2.882283099858523769e+02 2.818578829324491721e+02 2.766835294089006538e+02
2.882075189419966819e+02 2.818501139630702141e+02 2.766693636099048490e+02
2.881867278981409299e+02 2.818423449936912561e+02 2.766551978109090442e+02
2.881659368542852349e+02 2.818345760243122982e+02 2.766410320119132393e+02
2.881451458104295398e+02 2.818268070549332833e+02 2.766268662129174345e+02
2.881243547665738447e+02 2.818190380855543253e+02 2.766127004139216297e+02
2.881035637227180928e+02 2.818112691161753673e+02 2.765985346149258248e+02
2.880827726788623977e+02 2.818035001467964094e+02 2.765843688159300200e+02
2.880619816350067026e+02 2.817957311774174514e+02 2.765702030169342152e+02
2.880411905911510075e+02 2.817879622080384934e+02 2.765560372179384103e+02
2.880203995472952556e+02 2.817801932386595354e+02 2.765418714189426055e+02
2.879996085034395605e+02 2.817724242692805774e+02 2.765277056199468007e+02
2.879788174595838655e+02 2.817646552999016194e+02 2.765135398209509958e+02
2.879580264157281704e+02 2.817568863305226614e+02 2.764993740219551910e+02
2.879372353718724185e+02 2.817491173611437034e+02 2.764852082229593861e+02
2.879164443280167234e+02 2.817413483917647454e+02 2.764710424239635813e+02
2.879164443280167234e+02 2.817413483917647454e+02 2.764710424239635813e+02
2.878741729623714036e+02 2.817264862257584923e+02 2.764727463567257360e+02
2.878319015967260270e+02 2.817116240597521823e+02 2.764744502894878906e+02
2.877896302310807073e+02 2.816967618937459292e+02 2.764761542222500452e+02
2.877473588654353875e+02 2.816818997277396761e+02 2.764778581550121430e+02
2.877050874997900678e+02 2.816670375617333661e+02 2.764795620877742977e+02
2.876628161341446912e+02 2.816521753957271130e+02 2.764812660205364523e+02
2.876205447684993715e+02 2.816373132297208599e+02 2.764829699532986069e+02
2.875782734028540517e+02 2.816224510637145499e+02 2.764846738860607616e+02
2.875360020372087320e+02 2.816075888977082968e+02 2.764863778188229162e+02
2.874937306715633554e+02 2.815927267317020437e+02 2.764880817515850140e+02
2.874514593059180356e+02 2.815778645656957906e+02 2.764897856843471686e+02
2.874091879402727159e+02 2.815630023996894806e+02 2.764914896171093233e+02
2.873669165746273961e+02 2.815481402336832275e+02 2.764931935498714779e+02
2.873246452089820195e+02 2.815332780676769744e+02 2.764948974826336325e+02
2.872823738433366998e+02 2.815184159016706644e+02 2.764966014153957872e+02
2.872401024776913800e+02 2.815035537356644113e+02 2.764983053481578850e+02
2.871978311120460603e+02 2.814886915696581582e+02 2.765000092809200396e+02
2.871555597464006837e+02 2.814738294036518482e+02 2.765017132136821942e+02
2.871132883807553640e+02 2.814589672376455951e+02 2.765034171464443489e+02
2.871132883807553640e+02 2.814589672376455951e+02 2.765034171464443489e+02
2.870931995639923002e+02 2.814511833106648737e+02 2.765126525895419149e+02
2.870731107472292365e+02 2.814433993836840955e+02 2.765218880326394810e+02
2.870530219304661728e+02 2.814356154567033741e+02 2.765311234757370471e+02
2.870329331137031090e+02 2.814278315297225959e+02 2.765403589188346700e+02
2.870128442969399885e+02 2.814200476027418745e+02 2.765495943619322361e+02
2.869927554801769247e+02 2.814122636757610962e+02 2.765588298050298022e+02
2.869726666634138610e+02 2.814044797487803748e+02 2.765680652481273682e+02
2.869525778466507973e+02 2.813966958217995966e+02 2.765773006912249343e+02
2.869324890298877335e+02 2.813889118948188752e+02 2.765865361343225004e+02
2.869124002131246698e+02 2.813811279678380970e+02 2.765957715774200665e+02
2.868923113963616061e+02 2.813733440408573756e+02 2.766050070205176894e+02
2.868722225795985423e+02 2.813655601138765974e+02 2.766142424636152555e+02
2.868521337628354786e+02 2.813577761868958760e+02 2.766234779067128216e+02
2.868320449460723580e+02 2.813499922599150977e+02 2.766327133498103876e+02
2.868119561293092943e+02 2.813422083329343764e+02 2.766419487929079537e+02
2.867918673125462306e+02 2.813344244059535981e+02 2.766511842360055198e+02
2.867717784957831668e+02 2.813266404789728767e+02 2.766604196791031427e+02
2.867516896790201031e+02 2.813188565519920985e+02 2.766696551222007088e+02
2.867316008622570394e+02 2.813110726250113771e+02 2.766788905652982749e+02
2.867115120454939756e+02 2.813032886980305989e+02 2.766881260083958409e+02
2.866914232287309119e+02 2.812955047710498775e+02 2.766973614514934070e+02
2.866713344119678482e+02 2.812877208440690993e+02 2.767065968945909731e+02
2.866512455952047276e+02 2.812799369170883779e+02 2.767158323376885392e+02
2.866311567784416638e+02 2.812721529901075996e+02 2.767250677807861621e+02
2.866110679616786001e+02 2.812643690631268782e+02 2.767343032238837282e+02
2.865909791449155364e+02 2.812565851361461000e+02 2.767435386669812942e+02
2.865708903281524726e+02 2.812488012091653786e+02 2.767527741100788603e+02
2.865708903281524726e+02 2.812488012091653786e+02 2.767527741100788603e+02
2.865443942359489711e+02 2.812385346190809514e+02 2.767649551735401587e+02
2.865178981437454695e+02 2.812282680289965811e+02 2.767771362370014572e+02
2.864914020515419679e+02 2.812180014389121538e+02 2.767893173004627556e+02
2.864649059593384663e+02 2.812077348488277835e+02 2.768014983639240540e+02
2.864384098671349648e+02 2.811974682587433563e+02 2.768136794273854093e+02
2.864119137749315200e+02 2.811872016686589291e+02 2.768258604908467078e+02
2.863854176827280185e+02 2.811769350785745587e+02 2.768380415543080062e+02
2.863589215905245169e+02 2.811666684884901315e+02 2.768502226177693046e+02
2.863324254983210153e+02 2.811564018984057611e+02 2.768624036812306031e+02
2.863059294061175137e+02 2.811461353083213339e+02 2.768745847446919015e+02
2.862794333139140122e+02 2.811358687182369067e+02 2.768867658081531999e+02
2.862529372217105106e+02 2.811256021281525364e+02 2.768989468716144984e+02
2.862264411295070090e+02 2.811153355380681091e+02 2.769111279350757968e+02
2.861999450373035074e+02 2.811050689479837388e+02 2.769233089985370952e+02
2.861734489451000627e+02 2.810948023578993116e+02 2.769354900619983937e+02
2.861469528528965611e+02 2.810845357678148844e+02 2.769476711254597490e+02
2.861204567606930596e+02 2.810742691777305140e+02 2.769598521889210474e+02
2.860939606684895580e+02 2.810640025876460868e+02 2.769720332523823458e+02
2.860674645762860564e+02 2.810537359975617164e+02 2.769842143158436443e+02
2.860409684840825548e+02 2.810434694074772892e+02 2.769963953793049427e+02
2.860409684840825548e+02 2.810434694074772892e+02 2.769963953793049427e+02
2.860126354738383156e+02 2.810429164699956459e+02 2.770097388650493144e+02
2.859843024635940765e+02 2.810423635325140026e+02 2.770230823507936861e+02
2.859559694533498941e+02 2.810418105950323593e+02 2.770364258365380579e+02
2.859276364431056550e+02 2.810412576575507160e+02 2.770497693222824296e+02
2.858993034328614158e+02 2.810407047200690727e+02 2.770631128080268013e+02
2.858709704226171766e+02 2.810401517825874294e+02 2.770764562937711730e+02
2.858426374123729374e+02 2.810395988451057860e+02 2.770897997795155447e+02
2.858143044021287551e+02 2.810390459076241427e+02 2.771031432652599165e+02
2.857859713918845159e+02 2.810384929701424994e+02 2.771164867510042882e+02
2.857576383816402767e+02 2.810379400326609129e+02 2.771298302367487167e+02
2.857293053713960376e+02 2.810373870951792696e+02 2.771431737224930885e+02
2.857009723611518552e+02 2.810368341576976263e+02 2.771565172082374602e+02
2.856726393509076161e+02 2.810362812202159830e+02 2.771698606939818319e+02
2.856443063406633769e+02 2.810357282827343397e+02 2.771832041797262036e+02
2.856159733304191377e+02 2.810351753452526964e+02 2.771965476654705753e+02
2.855876403201748985e+02 2.810346224077710531e+02 2.772098911512149471e+02
2.855593073099307162e+02 2.810340694702894098e+02 2.772232346369593188e+02
2.855309742996864770e+02 2.810335165328077665e+02 2.772365781227036905e+02
2.855026412894422378e+02 2.810329635953261231e+02 2.772499216084480622e+02
2.855026412894422378e+02 2.810329635953261231e+02 2.772499216084480622e+02
2.854804169989517959e+02 2.810122019140438852e+02 2.772812942661974489e+02
2.854581927084612971e+02 2.809914402327616472e+02 2.773126669239468356e+02
2.854359684179708552e+02 2.809706785514794092e+02 2.773440395816962223e+02
2.854137441274804132e+02 2.809499168701972280e+02 2.773754122394456090e+02
2.853915198369899144e+02 2.809291551889149900e+02 2.774067848971949957e+02
2.853692955464994725e+02 2.809083935076327521e+02 2.774381575549443824e+02
2.853470712560090305e+02 2.808876318263505141e+02 2.774695302126937690e+02
2.853248469655185318e+02 2.808668701450682761e+02 2.775009028704431557e+02
2.853026226750280898e+02 2.808461084637860949e+02 2.775322755281925424e+02
2.852803983845376479e+02 2.808253467825038570e+02 2.775636481859419291e+02
2.852581740940471491e+02 2.808045851012216190e+02 2.775950208436913158e+02
2.852359498035567071e+02 2.807838234199393810e+02 2.776263935014407025e+02
2.852137255130662652e+02 2.807630617386571430e+02 2.776577661591900892e+02
2.851915012225757664e+02 2.807423000573749050e+02 2.776891388169394759e+02
2.851692769320853245e+02 2.807215383760926670e+02 2.777205114746888626e+02
2.851470526415948825e+02 2.807007766948104859e+02 2.777518841324382493e+02
2.851248283511043837e+02 2.806800150135282479e+02 2.777832567901876359e+02
2.851026040606139418e+02 2.806592533322460099e+02 2.778146294479370226e+02
2.851026040606139418e+02 2.806592533322460099e+02 2.778146294479370226e+02
2.850845639977741257e+02 2.806424005091985237e+02 2.778400954900360489e+02
2.850665239349343665e+02 2.806255476861510942e+02 2.778655615321350183e+02
2.850484838720945504e+02 2.806086948631036080e+02 2.778910275742340446e+02
2.850304438092547343e+02 2.805918420400561217e+02 2.779164936163330140e+02
2.850124037464149183e+02 2.805749892170086355e+02 2.779419596584320402e+02
2.849943636835751590e+02 2.805581363939612061e+02 2.779674257005310096e+02
2.849763236207353430e+02 2.805412835709137198e+02 2.779928917426300359e+02
2.849582835578955269e+02 2.805244307478662336e+02 2.780183577847290053e+02
2.849402434950557677e+02 2.805075779248188041e+02 2.780438238268280315e+02
2.849222034322159516e+02 2.804907251017713179e+02 2.780692898689270010e+02
2.849041633693761355e+02 2.804738722787238316e+02 2.780947559110260272e+02
2.848861233065363194e+02 2.804570194556763454e+02 2.781202219531249966e+02
2.848680832436965602e+02 2.804401666326289160e+02 2.781456879952240229e+02
2.848500431808567441e+02 2.804233138095814297e+02 2.781711540373229923e+02
2.848320031180169281e+02 2.804064609865339435e+02 2.781966200794220185e+02
2.848139630551771120e+02 2.803896081634864572e+02 2.782220861215209879e+02
2.847959229923373528e+02 2.803727553404390278e+02 2.782475521636200142e+02
2.847778829294975367e+02 2.803559025173915416e+02 2.782730182057189836e+02
2.847598428666577206e+02 2.803390496943440553e+02 2.782984842478180099e+02
2.847418028038179614e+02 2.803221968712966259e+02 2.783239502899169793e+02
2.847237627409781453e+02 2.803053440482491396e+02 2.783494163320160055e+02
2.847057226781383292e+02 2.802884912252016534e+02 2.783748823741149749e+02
2.846876826152985132e+02 2.802716384021541671e+02 2.784003484162140012e+02
2.846696425524587539e+02 2.802547855791067377e+02 2.784258144583129706e+02
2.846516024896189379e+02 2.802379327560592515e+02 2.784512805004119969e+02
2.846516024896189379e+02 2.802379327560592515e+02 2.784512805004119969e+02
2.846351680961387274e+02 2.802472438264150583e+02 2.784735067931158028e+02
2.846187337026585169e+02 2.802565548967708651e+02 2.784957330858196656e+02
2.846022993091783064e+02 2.802658659671266719e+02 2.785179593785234715e+02
2.845858649156980960e+02 2.802751770374824787e+02 2.785401856712273343e+02
2.845694305222178855e+02 2.802844881078382855e+02 2.785624119639311402e+02
2.845529961287376750e+02 2.802937991781940923e+02 2.785846382566350030e+02
2.845365617352574645e+02 2.803031102485498423e+02 2.786068645493388090e+02
2.845201273417772541e+02 2.803124213189056491e+02 2.786290908420426717e+02
2.845036929482970436e+02 2.803217323892614559e+02 2.786513171347464777e+02
2.844872585548168331e+02 2.803310434596172627e+02 2.786735434274503405e+02
2.844708241613366226e+02 2.803403545299730695e+02 2.786957697201541464e+02
2.844543897678564122e+02 2.803496656003288763e+02 2.787179960128580092e+02
2.844379553743762017e+02 2.803589766706846831e+02 2.787402223055618151e+02
2.844215209808959344e+02 2.803682877410404899e+02 2.787624485982656779e+02
2.844050865874157239e+02 2.803775988113962967e+02 2.787846748909694838e+02
2.843886521939355134e+02 2.803869098817521035e+02 2.788069011836732898e+02
2.843722178004553029e+02 2.803962209521079103e+02 2.788291274763771526e+02
2.843557834069750925e+02 2.804055320224637171e+02 2.788513537690809585e+02
2.843393490134948820e+02 2.804148430928195239e+02 2.788735800617848213e+02
2.843229146200146715e+02 2.804241541631753307e+02 2.788958063544886272e+02
2.843064802265344611e+02 2.804334652335310807e+02 2.789180326471924900e+02
2.842900458330542506e+02 2.804427763038868875e+02 2.789402589398962959e+02
2.842736114395740401e+02 2.804520873742426943e+02 2.789624852326001587e+02
2.842571770460938296e+02 2.804613984445985011e+02 2.789847115253039647e+02
2.842407426526136192e+02 2.804707095149543079e+02 2.790069378180078274e+02
2.842243082591334087e+02 2.804800205853101147e+02 2.790291641107116334e+02
2.842078738656531982e+02 2.804893316556659215e+02 2.790513904034154962e+02
2.841914394721729877e+02 2.804986427260217283e+02 2.790736166961193021e+02
2.841914394721729877e+02 2.804986427260217283e+02 2.790736166961193021e+02
2.841740964469818209e+02 2.804824410676766320e+02 2.790980987732364724e+02
2.841567534217906541e+02 2.804662394093315356e+02 2.791225808503535859e+02
2.841394103965994873e+02 2.804500377509864393e+02 2.791470629274707562e+02
2.841220673714083205e+02 2.804338360926413429e+02 2.791715450045879265e+02
2.841047243462171537e+02 2.804176344342962466e+02 2.791960270817050400e+02
2.840873813210259868e+02 2.804014327759511502e+02 2.792205091588222103e+02
2.840700382958348200e+02 2.803852311176060539e+02 2.792449912359393807e+02
2.840526952706436532e+02 2.803690294592609575e+02 2.792694733130564941e+02
2.840353522454524864e+02 2.803528278009158612e+02 2.792939553901736645e+02
2.840180092202613196e+02 2.803366261425707648e+02 2.793184374672908348e+02
2.840006661950701528e+02 2.803204244842256685e+02 2.793429195444079483e+02
2.839833231698789859e+02 2.803042228258805721e+02 2.793674016215251186e+02
2.839659801446878191e+02 2.802880211675354758e+02 2.793918836986422320e+02
2.839486371194967091e+02 2.802718195091903794e+02 2.794163657757594024e+02
2.839312940943055423e+02 2.802556178508452831e+02 2.794408478528765727e+02
2.839139510691143755e+02 2.802394161925001868e+02 2.794653299299936862e+02
2.838966080439232087e+02 2.802232145341550904e+02 2.794898120071108565e+02
2.838792650187320419e+02 2.802070128758099941e+02 2.795142940842280268e+02
2.838619219935408751e+02 2.801908112174648977e+02 2.795387761613451403e+02
2.838445789683497082e+02 2.801746095591198014e+02 2.795632582384623106e+02
2.838272359431585414e+02 2.801584079007747050e+02 2.795877403155794809e+02
2.838098929179673746e+02 2.801422062424296087e+02 2.796122223926965944e+02
2.837925498927762078e+02 2.801260045840845123e+02 2.796367044698137647e+02
2.837752068675850410e+02 2.801098029257394160e+02 2.796611865469309350e+02
2.837578638423938742e+02 2.800936012673943196e+02 2.796856686240480485e+02
2.837405208172027073e+02 2.800773996090492233e+02 2.797101507011652188e+02
2.837405208172027073e+02 2.800773996090492233e+02 2.797101507011652188e+02
2.837129284958427320e+02 2.800777323833961532e+02 2.797120870540142050e+02
2.836853361744827566e+02 2.800780651577430262e+02 2.797140234068632481e+02
2.836577438531227813e+02 2.800783979320899562e+02 2.797159597597122342e+02
2.836301515317628059e+02 2.800787307064368861e+02 2.797178961125612204e+02
2.836025592104027737e+02 2.800790634807837591e+02 2.797198324654102635e+02
2.835749668890427984e+02 2.800793962551306890e+02 2.797217688182592497e+02
2.835473745676828230e+02 2.800797290294776190e+02 2.797237051711082358e+02
2.835197822463228476e+02 2.800800618038244920e+02 2.797256415239572789e+02
2.834921899249628723e+02 2.800803945781714219e+02 2.797275778768062651e+02
2.834645976036028969e+02 2.800807273525183518e+02 2.797295142296553081e+02
2.834370052822429216e+02 2.800810601268652249e+02 2.797314505825042943e+02
2.834094129608829462e+02 2.800813929012121548e+02 2.797333869353532805e+02
2.833818206395229709e+02 2.800817256755590847e+02 2.797353232882023235e+02
2.833542283181629955e+02 2.800820584499059578e+02 2.797372596410513097e+02
2.833266359968029633e+02 2.800823912242528877e+02 2.797391959939002959e+02
2.832990436754429879e+02 2.800827239985998176e+02 2.797411323467493389e+02
2.832714513540830126e+02 2.800830567729467475e+02 2.797430686995983251e+02
2.832438590327230372e+02 2.800833895472936206e+02 2.797450050524473113e+02
2.832162667113630619e+02 2.800837223216405505e+02 2.797469414052963543e+02
2.831886743900030865e+02 2.800840550959874804e+02 2.797488777581453405e+02
2.831610820686431111e+02 2.800843878703343535e+02 2.797508141109943836e+02
2.831334897472831358e+02 2.800847206446812834e+02 2.797527504638433697e+02
2.831058974259231604e+02 2.800850534190282133e+02 2.797546868166923559e+02
2.830783051045631282e+02 2.800853861933750863e+02 2.797566231695413990e+02
2.830507127832031529e+02 2.800857189677220163e+02 2.797585595223903852e+02
2.830231204618431775e+02 2.800860517420689462e+02 2.797604958752393713e+02
2.829955281404832022e+02 2.800863845164158192e+02 2.797624322280884144e+02
2.829679358191232268e+02 2.800867172907627491e+02 2.797643685809374006e+02
2.829679358191232268e+02 2.800867172907627491e+02 2.797643685809374006e+02
2.829519001009339263e+02 2.801011221112141811e+02 2.797861016492645376e+02
2.829358643827445690e+02 2.801155269316656131e+02 2.798078347175916178e+02
2.829198286645552685e+02 2.801299317521170451e+02 2.798295677859186981e+02
2.829037929463659680e+02 2.801443365725684771e+02 2.798513008542458351e+02
2.828877572281766675e+02 2.801587413930199091e+02 2.798730339225729722e+02
2.828717215099873101e+02 2.801731462134713411e+02 2.798947669909000524e+02
2.828556857917980096e+02 2.801875510339227162e+02 2.799165000592271326e+02
2.828396500736087091e+02 2.802019558543741482e+02 2.799382331275542697e+02
2.828236143554193518e+02 2.802163606748255802e+02 2.799599661958814067e+02
2.828075786372300513e+02 2.802307654952770122e+02 2.799816992642084870e+02
2.827915429190407508e+02 2.802451703157284442e+02 2.800034323325355672e+02
2.827755072008513935e+02 2.802595751361798762e+02 2.800251654008627042e+02
2.827594714826620930e+02 2.802739799566313081e+02 2.800468984691898413e+02
2.827434357644727925e+02 2.802883847770827401e+02 2.800686315375169215e+02
2.827274000462834920e+02 2.803027895975341721e+02 2.800903646058440017e+02
2.827113643280941346e+02 2.803171944179856041e+02 2.801120976741711388e+02
2.826953286099048341e+02 2.803315992384370361e+02 2.801338307424982759e+02
2.826792928917155336e+02 2.803460040588884112e+02 2.801555638108253561e+02
2.826632571735261763e+02 2.803604088793398432e+02 2.801772968791524363e+02
2.826472214553368758e+02 2.803748136997912752e+02 2.801990299474795734e+02
2.826311857371475753e+02 2.803892185202427072e+02 2.802207630158067104e+02
2.826151500189582748e+02 2.804036233406941392e+02 2.802424960841337906e+02
2.825991143007689175e+02 2.804180281611455712e+02 2.802642291524608709e+02
2.825830785825796170e+02 2.804324329815970032e+02 2.802859622207880079e+02
2.825830785825796170e+02 2.804324329815970032e+02 2.802859622207880079e+02
2.825655776363938685e+02 2.804481540104002875e+02 2.803096810997776629e+02
2.825480766902080632e+02 2.804638750392036286e+02 2.803333999787672610e+02
2.825305757440223147e+02 2.804795960680069129e+02 2.803571188577569160e+02
2.825130747978365662e+02 2.804953170968102540e+02 2.803808377367465710e+02
2.824955738516507608e+02 2.805110381256135383e+02 2.804045566157361691e+02
2.824780729054650124e+02 2.805267591544168795e+02 2.804282754947258240e+02
2.824605719592792639e+02 2.805424801832201638e+02 2.804519943737154790e+02
2.824430710130935154e+02 2.805582012120235049e+02 2.804757132527050771e+02
2.824255700669077100e+02 2.805739222408267892e+02 2.804994321316947321e+02
2.824080691207219616e+02 2.805896432696301304e+02 2.805231510106843871e+02
2.823905681745362131e+02 2.806053642984334147e+02 2.805468698896739852e+02
2.823730672283504077e+02 2.806210853272367558e+02 2.805705887686636402e+02
2.823555662821646592e+02 2.806368063560400401e+02 2.805943076476532383e+02
2.823380653359789108e+02 2.806525273848433812e+02 2.806180265266428933e+02
2.823205643897931054e+02 2.806682484136466655e+02 2.806417454056325482e+02
2.823030634436073569e+02 2.806839694424500067e+02 2.806654642846221464e+02
2.822855624974216084e+02 2.806996904712532910e+02 2.806891831636118013e+02
2.822680615512358600e+02 2.807154115000566321e+02 2.807129020426014563e+02
2.822505606050500546e+02 2.807311325288599164e+02 2.807366209215910544e+02
2.822330596588643061e+02 2.807468535576632576e+02 2.807603398005807094e+02
2.822155587126785576e+02 2.807625745864665419e+02 2.807840586795703643e+02
2.821980577664927523e+02 2.807782956152698830e+02 2.808077775585599625e+02
2.821805568203070038e+02 2.807940166440731673e+02 2.808314964375496174e+02
2.821805568203070038e+02 2.807940166440731673e+02 2.808314964375496174e+02
2.821473137321907529e+02 2.808157306870477328e+02 2.808334842466165924e+02
2.821140706440745021e+02 2.808374447300222982e+02 2.808354720556835673e+02
2.820808275559582512e+02 2.808591587729968637e+02 2.808374598647505422e+02
2.820475844678420003e+02 2.808808728159714292e+02 2.808394476738175172e+02
2.820143413797257494e+02 2.809025868589460515e+02 2.808414354828844921e+02
2.819810982916094986e+02 2.809243009019206170e+02 2.808434232919514670e+02
2.819478552034932477e+02 2.809460149448951825e+02 2.808454111010183851e+02
2.819146121153769968e+02 2.809677289878697479e+02 2.808473989100853601e+02
2.818813690272607460e+02 2.809894430308443134e+02 2.808493867191523350e+02
2.818481259391444951e+02 2.810111570738188789e+02 2.808513745282193099e+02
2.818148828510282442e+02 2.810328711167934443e+02 2.808533623372862849e+02
2.817816397629119933e+02 2.810545851597680667e+02 2.808553501463532598e+02
2.817483966747957425e+02 2.810762992027426321e+02 2.808573379554202347e+02
2.817151535866794916e+02 2.810980132457171976e+02 2.808593257644872097e+02
2.816819104985632407e+02 2.811197272886917631e+02 2.808613135735541846e+02
2.816486674104469898e+02 2.811414413316663286e+02 2.808633013826211595e+02
2.816154243223307390e+02 2.811631553746408940e+02 2.808652891916881345e+02
2.815821812342144881e+02 2.811848694176154595e+02 2.808672770007550525e+02
2.815489381460982372e+02 2.812065834605900250e+02 2.808692648098220275e+02
2.815156950579819863e+02 2.812282975035645904e+02 2.808712526188890024e+02
2.814824519698657355e+02 2.812500115465392128e+02 2.808732404279559773e+02
2.814492088817494846e+02 2.812717255895137782e+02 2.808752282370229523e+02
2.814159657936332337e+02 2.812934396324883437e+02 2.808772160460899272e+02
2.813827227055169828e+02 2.813151536754629092e+02 2.808792038551569021e+02
2.813827227055169828e+02 2.813151536754629092e+02 2.808792038551569021e+02
2.813829440764807828e+02 2.813459782489258600e+02 2.808769165065407947e+02
2.813831654474445827e+02 2.813768028223888678e+02 2.808746291579246304e+02
2.813833868184083826e+02 2.814076273958518186e+02 2.808723418093085229e+02
2.813836081893721826e+02 2.814384519693147695e+02 2.808700544606924154e+02
2.813838295603359825e+02 2.814692765427777772e+02 2.808677671120763080e+02
2.813840509312997824e+02 2.815001011162407281e+02 2.808654797634601437e+02
2.813842723022635823e+02 2.815309256897037358e+02 2.808631924148440362e+02
2.813844936732273823e+02 2.815617502631666866e+02 2.808609050662279287e+02
2.813847150441911822e+02 2.815925748366296375e+02 2.808586177176118213e+02
2.813849364151549821e+02 2.816233994100926452e+02 2.808563303689956570e+02
2.813851577861187820e+02 2.816542239835555961e+02 2.808540430203795495e+02
2.813853791570825820e+02 2.816850485570185469e+02 2.808517556717634420e+02
2.813856005280463819e+02 2.817158731304815547e+02 2.808494683231473346e+02
2.813858218990101818e+02 2.817466977039445055e+02 2.808471809745311702e+02
2.813860432699739249e+02 2.817775222774074564e+02 2.808448936259150628e+02
2.813862646409377248e+02 2.818083468508704641e+02 2.808426062772989553e+02
2.813864860119015248e+02 2.818391714243334150e+02 2.808403189286827910e+02
2.813867073828653247e+02 2.818699959977964227e+02 2.808380315800666835e+02
2.813869287538291246e+02 2.819008205712593735e+02 2.808357442314505761e+02
2.813871501247929245e+02 2.819316451447223244e+02 2.808334568828344686e+02
2.813873714957567245e+02 2.819624697181853321e+02 2.808311695342183043e+02
2.813875928667205244e+02 2.819932942916482830e+02 2.808288821856021968e+02
2.813878142376843243e+02 2.820241188651112338e+02 2.808265948369860894e+02
2.813880356086481243e+02 2.820549434385742416e+02 2.808243074883699819e+02
2.813882569796119242e+02 2.820857680120371924e+02 2.808220201397538176e+02
2.813884783505757241e+02 2.821165925855002001e+02 2.808197327911377101e+02
2.813886997215395240e+02 2.821474171589631510e+02 2.808174454425216027e+02
2.813889210925033240e+02 2.821782417324261019e+02 2.808151580939054952e+02
2.813891424634671239e+02 2.822090663058891096e+02 2.808128707452893309e+02
2.813893638344309238e+02 2.822398908793520604e+02 2.808105833966732234e+02
2.813893638344309238e+02 2.822398908793520604e+02 2.808105833966732234e+02
2.813724441265152905e+02 2.822571393176625065e+02 2.808105350732844840e+02
2.813555244185997140e+02 2.822743877559729526e+02 2.808104867498956878e+02
2.813386047106840806e+02 2.822916361942834556e+02 2.808104384265069484e+02
2.813216850027685041e+02 2.823088846325939016e+02 2.808103901031182090e+02
2.813047652948528707e+02 2.823261330709043477e+02 2.808103417797294128e+02
2.812878455869372374e+02 2.823433815092147938e+02 2.808102934563406734e+02
2.812709258790216609e+02 2.823606299475252399e+02 2.808102451329519340e+02
2.812540061711060275e+02 2.823778783858357428e+02 2.808101968095631946e+02
2.812370864631904510e+02 2.823951268241461889e+02 2.808101484861743984e+02
2.812201667552748177e+02 2.824123752624566350e+02 2.808101001627856590e+02
2.812032470473592412e+02 2.824296237007670811e+02 2.808100518393969196e+02
2.811863273394436078e+02 2.824468721390775272e+02 2.808100035160081234e+02
2.811694076315279744e+02 2.824641205773880301e+02 2.808099551926193840e+02
2.811524879236123979e+02 2.824813690156984762e+02 2.808099068692306446e+02
2.811355682156967646e+02 2.824986174540089223e+02 2.808098585458418484e+02
2.811186485077811881e+02 2.825158658923193684e+02 2.808098102224531090e+02
2.811017287998655547e+02 2.825331143306298713e+02 2.808097618990643696e+02
2.810848090919499214e+02 2.825503627689403174e+02 2.808097135756755733e+02
2.810678893840343449e+02 2.825676112072507635e+02 2.808096652522868339e+02
2.810509696761187115e+02 2.825848596455612096e+02 2.808096169288980946e+02
2.810340499682031350e+02 2.826021080838716557e+02 2.808095686055092983e+02
2.810171302602875016e+02 2.826193565221821586e+02 2.808095202821205589e+02
2.810002105523719251e+02 2.826366049604926047e+02 2.808094719587318195e+02
2.809832908444562918e+02 2.826538533988030508e+02 2.808094236353430802e+02
2.809663711365406584e+02 2.826711018371134969e+02 2.808093753119542839e+02
2.809494514286250819e+02 2.826883502754239430e+02 2.808093269885655445e+02
2.809325317207094486e+02 2.827055987137344459e+02 2.808092786651768051e+02
2.809156120127938721e+02 2.827228471520448920e+02 2.808092303417880089e+02
2.808986923048782387e+02 2.827400955903553381e+02 2.808091820183992695e+02
2.808986923048782387e+02 2.827400955903553381e+02 2.808091820183992695e+02
2.808778058645497140e+02 2.827500530393004965e+02 2.808083948513486234e+02
2.808569194242211324e+02 2.827600104882457117e+02 2.808076076842980342e+02
2.808360329838926077e+02 2.827699679371908701e+02 2.808068205172473881e+02
2.808151465435640830e+02 2.827799253861360285e+02 2.808060333501967989e+02
2.807942601032355014e+02 2.827898828350812437e+02 2.808052461831461528e+02
2.807733736629069767e+02 2.827998402840264021e+02 2.808044590160955067e+02
2.807524872225784520e+02 2.828097977329716173e+02 2.808036718490449175e+02
2.807316007822498705e+02 2.828197551819167757e+02 2.808028846819942714e+02
2.807107143419213457e+02 2.828297126308619340e+02 2.808020975149436822e+02
2.806898279015928210e+02 2.828396700798071492e+02 2.808013103478930361e+02
2.806689414612642395e+02 2.828496275287523076e+02 2.808005231808424469e+02
2.806480550209357148e+02 2.828595849776974660e+02 2.807997360137918008e+02
2.806271685806071901e+02 2.828695424266426812e+02 2.807989488467411547e+02
2.806062821402786653e+02 2.828794998755878396e+02 2.807981616796905655e+02
2.805853956999500838e+02 2.828894573245329980e+02 2.807973745126399194e+02
2.805645092596215591e+02 2.828994147734782132e+02 2.807965873455893302e+02
2.805436228192930344e+02 2.829093722224233716e+02 2.807958001785386841e+02
2.805227363789644528e+02 2.829193296713685868e+02 2.807950130114880380e+02
2.805018499386359281e+02 2.829292871203137452e+02 2.807942258444374488e+02
2.804809634983074034e+02 2.829392445692589035e+02 2.807934386773868027e+02
2.804600770579788218e+02 2.829492020182041188e+02 2.807926515103362135e+02
2.804391906176502971e+02 2.829591594671492771e+02 2.807918643432855674e+02
2.804391906176502971e+02 2.829591594671492771e+02 2.807918643432855674e+02
2.804056720985608422e+02 2.829595637137928748e+02 2.807942165803114563e+02
2.803721535794713304e+02 2.829599679604365292e+02 2.807965688173373451e+02
2.803386350603818755e+02 2.829603722070801268e+02 2.807989210543632339e+02
2.803051165412924206e+02 2.829607764537237813e+02 2.808012732913891796e+02
2.802715980222029089e+02 2.829611807003673789e+02 2.808036255284150684e+02
2.802380795031134539e+02 2.829615849470109765e+02 2.808059777654409572e+02
2.802045609840239990e+02 2.829619891936546310e+02 2.808083300024668461e+02
2.801710424649344873e+02 2.829623934402982286e+02 2.808106822394927349e+02
2.801375239458450324e+02 2.829627976869418831e+02 2.808130344765186237e+02
2.801040054267555774e+02 2.829632019335854807e+02 2.808153867135445125e+02
2.800704869076660657e+02 2.829636061802290783e+02 2.808177389505704014e+02
2.800369683885766108e+02 2.829640104268727328e+02 2.808200911875963470e+02
2.800034498694871559e+02 2.829644146735163304e+02 2.808224434246222359e+02
2.799699313503976441e+02 2.829648189201599848e+02 2.808247956616481247e+02
2.799364128313081892e+02 2.829652231668035824e+02 2.808271478986740135e+02
2.799364128313081892e+02 2.829652231668035824e+02 2.808271478986740135e+02
2.799045806804949734e+02 2.829656070751764787e+02 2.808293817910353596e+02
2.798727485296817008e+02 2.829659909835493750e+02 2.808316156833966488e+02
2.798409163788684850e+02 2.829663748919222712e+02 2.808338495757579949e+02
2.798090842280552124e+02 2.829667588002951675e+02 2.808360834681192841e+02
2.797772520772419966e+02 2.829671427086680637e+02 2.808383173604806302e+02
2.797454199264287240e+02 2.829675266170409600e+02 2.808405512528419763e+02
2.797135877756155082e+02 2.829679105254138562e+02 2.808427851452032655e+02
2.796817556248022356e+02 2.829682944337867525e+02 2.808450190375646116e+02
2.796499234739890198e+02 2.829686783421596488e+02 2.808472529299259008e+02
2.796180913231757472e+02 2.829690622505325450e+02 2.808494868222872469e+02
2.795862591723625314e+02 2.829694461589054413e+02 2.808517207146485930e+02
2.795544270215492588e+02 2.829698300672783375e+02 2.808539546070098822e+02
2.795225948707360430e+02 2.829702139756512338e+02 2.808561884993712283e+02
2.794907627199227704e+02 2.829705978840241301e+02 2.808584223917325176e+02
2.794589305691095547e+02 2.829709817923970263e+02 2.808606562840938636e+02
2.794589305691095547e+02 2.829709817923970263e+02 2.808606562840938636e+02
2.794261498141731863e+02 2.829730545215115285e+02 2.808706094066585592e+02
2.793933690592367611e+02 2.829751272506260307e+02 2.808805625292233117e+02
2.793605883043003359e+02 2.829771999797405329e+02 2.808905156517880641e+02
2.793278075493639676e+02 2.829792727088550350e+02 2.809004687743527597e+02
2.792950267944275993e+02 2.829813454379695372e+02 2.809104218969174553e+02
2.792622460394911741e+02 2.829834181670840394e+02 2.809203750194822078e+02
2.792294652845547489e+02 2.829854908961984847e+02 2.809303281420469602e+02
2.791966845296183806e+02 2.829875636253129869e+02 2.809402812646116558e+02
2.791639037746820122e+02 2.829896363544274891e+02 2.809502343871763514e+02
2.791311230197455870e+02 2.829917090835419913e+02 2.809601875097411039e+02
2.790983422648091619e+02 2.829937818126564935e+02 2.809701406323058563e+02
2.790655615098727935e+02 2.829958545417709956e+02 2.809800937548705519e+02
2.790327807549364252e+02 2.829979272708854978e+02 2.809900468774352476e+02
2.790000000000000000e+02 2.830000000000000000e+02 2.810000000000000000e+02
2.790000000000000000e+02 2.830000000000000000e+02 2.810000000000000000e+02
2.790000000000000000e+02 2.830000000000000000e+02 2.810000000000000000e+02
2.790000000000000000e+02 2.830000000000000000e+02 2.810000000000000000e+02
2.790000000000000000e+02 2.830000000000000000e+02 2.810000000000000000e+02
2.790000000000000000e+02 2.830000000000000000e+02 2.810000000000000000e+02
2.790000000000000000e+02 2.830000000000000000e+02 2.810000000000000000e+02
2.790000000000000000e+02 2.830000000000000000e+02 2.810000000000000000e+02
2.790000000000000000e+02 2.830000000000000000e+02 2.810000000000000000e+02
2.790000000000000000e+02 2.830000000000000000e+02 2.810000000000000000e+02
2.790000000000000000e+02 2.830000000000000000e+02 2.810000000000000000e+02
2.790000000000000000e+02 2.830000000000000000e+02 2.810000000000000000e+02
2.790000000000000000e+02 2.830000000000000000e+02 2.810000000000000000e+02
2.790000000000000000e+02 2.830000000000000000e+02 2.810000000000000000e+02
2.790000000000000000e+02 2.830000000000000000e+02 2.810000000000000000e+02
2.790000000000000000e+02 2.830000000000000000e+02 2.810000000000000000e+02
2.790000000000000000e+02 2.830000000000000000e+02 2.810000000000000000e+02
2.790000000000000000e+02 2.830000000000000000e+02 2.810000000000000000e+02
2.789775952801438166e+02 2.830026228268532691e+02 2.810227434570789455e+02
2.789551905602876900e+02 2.830052456537065382e+02 2.810454869141578911e+02
2.789327858404315066e+02 2.830078684805598073e+02 2.810682303712367798e+02
2.789103811205753800e+02 2.830104913074131332e+02 2.810909738283157253e+02
2.788879764007191966e+02 2.830131141342664023e+02 2.811137172853946709e+02
2.788655716808630132e+02 2.830157369611196714e+02 2.811364607424736164e+02
2.788431669610068866e+02 2.830183597879729405e+02 2.811592041995525619e+02
2.788207622411507032e+02 2.830209826148262096e+02 2.811819476566314506e+02
2.787983575212945766e+02 2.830236054416794786e+02 2.812046911137103962e+02
2.787759528014383932e+02 2.830262282685327477e+02 2.812274345707893417e+02
2.787535480815822098e+02 2.830288510953860168e+02 2.812501780278682872e+02
2.787311433617260832e+02 2.830314739222393428e+02 2.812729214849472328e+02
2.787087386418698998e+02 2.830340967490926118e+02 2.812956649420261215e+02
2.786863339220137732e+02 2.830367195759458809e+02 2.813184083991050670e+02
2.786639292021575898e+02 2.830393424027991500e+02 2.813411518561840126e+02
2.786639292021575898e+02 2.830393424027991500e+02 2.813411518561840126e+02
2.786478564873883670e+02 2.830491821778120425e+02 2.813675611773679748e+02
2.786317837726191442e+02 2.830590219528249349e+02 2.813939704985519370e+02
2.786157110578499783e+02 2.830688617278377706e+02 2.814203798197358992e+02
2.785996383430807555e+02 2.830787015028506630e+02 2.814467891409198614e+02
2.785835656283115327e+02 2.830885412778635555e+02 2.814731984621038237e+02
2.785674929135423099e+02 2.830983810528764479e+02 2.814996077832877859e+02
2.785514201987730871e+02 2.831082208278893404e+02 2.815260171044717481e+02
2.785353474840039212e+02 2.831180606029022329e+02 2.815524264256557103e+02
2.785192747692346984e+02 2.831279003779151253e+02 2.815788357468396725e+02
2.785032020544654756e+02 2.831377401529279609e+02 2.816052450680236348e+02
2.784871293396962528e+02 2.831475799279408534e+02 2.816316543892075970e+02
2.784710566249270869e+02 2.831574197029537459e+02 2.816580637103915024e+02
2.784549839101578641e+02 2.831672594779666383e+02 2.816844730315754646e+02
2.784389111953886413e+02 2.831770992529795308e+02 2.817108823527594268e+02
2.784228384806194185e+02 2.831869390279923664e+02 2.817372916739433890e+02
2.784067657658501957e+02 2.831967788030052589e+02 2.817637009951273512e+02
2.783906930510810298e+02 2.832066185780181513e+02 2.817901103163113135e+02
2.783746203363118070e+02 2.832164583530310438e+02 2.818165196374952757e+02
2.783585476215425842e+02 2.832262981280439362e+02 2.818429289586792379e+02
2.783424749067733615e+02 2.832361379030568287e+02 2.818693382798632001e+02
2.783264021920041387e+02 2.832459776780697212e+02 2.818957476010471623e+02
2.783103294772349727e+02 2.832558174530825568e+02 2.819221569222311246e+02
2.782942567624657499e+02 2.832656572280954492e+02 2.819485662434150868e+02
2.782781840476965272e+02 2.832754970031083417e+02 2.819749755645990490e+02
2.782781840476965272e+02 2.832754970031083417e+02 2.819749755645990490e+02
2.782611309376990789e+02 2.832893745618195567e+02 2.819984594034575025e+02
2.782440778277016307e+02 2.833032521205307717e+02 2.820219432423158992e+02
2.782270247177041824e+02 2.833171296792419867e+02 2.820454270811743527e+02
2.782099716077067342e+02 2.833310072379532016e+02 2.820689109200327493e+02
2.781929184977092859e+02 2.833448847966644166e+02 2.820923947588912029e+02
2.781758653877118377e+02 2.833587623553756316e+02 2.821158785977495995e+02
2.781588122777143894e+02 2.833726399140867898e+02 2.821393624366080530e+02
2.781417591677169412e+02 2.833865174727980047e+02 2.821628462754664497e+02
2.781247060577194929e+02 2.834003950315092197e+02 2.821863301143249032e+02
2.781076529477220447e+02 2.834142725902204347e+02 2.822098139531833567e+02
2.780905998377245965e+02 2.834281501489316497e+02 2.822332977920417534e+02
2.780735467277271482e+02 2.834420277076428647e+02 2.822567816309002069e+02
2.780564936177297000e+02 2.834559052663540797e+02 2.822802654697586036e+02
2.780394405077322517e+02 2.834697828250652947e+02 2.823037493086170571e+02
2.780223873977348035e+02 2.834836603837765097e+02 2.823272331474754537e+02
2.780053342877373552e+02 2.834975379424877246e+02 2.823507169863339072e+02
2.779882811777399070e+02 2.835114155011989396e+02 2.823742008251923039e+02
2.779712280677424587e+02 2.835252930599101546e+02 2.823976846640507574e+02
2.779541749577450105e+02 2.835391706186213696e+02 2.824211685029092109e+02
2.779371218477475622e+02 2.835530481773325846e+02 2.824446523417676076e+02
2.779200687377501140e+02 2.835669257360437427e+02 2.824681361806260611e+02
2.779030156277526658e+02 2.835808032947549577e+02 2.824916200194844578e+02
2.778859625177552175e+02 2.835946808534661727e+02 2.825151038583429113e+02
2.778689094077577693e+02 2.836085584121773877e+02 2.825385876972013079e+02
2.778518562977603210e+02 2.836224359708886027e+02 2.825620715360597615e+02
2.778348031877628728e+02 2.836363135295998177e+02 2.825855553749181581e+02
2.778177500777654245e+02 2.836501910883110327e+02 2.826090392137766116e+02
2.778177500777654245e+02 2.836501910883110327e+02 2.826090392137766116e+02
2.778020110191935714e+02 2.836598265977744404e+02 2.826349002994068655e+02
2.777862719606217752e+02 2.836694621072378482e+02 2.826607613850370626e+02
2.777705329020499221e+02 2.836790976167012559e+02 2.826866224706673165e+02
2.777547938434780690e+02 2.836887331261646636e+02 2.827124835562975136e+02
2.777390547849062159e+02 2.836983686356280714e+02 2.827383446419277675e+02
2.777233157263344197e+02 2.837080041450915360e+02 2.827642057275580214e+02
2.777075766677625666e+02 2.837176396545549437e+02 2.827900668131882185e+02
2.776918376091907135e+02 2.837272751640183515e+02 2.828159278988184724e+02
2.776760985506188604e+02 2.837369106734817592e+02 2.828417889844487263e+02
2.776603594920470641e+02 2.837465461829451669e+02 2.828676500700789234e+02
2.776446204334752110e+02 2.837561816924085747e+02 2.828935111557091773e+02
2.776288813749033579e+02 2.837658172018719824e+02 2.829193722413393743e+02
2.776131423163315048e+02 2.837754527113353902e+02 2.829452333269696283e+02
2.775974032577597086e+02 2.837850882207987979e+02 2.829710944125998822e+02
2.775816641991878555e+02 2.837947237302622057e+02 2.829969554982300792e+02
2.775659251406160024e+02 2.838043592397256702e+02 2.830228165838603331e+02
2.775501860820441493e+02 2.838139947491890780e+02 2.830486776694905302e+02
2.775344470234723531e+02 2.838236302586524857e+02 2.830745387551207841e+02
2.775187079649005000e+02 2.838332657681158935e+02 2.831003998407510380e+02
2.775029689063286469e+02 2.838429012775793012e+02 2.831262609263812351e+02
2.774872298477567938e+02 2.838525367870427090e+02 2.831521220120114890e+02
2.774714907891849975e+02 2.838621722965061167e+02 2.831779830976416861e+02
2.774557517306131444e+02 2.838718078059695245e+02 2.832038441832719400e+02
2.774400126720412914e+02 2.838814433154329322e+02 2.832297052689021939e+02
2.774242736134694383e+02 2.838910788248963399e+02 2.832555663545323910e+02
2.774085345548976420e+02 2.839007143343598045e+02 2.832814274401626449e+02
2.773927954963257889e+02 2.839103498438232123e+02 2.833072885257928988e+02
2.773770564377539358e+02 2.839199853532866200e+02 2.833331496114230958e+02
2.773613173791820827e+02 2.839296208627500278e+02 2.833590106970533498e+02
2.773455783206102865e+02 2.839392563722134355e+02 2.833848717826835468e+02
2.773298392620384334e+02 2.839488918816768432e+02 2.834107328683138007e+02
2.773298392620384334e+02 2.839488918816768432e+02 2.834107328683138007e+02
2.773316470782050942e+02 2.839650153256069416e+02 2.834373644693051801e+02
2.773334548943718119e+02 2.839811387695370399e+02 2.834639960702965595e+02
2.773352627105384727e+02 2.839972622134671383e+02 2.834906276712879389e+02
2.773370705267051903e+02 2.840133856573972366e+02 2.835172592722792615e+02
2.773388783428718511e+02 2.840295091013273350e+02 2.835438908732706409e+02
2.773406861590385120e+02 2.840456325452574333e+02 2.835705224742620203e+02
2.773424939752052296e+02 2.840617559891875317e+02 2.835971540752533997e+02
2.773443017913718904e+02 2.840778794331176300e+02 2.836237856762447791e+02
2.773461096075385512e+02 2.840940028770477284e+02 2.836504172772361585e+02
2.773479174237052689e+02 2.841101263209778267e+02 2.836770488782275379e+02
2.773497252398719297e+02 2.841262497649079251e+02 2.837036804792189173e+02
2.773515330560386474e+02 2.841423732088380234e+02 2.837303120802102399e+02
2.773533408722053082e+02 2.841584966527681217e+02 2.837569436812016193e+02
2.773551486883719690e+02 2.841746200966982201e+02 2.837835752821929987e+02
2.773569565045386867e+02 2.841907435406283184e+02 2.838102068831843781e+02
2.773587643207053475e+02 2.842068669845584736e+02 2.838368384841757575e+02
2.773605721368720651e+02 2.842229904284885720e+02 2.838634700851671369e+02
2.773623799530387259e+02 2.842391138724186703e+02 2.838901016861585163e+02
2.773641877692053868e+02 2.842552373163487687e+02 2.839167332871498957e+02
2.773659955853721044e+02 2.842713607602788670e+02 2.839433648881412182e+02
2.773678034015387652e+02 2.842874842042089654e+02 2.839699964891325976e+02
2.773696112177054829e+02 2.843036076481390637e+02 2.839966280901239770e+02
2.773714190338721437e+02 2.843197310920691621e+02 2.840232596911153564e+02
2.773732268500388045e+02 2.843358545359992604e+02 2.840498912921067358e+02
2.773750346662055222e+02 2.843519779799293588e+02 2.840765228930981152e+02
2.773768424823721830e+02 2.843681014238594571e+02 2.841031544940894946e+02
2.773786502985388438e+02 2.843842248677895554e+02 2.841297860950808740e+02
2.773804581147055615e+02 2.844003483117196538e+02 2.841564176960721966e+02
2.773822659308722223e+02 2.844164717556497521e+02 2.841830492970635760e+02
2.773840737470389399e+02 2.844325951995798505e+02 2.842096808980549554e+02
2.773858815632056007e+02 2.844487186435099488e+02 2.842363124990463348e+02
2.773858815632056007e+02 2.844487186435099488e+02 2.842363124990463348e+02
2.773741871470686533e+02 2.844494851286252697e+02 2.842659652270941706e+02
2.773624927309317059e+02 2.844502516137406474e+02 2.842956179551420632e+02
2.773507983147948153e+02 2.844510180988559682e+02 2.843252706831898990e+02
2.773391038986578678e+02 2.844517845839712891e+02 2.843549234112377917e+02
2.773274094825209204e+02 2.844525510690866668e+02 2.843845761392856275e+02
2.773157150663839730e+02 2.844533175542019876e+02 2.844142288673335202e+02
2.773040206502470255e+02 2.844540840393173085e+02 2.844438815953813560e+02
2.772923262341100781e+02 2.844548505244326861e+02 2.844735343234292486e+02
2.772806318179731875e+02 2.844556170095480070e+02 2.845031870514770844e+02
2.772689374018362400e+02 2.844563834946633278e+02 2.845328397795249771e+02
2.772572429856992926e+02 2.844571499797787055e+02 2.845624925075728129e+02
2.772455485695623452e+02 2.844579164648940264e+02 2.845921452356207055e+02
2.772338541534253977e+02 2.844586829500093472e+02 2.846217979636685413e+02
2.772221597372884503e+02 2.844594494351247249e+02 2.846514506917164340e+02
2.772104653211515597e+02 2.844602159202400458e+02 2.846811034197642698e+02
2.771987709050146123e+02 2.844609824053554235e+02 2.847107561478121625e+02
2.771870764888776648e+02 2.844617488904707443e+02 2.847404088758599983e+02
2.771753820727407174e+02 2.844625153755860651e+02 2.847700616039078909e+02
2.771636876566037699e+02 2.844632818607014428e+02 2.847997143319557267e+02
2.771519932404668225e+02 2.844640483458167637e+02 2.848293670600036194e+02
2.771402988243299319e+02 2.844648148309320845e+02 2.848590197880514552e+02
2.771286044081929845e+02 2.844655813160474622e+02 2.848886725160993478e+02
2.771169099920560370e+02 2.844663478011627831e+02 2.849183252441471836e+02
2.771052155759190896e+02 2.844671142862781039e+02 2.849479779721950763e+02
2.770935211597821421e+02 2.844678807713934816e+02 2.849776307002429121e+02
2.770818267436451947e+02 2.844686472565088025e+02 2.850072834282908047e+02
2.770701323275083041e+02 2.844694137416241233e+02 2.850369361563386406e+02
2.770584379113713567e+02 2.844701802267395010e+02 2.850665888843865332e+02
2.770467434952344092e+02 2.844709467118548218e+02 2.850962416124343690e+02
2.770467434952344092e+02 2.844709467118548218e+02 2.850962416124343690e+02
2.770410455368518683e+02 2.844725966266257728e+02 2.851270824777586768e+02
2.770353475784693273e+02 2.844742465413967807e+02 2.851579233430829277e+02
2.770296496200867864e+02 2.844758964561677317e+02 2.851887642084072354e+02
2.770239516617042455e+02 2.844775463709386827e+02 2.852196050737314863e+02
2.770182537033217045e+02 2.844791962857096905e+02 2.852504459390557940e+02
2.770125557449391636e+02 2.844808462004806415e+02 2.852812868043801018e+02
2.770068577865566226e+02 2.844824961152515925e+02 2.853121276697043527e+02
2.770011598281740817e+02 2.844841460300226004e+02 2.853429685350286604e+02
2.769954618697915407e+02 2.844857959447935514e+02 2.853738094003529113e+02
2.769897639114089998e+02 2.844874458595645024e+02 2.854046502656772191e+02
2.769840659530264588e+02 2.844890957743355102e+02 2.854354911310014700e+02
2.769783679946439179e+02 2.844907456891064612e+02 2.854663319963257777e+02
2.769726700362613769e+02 2.844923956038774122e+02 2.854971728616500855e+02
2.769669720778788360e+02 2.844940455186484201e+02 2.855280137269743364e+02
2.769612741194962382e+02 2.844956954334193711e+02 2.855588545922986441e+02
2.769555761611136973e+02 2.844973453481903789e+02 2.855896954576228950e+02
2.769498782027311563e+02 2.844989952629613299e+02 2.856205363229472027e+02
2.769441802443486154e+02 2.845006451777322809e+02 2.856513771882715105e+02
2.769384822859660744e+02 2.845022950925032887e+02 2.856822180535957614e+02
2.769327843275835335e+02 2.845039450072742397e+02 2.857130589189200691e+02
2.769270863692009925e+02 2.845055949220451907e+02 2.857438997842443200e+02
2.769213884108184516e+02 2.845072448368161986e+02 2.857747406495686278e+02
2.769156904524359106e+02 2.845088947515871496e+02 2.858055815148928787e+02
2.769099924940533697e+02 2.845105446663581006e+02 2.858364223802171864e+02
2.769042945356708287e+02 2.845121945811291084e+02 2.858672632455414941e+02
2.768985965772882878e+02 2.845138444959000594e+02 2.858981041108657450e+02
2.768928986189057468e+02 2.845154944106710104e+02 2.859289449761900528e+02
2.768872006605232059e+02 2.845171443254420183e+02 2.859597858415143037e+02
2.768815027021406650e+02 2.845187942402129693e+02 2.859906267068386114e+02
2.768815027021406650e+02 2.845187942402129693e+02 2.859906267068386114e+02
2.768701641760093253e+02 2.845296957137815639e+02 2.860178670952428774e+02
2.768588256498779856e+02 2.845405971873501585e+02 2.860451074836470866e+02
2.768474871237466459e+02 2.845514986609187531e+02 2.860723478720513526e+02
2.768361485976153631e+02 2.845624001344872909e+02 2.860995882604555618e+02
2.768248100714840234e+02 2.845733016080558855e+02 2.861268286488598278e+02
2.768134715453526837e+02 2.845842030816244801e+02 2.861540690372640370e+02
2.768021330192213441e+02 2.845951045551930747e+02 2.861813094256683030e+02
2.767907944930900044e+02 2.846060060287616693e+02 2.862085498140725122e+02
2.767794559669586647e+02 2.846169075023302639e+02 2.862357902024767782e+02
2.767681174408273250e+02 2.846278089758988585e+02 2.862630305908809873e+02
2.767567789146960422e+02 2.846387104494674531e+02 2.862902709792852534e+02
2.767454403885647025e+02 2.846496119230359909e+02 2.863175113676895194e+02
2.767341018624333628e+02 2.846605133966045855e+02 2.863447517560937285e+02
2.767227633363020232e+02 2.846714148701731801e+02 2.863719921444979946e+02
2.767114248101706835e+02 2.846823163437417747e+02 2.863992325329022037e+02
2.767000862840393438e+02 2.846932178173103694e+02 2.864264729213064697e+02
2.766887477579080041e+02 2.847041192908789640e+02 2.864537133097106789e+02
2.766774092317766645e+02 2.847150207644475586e+02 2.864809536981149449e+02
2.766660707056453816e+02 2.847259222380160963e+02 2.865081940865191541e+02
2.766547321795140419e+02 2.847368237115846910e+02 2.865354344749234201e+02
2.766433936533827023e+02 2.847477251851532856e+02 2.865626748633276293e+02
2.766320551272513626e+02 2.847586266587218802e+02 2.865899152517318953e+02
2.766320551272513626e+02 2.847586266587218802e+02 2.865899152517318953e+02
2.766195005335988526e+02 2.847476706200133094e+02 2.866177489642838054e+02
2.766069459399462858e+02 2.847367145813047955e+02 2.866455826768357156e+02
2.765943913462937758e+02 2.847257585425962247e+02 2.866734163893876257e+02
2.765818367526412658e+02 2.847148025038876540e+02 2.867012501019395359e+02
2.765692821589886989e+02 2.847038464651790832e+02 2.867290838144914460e+02
2.765567275653361889e+02 2.846928904264705693e+02 2.867569175270432993e+02
2.765441729716836790e+02 2.846819343877619986e+02 2.867847512395952094e+02
2.765316183780311690e+02 2.846709783490534278e+02 2.868125849521471196e+02
2.765190637843786021e+02 2.846600223103448570e+02 2.868404186646990297e+02
2.765065091907260921e+02 2.846490662716363431e+02 2.868682523772509398e+02
2.764939545970735821e+02 2.846381102329277724e+02 2.868960860898028500e+02
2.764814000034210153e+02 2.846271541942192016e+02 2.869239198023547601e+02
2.764688454097685053e+02 2.846161981555106308e+02 2.869517535149066703e+02
2.764562908161159953e+02 2.846052421168021169e+02 2.869795872274585804e+02
2.764437362224634285e+02 2.845942860780935462e+02 2.870074209400104905e+02
2.764311816288109185e+02 2.845833300393849754e+02 2.870352546525624007e+02
2.764186270351584085e+02 2.845723740006764046e+02 2.870630883651143108e+02
2.764060724415058985e+02 2.845614179619678907e+02 2.870909220776661641e+02
2.763935178478533317e+02 2.845504619232593200e+02 2.871187557902180743e+02
2.763809632542008217e+02 2.845395058845507492e+02 2.871465895027699844e+02
2.763684086605483117e+02 2.845285498458421785e+02 2.871744232153218945e+02
2.763558540668957448e+02 2.845175938071336645e+02 2.872022569278738047e+02
2.763432994732432348e+02 2.845066377684250938e+02 2.872300906404257148e+02
2.763432994732432348e+02 2.845066377684250938e+02 2.872300906404257148e+02
2.763453079221657163e+02 2.845066377684250938e+02 2.872617993518114190e+02
2.763473163710882545e+02 2.845066377684250938e+02 2.872935080631971800e+02
2.763493248200107359e+02 2.845066377684250938e+02 2.873252167745828842e+02
2.763513332689332174e+02 2.845066377684250938e+02 2.873569254859686453e+02
2.763533417178557556e+02 2.845066377684250938e+02 2.873886341973543495e+02
2.763553501667782371e+02 2.845066377684250938e+02 2.874203429087400536e+02
2.763573586157007185e+02 2.845066377684250938e+02 2.874520516201258147e+02
2.763593670646232567e+02 2.845066377684250938e+02 2.874837603315115189e+02
2.763613755135457382e+02 2.845066377684250938e+02 2.875154690428972799e+02
2.763633839624682196e+02 2.845066377684250938e+02 2.875471777542829841e+02
2.763653924113907578e+02 2.845066377684250938e+02 2.875788864656687451e+02
2.763674008603132393e+02 2.845066377684250938e+02 2.876105951770544493e+02
2.763694093092357207e+02 2.845066377684250938e+02 2.876423038884401535e+02
2.763714177581582589e+02 2.845066377684250938e+02 2.876740125998259145e+02
2.763734262070807404e+02 2.845066377684250938e+02 2.877057213112116187e+02
2.763754346560032218e+02 2.845066377684250938e+02 2.877374300225973798e+02
2.763774431049257601e+02 2.845066377684250938e+02 2.877691387339830840e+02
2.763794515538482415e+02 2.845066377684250938e+02 2.878008474453688450e+02
2.763814600027707229e+02 2.845066377684250938e+02 2.878325561567545492e+02
2.763834684516932612e+02 2.845066377684250938e+02 2.878642648681402534e+02
2.763854769006157426e+02 2.845066377684250938e+02 2.878959735795260144e+02
2.763874853495382240e+02 2.845066377684250938e+02 2.879276822909117186e+02
2.763894937984607623e+02 2.845066377684250938e+02 2.879593910022974796e+02
2.763915022473832437e+02 2.845066377684250938e+02 2.879910997136831838e+02
2.763915022473832437e+02 2.845066377684250938e+02 2.879910997136831838e+02
2.764114556403101801e+02 2.845237104797899406e+02 2.880093174438647452e+02
2.764314090332371165e+02 2.845407831911547305e+02 2.880275351740463066e+02
2.764513624261640530e+02 2.845578559025195773e+02 2.880457529042278679e+02
2.764713158190909894e+02 2.845749286138843672e+02 2.880639706344094293e+02
2.764912692120179258e+02 2.845920013252492140e+02 2.880821883645909907e+02
2.765112226049448623e+02 2.846090740366140039e+02 2.881004060947725520e+02
2.765311759978717419e+02 2.846261467479788507e+02 2.881186238249540565e+02
2.765511293907986783e+02 2.846432194593436407e+02 2.881368415551356179e+02
2.765710827837256147e+02 2.846602921707084874e+02 2.881550592853171793e+02
2.765910361766525511e+02 2.846773648820732774e+02 2.881732770154987406e+02
2.766109895695794876e+02 2.846944375934381242e+02 2.881914947456803020e+02
2.766309429625064240e+02 2.847115103048029141e+02 2.882097124758618634e+02
2.766508963554333604e+02 2.847285830161677609e+02 2.882279302060434247e+02
2.766708497483602969e+02 2.847456557275326077e+02 2.882461479362249861e+02
2.766908031412872333e+02 2.847627284388973976e+02 2.882643656664065475e+02
2.767107565342141697e+02 2.847798011502622444e+02 2.882825833965881088e+02
2.767307099271411062e+02 2.847968738616270343e+02 2.883008011267696702e+02
2.767506633200680426e+02 2.848139465729918811e+02 2.883190188569512316e+02
2.767706167129949790e+02 2.848310192843566711e+02 2.883372365871327929e+02
2.767905701059219155e+02 2.848480919957215178e+02 2.883554543173143543e+02
2.768105234988488519e+02 2.848651647070863078e+02 2.883736720474959156e+02
2.768304768917757315e+02 2.848822374184511546e+02 2.883918897776774202e+02
2.768504302847026679e+02 2.848993101298159445e+02 2.884101075078589815e+02
2.768703836776296043e+02 2.849163828411807913e+02 2.884283252380405429e+02
2.768903370705565408e+02 2.849334555525455812e+02 2.884465429682221043e+02
2.769102904634834772e+02 2.849505282639104280e+02 2.884647606984036656e+02
2.769302438564104136e+02 2.849676009752752179e+02 2.884829784285852270e+02
2.769501972493373501e+02 2.849846736866400647e+02 2.885011961587667884e+02
2.769501972493373501e+02 2.849846736866400647e+02 2.885011961587667884e+02
2.769725380367091816e+02 2.850063758522273361e+02 2.884967281015034928e+02
2.769948788240810131e+02 2.850280780178146074e+02 2.884922600442401972e+02
2.770172196114529015e+02 2.850497801834018219e+02 2.884877919869769585e+02
2.770395603988247331e+02 2.850714823489890932e+02 2.884833239297136629e+02
2.770619011861965646e+02 2.850931845145763646e+02 2.884788558724503673e+02
2.770842419735683961e+02 2.851148866801636359e+02 2.884743878151870717e+02
2.771065827609402845e+02 2.851365888457508504e+02 2.884699197579238330e+02
2.771289235483121161e+02 2.851582910113381217e+02 2.884654517006605374e+02
2.771512643356839476e+02 2.851799931769253931e+02 2.884609836433972418e+02
2.771736051230557791e+02 2.852016953425126644e+02 2.884565155861339463e+02
2.771959459104276107e+02 2.852233975080999357e+02 2.884520475288706507e+02
2.772182866977994991e+02 2.852450996736871502e+02 2.884475794716074120e+02
2.772406274851713306e+02 2.852668018392744216e+02 2.884431114143441164e+02
2.772629682725431621e+02 2.852885040048616929e+02 2.884386433570808208e+02
2.772853090599149937e+02 2.853102061704489643e+02 2.884341752998175252e+02
2.773076498472868820e+02 2.853319083360361788e+02 2.884297072425542865e+02
2.773299906346587136e+02 2.853536105016234501e+02 2.884252391852909909e+02
2.773523314220305451e+02 2.853753126672107214e+02 2.884207711280276953e+02
2.773746722094023767e+02 2.853970148327979928e+02 2.884163030707643998e+02
2.773970129967742650e+02 2.854187169983852073e+02 2.884118350135011610e+02
2.774193537841460966e+02 2.854404191639724786e+02 2.884073669562378655e+02
2.774416945715179281e+02 2.854621213295597499e+02 2.884028988989745699e+02
2.774640353588897597e+02 2.854838234951470213e+02 2.883984308417112743e+02
2.774863761462615912e+02 2.855055256607342926e+02 2.883939627844479787e+02
2.775087169336334796e+02 2.855272278263215071e+02 2.883894947271847400e+02
2.775310577210053111e+02 2.855489299919087784e+02 2.883850266699214444e+02
2.775533985083771427e+02 2.855706321574960498e+02 2.883805586126581488e+02
2.775757392957489742e+02 2.855923343230833211e+02 2.883760905553948533e+02
2.775980800831208626e+02 2.856140364886705356e+02 2.883716224981316145e+02
2.776204208704926941e+02 2.856357386542578070e+02 2.883671544408683189e+02
2.776427616578645257e+02 2.856574408198450783e+02 2.883626863836050234e+02
2.776427616578645257e+02 2.856574408198450783e+02 2.883626863836050234e+02
2.776651694976341673e+02 2.856792081211062282e+02 2.883582049161629470e+02
2.776875773374038658e+02 2.857009754223673781e+02 2.883537234487208707e+02
2.777099851771735075e+02 2.857227427236285280e+02 2.883492419812787944e+02
2.777323930169432060e+02 2.857445100248896779e+02 2.883447605138367180e+02
2.777548008567128477e+02 2.857662773261508278e+02 2.883402790463946417e+02
2.777772086964825462e+02 2.857880446274119208e+02 2.883357975789525653e+02
2.777996165362521879e+02 2.858098119286730707e+02 2.883313161115104890e+02
2.778220243760218864e+02 2.858315792299342206e+02 2.883268346440684127e+02
2.778444322157915281e+02 2.858533465311953705e+02 2.883223531766262795e+02
2.778668400555612266e+02 2.858751138324565204e+02 2.883178717091842032e+02
2.778892478953308682e+02 2.858968811337176703e+02 2.883133902417421268e+02
2.779116557351005667e+02 2.859186484349788202e+02 2.883089087743000505e+02
2.779340635748702084e+02 2.859404157362399701e+02 2.883044273068579741e+02
2.779564714146399069e+02 2.859621830375011200e+02 2.882999458394158978e+02
2.779788792544095486e+02 2.859839503387622699e+02 2.882954643719738215e+02
2.780012870941792471e+02 2.860057176400234198e+02 2.882909829045317451e+02
2.780236949339488888e+02 2.860274849412845128e+02 2.882865014370896688e+02
2.780461027737185873e+02 2.860492522425456627e+02 2.882820199696475925e+02
2.780685106134882290e+02 2.860710195438068126e+02 2.882775385022055161e+02
2.780909184532579275e+02 2.860927868450679625e+02 2.882730570347634398e+02
2.781133262930275691e+02 2.861145541463291124e+02 2.882685755673213635e+02
2.781357341327972676e+02 2.861363214475902623e+02 2.882640940998792871e+02
2.781581419725669093e+02 2.861580887488514122e+02 2.882596126324372108e+02
2.781805498123366078e+02 2.861798560501125621e+02 2.882551311649951344e+02
2.782029576521062495e+02 2.862016233513737120e+02 2.882506496975530013e+02
2.782253654918759480e+02 2.862233906526348619e+02 2.882461682301109249e+02
2.782477733316455897e+02 2.862451579538960118e+02 2.882416867626688486e+02
2.782701811714152882e+02 2.862669252551571049e+02 2.882372052952267723e+02
2.782925890111849299e+02 2.862886925564182548e+02 2.882327238277846959e+02
2.783149968509546284e+02 2.863104598576794046e+02 2.882282423603426196e+02
2.783374046907242700e+02 2.863322271589405545e+02 2.882237608929005432e+02
2.783598125304939686e+02 2.863539944602017044e+02 2.882192794254584669e+02
2.783822203702636102e+02 2.863757617614628543e+02 2.882147979580163906e+02
2.783822203702636102e+02 2.863757617614628543e+02 2.882147979580163906e+02
2.784038298125856272e+02 2.863990132743664390e+02 2.882172814572155630e+02
2.784254392549076442e+02 2.864222647872699667e+02 2.882197649564146786e+02
2.784470486972297181e+02 2.864455163001734945e+02 2.882222484556138511e+02
2.784686581395517351e+02 2.864687678130770792e+02 2.882247319548130235e+02
2.784902675818737521e+02 2.864920193259806638e+02 2.882272154540121392e+02
2.785118770241957691e+02 2.865152708388841916e+02 2.882296989532113116e+02
2.785334864665177861e+02 2.865385223517877193e+02 2.882321824524104272e+02
2.785550959088398599e+02 2.865617738646913040e+02 2.882346659516095997e+02
2.785767053511618769e+02 2.865850253775948886e+02 2.882371494508087721e+02
2.785983147934838939e+02 2.866082768904984164e+02 2.882396329500078878e+02
2.786199242358059109e+02 2.866315284034019442e+02 2.882421164492070602e+02
2.786415336781279848e+02 2.866547799163055288e+02 2.882445999484061758e+02
2.786631431204500018e+02 2.866780314292091134e+02 2.882470834476053483e+02
2.786847525627720188e+02 2.867012829421126412e+02 2.882495669468045207e+02
2.787063620050940358e+02 2.867245344550161690e+02 2.882520504460036364e+02
2.787279714474160528e+02 2.867477859679197536e+02 2.882545339452028088e+02
2.787495808897381266e+02 2.867710374808233382e+02 2.882570174444019813e+02
2.787711903320601436e+02 2.867942889937268660e+02 2.882595009436010969e+02
2.787927997743821606e+02 2.868175405066303938e+02 2.882619844428002693e+02
2.788144092167041777e+02 2.868407920195339784e+02 2.882644679419994418e+02
2.788360186590261947e+02 2.868640435324375630e+02 2.882669514411985574e+02
2.788576281013482685e+02 2.868872950453410908e+02 2.882694349403977299e+02
2.788792375436702855e+02 2.869105465582446186e+02 2.882719184395968455e+02
2.789008469859923025e+02 2.869337980711482032e+02 2.882744019387960179e+02
