1.998931361549713586e+02 1.159986210928753820e+02 1.243339717348814020e+02
1.998832187979189428e+02 1.159682888898282869e+02 1.243348017359296449e+02
1.998733014408664985e+02 1.159379566867811775e+02 1.243356317369779021e+02
1.998633840838140827e+02 1.159076244837340823e+02 1.243364617380261450e+02
1.998534667267616385e+02 1.158772922806869730e+02 1.243372917390743879e+02
1.998435493697092227e+02 1.158469600776398778e+02 1.243381217401226309e+02
1.998336320126567784e+02 1.158166278745927684e+02 1.243389517411708880e+02
1.998237146556043626e+02 1.157862956715456733e+02 1.243397817422191309e+02
1.998137972985519184e+02 1.157559634684985781e+02 1.243406117432673739e+02
1.998038799414995026e+02 1.157256312654514687e+02 1.243414417443156310e+02
1.997939625844470584e+02 1.156952990624043736e+02 1.243422717453638739e+02
1.997840452273946426e+02 1.156649668593572642e+02 1.243431017464121169e+02
1.997741278703421983e+02 1.156346346563101690e+02 1.243439317474603740e+02
1.997642105132897825e+02 1.156043024532630596e+02 1.243447617485086170e+02
1.997542931562373383e+02 1.155739702502159645e+02 1.243455917495568599e+02
1.997443757991849225e+02 1.155436380471688551e+02 1.243464217506051170e+02
1.997344584421325067e+02 1.155133058441217599e+02 1.243472517516533600e+02
1.997245410850800624e+02 1.154829736410746648e+02 1.243480817527016029e+02
1.997146237280276466e+02 1.154526414380275554e+02 1.243489117537498458e+02
1.997047063709752024e+02 1.154223092349804602e+02 1.243497417547981030e+02
1.996947890139227866e+02 1.153919770319333509e+02 1.243505717558463459e+02
1.996848716568703423e+02 1.153616448288862557e+02 1.243514017568945889e+02
1.996749542998179265e+02 1.153313126258391463e+02 1.243522317579428460e+02
1.996650369427654823e+02 1.153009804227920512e+02 1.243530617589910889e+02
1.996551195857130665e+02 1.152706482197449560e+02 1.243538917600393319e+02
1.996452022286606223e+02 1.152403160166978466e+02 1.243547217610875748e+02
1.996352848716082065e+02 1.152099838136507515e+02 1.243555517621358320e+02
1.996253675145557622e+02 1.151796516106036421e+02 1.243563817631840749e+02
1.996154501575033464e+02 1.151493194075565469e+02 1.243572117642323178e+02
1.996055328004509022e+02 1.151189872045094376e+02 1.243580417652805750e+02
1.995956154433984864e+02 1.150886550014623424e+02 1.243588717663288179e+02
1.995956154433984864e+02 1.150886550014623424e+02 1.243588717663288179e+02
1.995704150659668699e+02 1.150757958251673472e+02 1.243575689713597399e+02
1.995452146885352818e+02 1.150629366488723377e+02 1.243562661763906476e+02
1.995200143111036937e+02 1.150500774725773425e+02 1.243549633814215696e+02
1.994948139336720772e+02 1.150372182962823331e+02 1.243536605864524915e+02
1.994696135562404606e+02 1.150243591199873379e+02 1.243523577914834135e+02
1.994444131788088725e+02 1.150114999436923426e+02 1.243510549965143213e+02
1.994192128013772844e+02 1.149986407673973332e+02 1.243497522015452432e+02
1.993940124239456679e+02 1.149857815911023380e+02 1.243484494065761652e+02
1.993688120465140514e+02 1.149729224148073286e+02 1.243471466116070872e+02
1.993436116690824633e+02 1.149600632385123333e+02 1.243458438166379949e+02
1.993184112916508752e+02 1.149472040622173381e+02 1.243445410216689169e+02
1.992932109142192587e+02 1.149343448859223287e+02 1.243432382266998388e+02
1.992680105367876422e+02 1.149214857096273334e+02 1.243419354317307608e+02
1.992428101593560541e+02 1.149086265333323240e+02 1.243406326367616686e+02
1.992176097819244660e+02 1.148957673570373288e+02 1.243393298417925905e+02
1.991924094044928495e+02 1.148829081807423336e+02 1.243380270468235125e+02
1.991672090270612330e+02 1.148700490044473241e+02 1.243367242518544202e+02
1.991420086496296449e+02 1.148571898281523289e+02 1.243354214568853422e+02
1.991168082721980568e+02 1.148443306518573195e+02 1.243341186619162642e+02
1.990916078947664403e+02 1.148314714755623243e+02 1.243328158669471861e+02
1.990664075173348238e+02 1.148186122992673290e+02 1.243315130719780939e+02
1.990412071399032357e+02 1.148057531229723196e+02 1.243302102770090158e+02
1.990160067624716476e+02 1.147928939466773244e+02 1.243289074820399378e+02
1.989908063850400310e+02 1.147800347703823149e+02 1.243276046870708598e+02
1.989656060076084145e+02 1.147671755940873197e+02 1.243263018921017675e+02
1.989404056301768264e+02 1.147543164177923245e+02 1.243249990971326895e+02
1.989152052527452383e+02 1.147414572414973151e+02 1.243236963021636114e+02
1.988900048753136218e+02 1.147285980652023198e+02 1.243223935071945334e+02
1.988648044978820053e+02 1.147157388889073104e+02 1.243210907122254412e+02
1.988396041204504172e+02 1.147028797126123152e+02 1.243197879172563631e+02
1.988396041204504172e+02 1.147028797126123152e+02 1.243197879172563631e+02
1.988156747970581648e+02 1.146944664150704938e+02 1.243207524935713622e+02
1.987917454736658840e+02 1.146860531175286582e+02 1.243217170698863612e+02
1.987678161502736316e+02 1.146776398199868368e+02 1.243226816462013602e+02
1.987438868268813792e+02 1.146692265224450153e+02 1.243236462225163450e+02
1.987199575034891268e+02 1.146608132249031939e+02 1.243246107988313440e+02
1.986960281800968460e+02 1.146523999273613583e+02 1.243255753751463430e+02
1.986720988567045936e+02 1.146439866298195369e+02 1.243265399514613421e+02
1.986481695333123412e+02 1.146355733322777155e+02 1.243275045277763411e+02
1.986242402099200888e+02 1.146271600347358941e+02 1.243284691040913401e+02
1.986003108865278080e+02 1.146187467371940585e+02 1.243294336804063391e+02
1.985763815631355556e+02 1.146103334396522371e+02 1.243303982567213239e+02
1.985524522397433032e+02 1.146019201421104157e+02 1.243313628330363230e+02
1.985285229163510508e+02 1.145935068445685943e+02 1.243323274093513220e+02
1.985045935929587699e+02 1.145850935470267586e+02 1.243332919856663210e+02
1.984806642695665175e+02 1.145766802494849372e+02 1.243342565619813200e+02
1.984567349461742651e+02 1.145682669519431158e+02 1.243352211382963191e+02
1.984328056227820127e+02 1.145598536544012944e+02 1.243361857146113039e+02
1.984088762993897319e+02 1.145514403568594588e+02 1.243371502909263029e+02
1.983849469759974795e+02 1.145430270593176374e+02 1.243381148672413019e+02
1.983610176526052271e+02 1.145346137617758160e+02 1.243390794435563009e+02
1.983370883292129747e+02 1.145262004642339946e+02 1.243400440198713000e+02
1.983131590058206939e+02 1.145177871666921590e+02 1.243410085961862990e+02
1.982892296824284415e+02 1.145093738691503376e+02 1.243419731725012980e+02
1.982653003590361891e+02 1.145009605716085161e+02 1.243429377488162828e+02
1.982413710356439367e+02 1.144925472740666947e+02 1.243439023251312818e+02
1.982174417122516559e+02 1.144841339765248591e+02 1.243448669014462808e+02
1.981935123888594035e+02 1.144757206789830377e+02 1.243458314777612799e+02
1.981935123888594035e+02 1.144757206789830377e+02 1.243458314777612799e+02
1.981690455394945332e+02 1.144555995934314723e+02 1.243460215481519811e+02
1.981445786901296344e+02 1.144354785078799068e+02 1.243462116185426822e+02
1.981201118407647641e+02 1.144153574223283414e+02 1.243464016889333834e+02
1.980956449913998654e+02 1.143952363367767759e+02 1.243465917593240846e+02
1.980711781420349951e+02 1.143751152512252105e+02 1.243467818297147858e+02
1.980467112926701247e+02 1.143549941656736451e+02 1.243469719001054870e+02
1.980222444433052260e+02 1.143348730801220796e+02 1.243471619704961881e+02
1.979977775939403557e+02 1.143147519945705142e+02 1.243473520408868893e+02
1.979733107445754854e+02 1.142946309090189487e+02 1.243475421112775905e+02
1.979488438952105867e+02 1.142745098234673833e+02 1.243477321816682917e+02
1.979243770458457163e+02 1.142543887379158036e+02 1.243479222520589929e+02
1.978999101964808176e+02 1.142342676523642382e+02 1.243481123224496940e+02
1.978754433471159473e+02 1.142141465668126727e+02 1.243483023928403952e+02
1.978509764977510770e+02 1.141940254812611073e+02 1.243484924632310964e+02
1.978265096483861782e+02 1.141739043957095419e+02 1.243486825336217976e+02
1.978020427990213079e+02 1.141537833101579764e+02 1.243488726040124988e+02
1.977775759496564376e+02 1.141336622246064110e+02 1.243490626744031999e+02
1.977531091002915389e+02 1.141135411390548455e+02 1.243492527447939011e+02
1.977286422509266686e+02 1.140934200535032801e+02 1.243494428151846023e+02
1.977041754015617698e+02 1.140732989679517146e+02 1.243496328855753035e+02
1.976797085521968995e+02 1.140531778824001492e+02 1.243498229559660047e+02
1.976797085521968995e+02 1.140531778824001492e+02 1.243498229559660047e+02
1.976549751669770103e+02 1.140328376026784980e+02 1.243500150969369145e+02
1.976302417817571211e+02 1.140124973229568468e+02 1.243502072379078243e+02
1.976055083965372603e+02 1.139921570432352098e+02 1.243503993788787341e+02
1.975807750113173711e+02 1.139718167635135586e+02 1.243505915198496439e+02
1.975560416260974819e+02 1.139514764837919074e+02 1.243507836608205537e+02
1.975313082408775927e+02 1.139311362040702562e+02 1.243509758017914777e+02
1.975065748556577319e+02 1.139107959243486192e+02 1.243511679427623875e+02
1.974818414704378426e+02 1.138904556446269680e+02 1.243513600837332973e+02
1.974571080852179534e+02 1.138701153649053168e+02 1.243515522247042071e+02
1.974323746999980642e+02 1.138497750851836656e+02 1.243517443656751169e+02
1.974076413147782034e+02 1.138294348054620286e+02 1.243519365066460267e+02
1.973829079295583142e+02 1.138090945257403774e+02 1.243521286476169365e+02
1.973581745443384250e+02 1.137887542460187262e+02 1.243523207885878463e+02
1.973334411591185358e+02 1.137684139662970750e+02 1.243525129295587561e+02
1.973087077738986750e+02 1.137480736865754380e+02 1.243527050705296659e+02
1.972839743886787858e+02 1.137277334068537868e+02 1.243528972115005899e+02
1.972592410034588966e+02 1.137073931271321356e+02 1.243530893524714998e+02
1.972345076182390073e+02 1.136870528474104844e+02 1.243532814934424096e+02
1.972097742330191465e+02 1.136667125676888475e+02 1.243534736344133194e+02
1.971850408477992573e+02 1.136463722879671963e+02 1.243536657753842292e+02
1.971603074625793681e+02 1.136260320082455451e+02 1.243538579163551390e+02
1.971603074625793681e+02 1.136260320082455451e+02 1.243538579163551390e+02
1.971406113834836731e+02 1.136076321535068701e+02 1.243816616542850255e+02
1.971209153043879496e+02 1.135892322987681951e+02 1.244094653922149121e+02
1.971012192252922546e+02 1.135708324440295058e+02 1.244372691301448128e+02
1.970815231461965311e+02 1.135524325892908308e+02 1.244650728680746994e+02
1.970618270671008361e+02 1.135340327345521558e+02 1.244928766060045859e+02
1.970421309880051126e+02 1.135156328798134808e+02 1.245206803439344725e+02
1.970224349089094176e+02 1.134972330250747916e+02 1.245484840818643590e+02
1.970027388298136941e+02 1.134788331703361166e+02 1.245762878197942598e+02
1.969830427507179991e+02 1.134604333155974416e+02 1.246040915577241464e+02
1.969633466716222756e+02 1.134420334608587666e+02 1.246318952956540329e+02
1.969436505925265806e+02 1.134236336061200774e+02 1.246596990335839195e+02
1.969239545134308571e+02 1.134052337513814024e+02 1.246875027715138060e+02
1.969042584343351621e+02 1.133868338966427274e+02 1.247153065094436926e+02
1.968845623552394386e+02 1.133684340419040524e+02 1.247431102473735933e+02
1.968648662761437436e+02 1.133500341871653632e+02 1.247709139853034799e+02
1.968451701970480201e+02 1.133316343324266882e+02 1.247987177232333664e+02
1.968254741179523251e+02 1.133132344776880132e+02 1.248265214611632530e+02
1.968057780388566016e+02 1.132948346229493382e+02 1.248543251990931395e+02
1.967860819597609066e+02 1.132764347682106489e+02 1.248821289370230403e+02
1.967663858806651831e+02 1.132580349134719739e+02 1.249099326749529268e+02
1.967466898015694881e+02 1.132396350587332989e+02 1.249377364128828134e+02
1.967466898015694881e+02 1.132396350587332989e+02 1.249377364128828134e+02
1.967226102670830414e+02 1.132273478229606241e+02 1.249364915626232460e+02
1.966985307325966232e+02 1.132150605871879350e+02 1.249352467123636927e+02
1.966744511981101766e+02 1.132027733514152601e+02 1.249340018621041253e+02
1.966503716636237584e+02 1.131904861156425852e+02 1.249327570118445720e+02
1.966262921291373118e+02 1.131781988798698961e+02 1.249315121615850046e+02
1.966022125946508936e+02 1.131659116440972213e+02 1.249302673113254514e+02
1.965781330601644470e+02 1.131536244083245464e+02 1.249290224610658839e+02
1.965540535256780004e+02 1.131413371725518573e+02 1.249277776108063307e+02
1.965299739911915822e+02 1.131290499367791824e+02 1.249265327605467633e+02
1.965058944567051356e+02 1.131167627010065075e+02 1.249252879102872100e+02
1.964818149222187174e+02 1.131044754652338185e+02 1.249240430600276426e+02
1.964577353877322707e+02 1.130921882294611436e+02 1.249227982097680894e+02
1.964336558532458525e+02 1.130799009936884545e+02 1.249215533595085219e+02
1.964095763187594059e+02 1.130676137579157796e+02 1.249203085092489545e+02
1.963854967842729593e+02 1.130553265221431047e+02 1.249190636589894012e+02
1.963614172497865411e+02 1.130430392863704157e+02 1.249178188087298338e+02
1.963373377153000945e+02 1.130307520505977408e+02 1.249165739584702806e+02
1.963132581808136763e+02 1.130184648148250659e+02 1.249153291082107131e+02
1.962891786463272297e+02 1.130061775790523768e+02 1.249140842579511599e+02
1.962650991118407831e+02 1.129938903432797019e+02 1.249128394076915924e+02
1.962410195773543649e+02 1.129816031075070271e+02 1.249115945574320392e+02
1.962169400428679182e+02 1.129693158717343380e+02 1.249103497071724718e+02
1.961928605083815000e+02 1.129570286359616631e+02 1.249091048569129185e+02
1.961687809738950534e+02 1.129447414001889882e+02 1.249078600066533511e+02
1.961447014394086352e+02 1.129324541644162991e+02 1.249066151563937979e+02
1.961206219049221886e+02 1.129201669286436243e+02 1.249053703061342304e+02
1.961206219049221886e+02 1.129201669286436243e+02 1.249053703061342304e+02
1.960922672952466712e+02 1.129056982197688086e+02 1.249039044454368792e+02
1.960639126855711822e+02 1.128912295108940071e+02 1.249024385847395138e+02
1.960355580758956648e+02 1.128767608020191915e+02 1.249009727240421626e+02
1.960072034662201759e+02 1.128622920931443758e+02 1.248995068633448113e+02
1.959788488565446585e+02 1.128478233842695602e+02 1.248980410026474459e+02
1.959504942468691695e+02 1.128333546753947587e+02 1.248965751419500947e+02
1.959221396371936521e+02 1.128188859665199431e+02 1.248951092812527293e+02
1.958937850275181631e+02 1.128044172576451274e+02 1.248936434205553780e+02
1.958654304178426457e+02 1.127899485487703117e+02 1.248921775598580268e+02
1.958370758081671568e+02 1.127754798398955103e+02 1.248907116991606614e+02
1.958087211984916394e+02 1.127610111310206946e+02 1.248892458384633102e+02
1.957803665888161220e+02 1.127465424221458790e+02 1.248877799777659590e+02
1.957520119791406330e+02 1.127320737132710775e+02 1.248863141170685935e+02
1.957236573694651156e+02 1.127176050043962618e+02 1.248848482563712423e+02
1.956953027597896266e+02 1.127031362955214462e+02 1.248833823956738911e+02
1.956669481501141092e+02 1.126886675866466305e+02 1.248819165349765257e+02
1.956385935404386203e+02 1.126741988777718291e+02 1.248804506742791745e+02
1.956102389307631029e+02 1.126597301688970134e+02 1.248789848135818090e+02
1.955818843210876139e+02 1.126452614600221978e+02 1.248775189528844578e+02
1.955535297114120965e+02 1.126307927511473821e+02 1.248760530921871066e+02
1.955251751017366075e+02 1.126163240422725806e+02 1.248745872314897412e+02
1.954968204920610901e+02 1.126018553333977650e+02 1.248731213707923899e+02
1.954968204920610901e+02 1.126018553333977650e+02 1.248731213707923899e+02
1.954666587800062700e+02 1.125864645015054890e+02 1.248715620875304353e+02
1.954364970679514784e+02 1.125710736696131988e+02 1.248700028042684949e+02
1.954063353558966583e+02 1.125556828377209229e+02 1.248684435210065402e+02
1.953761736438418382e+02 1.125402920058286327e+02 1.248668842377445856e+02
1.953460119317870465e+02 1.125249011739363567e+02 1.248653249544826451e+02
1.953158502197322264e+02 1.125095103420440665e+02 1.248637656712206905e+02
1.952856885076774063e+02 1.124941195101517906e+02 1.248622063879587500e+02
1.952555267956226146e+02 1.124787286782595004e+02 1.248606471046967954e+02
1.952253650835677945e+02 1.124633378463672244e+02 1.248590878214348407e+02
1.951952033715129744e+02 1.124479470144749342e+02 1.248575285381729003e+02
1.951650416594581543e+02 1.124325561825826583e+02 1.248559692549109457e+02
1.951348799474033626e+02 1.124171653506903823e+02 1.248544099716489910e+02
1.951047182353485425e+02 1.124017745187980921e+02 1.248528506883870506e+02
1.950745565232937224e+02 1.123863836869058161e+02 1.248512914051250959e+02
1.950443948112389307e+02 1.123709928550135260e+02 1.248497321218631413e+02
1.950142330991841106e+02 1.123556020231212500e+02 1.248481728386012009e+02
1.949840713871292905e+02 1.123402111912289598e+02 1.248466135553392462e+02
1.949539096750744989e+02 1.123248203593366839e+02 1.248450542720773058e+02
1.949237479630196788e+02 1.123094295274443937e+02 1.248434949888153511e+02
1.948935862509648587e+02 1.122940386955521177e+02 1.248419357055533965e+02
1.948634245389100670e+02 1.122786478636598275e+02 1.248403764222914560e+02
1.948332628268552469e+02 1.122632570317675516e+02 1.248388171390295014e+02
1.948332628268552469e+02 1.122632570317675516e+02 1.248388171390295014e+02
1.948093752147929649e+02 1.122391286546861835e+02 1.248224609063552748e+02
1.947854876027306830e+02 1.122150002776048012e+02 1.248061046736810482e+02
1.947615999906684010e+02 1.121908719005234332e+02 1.247897484410068216e+02
1.947377123786061475e+02 1.121667435234420509e+02 1.247733922083325950e+02
1.947138247665438655e+02 1.121426151463606828e+02 1.247570359756583684e+02
1.946899371544815835e+02 1.121184867692793006e+02 1.247406797429841561e+02
1.946660495424193016e+02 1.120943583921979325e+02 1.247243235103099295e+02
1.946421619303570196e+02 1.120702300151165645e+02 1.247079672776357029e+02
1.946182743182947377e+02 1.120461016380351822e+02 1.246916110449614763e+02
1.945943867062324557e+02 1.120219732609538141e+02 1.246752548122872497e+02
1.945704990941701737e+02 1.119978448838724319e+02 1.246588985796130231e+02
1.945466114821079202e+02 1.119737165067910638e+02 1.246425423469387965e+02
1.945227238700456383e+02 1.119495881297096815e+02 1.246261861142645699e+02
1.944988362579833563e+02 1.119254597526283135e+02 1.246098298815903433e+02
1.944749486459210743e+02 1.119013313755469312e+02 1.245934736489161168e+02
1.944510610338587924e+02 1.118772029984655632e+02 1.245771174162418902e+02
1.944271734217965104e+02 1.118530746213841951e+02 1.245607611835676636e+02
1.944032858097342285e+02 1.118289462443028128e+02 1.245444049508934512e+02
1.943793981976719465e+02 1.118048178672214448e+02 1.245280487182192246e+02
1.943555105856096930e+02 1.117806894901400625e+02 1.245116924855449980e+02
1.943316229735474110e+02 1.117565611130586944e+02 1.244953362528707714e+02
1.943077353614851290e+02 1.117324327359773122e+02 1.244789800201965448e+02
1.942838477494228471e+02 1.117083043588959441e+02 1.244626237875223183e+02
1.942838477494228471e+02 1.117083043588959441e+02 1.244626237875223183e+02
1.942688404598447676e+02 1.116931458097297281e+02 1.244523480546651086e+02
1.942538331702666881e+02 1.116779872605635262e+02 1.244420723218078990e+02
1.942388258806885801e+02 1.116628287113973101e+02 1.244317965889506894e+02
1.942238185911105006e+02 1.116476701622311083e+02 1.244215208560934798e+02
1.942088113015324211e+02 1.116325116130648922e+02 1.244112451232362702e+02
1.941938040119543416e+02 1.116173530638986762e+02 1.244009693903790605e+02
1.941787967223762621e+02 1.116021945147324743e+02 1.243906936575218509e+02
1.941637894327981826e+02 1.115870359655662583e+02 1.243804179246646413e+02
1.941487821432200747e+02 1.115718774164000564e+02 1.243701421918074317e+02
1.941337748536419952e+02 1.115567188672338403e+02 1.243598664589502221e+02
1.941187675640639156e+02 1.115415603180676243e+02 1.243495907260930124e+02
1.941037602744858361e+02 1.115264017689014224e+02 1.243393149932358028e+02
1.940887529849077566e+02 1.115112432197352064e+02 1.243290392603785932e+02
1.940737456953296487e+02 1.114960846705690045e+02 1.243187635275213836e+02
1.940587384057515692e+02 1.114809261214027885e+02 1.243084877946641740e+02
1.940437311161734897e+02 1.114657675722365866e+02 1.242982120618069644e+02
1.940287238265954102e+02 1.114506090230703705e+02 1.242879363289497547e+02
1.940137165370173307e+02 1.114354504739041545e+02 1.242776605960925451e+02
1.939987092474392227e+02 1.114202919247379526e+02 1.242673848632353355e+02
1.939837019578611432e+02 1.114051333755717366e+02 1.242571091303781259e+02
1.939686946682830637e+02 1.113899748264055347e+02 1.242468333975209163e+02
1.939536873787049842e+02 1.113748162772393187e+02 1.242365576646637066e+02
1.939386800891269047e+02 1.113596577280731026e+02 1.242262819318064970e+02
1.939236727995488252e+02 1.113444991789069007e+02 1.242160061989492874e+02
1.939086655099707173e+02 1.113293406297406847e+02 1.242057304660920778e+02
1.938936582203926378e+02 1.113141820805744828e+02 1.241954547332348682e+02
1.938786509308145583e+02 1.112990235314082668e+02 1.241851790003776586e+02
1.938786509308145583e+02 1.112990235314082668e+02 1.241851790003776586e+02
1.938663499268439239e+02 1.112837562030805572e+02 1.241499146041154944e+02
1.938540489228732895e+02 1.112684888747528618e+02 1.241146502078533160e+02
1.938417479189026551e+02 1.112532215464251522e+02 1.240793858115911519e+02
1.938294469149320207e+02 1.112379542180974568e+02 1.240441214153289877e+02
1.938171459109613579e+02 1.112226868897697472e+02 1.240088570190668094e+02
1.938048449069907235e+02 1.112074195614420518e+02 1.239735926228046452e+02
1.937925439030200891e+02 1.111921522331143422e+02 1.239383282265424810e+02
1.937802428990494548e+02 1.111768849047866468e+02 1.239030638302803027e+02
1.937679418950788204e+02 1.111616175764589372e+02 1.238677994340181385e+02
1.937556408911081860e+02 1.111463502481312275e+02 1.238325350377559744e+02
1.937433398871375516e+02 1.111310829198035321e+02 1.237972706414937960e+02
1.937310388831669172e+02 1.111158155914758225e+02 1.237620062452316319e+02
1.937187378791962828e+02 1.111005482631481271e+02 1.237267418489694535e+02
1.937064368752256485e+02 1.110852809348204175e+02 1.236914774527072893e+02
1.936941358712550141e+02 1.110700136064927221e+02 1.236562130564451252e+02
1.936818348672843513e+02 1.110547462781650125e+02 1.236209486601829468e+02
1.936695338633137169e+02 1.110394789498373171e+02 1.235856842639207827e+02
1.936572328593430825e+02 1.110242116215096075e+02 1.235504198676586185e+02
1.936449318553724481e+02 1.110089442931819121e+02 1.235151554713964401e+02
1.936326308514018137e+02 1.109936769648542025e+02 1.234798910751342760e+02
1.936326308514018137e+02 1.109936769648542025e+02 1.234798910751342760e+02
1.936473256173457287e+02 1.109939298862600339e+02 1.234606954321289010e+02
1.936620203832896721e+02 1.109941828076658652e+02 1.234414997891235402e+02
1.936767151492335870e+02 1.109944357290716965e+02 1.234223041461181651e+02
1.936914099151775304e+02 1.109946886504775279e+02 1.234031085031127901e+02
1.937061046811214453e+02 1.109949415718833592e+02 1.233839128601074151e+02
1.937207994470653887e+02 1.109951944932891905e+02 1.233647172171020543e+02
1.937354942130093036e+02 1.109954474146950218e+02 1.233455215740966793e+02
1.937501889789532470e+02 1.109957003361008532e+02 1.233263259310913043e+02
1.937648837448971619e+02 1.109959532575066845e+02 1.233071302880859434e+02
1.937795785108410769e+02 1.109962061789125158e+02 1.232879346450805684e+02
1.937942732767850202e+02 1.109964591003183472e+02 1.232687390020751934e+02
1.938089680427289352e+02 1.109967120217241785e+02 1.232495433590698184e+02
1.938236628086728786e+02 1.109969649431300240e+02 1.232303477160644576e+02
1.938383575746167935e+02 1.109972178645358554e+02 1.232111520730590826e+02
1.938530523405607369e+02 1.109974707859416867e+02 1.231919564300537075e+02
1.938677471065046518e+02 1.109977237073475180e+02 1.231727607870483325e+02
1.938824418724485668e+02 1.109979766287533494e+02 1.231535651440429717e+02
1.938971366383925101e+02 1.109982295501591807e+02 1.231343695010375967e+02
1.939118314043364251e+02 1.109984824715650120e+02 1.231151738580322217e+02
1.939265261702803684e+02 1.109987353929708433e+02 1.230959782150268609e+02
1.939412209362242834e+02 1.109989883143766747e+02 1.230767825720214859e+02
1.939559157021682267e+02 1.109992412357825060e+02 1.230575869290161108e+02
1.939706104681121417e+02 1.109994941571883373e+02 1.230383912860107358e+02
1.939853052340560851e+02 1.109997470785941687e+02 1.230191956430053750e+02
1.940000000000000000e+02 1.110000000000000000e+02 1.230000000000000000e+02
1.940000000000000000e+02 1.110000000000000000e+02 1.230000000000000000e+02
1.940000000000000000e+02 1.110000000000000000e+02 1.230000000000000000e+02
1.940000000000000000e+02 1.110000000000000000e+02 1.230000000000000000e+02
1.940000000000000000e+02 1.110000000000000000e+02 1.230000000000000000e+02
1.940000000000000000e+02 1.110000000000000000e+02 1.230000000000000000e+02
1.940000000000000000e+02 1.110000000000000000e+02 1.230000000000000000e+02
1.940000000000000000e+02 1.110000000000000000e+02 1.230000000000000000e+02
1.940000000000000000e+02 1.110000000000000000e+02 1.230000000000000000e+02
1.940000000000000000e+02 1.110000000000000000e+02 1.230000000000000000e+02
1.940000000000000000e+02 1.110000000000000000e+02 1.230000000000000000e+02
1.940000000000000000e+02 1.110000000000000000e+02 1.230000000000000000e+02
1.940000000000000000e+02 1.110000000000000000e+02 1.230000000000000000e+02
1.940000000000000000e+02 1.110000000000000000e+02 1.230000000000000000e+02
1.940000000000000000e+02 1.110000000000000000e+02 1.230000000000000000e+02
1.940000000000000000e+02 1.110000000000000000e+02 1.230000000000000000e+02
1.940000000000000000e+02 1.110000000000000000e+02 1.230000000000000000e+02
1.940000000000000000e+02 1.110000000000000000e+02 1.230000000000000000e+02
1.940000000000000000e+02 1.110000000000000000e+02 1.230000000000000000e+02
1.940000000000000000e+02 1.110000000000000000e+02 1.230000000000000000e+02
1.940000000000000000e+02 1.110000000000000000e+02 1.230000000000000000e+02
1.940000000000000000e+02 1.110000000000000000e+02 1.230000000000000000e+02
1.940222758376836225e+02 1.109772913685025628e+02 1.230000636207178957e+02
1.940445516753672450e+02 1.109545827370051256e+02 1.230001272414358056e+02
1.940668275130508675e+02 1.109318741055076885e+02 1.230001908621537012e+02
1.940891033507344900e+02 1.109091654740102513e+02 1.230002544828716111e+02
1.941113791884181410e+02 1.108864568425128283e+02 1.230003181035895068e+02
1.941336550261017635e+02 1.108637482110153911e+02 1.230003817243074167e+02
1.941559308637853860e+02 1.108410395795179539e+02 1.230004453450253123e+02
1.941782067014690085e+02 1.108183309480205168e+02 1.230005089657432080e+02
1.942004825391526310e+02 1.107956223165230796e+02 1.230005725864611179e+02
1.942227583768362535e+02 1.107729136850256424e+02 1.230006362071790136e+02
1.942450342145198761e+02 1.107502050535282052e+02 1.230006998278969235e+02
1.942673100522034986e+02 1.107274964220307680e+02 1.230007634486148191e+02
1.942895858898871211e+02 1.107047877905333308e+02 1.230008270693327148e+02
1.943118617275707436e+02 1.106820791590358937e+02 1.230008906900506247e+02
1.943341375652543945e+02 1.106593705275384707e+02 1.230009543107685204e+02
1.943564134029380170e+02 1.106366618960410335e+02 1.230010179314864303e+02
1.943786892406216396e+02 1.106139532645435963e+02 1.230010815522043259e+02
1.944009650783052621e+02 1.105912446330461592e+02 1.230011451729222358e+02
1.944232409159888846e+02 1.105685360015487220e+02 1.230012087936401315e+02
1.944232409159888846e+02 1.105685360015487220e+02 1.230012087936401315e+02
1.944462301514901412e+02 1.105451001117375256e+02 1.230012744518518417e+02
1.944692193869913694e+02 1.105216642219263150e+02 1.230013401100635519e+02
1.944922086224926261e+02 1.104982283321151186e+02 1.230014057682752622e+02
1.945151978579938827e+02 1.104747924423039223e+02 1.230014714264869582e+02
1.945381870934951394e+02 1.104513565524927259e+02 1.230015370846986684e+02
1.945611763289963676e+02 1.104279206626815153e+02 1.230016027429103787e+02
1.945841655644976242e+02 1.104044847728703189e+02 1.230016684011220889e+02
1.946071547999988809e+02 1.103810488830591225e+02 1.230017340593337991e+02
1.946301440355001375e+02 1.103576129932479262e+02 1.230017997175455093e+02
1.946531332710013658e+02 1.103341771034367156e+02 1.230018653757572054e+02
1.946761225065026224e+02 1.103107412136255192e+02 1.230019310339689156e+02
1.946991117420038790e+02 1.102873053238143228e+02 1.230019966921806258e+02
1.947221009775051357e+02 1.102638694340031265e+02 1.230020623503923360e+02
1.947450902130063639e+02 1.102404335441919159e+02 1.230021280086040463e+02
1.947680794485076206e+02 1.102169976543807195e+02 1.230021936668157565e+02
1.947910686840088772e+02 1.101935617645695231e+02 1.230022593250274525e+02
1.948140579195101338e+02 1.101701258747583267e+02 1.230023249832391627e+02
1.948370471550113621e+02 1.101466899849471162e+02 1.230023906414508730e+02
1.948600363905126187e+02 1.101232540951359198e+02 1.230024562996625832e+02
1.948600363905126187e+02 1.101232540951359198e+02 1.230024562996625832e+02
1.948825662059130366e+02 1.101002865514278142e+02 1.230025206457513889e+02
1.949050960213134545e+02 1.100773190077197228e+02 1.230025849918402088e+02
1.949276258367138723e+02 1.100543514640116172e+02 1.230026493379290287e+02
1.949501556521142902e+02 1.100313839203035116e+02 1.230027136840178343e+02
1.949726854675146797e+02 1.100084163765954059e+02 1.230027780301066400e+02
1.949952152829150975e+02 1.099854488328873146e+02 1.230028423761954599e+02
1.950177450983155154e+02 1.099624812891792089e+02 1.230029067222842798e+02
1.950402749137159333e+02 1.099395137454711033e+02 1.230029710683730855e+02
1.950628047291163512e+02 1.099165462017629977e+02 1.230030354144618912e+02
1.950853345445167690e+02 1.098935786580549063e+02 1.230030997605507110e+02
1.951078643599171869e+02 1.098706111143468007e+02 1.230031641066395309e+02
1.951303941753176048e+02 1.098476435706386951e+02 1.230032284527283366e+02
1.951529239907180227e+02 1.098246760269306037e+02 1.230032927988171423e+02
1.951754538061184121e+02 1.098017084832224981e+02 1.230033571449059622e+02
1.951979836215188300e+02 1.097787409395143925e+02 1.230034214909947821e+02
1.952205134369192479e+02 1.097557733958062869e+02 1.230034858370835877e+02
1.952430432523196657e+02 1.097328058520981955e+02 1.230035501831723934e+02
1.952655730677200836e+02 1.097098383083900899e+02 1.230036145292612133e+02
1.952881028831205015e+02 1.096868707646819843e+02 1.230036788753500332e+02
1.953106326985209193e+02 1.096639032209738787e+02 1.230037432214388389e+02
1.953331625139213372e+02 1.096409356772657873e+02 1.230038075675276446e+02
1.953556923293217267e+02 1.096179681335576817e+02 1.230038719136164644e+02
1.953782221447221445e+02 1.095950005898495760e+02 1.230039362597052843e+02
1.954007519601225624e+02 1.095720330461414704e+02 1.230040006057940900e+02
1.954232817755229803e+02 1.095490655024333790e+02 1.230040649518828957e+02
1.954458115909233982e+02 1.095260979587252734e+02 1.230041292979717156e+02
1.954458115909233982e+02 1.095260979587252734e+02 1.230041292979717156e+02
1.954414031882664631e+02 1.094950238324096574e+02 1.230038154295512527e+02
1.954369947856095564e+02 1.094639497060940414e+02 1.230035015611307898e+02
1.954325863829526213e+02 1.094328755797784254e+02 1.230031876927103269e+02
1.954281779802956862e+02 1.094018014534628094e+02 1.230028738242898640e+02
1.954237695776387795e+02 1.093707273271471934e+02 1.230025599558693870e+02
1.954193611749818444e+02 1.093396532008315774e+02 1.230022460874489241e+02
1.954149527723249093e+02 1.093085790745159613e+02 1.230019322190284612e+02
1.954105443696680027e+02 1.092775049482003453e+02 1.230016183506079983e+02
1.954061359670110676e+02 1.092464308218847435e+02 1.230013044821875354e+02
1.954017275643541325e+02 1.092153566955691275e+02 1.230009906137670725e+02
1.953973191616971974e+02 1.091842825692535115e+02 1.230006767453466097e+02
1.953929107590402907e+02 1.091532084429378955e+02 1.230003628769261468e+02
1.953885023563833556e+02 1.091221343166222795e+02 1.230000490085056839e+02
1.953840939537264205e+02 1.090910601903066635e+02 1.229997351400852068e+02
1.953796855510695138e+02 1.090599860639910474e+02 1.229994212716647439e+02
1.953752771484125788e+02 1.090289119376754314e+02 1.229991074032442810e+02
1.953708687457556437e+02 1.089978378113598154e+02 1.229987935348238182e+02
1.953664603430987370e+02 1.089667636850441994e+02 1.229984796664033553e+02
1.953620519404418019e+02 1.089356895587285834e+02 1.229981657979828924e+02
1.953576435377848668e+02 1.089046154324129674e+02 1.229978519295624295e+02
1.953532351351279601e+02 1.088735413060973514e+02 1.229975380611419666e+02
1.953488267324710250e+02 1.088424671797817354e+02 1.229972241927214895e+02
1.953444183298140899e+02 1.088113930534661193e+02 1.229969103243010267e+02
1.953400099271571833e+02 1.087803189271505033e+02 1.229965964558805638e+02
1.953356015245002482e+02 1.087492448008348873e+02 1.229962825874601009e+02
1.953311931218433131e+02 1.087181706745192713e+02 1.229959687190396380e+02
1.953267847191863780e+02 1.086870965482036695e+02 1.229956548506191751e+02
1.953223763165294713e+02 1.086560224218880535e+02 1.229953409821987123e+02
1.953179679138725362e+02 1.086249482955724375e+02 1.229950271137782494e+02
1.953135595112156011e+02 1.085938741692568215e+02 1.229947132453577865e+02
1.953091511085586944e+02 1.085628000429412054e+02 1.229943993769373094e+02
1.953047427059017593e+02 1.085317259166255894e+02 1.229940855085168465e+02
1.953003343032448242e+02 1.085006517903099734e+02 1.229937716400963836e+02
1.952959259005879176e+02 1.084695776639943574e+02 1.229934577716759208e+02
1.952915174979309825e+02 1.084385035376787414e+02 1.229931439032554579e+02
1.952915174979309825e+02 1.084385035376787414e+02 1.229931439032554579e+02
1.952830280112090122e+02 1.084198910984328990e+02 1.229696619747877122e+02
1.952745385244870704e+02 1.084012786591870707e+02 1.229461800463199523e+02
1.952660490377651001e+02 1.083826662199412283e+02 1.229226981178522067e+02
1.952575595510431299e+02 1.083640537806954001e+02 1.228992161893844610e+02
1.952490700643211596e+02 1.083454413414495576e+02 1.228757342609167011e+02
1.952405805775992178e+02 1.083268289022037294e+02 1.228522523324489555e+02
1.952320910908772476e+02 1.083082164629578870e+02 1.228287704039812098e+02
1.952236016041552773e+02 1.082896040237120587e+02 1.228052884755134500e+02
1.952151121174333070e+02 1.082709915844662163e+02 1.227818065470457043e+02
1.952066226307113652e+02 1.082523791452203739e+02 1.227583246185779586e+02
1.951981331439893950e+02 1.082337667059745456e+02 1.227348426901101988e+02
1.951896436572674247e+02 1.082151542667287032e+02 1.227113607616424531e+02
1.951811541705454829e+02 1.081965418274828750e+02 1.226878788331747074e+02
1.951726646838235126e+02 1.081779293882370325e+02 1.226643969047069476e+02
1.951641751971015424e+02 1.081593169489912043e+02 1.226409149762392019e+02
1.951556857103795721e+02 1.081407045097453619e+02 1.226174330477714420e+02
1.951471962236576303e+02 1.081220920704995336e+02 1.225939511193036964e+02
1.951387067369356600e+02 1.081034796312536912e+02 1.225704691908359507e+02
1.951302172502136898e+02 1.080848671920078630e+02 1.225469872623681908e+02
1.951217277634917480e+02 1.080662547527620205e+02 1.225235053339004452e+02
1.951132382767697777e+02 1.080476423135161781e+02 1.225000234054326995e+02
1.951047487900478075e+02 1.080290298742703499e+02 1.224765414769649396e+02
1.950962593033258372e+02 1.080104174350245074e+02 1.224530595484971940e+02
1.950877698166038954e+02 1.079918049957786792e+02 1.224295776200294483e+02
1.950792803298819251e+02 1.079731925565328368e+02 1.224060956915616885e+02
1.950707908431599549e+02 1.079545801172870085e+02 1.223826137630939428e+02
1.950623013564379846e+02 1.079359676780411661e+02 1.223591318346261971e+02
1.950538118697160428e+02 1.079173552387953379e+02 1.223356499061584373e+02
1.950453223829940725e+02 1.078987427995494954e+02 1.223121679776906916e+02
1.950453223829940725e+02 1.078987427995494954e+02 1.223121679776906916e+02
1.950439587756792434e+02 1.078882199360137122e+02 1.222823853946924118e+02
1.950425951683644143e+02 1.078776970724779432e+02 1.222526028116941461e+02
1.950412315610496137e+02 1.078671742089421599e+02 1.222228202286958663e+02
1.950398679537347846e+02 1.078566513454063909e+02 1.221930376456975864e+02
1.950385043464199555e+02 1.078461284818706076e+02 1.221632550626993066e+02
1.950371407391051264e+02 1.078356056183348386e+02 1.221334724797010409e+02
1.950357771317902973e+02 1.078250827547990554e+02 1.221036898967027611e+02
1.950344135244754966e+02 1.078145598912632863e+02 1.220739073137044812e+02
1.950330499171606675e+02 1.078040370277275031e+02 1.220441247307062156e+02
1.950316863098458384e+02 1.077935141641917340e+02 1.220143421477079357e+02
1.950303227025310093e+02 1.077829913006559508e+02 1.219845595647096559e+02
1.950289590952161802e+02 1.077724684371201818e+02 1.219547769817113760e+02
1.950275954879013796e+02 1.077619455735843985e+02 1.219249943987131104e+02
1.950262318805865505e+02 1.077514227100486295e+02 1.218952118157148305e+02
1.950248682732717214e+02 1.077408998465128462e+02 1.218654292327165507e+02
1.950235046659568923e+02 1.077303769829770772e+02 1.218356466497182851e+02
1.950221410586420632e+02 1.077198541194412940e+02 1.218058640667200052e+02
1.950207774513272625e+02 1.077093312559055249e+02 1.217760814837217254e+02
1.950194138440124334e+02 1.076988083923697417e+02 1.217462989007234455e+02
1.950180502366976043e+02 1.076882855288339726e+02 1.217165163177251799e+02
1.950166866293827752e+02 1.076777626652981894e+02 1.216867337347269000e+02
1.950153230220679461e+02 1.076672398017624204e+02 1.216569511517286202e+02
1.950139594147531454e+02 1.076567169382266371e+02 1.216271685687303545e+02
1.950125958074383163e+02 1.076461940746908681e+02 1.215973859857320747e+02
1.950112322001234872e+02 1.076356712111550848e+02 1.215676034027337948e+02
1.950098685928086581e+02 1.076251483476193158e+02 1.215378208197355150e+02
1.950085049854938291e+02 1.076146254840835326e+02 1.215080382367372493e+02
1.950071413781790284e+02 1.076041026205477635e+02 1.214782556537389695e+02
1.950057777708641993e+02 1.075935797570119803e+02 1.214484730707406896e+02
1.950044141635493702e+02 1.075830568934762113e+02 1.214186904877424240e+02
1.950030505562345411e+02 1.075725340299404280e+02 1.213889079047441442e+02
1.950016869489197120e+02 1.075620111664046590e+02 1.213591253217458643e+02
1.950003233416049113e+02 1.075514883028688757e+02 1.213293427387475845e+02
1.949989597342900822e+02 1.075409654393331067e+02 1.212995601557493188e+02
1.949975961269752531e+02 1.075304425757973235e+02 1.212697775727510390e+02
1.949975961269752531e+02 1.075304425757973235e+02 1.212697775727510390e+02
1.950140679369042402e+02 1.075156460159091978e+02 1.212474534731109941e+02
1.950305397468332558e+02 1.075008494560210863e+02 1.212251293734709350e+02
1.950470115567622429e+02 1.074860528961329607e+02 1.212028052738308901e+02
1.950634833666912584e+02 1.074712563362448350e+02 1.211804811741908310e+02
1.950799551766202455e+02 1.074564597763567093e+02 1.211581570745507861e+02
1.950964269865492611e+02 1.074416632164685979e+02 1.211358329749107270e+02
1.951128987964782482e+02 1.074268666565804722e+02 1.211135088752706821e+02
1.951293706064072353e+02 1.074120700966923465e+02 1.210911847756306230e+02
1.951458424163362508e+02 1.073972735368042351e+02 1.210688606759905781e+02
1.951623142262652379e+02 1.073824769769161094e+02 1.210465365763505190e+02
1.951787860361942535e+02 1.073676804170279837e+02 1.210242124767104741e+02
1.951952578461232406e+02 1.073528838571398580e+02 1.210018883770704292e+02
1.952117296560522277e+02 1.073380872972517466e+02 1.209795642774303701e+02
1.952282014659812432e+02 1.073232907373636209e+02 1.209572401777903252e+02
1.952446732759102304e+02 1.073084941774754952e+02 1.209349160781502661e+02
1.952611450858392459e+02 1.072936976175873838e+02 1.209125919785102212e+02
1.952776168957682330e+02 1.072789010576992581e+02 1.208902678788701621e+02
1.952940887056972201e+02 1.072641044978111324e+02 1.208679437792301172e+02
1.953105605156262357e+02 1.072493079379230210e+02 1.208456196795900581e+02
1.953270323255552228e+02 1.072345113780348953e+02 1.208232955799500132e+02
1.953435041354842383e+02 1.072197148181467696e+02 1.208009714803099541e+02
1.953599759454132254e+02 1.072049182582586440e+02 1.207786473806699092e+02
1.953764477553422410e+02 1.071901216983705325e+02 1.207563232810298501e+02
1.953929195652712281e+02 1.071753251384824068e+02 1.207339991813898052e+02
1.953929195652712281e+02 1.071753251384824068e+02 1.207339991813898052e+02
1.954212628902121480e+02 1.071618126774504418e+02 1.207350673831105183e+02
1.954496062151530680e+02 1.071483002164184910e+02 1.207361355848312314e+02
1.954779495400939595e+02 1.071347877553865260e+02 1.207372037865519445e+02
1.955062928650348795e+02 1.071212752943545752e+02 1.207382719882726576e+02
1.955346361899757994e+02 1.071077628333226102e+02 1.207393401899933707e+02
1.955629795149167194e+02 1.070942503722906451e+02 1.207404083917140838e+02
1.955913228398576393e+02 1.070807379112586943e+02 1.207414765934348111e+02
1.956196661647985309e+02 1.070672254502267293e+02 1.207425447951555242e+02
1.956480094897394508e+02 1.070537129891947785e+02 1.207436129968762373e+02
1.956763528146803708e+02 1.070402005281628135e+02 1.207446811985969504e+02
1.957046961396212907e+02 1.070266880671308627e+02 1.207457494003176635e+02
1.957330394645621823e+02 1.070131756060988977e+02 1.207468176020383765e+02
1.957613827895031022e+02 1.069996631450669327e+02 1.207478858037590896e+02
1.957897261144440222e+02 1.069861506840349819e+02 1.207489540054798027e+02
1.958180694393849421e+02 1.069726382230030168e+02 1.207500222072005158e+02
1.958464127643258621e+02 1.069591257619710660e+02 1.207510904089212289e+02
1.958747560892667536e+02 1.069456133009391010e+02 1.207521586106419420e+02
1.959030994142076736e+02 1.069321008399071502e+02 1.207532268123626693e+02
1.959314427391485935e+02 1.069185883788751852e+02 1.207542950140833824e+02
1.959597860640895135e+02 1.069050759178432202e+02 1.207553632158040955e+02
1.959881293890304335e+02 1.068915634568112694e+02 1.207564314175248086e+02
1.960164727139713250e+02 1.068780509957793043e+02 1.207574996192455217e+02
1.960448160389122449e+02 1.068645385347473535e+02 1.207585678209662348e+02
1.960731593638531649e+02 1.068510260737153885e+02 1.207596360226869479e+02
1.960731593638531649e+02 1.068510260737153885e+02 1.207596360226869479e+02
1.960874557465772909e+02 1.068344815304029964e+02 1.207819343869777668e+02
1.961017521293014170e+02 1.068179369870906186e+02 1.208042327512686001e+02
1.961160485120255714e+02 1.068013924437782265e+02 1.208265311155594190e+02
1.961303448947496975e+02 1.067848479004658344e+02 1.208488294798502523e+02
1.961446412774738235e+02 1.067683033571534423e+02 1.208711278441410713e+02
1.961589376601979495e+02 1.067517588138410645e+02 1.208934262084318902e+02
1.961732340429220756e+02 1.067352142705286724e+02 1.209157245727227235e+02
1.961875304256462300e+02 1.067186697272162803e+02 1.209380229370135424e+02
1.962018268083703560e+02 1.067021251839038882e+02 1.209603213013043614e+02
1.962161231910944821e+02 1.066855806405915104e+02 1.209826196655951946e+02
1.962304195738186081e+02 1.066690360972791183e+02 1.210049180298860136e+02
1.962447159565427341e+02 1.066524915539667262e+02 1.210272163941768468e+02
1.962590123392668602e+02 1.066359470106543483e+02 1.210495147584676658e+02
1.962733087219910146e+02 1.066194024673419563e+02 1.210718131227584848e+02
1.962876051047151407e+02 1.066028579240295642e+02 1.210941114870493180e+02
1.963019014874392667e+02 1.065863133807171721e+02 1.211164098513401370e+02
1.963161978701633927e+02 1.065697688374047942e+02 1.211387082156309702e+02
1.963304942528875188e+02 1.065532242940924021e+02 1.211610065799217892e+02
1.963447906356116732e+02 1.065366797507800101e+02 1.211833049442126082e+02
1.963590870183357993e+02 1.065201352074676180e+02 1.212056033085034414e+02
1.963733834010599253e+02 1.065035906641552401e+02 1.212279016727942604e+02
1.963876797837840513e+02 1.064870461208428480e+02 1.212502000370850794e+02
1.964019761665081774e+02 1.064705015775304560e+02 1.212724984013759126e+02
1.964162725492323318e+02 1.064539570342180639e+02 1.212947967656667316e+02
1.964305689319564578e+02 1.064374124909056860e+02 1.213170951299575648e+02
1.964448653146805839e+02 1.064208679475932939e+02 1.213393934942483838e+02
1.964448653146805839e+02 1.064208679475932939e+02 1.213393934942483838e+02
1.964678322360398397e+02 1.064064975907879358e+02 1.213561492253243870e+02
1.964907991573990955e+02 1.063921272339825634e+02 1.213729049564003901e+02
1.965137660787583513e+02 1.063777568771772053e+02 1.213896606874763933e+02
1.965367330001176356e+02 1.063633865203718472e+02 1.214064164185523964e+02
1.965596999214768914e+02 1.063490161635664748e+02 1.214231721496283996e+02
1.965826668428361472e+02 1.063346458067611167e+02 1.214399278807044027e+02
1.966056337641954030e+02 1.063202754499557585e+02 1.214566836117803916e+02
1.966286006855546589e+02 1.063059050931503862e+02 1.214734393428563948e+02
1.966515676069139431e+02 1.062915347363450280e+02 1.214901950739323979e+02
1.966745345282731989e+02 1.062771643795396699e+02 1.215069508050084011e+02
1.966975014496324548e+02 1.062627940227342975e+02 1.215237065360844042e+02
1.967204683709917106e+02 1.062484236659289394e+02 1.215404622671604074e+02
1.967434352923509664e+02 1.062340533091235812e+02 1.215572179982364105e+02
1.967664022137102222e+02 1.062196829523182089e+02 1.215739737293124136e+02
1.967893691350694780e+02 1.062053125955128507e+02 1.215907294603884168e+02
1.968123360564287623e+02 1.061909422387074926e+02 1.216074851914644199e+02
1.968353029777880181e+02 1.061765718819021203e+02 1.216242409225404231e+02
1.968582698991472739e+02 1.061622015250967621e+02 1.216409966536164120e+02
1.968812368205065297e+02 1.061478311682914040e+02 1.216577523846924151e+02
1.969042037418657856e+02 1.061334608114860316e+02 1.216745081157684183e+02
1.969271706632250698e+02 1.061190904546806735e+02 1.216912638468444214e+02
1.969501375845843256e+02 1.061047200978753153e+02 1.217080195779204246e+02
1.969731045059435814e+02 1.060903497410699430e+02 1.217247753089964277e+02
1.969960714273028373e+02 1.060759793842645848e+02 1.217415310400724309e+02
1.969960714273028373e+02 1.060759793842645848e+02 1.217415310400724309e+02
1.970190515193506258e+02 1.060616007865857284e+02 1.217582963799467279e+02
1.970420316113984143e+02 1.060472221889068720e+02 1.217750617198210392e+02
1.970650117034461744e+02 1.060328435912280156e+02 1.217918270596953505e+02
1.970879917954939629e+02 1.060184649935491592e+02 1.218085923995696476e+02
1.971109718875417514e+02 1.060040863958703028e+02 1.218253577394439446e+02
1.971339519795895399e+02 1.059897077981914464e+02 1.218421230793182559e+02
1.971569320716372999e+02 1.059753292005126042e+02 1.218588884191925672e+02
1.971799121636850884e+02 1.059609506028337478e+02 1.218756537590668643e+02
1.972028922557328769e+02 1.059465720051548914e+02 1.218924190989411613e+02
1.972258723477806655e+02 1.059321934074760350e+02 1.219091844388154726e+02
1.972488524398284255e+02 1.059178148097971786e+02 1.219259497786897839e+02
1.972718325318762140e+02 1.059034362121183221e+02 1.219427151185640810e+02
1.972948126239240025e+02 1.058890576144394657e+02 1.219594804584383780e+02
1.973177927159717910e+02 1.058746790167606093e+02 1.219762457983126893e+02
1.973407728080195795e+02 1.058603004190817529e+02 1.219930111381870006e+02
1.973637529000673396e+02 1.058459218214028965e+02 1.220097764780612977e+02
1.973867329921151281e+02 1.058315432237240401e+02 1.220265418179355947e+02
1.974097130841629166e+02 1.058171646260451837e+02 1.220433071578099060e+02
1.974326931762107051e+02 1.058027860283663273e+02 1.220600724976842173e+02
1.974556732682584652e+02 1.057884074306874851e+02 1.220768378375585144e+02
1.974786533603062537e+02 1.057740288330086287e+02 1.220936031774328114e+02
1.975016334523540422e+02 1.057596502353297723e+02 1.221103685173071227e+02
1.975246135444018307e+02 1.057452716376509159e+02 1.221271338571814340e+02
1.975475936364495908e+02 1.057308930399720595e+02 1.221438991970557311e+02
1.975705737284973793e+02 1.057165144422932030e+02 1.221606645369300281e+02
1.975935538205451678e+02 1.057021358446143466e+02 1.221774298768043394e+02
1.975935538205451678e+02 1.057021358446143466e+02 1.221774298768043394e+02
1.976193564619212282e+02 1.056888191858549675e+02 1.221897278723947409e+02
1.976451591032972885e+02 1.056755025270955883e+02 1.222020258679851281e+02
1.976709617446733489e+02 1.056621858683362234e+02 1.222143238635755296e+02
1.976967643860494093e+02 1.056488692095768442e+02 1.222266218591659168e+02
1.977225670274254696e+02 1.056355525508174651e+02 1.222389198547563183e+02
1.977483696688015300e+02 1.056222358920580859e+02 1.222512178503467055e+02
1.977741723101775904e+02 1.056089192332987068e+02 1.222635158459371070e+02
1.977999749515536507e+02 1.055956025745393418e+02 1.222758138415274942e+02
1.978257775929297111e+02 1.055822859157799627e+02 1.222881118371178957e+02
1.978515802343057715e+02 1.055689692570205835e+02 1.223004098327082829e+02
1.978773828756818318e+02 1.055556525982612044e+02 1.223127078282986844e+02
1.979031855170578922e+02 1.055423359395018252e+02 1.223250058238890716e+02
1.979289881584339525e+02 1.055290192807424603e+02 1.223373038194794731e+02
1.979547907998100129e+02 1.055157026219830811e+02 1.223496018150698603e+02
1.979805934411860733e+02 1.055023859632237020e+02 1.223618998106602618e+02
1.980063960825621052e+02 1.054890693044643228e+02 1.223741978062506490e+02
1.980321987239381656e+02 1.054757526457049437e+02 1.223864958018410505e+02
1.980580013653142259e+02 1.054624359869455645e+02 1.223987937974314377e+02
1.980838040066902863e+02 1.054491193281861996e+02 1.224110917930218392e+02
1.981096066480663467e+02 1.054358026694268204e+02 1.224233897886122264e+02
1.981354092894424070e+02 1.054224860106674413e+02 1.224356877842026279e+02
1.981612119308184674e+02 1.054091693519080621e+02 1.224479857797930151e+02
1.981870145721945278e+02 1.053958526931486830e+02 1.224602837753834166e+02
1.982128172135705881e+02 1.053825360343893180e+02 1.224725817709738038e+02
1.982386198549466485e+02 1.053692193756299389e+02 1.224848797665642053e+02
1.982644224963227089e+02 1.053559027168705597e+02 1.224971777621545925e+02
1.982902251376987692e+02 1.053425860581111806e+02 1.225094757577449940e+02
1.983160277790748296e+02 1.053292693993518014e+02 1.225217737533353812e+02
1.983418304204508900e+02 1.053159527405924365e+02 1.225340717489257827e+02
1.983676330618269503e+02 1.053026360818330573e+02 1.225463697445161699e+02
1.983934357032030107e+02 1.052893194230736782e+02 1.225586677401065714e+02
1.983934357032030107e+02 1.052893194230736782e+02 1.225586677401065714e+02
1.984243586333120106e+02 1.052873641643352300e+02 1.225492787033369098e+02
1.984552815634210106e+02 1.052854089055967677e+02 1.225398896665672339e+02
1.984862044935300105e+02 1.052834536468583195e+02 1.225305006297975723e+02
1.985171274236390104e+02 1.052814983881198572e+02 1.225211115930278964e+02
1.985480503537480104e+02 1.052795431293814090e+02 1.225117225562582348e+02
1.985789732838570103e+02 1.052775878706429467e+02 1.225023335194885590e+02
1.986098962139660387e+02 1.052756326119044985e+02 1.224929444827188973e+02
1.986408191440750386e+02 1.052736773531660361e+02 1.224835554459492215e+02
1.986717420741840385e+02 1.052717220944275880e+02 1.224741664091795599e+02
1.987026650042930385e+02 1.052697668356891256e+02 1.224647773724098840e+02
1.987335879344020384e+02 1.052678115769506775e+02 1.224553883356402224e+02
1.987645108645110383e+02 1.052658563182122293e+02 1.224459992988705608e+02
1.987954337946200383e+02 1.052639010594737670e+02 1.224366102621008849e+02
1.988263567247290382e+02 1.052619458007353188e+02 1.224272212253312233e+02
1.988572796548380381e+02 1.052599905419968565e+02 1.224178321885615475e+02
1.988882025849470381e+02 1.052580352832584083e+02 1.224084431517918858e+02
1.989191255150560380e+02 1.052560800245199459e+02 1.223990541150222100e+02
1.989500484451650664e+02 1.052541247657814978e+02 1.223896650782525484e+02
1.989809713752740663e+02 1.052521695070430354e+02 1.223802760414828725e+02
1.990118943053830662e+02 1.052502142483045873e+02 1.223708870047132109e+02
1.990428172354920662e+02 1.052482589895661249e+02 1.223614979679435351e+02
1.990737401656010661e+02 1.052463037308276768e+02 1.223521089311738734e+02
1.991046630957100660e+02 1.052443484720892144e+02 1.223427198944041976e+02
1.991355860258190660e+02 1.052423932133507662e+02 1.223333308576345360e+02
1.991355860258190660e+02 1.052423932133507662e+02 1.223333308576345360e+02
1.991527642385932211e+02 1.052657283846000382e+02 1.223201522803075818e+02
1.991699424513673762e+02 1.052890635558493244e+02 1.223069737029806134e+02
1.991871206641415313e+02 1.053123987270985964e+02 1.222937951256536593e+02
1.992042988769157148e+02 1.053357338983478684e+02 1.222806165483267051e+02
1.992214770896898699e+02 1.053590690695971546e+02 1.222674379709997368e+02
1.992386553024640250e+02 1.053824042408464265e+02 1.222542593936727826e+02
1.992558335152381801e+02 1.054057394120956985e+02 1.222410808163458285e+02
1.992730117280123352e+02 1.054290745833449847e+02 1.222279022390188601e+02
1.992901899407864903e+02 1.054524097545942567e+02 1.222147236616919059e+02
1.993073681535606454e+02 1.054757449258435287e+02 1.222015450843649376e+02
1.993245463663348005e+02 1.054990800970928149e+02 1.221883665070379834e+02
1.993417245791089840e+02 1.055224152683420868e+02 1.221751879297110293e+02
1.993589027918831391e+02 1.055457504395913588e+02 1.221620093523840609e+02
1.993760810046572942e+02 1.055690856108406450e+02 1.221488307750571067e+02
1.993932592174314493e+02 1.055924207820899170e+02 1.221356521977301526e+02
1.994104374302056044e+02 1.056157559533391890e+02 1.221224736204031842e+02
1.994276156429797595e+02 1.056390911245884610e+02 1.221092950430762301e+02
1.994447938557539146e+02 1.056624262958377471e+02 1.220961164657492759e+02
1.994619720685280697e+02 1.056857614670870191e+02 1.220829378884223075e+02
1.994791502813022532e+02 1.057090966383362911e+02 1.220697593110953534e+02
1.994963284940764083e+02 1.057324318095855773e+02 1.220565807337683992e+02
1.995135067068505634e+02 1.057557669808348493e+02 1.220434021564414309e+02
1.995306849196247185e+02 1.057791021520841213e+02 1.220302235791144767e+02
1.995478631323988736e+02 1.058024373233334074e+02 1.220170450017875083e+02
1.995650413451730287e+02 1.058257724945826794e+02 1.220038664244605542e+02
1.995822195579471838e+02 1.058491076658319514e+02 1.219906878471336000e+02
1.995993977707213389e+02 1.058724428370812376e+02 1.219775092698066317e+02
1.996165759834955225e+02 1.058957780083305096e+02 1.219643306924796775e+02
1.996337541962696775e+02 1.059191131795797816e+02 1.219511521151527234e+02
1.996509324090438326e+02 1.059424483508290677e+02 1.219379735378257550e+02
1.996681106218179877e+02 1.059657835220783397e+02 1.219247949604988008e+02
1.996681106218179877e+02 1.059657835220783397e+02 1.219247949604988008e+02
1.996992518946244104e+02 1.059638144575179410e+02 1.219153396289890310e+02
1.997303931674308615e+02 1.059618453929575423e+02 1.219058842974792753e+02
1.997615344402372841e+02 1.059598763283971437e+02 1.218964289659695055e+02
1.997926757130437068e+02 1.059579072638367450e+02 1.218869736344597499e+02
1.998238169858501578e+02 1.059559381992763463e+02 1.218775183029499800e+02
1.998549582586565805e+02 1.059539691347159334e+02 1.218680629714402244e+02
1.998860995314630316e+02 1.059520000701555347e+02 1.218586076399304545e+02
1.999172408042694542e+02 1.059500310055951360e+02 1.218491523084206989e+02
1.999483820770758769e+02 1.059480619410347373e+02 1.218396969769109290e+02
1.999795233498823279e+02 1.059460928764743386e+02 1.218302416454011734e+02
2.000106646226887506e+02 1.059441238119139399e+02 1.218207863138914036e+02
2.000418058954951732e+02 1.059421547473535412e+02 1.218113309823816337e+02
2.000729471683016243e+02 1.059401856827931425e+02 1.218018756508718781e+02
2.001040884411080469e+02 1.059382166182327438e+02 1.217924203193621082e+02
2.001352297139144696e+02 1.059362475536723451e+02 1.217829649878523526e+02
2.001663709867209207e+02 1.059342784891119464e+02 1.217735096563425827e+02
2.001975122595273433e+02 1.059323094245515335e+02 1.217640543248328271e+02
2.002286535323337944e+02 1.059303403599911348e+02 1.217545989933230572e+02
2.002597948051402170e+02 1.059283712954307362e+02 1.217451436618133016e+02
2.002909360779466397e+02 1.059264022308703375e+02 1.217356883303035318e+02
2.003220773507530907e+02 1.059244331663099388e+02 1.217262329987937761e+02
2.003532186235595134e+02 1.059224641017495401e+02 1.217167776672840063e+02
2.003532186235595134e+02 1.059224641017495401e+02 1.217167776672840063e+02
2.003836145056761211e+02 1.059205421682874828e+02 1.217075486565197195e+02
2.004140103877927288e+02 1.059186202348254113e+02 1.216983196457554328e+02
2.004444062699093649e+02 1.059166983013633541e+02 1.216890906349911319e+02
2.004748021520259726e+02 1.059147763679012826e+02 1.216798616242268452e+02
2.005051980341425804e+02 1.059128544344392253e+02 1.216706326134625584e+02
2.005355939162591881e+02 1.059109325009771680e+02 1.216614036026982717e+02
2.005659897983757958e+02 1.059090105675150966e+02 1.216521745919339708e+02
2.005963856804924035e+02 1.059070886340530393e+02 1.216429455811696840e+02
2.006267815626090396e+02 1.059051667005909678e+02 1.216337165704053973e+02
2.006571774447256473e+02 1.059032447671289106e+02 1.216244875596411106e+02
2.006875733268422550e+02 1.059013228336668391e+02 1.216152585488768096e+02
2.007179692089588627e+02 1.058994009002047818e+02 1.216060295381125229e+02
2.007483650910754704e+02 1.058974789667427245e+02 1.215968005273482362e+02
2.007787609731920782e+02 1.058955570332806531e+02 1.215875715165839495e+02
2.008091568553087143e+02 1.058936350998185958e+02 1.215783425058196485e+02
2.008395527374253220e+02 1.058917131663565243e+02 1.215691134950553618e+02
2.008699486195419297e+02 1.058897912328944670e+02 1.215598844842910751e+02
2.008699486195419297e+02 1.058897912328944670e+02 1.215598844842910751e+02
2.008888127840808409e+02 1.058697945827816653e+02 1.215406142955571340e+02
2.009076769486197520e+02 1.058497979326688778e+02 1.215213441068232072e+02
2.009265411131586632e+02 1.058298012825560761e+02 1.215020739180892662e+02
2.009454052776975459e+02 1.058098046324432744e+02 1.214828037293553393e+02
2.009642694422364571e+02 1.057898079823304869e+02 1.214635335406213983e+02
2.009831336067753682e+02 1.057698113322176852e+02 1.214442633518874572e+02
2.010019977713142794e+02 1.057498146821048977e+02 1.214249931631535304e+02
2.010208619358531905e+02 1.057298180319920959e+02 1.214057229744195894e+02
2.010397261003921017e+02 1.057098213818792942e+02 1.213864527856856483e+02
2.010585902649310128e+02 1.056898247317665067e+02 1.213671825969517215e+02
2.010774544294699240e+02 1.056698280816537050e+02 1.213479124082177805e+02
2.010963185940088351e+02 1.056498314315409175e+02 1.213286422194838394e+02
2.011151827585477179e+02 1.056298347814281158e+02 1.213093720307499126e+02
2.011340469230866290e+02 1.056098381313153141e+02 1.212901018420159716e+02
2.011529110876255402e+02 1.055898414812025266e+02 1.212708316532820447e+02
2.011717752521644513e+02 1.055698448310897248e+02 1.212515614645481037e+02
2.011717752521644513e+02 1.055698448310897248e+02 1.212515614645481037e+02
2.011901598978733432e+02 1.055503564870960105e+02 1.212327811156020374e+02
2.012085445435822066e+02 1.055308681431022961e+02 1.212140007666559711e+02
2.012269291892910985e+02 1.055113797991085818e+02 1.211952204177099048e+02
2.012453138349999904e+02 1.054918914551148674e+02 1.211764400687638386e+02
2.012636984807088538e+02 1.054724031111211531e+02 1.211576597198177723e+02
2.012820831264177457e+02 1.054529147671274387e+02 1.211388793708717060e+02
2.013004677721266376e+02 1.054334264231337244e+02 1.211200990219256397e+02
2.013188524178355010e+02 1.054139380791400100e+02 1.211013186729795734e+02
2.013372370635443929e+02 1.053944497351463099e+02 1.210825383240335071e+02
2.013556217092532563e+02 1.053749613911525955e+02 1.210637579750874409e+02
2.013740063549621482e+02 1.053554730471588812e+02 1.210449776261413746e+02
2.013923910006710400e+02 1.053359847031651668e+02 1.210261972771953083e+02
2.014107756463799035e+02 1.053164963591714525e+02 1.210074169282492420e+02
2.014291602920887954e+02 1.052970080151777381e+02 1.209886365793031757e+02
2.014475449377976872e+02 1.052775196711840238e+02 1.209698562303571094e+02
2.014659295835065507e+02 1.052580313271903094e+02 1.209510758814110432e+02
2.014843142292154425e+02 1.052385429831965951e+02 1.209322955324649769e+02
2.014843142292154425e+02 1.052385429831965951e+02 1.209322955324649769e+02
2.015157962700165228e+02 1.052295055039392935e+02 1.209242695629820190e+02
2.015472783108176031e+02 1.052204680246819919e+02 1.209162435934990611e+02
2.015787603516186834e+02 1.052114305454246761e+02 1.209082176240161033e+02
2.016102423924197637e+02 1.052023930661673745e+02 1.209001916545331454e+02
2.016417244332208440e+02 1.051933555869100729e+02 1.208921656850501876e+02
2.016732064740219244e+02 1.051843181076527571e+02 1.208841397155672297e+02
2.017046885148230047e+02 1.051752806283954556e+02 1.208761137460842718e+02
2.017361705556240850e+02 1.051662431491381540e+02 1.208680877766012998e+02
2.017676525964251653e+02 1.051572056698808524e+02 1.208600618071183419e+02
2.017991346372262456e+02 1.051481681906235508e+02 1.208520358376353840e+02
2.018306166780273259e+02 1.051391307113662350e+02 1.208440098681524262e+02
2.018620987188284062e+02 1.051300932321089334e+02 1.208359838986694683e+02
2.018935807596294865e+02 1.051210557528516318e+02 1.208279579291865105e+02
2.019250628004305668e+02 1.051120182735943160e+02 1.208199319597035526e+02
2.019565448412316471e+02 1.051029807943370145e+02 1.208119059902205947e+02
2.019880268820327274e+02 1.050939433150797129e+02 1.208038800207376369e+02
