4.879469942769805613e+01 3.366752519793071770e+02 1.235018127645254253e+02
4.882759743884770387e+01 3.366734939033752880e+02 1.235018786545644360e+02
4.886049544999734451e+01 3.366717358274433991e+02 1.235019445446034467e+02
4.889339346114698515e+01 3.366699777515114533e+02 1.235020104346424432e+02
4.892629147229663289e+01 3.366682196755795644e+02 1.235020763246814539e+02
4.895918948344628063e+01 3.366664615996476755e+02 1.235021422147204646e+02
4.899208749459592127e+01 3.366647035237157297e+02 1.235022081047594611e+02
4.902498550574556191e+01 3.366629454477838408e+02 1.235022739947984718e+02
4.905788351689520965e+01 3.366611873718519519e+02 1.235023398848374825e+02
4.909078152804485740e+01 3.366594292959200629e+02 1.235024057748764932e+02
4.912367953919449803e+01 3.366576712199881740e+02 1.235024716649155039e+02
4.915657755034413867e+01 3.366559131440562282e+02 1.235025375549545004e+02
4.918947556149378642e+01 3.366541550681243393e+02 1.235026034449935111e+02
4.922237357264343416e+01 3.366523969921924504e+02 1.235026693350325218e+02
4.925527158379307480e+01 3.366506389162605046e+02 1.235027352250715182e+02
4.928816959494271543e+01 3.366488808403286157e+02 1.235028011151105289e+02
4.932106760609236318e+01 3.366471227643967268e+02 1.235028670051495396e+02
4.935396561724201092e+01 3.366453646884648379e+02 1.235029328951885503e+02
4.938686362839165156e+01 3.366436066125329489e+02 1.235029987852275610e+02
4.941976163954129220e+01 3.366418485366010032e+02 1.235030646752665575e+02
4.945265965069093994e+01 3.366400904606691142e+02 1.235031305653055682e+02
4.948555766184058768e+01 3.366383323847372253e+02 1.235031964553445789e+02
4.951845567299022832e+01 3.366365743088052795e+02 1.235032623453835754e+02
4.955135368413986896e+01 3.366348162328733906e+02 1.235033282354225861e+02
4.958425169528951670e+01 3.366330581569415017e+02 1.235033941254615968e+02
4.958425169528951670e+01 3.366330581569415017e+02 1.235033941254615968e+02
4.961487515146760785e+01 3.366314216336570553e+02 1.235034554598903895e+02
4.964549860764569189e+01 3.366297851103726089e+02 1.235035167943191681e+02
4.967612206382378304e+01 3.366281485870881625e+02 1.235035781287479608e+02
4.970674552000186708e+01 3.366265120638037160e+02 1.235036394631767394e+02
4.973736897617995822e+01 3.366248755405192696e+02 1.235037007976055321e+02
4.976799243235804937e+01 3.366232390172348232e+02 1.235037621320343248e+02
4.979861588853613341e+01 3.366216024939503768e+02 1.235038234664631034e+02
4.982923934471422456e+01 3.366199659706659304e+02 1.235038848008918961e+02
4.985986280089230860e+01 3.366183294473814840e+02 1.235039461353206747e+02
4.989048625707039974e+01 3.366166929240970376e+02 1.235040074697494674e+02
4.992110971324849089e+01 3.366150564008125912e+02 1.235040688041782602e+02
4.995173316942657493e+01 3.366134198775281448e+02 1.235041301386070387e+02
4.998235662560466608e+01 3.366117833542436983e+02 1.235041914730358315e+02
5.001298008178275012e+01 3.366101468309592519e+02 1.235042528074646100e+02
5.004360353796084127e+01 3.366085103076748055e+02 1.235043141418934027e+02
5.007422699413893241e+01 3.366068737843903591e+02 1.235043754763221955e+02
5.010485045031701645e+01 3.366052372611059127e+02 1.235044368107509740e+02
5.013547390649510760e+01 3.366036007378214663e+02 1.235044981451797668e+02
5.016609736267319164e+01 3.366019642145370199e+02 1.235045594796085453e+02
5.019672081885128279e+01 3.366003276912525735e+02 1.235046208140373381e+02
5.022734427502937393e+01 3.365986911679681270e+02 1.235046821484661308e+02
5.025796773120745797e+01 3.365970546446836806e+02 1.235047434828949093e+02
5.028859118738554912e+01 3.365954181213992342e+02 1.235048048173237021e+02
5.031921464356363316e+01 3.365937815981147878e+02 1.235048661517524806e+02
5.034983809974172431e+01 3.365921450748303414e+02 1.235049274861812734e+02
5.034983809974172431e+01 3.365921450748303414e+02 1.235049274861812734e+02
5.038587114278389123e+01 3.366124504676033666e+02 1.235058376369873798e+02
5.042190418582605105e+01 3.366327558603763919e+02 1.235067477877934863e+02
5.045793722886821797e+01 3.366530612531494171e+02 1.235076579385996070e+02
5.049397027191038489e+01 3.366733666459224423e+02 1.235085680894057134e+02
5.053000331495254471e+01 3.366936720386954676e+02 1.235094782402118199e+02
5.056603635799471164e+01 3.367139774314684928e+02 1.235103883910179263e+02
5.060206940103687856e+01 3.367342828242415180e+02 1.235112985418240328e+02
5.063810244407903838e+01 3.367545882170145433e+02 1.235122086926301392e+02
5.067413548712120530e+01 3.367748936097875685e+02 1.235131188434362457e+02
5.071016853016337222e+01 3.367951990025605937e+02 1.235140289942423664e+02
5.074620157320553204e+01 3.368155043953336190e+02 1.235149391450484728e+02
5.078223461624769897e+01 3.368358097881066442e+02 1.235158492958545793e+02
5.081826765928986589e+01 3.368561151808797263e+02 1.235167594466606857e+02
5.085430070233202571e+01 3.368764205736527515e+02 1.235176695974667922e+02
5.089033374537419263e+01 3.368967259664257767e+02 1.235185797482729129e+02
5.092636678841635955e+01 3.369170313591988020e+02 1.235194898990790193e+02
5.096239983145851937e+01 3.369373367519718272e+02 1.235204000498851258e+02
5.099843287450068630e+01 3.369576421447448524e+02 1.235213102006912322e+02
5.103446591754285322e+01 3.369779475375178777e+02 1.235222203514973387e+02
5.107049896058501304e+01 3.369982529302909029e+02 1.235231305023034452e+02
5.110653200362717996e+01 3.370185583230639281e+02 1.235240406531095516e+02
5.114256504666934688e+01 3.370388637158369534e+02 1.235249508039156723e+02
5.117859808971150670e+01 3.370591691086099786e+02 1.235258609547217787e+02
5.121463113275367363e+01 3.370794745013830038e+02 1.235267711055278852e+02
5.121463113275367363e+01 3.370794745013830038e+02 1.235267711055278852e+02
5.123741518394142958e+01 3.370985873460180073e+02 1.235180299140550204e+02
5.126019923512918552e+01 3.371177001906530677e+02 1.235092887225821698e+02
5.128298328631694147e+01 3.371368130352880712e+02 1.235005475311093051e+02
5.130576733750469742e+01 3.371559258799230747e+02 1.234918063396364545e+02
5.132855138869245337e+01 3.371750387245581351e+02 1.234830651481635897e+02
5.135133543988020932e+01 3.371941515691931386e+02 1.234743239566907391e+02
5.137411949106796527e+01 3.372132644138281421e+02 1.234655827652178743e+02
5.139690354225571411e+01 3.372323772584632025e+02 1.234568415737450238e+02
5.141968759344347006e+01 3.372514901030982060e+02 1.234481003822721590e+02
5.144247164463122601e+01 3.372706029477332095e+02 1.234393591907993084e+02
5.146525569581898196e+01 3.372897157923682130e+02 1.234306179993264436e+02
5.148803974700673791e+01 3.373088286370032733e+02 1.234218768078535930e+02
5.151082379819449386e+01 3.373279414816382769e+02 1.234131356163807283e+02
5.153360784938224981e+01 3.373470543262732804e+02 1.234043944249078777e+02
5.155639190057000576e+01 3.373661671709083407e+02 1.233956532334350129e+02
5.157917595175776171e+01 3.373852800155433442e+02 1.233869120419621481e+02
5.160196000294551766e+01 3.374043928601783477e+02 1.233781708504892975e+02
5.162474405413327361e+01 3.374235057048134081e+02 1.233694296590164328e+02
5.164752810532102956e+01 3.374426185494484116e+02 1.233606884675435822e+02
5.167031215650878551e+01 3.374617313940834151e+02 1.233519472760707174e+02
5.169309620769654146e+01 3.374808442387184755e+02 1.233432060845978668e+02
5.171588025888429740e+01 3.374999570833534790e+02 1.233344648931250020e+02
5.173866431007205335e+01 3.375190699279884825e+02 1.233257237016521515e+02
5.176144836125980930e+01 3.375381827726234860e+02 1.233169825101792867e+02
5.178423241244755815e+01 3.375572956172585464e+02 1.233082413187064361e+02
5.180701646363531410e+01 3.375764084618935499e+02 1.232995001272335713e+02
5.182980051482307005e+01 3.375955213065285534e+02 1.232907589357607208e+02
5.185258456601082599e+01 3.376146341511636138e+02 1.232820177442878560e+02
5.187536861719858194e+01 3.376337469957986173e+02 1.232732765528150054e+02
5.189815266838633789e+01 3.376528598404336208e+02 1.232645353613421406e+02
5.192093671957409384e+01 3.376719726850686811e+02 1.232557941698692900e+02
5.194372077076184979e+01 3.376910855297036846e+02 1.232470529783964253e+02
5.194372077076184979e+01 3.376910855297036846e+02 1.232470529783964253e+02
5.196142348888076867e+01 3.377059357992293371e+02 1.232402612604796985e+02
5.197912620699968755e+01 3.377207860687549896e+02 1.232334695425629718e+02
5.199682892511860643e+01 3.377356363382806421e+02 1.232266778246462451e+02
5.201453164323752532e+01 3.377504866078062946e+02 1.232198861067295184e+02
5.203223436135644420e+01 3.377653368773319471e+02 1.232130943888127916e+02
5.204993707947536308e+01 3.377801871468575996e+02 1.232063026708960649e+02
5.206763979759428196e+01 3.377950374163832521e+02 1.231995109529793382e+02
5.208534251571320084e+01 3.378098876859089046e+02 1.231927192350626115e+02
5.210304523383211972e+01 3.378247379554345571e+02 1.231859275171458847e+02
5.212074795195103860e+01 3.378395882249602096e+02 1.231791357992291580e+02
5.213845067006995748e+01 3.378544384944858621e+02 1.231723440813124313e+02
5.215615338818887636e+01 3.378692887640115146e+02 1.231655523633957046e+02
5.217385610630779524e+01 3.378841390335371671e+02 1.231587606454789778e+02
5.219155882442671412e+01 3.378989893030628195e+02 1.231519689275622511e+02
5.220926154254563301e+01 3.379138395725884720e+02 1.231451772096455244e+02
5.222696426066455189e+01 3.379286898421141814e+02 1.231383854917287977e+02
5.224466697878347077e+01 3.379435401116398339e+02 1.231315937738120567e+02
5.226236969690238965e+01 3.379583903811654864e+02 1.231248020558953300e+02
5.228007241502130853e+01 3.379732406506911389e+02 1.231180103379786033e+02
5.229777513314022741e+01 3.379880909202167913e+02 1.231112186200618765e+02
5.231547785125914629e+01 3.380029411897424438e+02 1.231044269021451498e+02
5.233318056937806517e+01 3.380177914592680963e+02 1.230976351842284231e+02
5.235088328749698405e+01 3.380326417287937488e+02 1.230908434663116964e+02
5.236858600561590293e+01 3.380474919983194013e+02 1.230840517483949696e+02
5.238628872373482182e+01 3.380623422678450538e+02 1.230772600304782429e+02
5.240399144185374070e+01 3.380771925373707063e+02 1.230704683125615162e+02
5.242169415997265958e+01 3.380920428068963588e+02 1.230636765946447895e+02
5.243939687809157846e+01 3.381068930764220113e+02 1.230568848767280627e+02
5.245709959621049734e+01 3.381217433459476638e+02 1.230500931588113360e+02
5.247480231432941622e+01 3.381365936154733163e+02 1.230433014408946093e+02
5.249250503244833510e+01 3.381514438849989688e+02 1.230365097229778826e+02
5.251020775056725398e+01 3.381662941545246213e+02 1.230297180050611558e+02
5.251020775056725398e+01 3.381662941545246213e+02 1.230297180050611558e+02
5.252882809682201781e+01 3.381666146417082928e+02 1.230053944111565869e+02
5.254744844307678164e+01 3.381669351288919074e+02 1.229810708172520037e+02
5.256606878933155258e+01 3.381672556160755789e+02 1.229567472233474348e+02
5.258468913558631641e+01 3.381675761032592504e+02 1.229324236294428516e+02
5.260330948184108024e+01 3.381678965904429219e+02 1.229081000355382827e+02
5.262192982809584407e+01 3.381682170776265366e+02 1.228837764416336995e+02
5.264055017435060790e+01 3.381685375648102081e+02 1.228594528477291306e+02
5.265917052060537173e+01 3.381688580519938796e+02 1.228351292538245616e+02
5.267779086686013557e+01 3.381691785391774943e+02 1.228108056599199784e+02
5.269641121311490650e+01 3.381694990263611658e+02 1.227864820660154095e+02
5.271503155936967033e+01 3.381698195135448373e+02 1.227621584721108263e+02
5.273365190562443416e+01 3.381701400007284519e+02 1.227378348782062574e+02
5.275227225187919800e+01 3.381704604879121234e+02 1.227135112843016884e+02
5.277089259813396183e+01 3.381707809750957949e+02 1.226891876903971053e+02
5.278951294438873276e+01 3.381711014622794664e+02 1.226648640964925363e+02
5.280813329064349659e+01 3.381714219494630811e+02 1.226405405025879531e+02
5.282675363689826042e+01 3.381717424366467526e+02 1.226162169086833842e+02
5.284537398315302426e+01 3.381720629238304241e+02 1.225918933147788152e+02
5.286399432940778809e+01 3.381723834110140388e+02 1.225675697208742321e+02
5.288261467566255192e+01 3.381727038981977103e+02 1.225432461269696631e+02
5.290123502191731575e+01 3.381730243853813818e+02 1.225189225330650800e+02
5.291985536817208668e+01 3.381733448725650533e+02 1.224945989391605110e+02
5.293847571442685052e+01 3.381736653597486679e+02 1.224702753452559278e+02
5.295709606068161435e+01 3.381739858469323394e+02 1.224459517513513589e+02
5.295709606068161435e+01 3.381739858469323394e+02 1.224459517513513589e+02
5.298886340024339603e+01 3.381604220990630552e+02 1.224471268535178723e+02
5.302063073980517771e+01 3.381468583511938277e+02 1.224483019556843715e+02
5.305239807936696650e+01 3.381332946033245435e+02 1.224494770578508849e+02
5.308416541892874818e+01 3.381197308554553160e+02 1.224506521600173841e+02
5.311593275849052986e+01 3.381061671075860318e+02 1.224518272621838975e+02
5.314770009805231155e+01 3.380926033597168043e+02 1.224530023643504109e+02
5.317946743761409323e+01 3.380790396118475201e+02 1.224541774665169100e+02
5.321123477717587491e+01 3.380654758639782926e+02 1.224553525686834234e+02
5.324300211673766370e+01 3.380519121161090084e+02 1.224565276708499226e+02
5.327476945629944538e+01 3.380383483682397809e+02 1.224577027730164360e+02
5.330653679586122706e+01 3.380247846203704967e+02 1.224588778751829494e+02
5.333830413542300874e+01 3.380112208725012692e+02 1.224600529773494486e+02
5.337007147498479043e+01 3.379976571246319850e+02 1.224612280795159620e+02
5.340183881454657211e+01 3.379840933767627575e+02 1.224624031816824754e+02
5.343360615410836090e+01 3.379705296288934733e+02 1.224635782838489746e+02
5.346537349367014258e+01 3.379569658810242458e+02 1.224647533860154880e+02
5.349714083323192426e+01 3.379434021331549616e+02 1.224659284881819872e+02
5.352890817279370594e+01 3.379298383852857341e+02 1.224671035903485006e+02
5.356067551235548763e+01 3.379162746374164499e+02 1.224682786925150140e+02
5.359244285191726931e+01 3.379027108895472225e+02 1.224694537946815132e+02
5.362421019147905810e+01 3.378891471416779382e+02 1.224706288968480266e+02
5.365597753104083978e+01 3.378755833938087108e+02 1.224718039990145257e+02
5.368774487060262146e+01 3.378620196459394265e+02 1.224729791011810391e+02
5.368774487060262146e+01 3.378620196459394265e+02 1.224729791011810391e+02
5.371547587713164518e+01 3.378776466630332607e+02 1.224736795526504665e+02
5.374320688366066889e+01 3.378932736801270948e+02 1.224743800041198796e+02
5.377093789018969261e+01 3.379089006972209859e+02 1.224750804555893069e+02
5.379866889671871633e+01 3.379245277143148201e+02 1.224757809070587200e+02
5.382639990324774004e+01 3.379401547314086542e+02 1.224764813585281473e+02
5.385413090977676376e+01 3.379557817485024884e+02 1.224771818099975746e+02
5.388186191630578747e+01 3.379714087655963226e+02 1.224778822614669878e+02
5.390959292283481119e+01 3.379870357826902136e+02 1.224785827129364151e+02
5.393732392936383491e+01 3.380026627997840478e+02 1.224792831644058282e+02
5.396505493589285862e+01 3.380182898168778820e+02 1.224799836158752555e+02
5.399278594242188234e+01 3.380339168339717162e+02 1.224806840673446828e+02
5.402051694895090606e+01 3.380495438510655504e+02 1.224813845188140959e+02
5.404824795547993688e+01 3.380651708681594414e+02 1.224820849702835233e+02
5.407597896200896059e+01 3.380807978852532756e+02 1.224827854217529364e+02
5.410370996853798431e+01 3.380964249023471098e+02 1.224834858732223637e+02
5.413144097506700803e+01 3.381120519194409439e+02 1.224841863246917910e+02
5.415917198159603174e+01 3.381276789365347781e+02 1.224848867761612041e+02
5.418690298812505546e+01 3.381433059536286692e+02 1.224855872276306314e+02
5.421463399465407917e+01 3.381589329707225033e+02 1.224862876791000446e+02
5.424236500118310289e+01 3.381745599878163375e+02 1.224869881305694719e+02
5.427009600771212661e+01 3.381901870049101717e+02 1.224876885820388992e+02
5.429782701424115032e+01 3.382058140220040059e+02 1.224883890335083123e+02
5.432555802077017404e+01 3.382214410390978969e+02 1.224890894849777396e+02
5.435328902729919776e+01 3.382370680561917311e+02 1.224897899364471527e+02
5.438102003382822147e+01 3.382526950732855653e+02 1.224904903879165801e+02
5.438102003382822147e+01 3.382526950732855653e+02 1.224904903879165801e+02
5.441171439289819745e+01 3.382395894574808608e+02 1.224916257995796371e+02
5.444240875196817342e+01 3.382264838416762132e+02 1.224927612112426942e+02
5.447310311103814939e+01 3.382133782258715087e+02 1.224938966229057513e+02
5.450379747010812537e+01 3.382002726100668610e+02 1.224950320345688084e+02
5.453449182917810134e+01 3.381871669942621565e+02 1.224961674462318513e+02
5.456518618824807731e+01 3.381740613784574521e+02 1.224973028578949084e+02
5.459588054731806039e+01 3.381609557626528044e+02 1.224984382695579654e+02
5.462657490638803637e+01 3.381478501468480999e+02 1.224995736812210225e+02
5.465726926545801234e+01 3.381347445310434523e+02 1.225007090928840796e+02
5.468796362452798832e+01 3.381216389152387478e+02 1.225018445045471367e+02
5.471865798359796429e+01 3.381085332994340433e+02 1.225029799162101938e+02
5.474935234266794026e+01 3.380954276836293957e+02 1.225041153278732509e+02
5.478004670173791624e+01 3.380823220678246912e+02 1.225052507395362937e+02
5.481074106080789221e+01 3.380692164520200436e+02 1.225063861511993508e+02
5.484143541987786818e+01 3.380561108362153391e+02 1.225075215628624079e+02
5.487212977894784416e+01 3.380430052204106346e+02 1.225086569745254650e+02
5.490282413801782013e+01 3.380298996046059870e+02 1.225097923861885221e+02
5.493351849708779611e+01 3.380167939888012825e+02 1.225109277978515792e+02
5.496421285615777919e+01 3.380036883729966348e+02 1.225120632095146362e+02
5.499490721522775516e+01 3.379905827571919303e+02 1.225131986211776933e+02
5.502560157429773113e+01 3.379774771413872259e+02 1.225143340328407362e+02
5.505629593336770711e+01 3.379643715255825782e+02 1.225154694445037933e+02
5.508699029243768308e+01 3.379512659097778737e+02 1.225166048561668504e+02
5.511768465150765905e+01 3.379381602939732261e+02 1.225177402678299075e+02
5.514837901057763503e+01 3.379250546781685216e+02 1.225188756794929645e+02
5.514837901057763503e+01 3.379250546781685216e+02 1.225188756794929645e+02
5.517379545841233579e+01 3.379393773917837507e+02 1.225195176680271629e+02
5.519921190624702945e+01 3.379537001053990366e+02 1.225201596565613471e+02
5.522462835408173021e+01 3.379680228190142657e+02 1.225208016450955455e+02
5.525004480191642386e+01 3.379823455326294948e+02 1.225214436336297439e+02
5.527546124975112463e+01 3.379966682462447238e+02 1.225220856221639281e+02
5.530087769758581828e+01 3.380109909598600098e+02 1.225227276106981265e+02
5.532629414542051904e+01 3.380253136734752388e+02 1.225233695992323248e+02
5.535171059325521981e+01 3.380396363870904679e+02 1.225240115877665232e+02
5.537712704108991346e+01 3.380539591007056970e+02 1.225246535763007074e+02
5.540254348892461422e+01 3.380682818143209829e+02 1.225252955648349058e+02
5.542795993675930788e+01 3.380826045279362120e+02 1.225259375533691042e+02
5.545337638459400864e+01 3.380969272415514411e+02 1.225265795419032884e+02
5.547879283242870940e+01 3.381112499551667270e+02 1.225272215304374868e+02
5.550420928026340306e+01 3.381255726687819561e+02 1.225278635189716852e+02
5.552962572809810382e+01 3.381398953823971851e+02 1.225285055075058693e+02
5.555504217593279748e+01 3.381542180960124142e+02 1.225291474960400677e+02
5.558045862376749824e+01 3.381685408096277001e+02 1.225297894845742661e+02
5.560587507160219189e+01 3.381828635232429292e+02 1.225304314731084503e+02
5.563129151943689266e+01 3.381971862368581583e+02 1.225310734616426487e+02
5.565670796727159342e+01 3.382115089504733874e+02 1.225317154501768471e+02
5.568212441510628707e+01 3.382258316640886733e+02 1.225323574387110455e+02
5.570754086294098784e+01 3.382401543777039024e+02 1.225329994272452296e+02
5.573295731077568149e+01 3.382544770913191314e+02 1.225336414157794280e+02
5.575837375861038225e+01 3.382687998049343605e+02 1.225342834043136264e+02
5.578379020644507591e+01 3.382831225185496464e+02 1.225349253928478106e+02
5.580920665427977667e+01 3.382974452321648755e+02 1.225355673813820090e+02
5.580920665427977667e+01 3.382974452321648755e+02 1.225355673813820090e+02
5.583630242342734817e+01 3.383127142793665030e+02 1.225362517875284141e+02
5.586339819257491968e+01 3.383279833265681305e+02 1.225369361936748192e+02
5.589049396172249828e+01 3.383432523737697011e+02 1.225376205998212242e+02
5.591758973087006979e+01 3.383585214209713286e+02 1.225383050059676293e+02
5.594468550001764129e+01 3.383737904681729560e+02 1.225389894121140486e+02
5.597178126916521990e+01 3.383890595153745835e+02 1.225396738182604537e+02
5.599887703831279140e+01 3.384043285625762110e+02 1.225403582244068588e+02
5.602597280746036290e+01 3.384195976097778384e+02 1.225410426305532638e+02
5.605306857660793440e+01 3.384348666569794659e+02 1.225417270366996689e+02
5.608016434575550591e+01 3.384501357041810365e+02 1.225424114428460740e+02
5.610726011490308451e+01 3.384654047513826640e+02 1.225430958489924791e+02
5.613435588405065602e+01 3.384806737985842915e+02 1.225437802551388984e+02
5.616145165319822752e+01 3.384959428457859190e+02 1.225444646612853035e+02
5.618854742234580613e+01 3.385112118929875464e+02 1.225451490674317085e+02
5.621564319149337763e+01 3.385264809401891171e+02 1.225458334735781136e+02
5.624273896064094913e+01 3.385417499873907445e+02 1.225465178797245187e+02
5.626983472978852063e+01 3.385570190345923720e+02 1.225472022858709238e+02
5.629693049893609214e+01 3.385722880817939995e+02 1.225478866920173289e+02
5.632402626808367074e+01 3.385875571289956270e+02 1.225485710981637340e+02
5.635112203723124225e+01 3.386028261761972544e+02 1.225492555043101390e+02
5.637821780637881375e+01 3.386180952233988819e+02 1.225499399104565583e+02
5.640531357552639236e+01 3.386333642706004525e+02 1.225506243166029634e+02
5.643240934467396386e+01 3.386486333178020800e+02 1.225513087227493685e+02
5.645950511382153536e+01 3.386639023650037075e+02 1.225519931288957736e+02
5.645950511382153536e+01 3.386639023650037075e+02 1.225519931288957736e+02
5.648847657385688592e+01 3.386802284042598785e+02 1.225527249127108291e+02
5.651744803389224359e+01 3.386965544435160496e+02 1.225534566965258847e+02
5.654641949392759415e+01 3.387128804827722206e+02 1.225541884803409260e+02
5.657539095396295181e+01 3.387292065220284485e+02 1.225549202641559816e+02
5.660436241399830237e+01 3.387455325612846195e+02 1.225556520479710372e+02
5.663333387403366004e+01 3.387618586005407906e+02 1.225563838317860927e+02
5.666230533406901060e+01 3.387781846397969616e+02 1.225571156156011341e+02
5.669127679410436826e+01 3.387945106790531327e+02 1.225578473994161897e+02
5.672024825413971882e+01 3.388108367183093037e+02 1.225585791832312452e+02
5.674921971417507649e+01 3.388271627575654747e+02 1.225593109670463008e+02
5.677819117421042705e+01 3.388434887968216458e+02 1.225600427508613564e+02
5.680716263424578472e+01 3.388598148360778737e+02 1.225607745346763977e+02
5.683613409428113528e+01 3.388761408753340447e+02 1.225615063184914533e+02
5.686510555431649294e+01 3.388924669145902158e+02 1.225622381023065088e+02
5.689407701435184350e+01 3.389087929538463868e+02 1.225629698861215644e+02
5.692304847438720117e+01 3.389251189931025579e+02 1.225637016699366200e+02
5.695201993442255173e+01 3.389414450323587289e+02 1.225644334537516613e+02
5.698099139445790939e+01 3.389577710716148999e+02 1.225651652375667169e+02
5.700996285449325995e+01 3.389740971108710710e+02 1.225658970213817724e+02
5.703893431452861762e+01 3.389904231501272989e+02 1.225666288051968280e+02
5.706790577456396818e+01 3.390067491893834699e+02 1.225673605890118694e+02
5.709687723459932585e+01 3.390230752286396410e+02 1.225680923728269249e+02
5.712584869463467641e+01 3.390394012678958120e+02 1.225688241566419805e+02
5.712584869463467641e+01 3.390394012678958120e+02 1.225688241566419805e+02
5.715389929845351702e+01 3.390552083849187852e+02 1.225695326807499157e+02
5.718194990227235053e+01 3.390710155019418153e+02 1.225702412048578509e+02
5.721000050609119114e+01 3.390868226189647885e+02 1.225709497289657861e+02
5.723805110991003176e+01 3.391026297359877617e+02 1.225716582530737071e+02
5.726610171372886526e+01 3.391184368530107918e+02 1.225723667771816423e+02
5.729415231754770588e+01 3.391342439700337650e+02 1.225730753012895775e+02
5.732220292136653939e+01 3.391500510870567950e+02 1.225737838253975127e+02
5.735025352518538000e+01 3.391658582040797683e+02 1.225744923495054479e+02
5.737830412900422061e+01 3.391816653211027415e+02 1.225752008736133689e+02
5.740635473282305412e+01 3.391974724381257715e+02 1.225759093977213041e+02
5.743440533664189473e+01 3.392132795551487447e+02 1.225766179218292393e+02
5.746245594046072824e+01 3.392290866721717748e+02 1.225773264459371745e+02
5.749050654427956886e+01 3.392448937891947480e+02 1.225780349700451097e+02
5.751855714809840947e+01 3.392607009062177212e+02 1.225787434941530449e+02
5.754660775191724298e+01 3.392765080232407513e+02 1.225794520182609801e+02
5.757465835573608359e+01 3.392923151402637245e+02 1.225801605423689011e+02
5.760270895955492421e+01 3.393081222572866977e+02 1.225808690664768363e+02
5.763075956337375771e+01 3.393239293743097278e+02 1.225815775905847715e+02
5.765881016719259833e+01 3.393397364913327010e+02 1.225822861146927067e+02
5.768686077101143894e+01 3.393555436083556742e+02 1.225829946388006420e+02
5.771491137483027245e+01 3.393713507253787043e+02 1.225837031629085629e+02
5.774296197864911306e+01 3.393871578424016775e+02 1.225844116870164981e+02
5.777101258246794657e+01 3.394029649594247076e+02 1.225851202111244334e+02
5.779906318628678719e+01 3.394187720764476808e+02 1.225858287352323686e+02
5.779906318628678719e+01 3.394187720764476808e+02 1.225858287352323686e+02
5.782808200579138713e+01 3.394351248037808091e+02 1.225865617152899603e+02
5.785710082529598708e+01 3.394514775311138806e+02 1.225872946953475662e+02
5.788611964480058703e+01 3.394678302584470089e+02 1.225880276754051579e+02
5.791513846430518697e+01 3.394841829857800803e+02 1.225887606554627496e+02
5.794415728380978692e+01 3.395005357131132087e+02 1.225894936355203555e+02
5.797317610331438686e+01 3.395168884404462801e+02 1.225902266155779472e+02
5.800219492281898681e+01 3.395332411677794084e+02 1.225909595956355531e+02
5.803121374232358676e+01 3.395495938951124799e+02 1.225916925756931448e+02
5.806023256182818670e+01 3.395659466224456082e+02 1.225924255557507365e+02
5.808925138133278665e+01 3.395822993497786797e+02 1.225931585358083424e+02
5.811827020083738660e+01 3.395986520771118080e+02 1.225938915158659341e+02
5.814728902034198654e+01 3.396150048044448795e+02 1.225946244959235401e+02
5.817630783984659359e+01 3.396313575317780078e+02 1.225953574759811318e+02
5.820532665935119354e+01 3.396477102591111361e+02 1.225960904560387235e+02
5.823434547885579349e+01 3.396640629864442076e+02 1.225968234360963294e+02
5.826336429836039343e+01 3.396804157137773359e+02 1.225975564161539211e+02
5.829238311786499338e+01 3.396967684411104074e+02 1.225982893962115128e+02
5.832140193736959333e+01 3.397131211684435357e+02 1.225990223762691187e+02
5.835042075687419327e+01 3.397294738957766072e+02 1.225997553563267104e+02
5.837943957637879322e+01 3.397458266231097355e+02 1.226004883363843021e+02
5.840845839588339317e+01 3.397621793504428069e+02 1.226012213164419080e+02
5.843747721538799311e+01 3.397785320777759352e+02 1.226019542964994997e+02
5.846649603489259306e+01 3.397948848051090067e+02 1.226026872765571056e+02
5.849551485439719301e+01 3.398112375324421350e+02 1.226034202566146973e+02
5.849551485439719301e+01 3.398112375324421350e+02 1.226034202566146973e+02
5.850544652051222982e+01 3.398406392086506003e+02 1.226136839772462963e+02
5.851537818662727375e+01 3.398700408848590655e+02 1.226239476978778953e+02
5.852530985274231057e+01 3.398994425610675876e+02 1.226342114185094943e+02
5.853524151885734739e+01 3.399288442372760528e+02 1.226444751391410932e+02
5.854517318497239131e+01 3.399582459134845180e+02 1.226547388597726922e+02
5.855510485108742813e+01 3.399876475896929833e+02 1.226650025804042912e+02
5.856503651720246495e+01 3.400170492659015054e+02 1.226752663010358901e+02
5.857496818331750887e+01 3.400464509421099706e+02 1.226855300216674891e+02
5.858489984943254569e+01 3.400758526183184358e+02 1.226957937422990881e+02
5.859483151554758251e+01 3.401052542945269010e+02 1.227060574629306871e+02
5.860476318166262644e+01 3.401346559707354231e+02 1.227163211835622860e+02
5.861469484777766326e+01 3.401640576469438884e+02 1.227265849041938850e+02
5.862462651389270007e+01 3.401934593231523536e+02 1.227368486248254982e+02
5.863455818000773689e+01 3.402228609993608188e+02 1.227471123454570971e+02
5.864448984612278082e+01 3.402522626755693409e+02 1.227573760660886961e+02
5.865442151223781764e+01 3.402816643517778061e+02 1.227676397867202951e+02
5.866435317835285446e+01 3.403110660279862714e+02 1.227779035073518941e+02
5.867428484446789838e+01 3.403404677041947366e+02 1.227881672279834930e+02
5.868421651058293520e+01 3.403698693804032587e+02 1.227984309486150920e+02
5.869414817669797202e+01 3.403992710566117239e+02 1.228086946692466910e+02
5.870407984281301594e+01 3.404286727328201891e+02 1.228189583898782899e+02
5.871401150892805276e+01 3.404580744090286544e+02 1.228292221105098889e+02
5.872394317504308958e+01 3.404874760852371764e+02 1.228394858311414879e+02
5.873387484115813351e+01 3.405168777614456417e+02 1.228497495517730869e+02
5.874380650727317033e+01 3.405462794376541069e+02 1.228600132724046858e+02
5.874380650727317033e+01 3.405462794376541069e+02 1.228600132724046858e+02
5.873197354303506046e+01 3.405723812096284746e+02 1.228608734207978728e+02
5.872014057879694349e+01 3.405984829816028423e+02 1.228617335691910739e+02
5.870830761455883362e+01 3.406245847535772100e+02 1.228625937175842608e+02
5.869647465032072375e+01 3.406506865255515777e+02 1.228634538659774478e+02
5.868464168608260678e+01 3.406767882975259454e+02 1.228643140143706347e+02
5.867280872184449692e+01 3.407028900695003131e+02 1.228651741627638359e+02
5.866097575760638705e+01 3.407289918414747376e+02 1.228660343111570228e+02
5.864914279336827718e+01 3.407550936134491053e+02 1.228668944595502097e+02
5.863730982913016021e+01 3.407811953854234730e+02 1.228677546079433966e+02
5.862547686489205034e+01 3.408072971573978407e+02 1.228686147563365978e+02
5.861364390065394048e+01 3.408333989293722084e+02 1.228694749047297847e+02
5.860181093641582351e+01 3.408595007013465761e+02 1.228703350531229717e+02
5.858997797217771364e+01 3.408856024733209438e+02 1.228711952015161728e+02
5.857814500793960377e+01 3.409117042452953115e+02 1.228720553499093597e+02
5.856631204370148680e+01 3.409378060172696792e+02 1.228729154983025467e+02
5.855447907946337693e+01 3.409639077892440469e+02 1.228737756466957336e+02
5.854264611522526707e+01 3.409900095612184145e+02 1.228746357950889347e+02
5.853081315098715010e+01 3.410161113331927822e+02 1.228754959434821217e+02
5.851898018674904023e+01 3.410422131051671499e+02 1.228763560918753086e+02
5.850714722251093036e+01 3.410683148771415745e+02 1.228772162402684955e+02
5.849531425827282050e+01 3.410944166491159422e+02 1.228780763886616967e+02
5.848348129403470352e+01 3.411205184210903099e+02 1.228789365370548836e+02
5.847164832979659366e+01 3.411466201930646776e+02 1.228797966854480705e+02
5.845981536555848379e+01 3.411727219650390452e+02 1.228806568338412575e+02
5.844798240132036682e+01 3.411988237370134129e+02 1.228815169822344586e+02
5.843614943708225695e+01 3.412249255089877806e+02 1.228823771306276456e+02
5.843614943708225695e+01 3.412249255089877806e+02 1.228823771306276456e+02
5.841580528526726823e+01 3.412456649241898390e+02 1.228823190268848435e+02
5.839546113345227241e+01 3.412664043393918973e+02 1.228822609231420273e+02
5.837511698163728369e+01 3.412871437545939557e+02 1.228822028193992253e+02
5.835477282982229497e+01 3.413078831697960140e+02 1.228821447156564233e+02
5.833442867800730625e+01 3.413286225849980724e+02 1.228820866119136070e+02
5.831408452619231042e+01 3.413493620002001876e+02 1.228820285081708050e+02
5.829374037437732170e+01 3.413701014154022459e+02 1.228819704044280030e+02
5.827339622256233298e+01 3.413908408306043043e+02 1.228819123006851868e+02
5.825305207074734426e+01 3.414115802458063627e+02 1.228818541969423848e+02
5.823270791893234843e+01 3.414323196610084210e+02 1.228817960931995827e+02
5.821236376711735971e+01 3.414530590762104794e+02 1.228817379894567665e+02
5.819201961530237099e+01 3.414737984914125377e+02 1.228816798857139645e+02
5.817167546348738227e+01 3.414945379066145961e+02 1.228816217819711483e+02
5.815133131167238645e+01 3.415152773218166544e+02 1.228815636782283462e+02
5.813098715985739773e+01 3.415360167370187128e+02 1.228815055744855442e+02
5.811064300804240901e+01 3.415567561522207711e+02 1.228814474707427280e+02
5.809029885622742029e+01 3.415774955674228295e+02 1.228813893669999260e+02
5.806995470441242446e+01 3.415982349826249447e+02 1.228813312632571240e+02
5.804961055259743574e+01 3.416189743978270030e+02 1.228812731595143077e+02
5.802926640078244702e+01 3.416397138130290614e+02 1.228812150557715057e+02
5.800892224896745830e+01 3.416604532282311197e+02 1.228811569520287037e+02
5.798857809715246248e+01 3.416811926434331781e+02 1.228810988482858875e+02
5.796823394533747376e+01 3.417019320586352364e+02 1.228810407445430855e+02
5.796823394533747376e+01 3.417019320586352364e+02 1.228810407445430855e+02
5.795094204827414330e+01 3.417195599172989660e+02 1.228809913581666535e+02
5.793365015121081285e+01 3.417371877759626386e+02 1.228809419717902358e+02
5.791635825414748240e+01 3.417548156346263681e+02 1.228808925854138039e+02
5.789906635708414484e+01 3.417724434932900976e+02 1.228808431990373862e+02
5.788177446002081439e+01 3.417900713519538272e+02 1.228807938126609542e+02
5.786448256295748394e+01 3.418076992106174998e+02 1.228807444262845223e+02
5.784719066589415348e+01 3.418253270692812293e+02 1.228806950399081046e+02
5.782989876883082303e+01 3.418429549279449589e+02 1.228806456535316727e+02
5.781260687176749258e+01 3.418605827866086315e+02 1.228805962671552408e+02
5.779531497470416213e+01 3.418782106452723610e+02 1.228805468807788230e+02
5.777802307764082457e+01 3.418958385039360905e+02 1.228804974944023911e+02
5.776073118057749411e+01 3.419134663625998201e+02 1.228804481080259734e+02
5.774343928351416366e+01 3.419310942212634927e+02 1.228803987216495415e+02
5.772614738645083321e+01 3.419487220799272222e+02 1.228803493352731095e+02
5.770885548938750276e+01 3.419663499385909518e+02 1.228802999488966918e+02
5.769156359232417230e+01 3.419839777972546244e+02 1.228802505625202599e+02
5.767427169526084185e+01 3.420016056559183539e+02 1.228802011761438280e+02
5.765697979819750429e+01 3.420192335145820834e+02 1.228801517897674103e+02
5.763968790113417384e+01 3.420368613732458130e+02 1.228801024033909783e+02
5.762239600407084339e+01 3.420544892319094856e+02 1.228800530170145606e+02
5.760510410700751294e+01 3.420721170905732151e+02 1.228800036306381287e+02
5.760510410700751294e+01 3.420721170905732151e+02 1.228800036306381287e+02
5.759062819968269764e+01 3.420874620401596644e+02 1.228947911111898748e+02
5.757615229235788945e+01 3.421028069897460568e+02 1.229095785917416208e+02
5.756167638503307415e+01 3.421181519393325061e+02 1.229243660722933811e+02
5.754720047770825886e+01 3.421334968889188985e+02 1.229391535528451271e+02
5.753272457038345067e+01 3.421488418385053478e+02 1.229539410333968732e+02
5.751824866305863537e+01 3.421641867880917403e+02 1.229687285139486335e+02
5.750377275573382718e+01 3.421795317376781895e+02 1.229835159945003795e+02
5.748929684840901189e+01 3.421948766872645820e+02 1.229983034750521256e+02
5.747482094108419659e+01 3.422102216368510312e+02 1.230130909556038716e+02
5.746034503375938840e+01 3.422255665864374805e+02 1.230278784361556177e+02
5.744586912643457310e+01 3.422409115360238729e+02 1.230426659167073780e+02
5.743139321910976491e+01 3.422562564856103222e+02 1.230574533972591240e+02
5.741691731178494962e+01 3.422716014351967146e+02 1.230722408778108701e+02
5.740244140446013432e+01 3.422869463847831639e+02 1.230870283583626303e+02
5.738796549713532613e+01 3.423022913343695564e+02 1.231018158389143764e+02
5.737348958981051084e+01 3.423176362839560056e+02 1.231166033194661225e+02
5.737348958981051084e+01 3.423176362839560056e+02 1.231166033194661225e+02
5.738248070827387437e+01 3.423373485058643837e+02 1.231414727618147964e+02
5.739147182673723080e+01 3.423570607277727049e+02 1.231663422041634846e+02
5.740046294520059433e+01 3.423767729496810830e+02 1.231912116465121585e+02
5.740945406366395787e+01 3.423964851715894611e+02 1.232160810888608324e+02
5.741844518212731430e+01 3.424161973934978391e+02 1.232409505312095206e+02
5.742743630059067783e+01 3.424359096154062172e+02 1.232658199735581945e+02
5.743642741905404137e+01 3.424556218373145384e+02 1.232906894159068685e+02
5.744541853751739779e+01 3.424753340592229165e+02 1.233155588582555566e+02
5.745440965598076133e+01 3.424950462811312946e+02 1.233404283006042306e+02
5.746340077444412486e+01 3.425147585030396158e+02 1.233652977429529045e+02
5.747239189290748129e+01 3.425344707249479939e+02 1.233901671853015927e+02
5.748138301137084483e+01 3.425541829468563719e+02 1.234150366276502666e+02
5.748138301137084483e+01 3.425541829468563719e+02 1.234150366276502666e+02
5.750278905833179266e+01 3.425725841581256077e+02 1.234391811383267310e+02
5.752419510529273339e+01 3.425909853693948435e+02 1.234633256490031954e+02
5.754560115225368122e+01 3.426093865806640792e+02 1.234874701596796598e+02
5.756700719921462905e+01 3.426277877919333150e+02 1.235116146703561242e+02
5.758841324617557689e+01 3.426461890032025508e+02 1.235357591810325886e+02
5.760981929313652472e+01 3.426645902144717866e+02 1.235599036917090530e+02
5.763122534009746545e+01 3.426829914257410792e+02 1.235840482023855031e+02
5.765263138705841328e+01 3.427013926370103150e+02 1.236081927130619675e+02
5.767403743401936111e+01 3.427197938482795507e+02 1.236323372237384319e+02
5.769544348098030184e+01 3.427381950595487865e+02 1.236564817344148963e+02
5.771684952794124968e+01 3.427565962708180223e+02 1.236806262450913607e+02
5.773825557490219751e+01 3.427749974820872580e+02 1.237047707557678251e+02
5.773825557490219751e+01 3.427749974820872580e+02 1.237047707557678251e+02
5.775838976144818560e+01 3.427923053680805197e+02 1.237274806976318331e+02
5.777852394799416658e+01 3.428096132540738381e+02 1.237501906394958553e+02
5.779865813454015466e+01 3.428269211400670997e+02 1.237729005813598633e+02
5.781879232108613564e+01 3.428442290260604182e+02 1.237956105232238855e+02
5.783892650763212373e+01 3.428615369120536798e+02 1.238183204650878935e+02
5.785906069417810471e+01 3.428788447980469982e+02 1.238410304069519015e+02
5.787919488072409280e+01 3.428961526840402598e+02 1.238637403488159237e+02
5.789932906727007378e+01 3.429134605700335783e+02 1.238864502906799316e+02
5.791946325381606187e+01 3.429307684560268399e+02 1.239091602325439396e+02
5.793959744036204285e+01 3.429480763420201583e+02 1.239318701744079618e+02
5.795973162690803093e+01 3.429653842280134199e+02 1.239545801162719698e+02
5.797986581345401191e+01 3.429826921140067384e+02 1.239772900581359920e+02
5.800000000000000000e+01 3.430000000000000000e+02 1.240000000000000000e+02
5.800000000000000000e+01 3.430000000000000000e+02 1.240000000000000000e+02
5.800000000000000000e+01 3.430000000000000000e+02 1.240000000000000000e+02
5.800000000000000000e+01 3.430000000000000000e+02 1.240000000000000000e+02
5.800000000000000000e+01 3.430000000000000000e+02 1.240000000000000000e+02
5.800000000000000000e+01 3.430000000000000000e+02 1.240000000000000000e+02
5.800000000000000000e+01 3.430000000000000000e+02 1.240000000000000000e+02
5.800000000000000000e+01 3.430000000000000000e+02 1.240000000000000000e+02
5.800000000000000000e+01 3.430000000000000000e+02 1.240000000000000000e+02
5.800000000000000000e+01 3.430000000000000000e+02 1.240000000000000000e+02
5.800000000000000000e+01 3.430000000000000000e+02 1.240000000000000000e+02
5.800000000000000000e+01 3.430000000000000000e+02 1.240000000000000000e+02
5.800000000000000000e+01 3.430000000000000000e+02 1.240000000000000000e+02
5.800000000000000000e+01 3.430000000000000000e+02 1.240000000000000000e+02
5.800000000000000000e+01 3.430000000000000000e+02 1.240000000000000000e+02
5.800000000000000000e+01 3.430000000000000000e+02 1.240000000000000000e+02
5.800000000000000000e+01 3.430000000000000000e+02 1.240000000000000000e+02
5.799797382505482091e+01 3.430192726331915765e+02 1.240260191048213443e+02
5.799594765010964181e+01 3.430385452663830961e+02 1.240520382096426886e+02
5.799392147516445561e+01 3.430578178995746725e+02 1.240780573144640186e+02
5.799189530021927652e+01 3.430770905327662490e+02 1.241040764192853629e+02
5.798986912527409743e+01 3.430963631659577686e+02 1.241300955241067072e+02
5.798784295032891833e+01 3.431156357991493451e+02 1.241561146289280515e+02
5.798581677538373924e+01 3.431349084323409215e+02 1.241821337337493958e+02
5.798379060043855304e+01 3.431541810655324412e+02 1.242081528385707259e+02
5.798176442549337395e+01 3.431734536987240176e+02 1.242341719433920701e+02
5.797973825054819486e+01 3.431927263319155372e+02 1.242601910482134144e+02
5.797771207560301576e+01 3.432119989651071137e+02 1.242862101530347587e+02
5.797568590065782956e+01 3.432312715982986902e+02 1.243122292578560888e+02
5.797365972571265047e+01 3.432505442314902098e+02 1.243382483626774331e+02
5.797163355076747138e+01 3.432698168646817862e+02 1.243642674674987774e+02
5.797163355076747138e+01 3.432698168646817862e+02 1.243642674674987774e+02
5.796960622063918578e+01 3.432891004857795565e+02 1.243903014065921298e+02
5.796757889051090018e+01 3.433083841068772699e+02 1.244163353456854821e+02
5.796555156038261458e+01 3.433276677279750402e+02 1.244423692847788345e+02
5.796352423025433609e+01 3.433469513490728104e+02 1.244684032238721869e+02
5.796149690012605049e+01 3.433662349701705807e+02 1.244944371629655393e+02
5.795946956999776489e+01 3.433855185912683510e+02 1.245204711020588917e+02
5.795744223986947929e+01 3.434048022123660644e+02 1.245465050411522441e+02
5.795541490974119370e+01 3.434240858334638347e+02 1.245725389802455823e+02
5.795338757961290810e+01 3.434433694545616049e+02 1.245985729193389346e+02
5.795136024948462250e+01 3.434626530756593183e+02 1.246246068584322870e+02
5.794933291935633690e+01 3.434819366967570886e+02 1.246506407975256394e+02
5.794730558922805130e+01 3.435012203178548589e+02 1.246766747366189918e+02
5.794527825909977281e+01 3.435205039389526291e+02 1.247027086757123442e+02
5.794325092897148721e+01 3.435397875600503994e+02 1.247287426148056966e+02
5.794122359884320161e+01 3.435590711811481128e+02 1.247547765538990490e+02
5.793919626871491602e+01 3.435783548022458831e+02 1.247808104929924014e+02
5.793919626871491602e+01 3.435783548022458831e+02 1.247808104929924014e+02
5.793718346240891748e+01 3.435975002752039131e+02 1.248066579245705299e+02
5.793517065610291183e+01 3.436166457481619432e+02 1.248325053561486726e+02
5.793315784979691330e+01 3.436357912211199732e+02 1.248583527877268011e+02
5.793114504349091476e+01 3.436549366940780033e+02 1.248842002193049439e+02
5.792913223718491622e+01 3.436740821670360333e+02 1.249100476508830724e+02
5.792711943087891058e+01 3.436932276399940633e+02 1.249358950824612151e+02
5.792510662457291204e+01 3.437123731129520934e+02 1.249617425140393436e+02
5.792309381826691350e+01 3.437315185859101234e+02 1.249875899456174722e+02
5.792108101196091496e+01 3.437506640588681535e+02 1.250134373771956149e+02
5.791906820565490932e+01 3.437698095318262403e+02 1.250392848087737434e+02
5.791705539934891078e+01 3.437889550047842704e+02 1.250651322403518861e+02
5.791504259304291224e+01 3.438081004777423004e+02 1.250909796719300147e+02
5.791302978673691371e+01 3.438272459507003305e+02 1.251168271035081432e+02
5.791101698043090806e+01 3.438463914236583605e+02 1.251426745350862859e+02
5.790900417412490953e+01 3.438655368966163905e+02 1.251685219666644144e+02
5.790699136781891099e+01 3.438846823695744206e+02 1.251943693982425572e+02
5.790497856151291245e+01 3.439038278425324506e+02 1.252202168298206857e+02
5.790296575520690681e+01 3.439229733154904807e+02 1.252460642613988284e+02
5.790095294890090827e+01 3.439421187884485107e+02 1.252719116929769569e+02
5.790095294890090827e+01 3.439421187884485107e+02 1.252719116929769569e+02
5.788434617318714714e+01 3.439598039576864608e+02 1.252924425808548961e+02
5.786773939747339313e+01 3.439774891269244108e+02 1.253129734687328352e+02
5.785113262175963200e+01 3.439951742961623609e+02 1.253335043566107743e+02
5.783452584604587798e+01 3.440128594654003109e+02 1.253540352444887276e+02
5.781791907033211686e+01 3.440305446346382041e+02 1.253745661323666667e+02
5.780131229461835574e+01 3.440482298038761542e+02 1.253950970202446058e+02
5.778470551890460172e+01 3.440659149731141042e+02 1.254156279081225449e+02
5.776809874319084059e+01 3.440836001423520543e+02 1.254361587960004840e+02
5.775149196747708658e+01 3.441012853115900043e+02 1.254566896838784231e+02
5.773488519176332545e+01 3.441189704808279544e+02 1.254772205717563622e+02
5.771827841604956433e+01 3.441366556500659044e+02 1.254977514596343013e+02
5.770167164033581031e+01 3.441543408193038545e+02 1.255182823475122547e+02
5.768506486462204919e+01 3.441720259885418045e+02 1.255388132353901938e+02
5.766845808890829517e+01 3.441897111577797546e+02 1.255593441232681329e+02
5.765185131319453404e+01 3.442073963270177046e+02 1.255798750111460720e+02
5.763524453748077292e+01 3.442250814962555978e+02 1.256004058990240111e+02
5.761863776176701890e+01 3.442427666654935479e+02 1.256209367869019502e+02
5.760203098605325778e+01 3.442604518347314979e+02 1.256414676747798893e+02
5.758542421033950376e+01 3.442781370039694480e+02 1.256619985626578426e+02
5.756881743462574264e+01 3.442958221732073980e+02 1.256825294505357817e+02
5.755221065891198151e+01 3.443135073424453481e+02 1.257030603384137208e+02
5.753560388319822749e+01 3.443311925116832981e+02 1.257235912262916600e+02
5.751899710748446637e+01 3.443488776809212482e+02 1.257441221141695991e+02
5.750239033177071235e+01 3.443665628501591982e+02 1.257646530020475382e+02
5.748578355605695123e+01 3.443842480193971483e+02 1.257851838899254773e+02
5.746917678034319010e+01 3.444019331886350415e+02 1.258057147778034164e+02
5.745257000462943608e+01 3.444196183578729915e+02 1.258262456656813697e+02
5.743596322891567496e+01 3.444373035271109416e+02 1.258467765535593088e+02
5.741935645320192094e+01 3.444549886963488916e+02 1.258673074414372479e+02
5.740274967748815982e+01 3.444726738655868417e+02 1.258878383293151870e+02
5.740274967748815982e+01 3.444726738655868417e+02 1.258878383293151870e+02
5.740077999932420028e+01 3.444914091109562833e+02 1.259131319312986648e+02
5.739881032116024784e+01 3.445101443563257249e+02 1.259384255332821283e+02
5.739684064299629540e+01 3.445288796016951096e+02 1.259637191352656060e+02
5.739487096483233586e+01 3.445476148470645512e+02 1.259890127372490696e+02
5.739290128666837631e+01 3.445663500924339928e+02 1.260143063392325473e+02
5.739093160850442388e+01 3.445850853378034344e+02 1.260395999412160108e+02
5.738896193034047144e+01 3.446038205831728192e+02 1.260648935431994886e+02
5.738699225217651190e+01 3.446225558285422608e+02 1.260901871451829663e+02
5.738502257401255235e+01 3.446412910739117024e+02 1.261154807471664299e+02
5.738305289584859992e+01 3.446600263192811440e+02 1.261407743491499076e+02
5.738108321768464748e+01 3.446787615646505287e+02 1.261660679511333711e+02
5.737911353952068794e+01 3.446974968100199703e+02 1.261913615531168489e+02
5.737714386135672839e+01 3.447162320553894119e+02 1.262166551551003266e+02
5.737517418319277596e+01 3.447349673007588535e+02 1.262419487570837902e+02
5.737320450502882352e+01 3.447537025461282383e+02 1.262672423590672679e+02
5.737123482686486398e+01 3.447724377914976799e+02 1.262925359610507314e+02
5.736926514870090443e+01 3.447911730368671215e+02 1.263178295630342092e+02
5.736729547053695200e+01 3.448099082822365631e+02 1.263431231650176727e+02
5.736532579237299956e+01 3.448286435276060047e+02 1.263684167670011504e+02
5.736335611420904002e+01 3.448473787729753894e+02 1.263937103689846282e+02
5.736138643604508047e+01 3.448661140183448310e+02 1.264190039709680917e+02
5.735941675788112804e+01 3.448848492637142726e+02 1.264442975729515695e+02
5.735744707971717560e+01 3.449035845090837142e+02 1.264695911749350330e+02
5.735547740155321605e+01 3.449223197544530990e+02 1.264948847769185107e+02
5.735350772338925651e+01 3.449410549998225406e+02 1.265201783789019743e+02
5.735153804522530407e+01 3.449597902451919822e+02 1.265454719808854520e+02
5.734956836706135164e+01 3.449785254905614238e+02 1.265707655828689298e+02
5.734759868889739209e+01 3.449972607359308086e+02 1.265960591848523933e+02
5.734562901073343255e+01 3.450159959813002502e+02 1.266213527868358710e+02
5.734365933256948011e+01 3.450347312266696918e+02 1.266466463888193346e+02
5.734168965440552768e+01 3.450534664720391334e+02 1.266719399908028123e+02
5.733971997624156813e+01 3.450722017174085181e+02 1.266972335927862900e+02
5.733775029807760859e+01 3.450909369627779597e+02 1.267225271947697536e+02
5.733578061991365615e+01 3.451096722081474013e+02 1.267478207967532313e+02
5.733381094174970372e+01 3.451284074535168429e+02 1.267731143987366949e+02
5.733184126358574417e+01 3.451471426988862277e+02 1.267984080007201726e+02
5.732987158542178463e+01 3.451658779442556693e+02 1.268237016027036361e+02
5.732790190725783219e+01 3.451846131896251109e+02 1.268489952046871139e+02
5.732790190725783219e+01 3.451846131896251109e+02 1.268489952046871139e+02
5.732095032918108757e+01 3.451766799204644371e+02 1.268786015062099466e+02
5.731399875110434294e+01 3.451687466513038203e+02 1.269082078077327793e+02
5.730704717302759832e+01 3.451608133821431466e+02 1.269378141092556262e+02
5.730009559495085369e+01 3.451528801129825297e+02 1.269674204107784590e+02
5.729314401687410907e+01 3.451449468438218560e+02 1.269970267123012917e+02
5.728619243879736445e+01 3.451370135746612391e+02 1.270266330138241244e+02
5.727924086072061982e+01 3.451290803055005654e+02 1.270562393153469714e+02
5.727228928264387520e+01 3.451211470363399485e+02 1.270858456168698041e+02
5.726533770456713057e+01 3.451132137671792748e+02 1.271154519183926368e+02
5.725838612649038595e+01 3.451052804980186579e+02 1.271450582199154695e+02
5.725143454841364843e+01 3.450973472288579842e+02 1.271746645214383165e+02
5.724448297033690380e+01 3.450894139596973673e+02 1.272042708229611492e+02
5.723753139226015918e+01 3.450814806905366936e+02 1.272338771244839819e+02
5.723057981418341456e+01 3.450735474213760767e+02 1.272634834260068146e+02
5.722362823610666993e+01 3.450656141522154030e+02 1.272930897275296616e+02
5.721667665802992531e+01 3.450576808830547861e+02 1.273226960290524943e+02
5.720972507995318068e+01 3.450497476138941124e+02 1.273523023305753270e+02
5.720277350187643606e+01 3.450418143447334955e+02 1.273819086320981597e+02
5.719582192379969143e+01 3.450338810755728218e+02 1.274115149336210067e+02
5.718887034572294681e+01 3.450259478064122050e+02 1.274411212351438394e+02
5.718191876764620218e+01 3.450180145372515312e+02 1.274707275366666721e+02
5.717496718956945756e+01 3.450100812680909144e+02 1.275003338381895048e+02
5.716801561149271294e+01 3.450021479989302406e+02 1.275299401397123518e+02
5.716106403341596831e+01 3.449942147297696238e+02 1.275595464412351845e+02
5.715411245533922369e+01 3.449862814606089501e+02 1.275891527427580172e+02
5.714716087726247906e+01 3.449783481914483332e+02 1.276187590442808499e+02
5.714020929918573444e+01 3.449704149222876595e+02 1.276483653458036969e+02
5.713325772110898981e+01 3.449624816531270426e+02 1.276779716473265296e+02
5.712630614303224519e+01 3.449545483839663689e+02 1.277075779488493623e+02
5.711935456495550056e+01 3.449466151148057520e+02 1.277371842503721950e+02
5.711240298687876304e+01 3.449386818456450783e+02 1.277667905518950420e+02
5.710545140880201842e+01 3.449307485764844614e+02 1.277963968534178747e+02
5.709849983072527380e+01 3.449228153073237877e+02 1.278260031549407074e+02
5.709154825264852917e+01 3.449148820381631708e+02 1.278556094564635401e+02
5.708459667457178455e+01 3.449069487690024971e+02 1.278852157579863871e+02
5.707764509649503992e+01 3.448990154998418802e+02 1.279148220595092198e+02
5.707069351841829530e+01 3.448910822306812065e+02 1.279444283610320525e+02
5.706374194034155067e+01 3.448831489615205896e+02 1.279740346625548852e+02
5.705679036226480605e+01 3.448752156923599159e+02 1.280036409640777322e+02
5.704983878418806142e+01 3.448672824231992990e+02 1.280332472656005507e+02
5.704288720611131680e+01 3.448593491540386253e+02 1.280628535671233976e+02
5.704288720611131680e+01 3.448593491540386253e+02 1.280628535671233976e+02
5.704105820021419504e+01 3.448474872445143546e+02 1.280914336708556789e+02
5.703922919431707328e+01 3.448356253349901408e+02 1.281200137745879886e+02
5.703740018841995152e+01 3.448237634254658701e+02 1.281485938783202698e+02
5.703557118252282976e+01 3.448119015159416563e+02 1.281771739820525511e+02
5.703374217662570800e+01 3.448000396064173856e+02 1.282057540857848608e+02
5.703191317072858624e+01 3.447881776968931717e+02 1.282343341895171420e+02
5.703008416483146448e+01 3.447763157873689011e+02 1.282629142932494233e+02
5.702825515893433561e+01 3.447644538778446304e+02 1.282914943969817330e+02
5.702642615303721385e+01 3.447525919683204165e+02 1.283200745007140142e+02
5.702459714714009209e+01 3.447407300587961458e+02 1.283486546044462955e+02
5.702276814124297033e+01 3.447288681492719320e+02 1.283772347081786052e+02
5.702093913534584857e+01 3.447170062397476613e+02 1.284058148119108864e+02
5.701911012944872681e+01 3.447051443302234475e+02 1.284343949156431677e+02
5.701728112355160505e+01 3.446932824206991768e+02 1.284629750193754774e+02
5.701545211765448329e+01 3.446814205111749061e+02 1.284915551231077586e+02
5.701362311175736153e+01 3.446695586016506923e+02 1.285201352268400399e+02
5.701179410586023977e+01 3.446576966921264216e+02 1.285487153305723496e+02
5.700996509996311801e+01 3.446458347826022077e+02 1.285772954343046308e+02
5.700813609406599625e+01 3.446339728730779370e+02 1.286058755380369121e+02
5.700630708816887449e+01 3.446221109635537232e+02 1.286344556417692218e+02
5.700447808227174562e+01 3.446102490540294525e+02 1.286630357455015030e+02
5.700264907637462386e+01 3.445983871445051818e+02 1.286916158492337843e+02
5.700082007047750210e+01 3.445865252349809680e+02 1.287201959529660940e+02
5.699899106458038034e+01 3.445746633254566973e+02 1.287487760566983752e+02
5.699716205868325858e+01 3.445628014159324835e+02 1.287773561604306565e+02
5.699533305278613682e+01 3.445509395064082128e+02 1.288059362641629662e+02
5.699350404688901506e+01 3.445390775968839989e+02 1.288345163678952474e+02
5.699167504099189330e+01 3.445272156873597282e+02 1.288630964716275287e+02
5.698984603509477154e+01 3.445153537778354575e+02 1.288916765753598384e+02
5.698801702919764978e+01 3.445034918683112437e+02 1.289202566790921196e+02
5.698618802330052802e+01 3.444916299587869730e+02 1.289488367828244009e+02
5.698435901740340626e+01 3.444797680492627592e+02 1.289774168865567106e+02
5.698253001150628450e+01 3.444679061397384885e+02 1.290059969902889918e+02
5.698070100560916273e+01 3.444560442302142746e+02 1.290345770940212731e+02
5.697887199971204097e+01 3.444441823206900040e+02 1.290631571977535828e+02
5.697704299381491211e+01 3.444323204111657333e+02 1.290917373014858640e+02
5.697521398791779035e+01 3.444204585016415194e+02 1.291203174052181453e+02
5.697338498202066859e+01 3.444085965921172487e+02 1.291488975089504549e+02
5.697155597612354683e+01 3.443967346825930349e+02 1.291774776126827362e+02
5.696972697022642507e+01 3.443848727730687642e+02 1.292060577164150175e+02
5.696789796432930331e+01 3.443730108635445504e+02 1.292346378201473271e+02
5.696606895843218155e+01 3.443611489540202797e+02 1.292632179238796084e+02
5.696606895843218155e+01 3.443611489540202797e+02 1.292632179238796084e+02
5.695924569217181954e+01 3.443533621166719172e+02 1.292922777540425727e+02
5.695242242591145754e+01 3.443455752793234979e+02 1.293213375842055655e+02
5.694559915965109553e+01 3.443377884419751354e+02 1.293503974143685298e+02
5.693877589339073353e+01 3.443300016046267160e+02 1.293794572445315225e+02
5.693195262713037152e+01 3.443222147672783535e+02 1.294085170746944868e+02
5.692512936087000952e+01 3.443144279299299910e+02 1.294375769048574796e+02
5.691830609460965462e+01 3.443066410925815717e+02 1.294666367350204439e+02
5.691148282834929262e+01 3.442988542552332092e+02 1.294956965651834082e+02
5.690465956208893061e+01 3.442910674178848467e+02 1.295247563953464010e+02
5.689783629582856861e+01 3.442832805805364274e+02 1.295538162255093653e+02
5.689101302956820660e+01 3.442754937431880649e+02 1.295828760556723580e+02
5.688418976330784460e+01 3.442677069058396455e+02 1.296119358858353223e+02
5.687736649704748260e+01 3.442599200684912830e+02 1.296409957159983151e+02
5.687054323078712059e+01 3.442521332311429205e+02 1.296700555461612794e+02
5.686371996452675859e+01 3.442443463937945012e+02 1.296991153763242437e+02
5.685689669826639658e+01 3.442365595564461387e+02 1.297281752064872364e+02
5.685007343200603458e+01 3.442287727190977762e+02 1.297572350366502008e+02
5.684325016574567258e+01 3.442209858817493568e+02 1.297862948668131935e+02
5.683642689948531768e+01 3.442131990444009944e+02 1.298153546969761578e+02
5.682960363322495567e+01 3.442054122070525750e+02 1.298444145271391506e+02
5.682278036696459367e+01 3.441976253697042125e+02 1.298734743573021149e+02
5.681595710070423166e+01 3.441898385323558500e+02 1.299025341874651076e+02
5.680913383444386966e+01 3.441820516950074307e+02 1.299315940176280719e+02
5.680231056818350766e+01 3.441742648576590682e+02 1.299606538477910362e+02
5.679548730192314565e+01 3.441664780203107057e+02 1.299897136779540290e+02
5.678866403566278365e+01 3.441586911829622863e+02 1.300187735081169933e+02
5.678184076940242164e+01 3.441509043456139239e+02 1.300478333382799860e+02
5.677501750314205964e+01 3.441431175082655045e+02 1.300768931684429504e+02
5.676819423688169763e+01 3.441353306709171420e+02 1.301059529986059431e+02
5.676137097062133563e+01 3.441275438335687795e+02 1.301350128287689074e+02
5.675454770436098073e+01 3.441197569962203602e+02 1.301640726589318717e+02
5.674772443810061873e+01 3.441119701588719977e+02 1.301931324890948645e+02
5.674090117184025672e+01 3.441041833215236352e+02 1.302221923192578288e+02
5.673407790557989472e+01 3.440963964841752158e+02 1.302512521494208215e+02
5.672725463931953271e+01 3.440886096468268533e+02 1.302803119795837858e+02
5.672043137305917071e+01 3.440808228094784340e+02 1.303093718097467786e+02
5.671360810679880871e+01 3.440730359721300715e+02 1.303384316399097429e+02
5.671360810679880871e+01 3.440730359721300715e+02 1.303384316399097429e+02
5.670674339912199002e+01 3.440652018410726214e+02 1.303676679662664810e+02
5.669987869144517134e+01 3.440573677100151713e+02 1.303969042926231907e+02
5.669301398376835976e+01 3.440495335789577211e+02 1.304261406189799288e+02
5.668614927609154108e+01 3.440416994479002710e+02 1.304553769453366669e+02
5.667928456841472240e+01 3.440338653168428209e+02 1.304846132716933766e+02
5.667241986073790372e+01 3.440260311857853708e+02 1.305138495980501148e+02
5.666555515306109214e+01 3.440181970547279207e+02 1.305430859244068529e+02
5.665869044538427346e+01 3.440103629236704705e+02 1.305723222507635626e+02
5.665182573770745478e+01 3.440025287926130204e+02 1.306015585771203007e+02
5.664496103003063610e+01 3.439946946615555134e+02 1.306307949034770388e+02
5.663809632235381741e+01 3.439868605304980633e+02 1.306600312298337485e+02
5.663123161467700584e+01 3.439790263994406132e+02 1.306892675561904866e+02
5.662436690700018715e+01 3.439711922683831631e+02 1.307185038825472247e+02
5.661750219932336847e+01 3.439633581373257130e+02 1.307477402089039344e+02
5.661063749164654979e+01 3.439555240062682628e+02 1.307769765352606726e+02
5.660377278396973821e+01 3.439476898752108127e+02 1.308062128616174107e+02
5.659690807629291953e+01 3.439398557441533626e+02 1.308354491879741204e+02
5.659004336861610085e+01 3.439320216130959125e+02 1.308646855143308585e+02
5.658317866093928217e+01 3.439241874820384623e+02 1.308939218406875966e+02
5.657631395326246349e+01 3.439163533509810122e+02 1.309231581670443063e+02
5.656944924558565191e+01 3.439085192199235621e+02 1.309523944934010444e+02
5.656258453790883323e+01 3.439006850888661120e+02 1.309816308197577825e+02
5.655571983023201454e+01 3.438928509578086619e+02 1.310108671461144922e+02
5.654885512255519586e+01 3.438850168267512117e+02 1.310401034724712304e+02
5.654199041487838429e+01 3.438771826956937616e+02 1.310693397988279685e+02
5.653512570720156560e+01 3.438693485646363115e+02 1.310985761251846782e+02
5.652826099952474692e+01 3.438615144335788614e+02 1.311278124515414163e+02
5.652139629184792824e+01 3.438536803025213544e+02 1.311570487778981544e+02
5.651453158417110956e+01 3.438458461714639043e+02 1.311862851042548641e+02
5.650766687649429798e+01 3.438380120404064542e+02 1.312155214306116022e+02
5.650080216881747930e+01 3.438301779093490040e+02 1.312447577569683403e+02
5.649393746114066062e+01 3.438223437782915539e+02 1.312739940833250500e+02
5.648707275346384193e+01 3.438145096472341038e+02 1.313032304096817882e+02
5.648020804578703036e+01 3.438066755161766537e+02 1.313324667360385263e+02
5.647334333811021168e+01 3.437988413851192036e+02 1.313617030623952360e+02
5.646647863043339299e+01 3.437910072540617534e+02 1.313909393887519741e+02
5.646647863043339299e+01 3.437910072540617534e+02 1.313909393887519741e+02
5.645947006339236651e+01 3.437782732542240751e+02 1.314193111681540813e+02
5.645246149635134714e+01 3.437655392543863968e+02 1.314476829475561601e+02
5.644545292931032066e+01 3.437528052545487753e+02 1.314760547269582673e+02
5.643844436226930128e+01 3.437400712547110970e+02 1.315044265063603746e+02
5.643143579522827480e+01 3.437273372548734187e+02 1.315327982857624534e+02
5.642442722818725542e+01 3.437146032550357404e+02 1.315611700651645606e+02
5.641741866114622894e+01 3.437018692551980621e+02 1.315895418445666394e+02
5.641041009410520246e+01 3.436891352553603838e+02 1.316179136239687466e+02
5.640340152706418309e+01 3.436764012555227055e+02 1.316462854033708538e+02
5.639639296002315660e+01 3.436636672556850840e+02 1.316746571827729326e+02
5.638938439298213723e+01 3.436509332558474057e+02 1.317030289621750399e+02
5.638237582594111075e+01 3.436381992560097274e+02 1.317314007415771471e+02
5.637536725890009137e+01 3.436254652561720491e+02 1.317597725209792259e+02
5.636835869185906489e+01 3.436127312563343708e+02 1.317881443003813331e+02
5.636135012481804551e+01 3.435999972564967493e+02 1.318165160797834119e+02
5.635434155777701903e+01 3.435872632566590710e+02 1.318448878591855191e+02
5.634733299073599255e+01 3.435745292568213927e+02 1.318732596385876263e+02
5.634032442369497318e+01 3.435617952569837144e+02 1.319016314179897051e+02
5.633331585665394670e+01 3.435490612571460360e+02 1.319300031973918124e+02
5.632630728961292732e+01 3.435363272573083577e+02 1.319583749767939196e+02
5.631929872257190084e+01 3.435235932574706794e+02 1.319867467561959984e+02
5.631229015553088146e+01 3.435108592576330580e+02 1.320151185355981056e+02
5.630528158848985498e+01 3.434981252577953796e+02 1.320434903150002128e+02
5.629827302144882850e+01 3.434853912579577013e+02 1.320718620944022916e+02
5.629126445440780913e+01 3.434726572581200230e+02 1.321002338738043989e+02
5.628425588736678264e+01 3.434599232582823447e+02 1.321286056532064777e+02
5.627724732032576327e+01 3.434471892584447232e+02 1.321569774326085849e+02
5.627023875328473679e+01 3.434344552586070449e+02 1.321853492120106921e+02
5.626323018624371741e+01 3.434217212587693666e+02 1.322137209914127709e+02
5.625622161920269093e+01 3.434089872589316883e+02 1.322420927708148781e+02
5.625622161920269093e+01 3.434089872589316883e+02 1.322420927708148781e+02
5.624935248260707965e+01 3.434011480735103987e+02 1.322713479596376374e+02
5.624248334601146837e+01 3.433933088880891091e+02 1.323006031484603682e+02
5.623561420941585709e+01 3.433854697026678195e+02 1.323298583372831274e+02
5.622874507282024581e+01 3.433776305172464731e+02 1.323591135261058582e+02
5.622187593622463453e+01 3.433697913318251835e+02 1.323883687149286175e+02
5.621500679962902325e+01 3.433619521464038939e+02 1.324176239037513483e+02
5.620813766303341197e+01 3.433541129609826044e+02 1.324468790925741075e+02
5.620126852643780069e+01 3.433462737755613148e+02 1.324761342813968383e+02
5.619439938984218941e+01 3.433384345901400252e+02 1.325053894702195976e+02
5.618753025324657813e+01 3.433305954047187356e+02 1.325346446590423284e+02
5.618066111665096685e+01 3.433227562192974460e+02 1.325638998478650876e+02
5.617379198005535557e+01 3.433149170338760996e+02 1.325931550366878184e+02
5.616692284345974429e+01 3.433070778484548100e+02 1.326224102255105777e+02
5.616005370686413301e+01 3.432992386630335204e+02 1.326516654143333085e+02
5.615318457026852172e+01 3.432913994776122308e+02 1.326809206031560677e+02
5.614631543367291044e+01 3.432835602921909413e+02 1.327101757919788270e+02
5.613944629707729916e+01 3.432757211067696517e+02 1.327394309808015578e+02
5.613257716048168788e+01 3.432678819213483621e+02 1.327686861696243170e+02
5.612570802388607660e+01 3.432600427359270157e+02 1.327979413584470478e+02
5.611883888729046532e+01 3.432522035505057261e+02 1.328271965472698071e+02
5.611196975069485404e+01 3.432443643650844365e+02 1.328564517360925379e+02
5.610510061409924276e+01 3.432365251796631469e+02 1.328857069249152971e+02
5.609823147750363148e+01 3.432286859942418573e+02 1.329149621137380279e+02
5.609136234090802020e+01 3.432208468088205677e+02 1.329442173025607872e+02
5.608449320431240892e+01 3.432130076233992781e+02 1.329734724913835180e+02
5.607762406771679764e+01 3.432051684379779886e+02 1.330027276802062772e+02
5.607075493112118636e+01 3.431973292525566421e+02 1.330319828690290080e+02
5.606388579452557508e+01 3.431894900671353525e+02 1.330612380578517673e+02
5.605701665792996380e+01 3.431816508817140630e+02 1.330904932466744981e+02
5.605014752133435252e+01 3.431738116962927734e+02 1.331197484354972573e+02
5.605014752133435252e+01 3.431738116962927734e+02 1.331197484354972573e+02
5.604316985602513768e+01 3.431611338424041264e+02 1.331479951198388392e+02
5.603619219071592283e+01 3.431484559885154795e+02 1.331762418041804494e+02
5.602921452540670799e+01 3.431357781346268325e+02 1.332044884885220313e+02
5.602223686009749315e+01 3.431231002807381856e+02 1.332327351728636415e+02
5.601525919478827831e+01 3.431104224268495386e+02 1.332609818572052234e+02
5.600828152947906347e+01 3.430977445729608917e+02 1.332892285415468336e+02
5.600130386416984862e+01 3.430850667190722447e+02 1.333174752258884155e+02
5.599432619886064089e+01 3.430723888651836546e+02 1.333457219102300257e+02
5.598734853355142604e+01 3.430597110112950077e+02 1.333739685945716076e+02
5.598037086824221120e+01 3.430470331574063607e+02 1.334022152789132178e+02
5.597339320293299636e+01 3.430343553035177138e+02 1.334304619632547997e+02
5.596641553762378152e+01 3.430216774496290668e+02 1.334587086475964099e+02
5.595943787231456668e+01 3.430089995957404199e+02 1.334869553319379918e+02
5.595246020700535183e+01 3.429963217418517729e+02 1.335152020162796020e+02
5.594548254169613699e+01 3.429836438879631260e+02 1.335434487006211839e+02
5.593850487638692215e+01 3.429709660340744790e+02 1.335716953849627942e+02
5.593152721107770731e+01 3.429582881801858321e+02 1.335999420693043760e+02
5.592454954576849246e+01 3.429456103262971851e+02 1.336281887536459863e+02
5.591757188045927762e+01 3.429329324724085382e+02 1.336564354379875681e+02
5.591059421515006278e+01 3.429202546185198912e+02 1.336846821223291784e+02
5.590361654984084794e+01 3.429075767646312443e+02 1.337129288066707602e+02
5.589663888453164020e+01 3.428948989107426542e+02 1.337411754910123705e+02
5.588966121922242536e+01 3.428822210568540072e+02 1.337694221753539523e+02
5.588268355391321052e+01 3.428695432029653603e+02 1.337976688596955626e+02
5.587570588860399567e+01 3.428568653490767133e+02 1.338259155440371444e+02
5.586872822329478083e+01 3.428441874951880664e+02 1.338541622283787547e+02
5.586175055798556599e+01 3.428315096412994194e+02 1.338824089127203365e+02
5.585477289267635115e+01 3.428188317874107724e+02 1.339106555970619468e+02
5.584779522736713631e+01 3.428061539335221255e+02 1.339389022814035286e+02
5.584779522736713631e+01 3.428061539335221255e+02 1.339389022814035286e+02
5.581904270992296091e+01 3.428047501867546885e+02 1.339529278136996027e+02
5.579029019247878551e+01 3.428033464399872514e+02 1.339669533459956767e+02
5.576153767503461012e+01 3.428019426932198144e+02 1.339809788782917508e+02
5.573278515759043472e+01 3.428005389464523773e+02 1.339950044105878249e+02
5.570403264014626643e+01 3.427991351996849971e+02 1.340090299428838705e+02
5.567528012270209103e+01 3.427977314529175601e+02 1.340230554751799446e+02
5.564652760525791564e+01 3.427963277061501230e+02 1.340370810074760186e+02
5.561777508781374024e+01 3.427949239593826860e+02 1.340511065397720927e+02
5.558902257036956485e+01 3.427935202126152490e+02 1.340651320720681667e+02
5.556027005292538945e+01 3.427921164658478119e+02 1.340791576043642408e+02
5.553151753548121405e+01 3.427907127190803749e+02 1.340931831366603149e+02
5.550276501803703866e+01 3.427893089723129378e+02 1.341072086689563889e+02
5.547401250059286326e+01 3.427879052255455008e+02 1.341212342012524346e+02
5.544525998314869497e+01 3.427865014787781206e+02 1.341352597335485086e+02
5.541650746570451957e+01 3.427850977320106836e+02 1.341492852658445827e+02
5.538775494826034418e+01 3.427836939852432465e+02 1.341633107981406567e+02
5.535900243081616878e+01 3.427822902384758095e+02 1.341773363304367308e+02
5.533024991337199339e+01 3.427808864917083724e+02 1.341913618627328049e+02
5.530149739592781799e+01 3.427794827449409354e+02 1.342053873950288789e+02
5.527274487848364259e+01 3.427780789981734983e+02 1.342194129273249530e+02
5.524399236103946720e+01 3.427766752514060613e+02 1.342334384596210271e+02
5.521523984359529891e+01 3.427752715046386811e+02 1.342474639919170727e+02
5.518648732615112351e+01 3.427738677578712441e+02 1.342614895242131468e+02
5.515773480870694812e+01 3.427724640111038070e+02 1.342755150565092208e+02
5.512898229126277272e+01 3.427710602643363700e+02 1.342895405888052949e+02
5.510022977381859732e+01 3.427696565175689329e+02 1.343035661211013689e+02
5.510022977381859732e+01 3.427696565175689329e+02 1.343035661211013689e+02
5.506841794487922925e+01 3.427713565477183124e+02 1.343035024065308960e+02
5.503660611593986829e+01 3.427730565778676350e+02 1.343034386919604231e+02
5.500479428700050022e+01 3.427747566080170145e+02 1.343033749773899501e+02
5.497298245806113215e+01 3.427764566381663371e+02 1.343033112628194772e+02
5.494117062912176408e+01 3.427781566683157166e+02 1.343032475482490327e+02
5.490935880018240312e+01 3.427798566984650392e+02 1.343031838336785597e+02
5.487754697124303505e+01 3.427815567286144187e+02 1.343031201191080868e+02
5.484573514230366698e+01 3.427832567587637413e+02 1.343030564045376138e+02
5.481392331336429891e+01 3.427849567889131208e+02 1.343029926899671409e+02
5.478211148442493794e+01 3.427866568190624434e+02 1.343029289753966680e+02
5.475029965548556987e+01 3.427883568492118229e+02 1.343028652608261950e+02
5.471848782654620180e+01 3.427900568793611455e+02 1.343028015462557221e+02
5.468667599760683373e+01 3.427917569095105250e+02 1.343027378316852491e+02
5.465486416866747277e+01 3.427934569396598476e+02 1.343026741171148046e+02
5.462305233972810470e+01 3.427951569698092271e+02 1.343026104025443317e+02
5.459124051078873663e+01 3.427968569999585497e+02 1.343025466879738588e+02
5.455942868184936856e+01 3.427985570301079292e+02 1.343024829734033858e+02
5.452761685291000759e+01 3.428002570602572519e+02 1.343024192588329129e+02
5.449580502397063952e+01 3.428019570904066313e+02 1.343023555442624399e+02
5.446399319503127145e+01 3.428036571205559540e+02 1.343022918296919670e+02
5.443218136609190339e+01 3.428053571507053334e+02 1.343022281151214941e+02
5.440036953715254242e+01 3.428070571808546561e+02 1.343021644005510211e+02
5.436855770821317435e+01 3.428087572110040355e+02 1.343021006859805766e+02
5.433674587927380628e+01 3.428104572411533582e+02 1.343020369714101037e+02
5.430493405033443821e+01 3.428121572713027376e+02 1.343019732568396307e+02
5.427312222139507725e+01 3.428138573014520603e+02 1.343019095422691578e+02
5.424131039245570918e+01 3.428155573316014397e+02 1.343018458276986848e+02
5.424131039245570918e+01 3.428155573316014397e+02 1.343018458276986848e+02
5.422275012456717036e+01 3.428178704620432313e+02 1.342770793957479327e+02
5.420418985667863154e+01 3.428201835924850798e+02 1.342523129637971806e+02
5.418562958879008562e+01 3.428224967229268714e+02 1.342275465318464285e+02
5.416706932090154680e+01 3.428248098533687198e+02 1.342027800998956764e+02
5.414850905301300799e+01 3.428271229838105114e+02 1.341780136679449242e+02
5.412994878512446917e+01 3.428294361142523030e+02 1.341532472359941721e+02
5.411138851723593035e+01 3.428317492446941515e+02 1.341284808040434200e+02
5.409282824934738443e+01 3.428340623751359431e+02 1.341037143720926395e+02
5.407426798145884561e+01 3.428363755055777347e+02 1.340789479401418873e+02
5.405570771357030679e+01 3.428386886360195831e+02 1.340541815081911352e+02
5.403714744568176798e+01 3.428410017664613747e+02 1.340294150762403831e+02
5.401858717779322916e+01 3.428433148969032231e+02 1.340046486442896310e+02
5.400002690990468324e+01 3.428456280273450147e+02 1.339798822123388788e+02
5.398146664201614442e+01 3.428479411577868063e+02 1.339551157803881267e+02
5.396290637412760560e+01 3.428502542882286548e+02 1.339303493484373746e+02
5.394434610623906678e+01 3.428525674186704464e+02 1.339055829164866225e+02
5.392578583835052797e+01 3.428548805491122948e+02 1.338808164845358704e+02
5.390722557046198915e+01 3.428571936795540864e+02 1.338560500525851182e+02
5.388866530257344323e+01 3.428595068099958780e+02 1.338312836206343661e+02
5.387010503468490441e+01 3.428618199404377265e+02 1.338065171886836140e+02
5.385154476679636559e+01 3.428641330708795181e+02 1.337817507567328619e+02
5.383298449890782678e+01 3.428664462013213665e+02 1.337569843247821098e+02
5.381442423101928796e+01 3.428687593317631581e+02 1.337322178928313576e+02
5.379586396313074204e+01 3.428710724622049497e+02 1.337074514608805771e+02
5.377730369524220322e+01 3.428733855926467982e+02 1.336826850289298250e+02
5.375874342735366440e+01 3.428756987230885898e+02 1.336579185969790728e+02
5.374018315946512558e+01 3.428780118535303814e+02 1.336331521650283207e+02
5.372162289157658677e+01 3.428803249839722298e+02 1.336083857330775686e+02
5.370306262368804084e+01 3.428826381144140214e+02 1.335836193011268165e+02
5.368450235579950203e+01 3.428849512448558698e+02 1.335588528691760644e+02
5.366594208791096321e+01 3.428872643752976614e+02 1.335340864372253122e+02
