2.131691593240205123e+02 1.282989861932297515e+02 9.338196429431437195e+01
2.131485681299243424e+02 1.283191739673220866e+02 9.336153936325585789e+01
2.131279769358281442e+02 1.283393617414144217e+02 9.334111443219734383e+01
2.131073857417319743e+02 1.283595495155067567e+02 9.332068950113881556e+01
2.130867945476358045e+02 1.283797372895990918e+02 9.330026457008030150e+01
2.130662033535396063e+02 1.283999250636914269e+02 9.327983963902178743e+01
2.130456121594434364e+02 1.284201128377837620e+02 9.325941470796327337e+01
2.130250209653472666e+02 1.284403006118760686e+02 9.323898977690475931e+01
2.130044297712510968e+02 1.284604883859684037e+02 9.321856484584623104e+01
2.129838385771548985e+02 1.284806761600607388e+02 9.319813991478771698e+01
2.129632473830587287e+02 1.285008639341530738e+02 9.317771498372920291e+01
2.129426561889625589e+02 1.285210517082454089e+02 9.315729005267068885e+01
2.129220649948663606e+02 1.285412394823377440e+02 9.313686512161217479e+01
2.129014738007701908e+02 1.285614272564300791e+02 9.311644019055364652e+01
2.128808826066740210e+02 1.285816150305224141e+02 9.309601525949513245e+01
2.128602914125778227e+02 1.286018028046147492e+02 9.307559032843661839e+01
2.128397002184816529e+02 1.286219905787070843e+02 9.305516539737810433e+01
2.128191090243854831e+02 1.286421783527994194e+02 9.303474046631959027e+01
2.127985178302892848e+02 1.286623661268917544e+02 9.301431553526107621e+01
2.127779266361931150e+02 1.286825539009840895e+02 9.299389060420254793e+01
2.127573354420969451e+02 1.287027416750763962e+02 9.297346567314403387e+01
2.127367442480007753e+02 1.287229294491687313e+02 9.295304074208551981e+01
2.127161530539045771e+02 1.287431172232610663e+02 9.293261581102700575e+01
2.126955618598084072e+02 1.287633049973534014e+02 9.291219087996849169e+01
2.126749706657122374e+02 1.287834927714457365e+02 9.289176594890996341e+01
2.126543794716160392e+02 1.288036805455380716e+02 9.287134101785144935e+01
2.126337882775198693e+02 1.288238683196304066e+02 9.285091608679293529e+01
2.126337882775198693e+02 1.288238683196304066e+02 9.285091608679293529e+01
2.126318079355744430e+02 1.288373285873170460e+02 9.283621211835432518e+01
2.126298275936290167e+02 1.288507888550036569e+02 9.282150814991571508e+01
2.126278472516835905e+02 1.288642491226902962e+02 9.280680418147710498e+01
2.126258669097381642e+02 1.288777093903769071e+02 9.279210021303849487e+01
2.126238865677927379e+02 1.288911696580635464e+02 9.277739624459988477e+01
2.126219062258473116e+02 1.289046299257501573e+02 9.276269227616127466e+01
2.126199258839018853e+02 1.289180901934367967e+02 9.274798830772266456e+01
2.126179455419564306e+02 1.289315504611234076e+02 9.273328433928406866e+01
2.126159652000110043e+02 1.289450107288100469e+02 9.271858037084545856e+01
2.126139848580655780e+02 1.289584709964966862e+02 9.270387640240684846e+01
2.126120045161201517e+02 1.289719312641832971e+02 9.268917243396823835e+01
2.126100241741747254e+02 1.289853915318699364e+02 9.267446846552962825e+01
2.126080438322292991e+02 1.289988517995565473e+02 9.265976449709101814e+01
2.126060634902838729e+02 1.290123120672431867e+02 9.264506052865240804e+01
2.126040831483384466e+02 1.290257723349297976e+02 9.263035656021379793e+01
2.126021028063930203e+02 1.290392326026164369e+02 9.261565259177518783e+01
2.126001224644475940e+02 1.290526928703030478e+02 9.260094862333657773e+01
2.125981421225021677e+02 1.290661531379896871e+02 9.258624465489796762e+01
2.125961617805567414e+02 1.290796134056762980e+02 9.257154068645935752e+01
2.125941814386113151e+02 1.290930736733629374e+02 9.255683671802074741e+01
2.125922010966658888e+02 1.291065339410495767e+02 9.254213274958213731e+01
2.125902207547204341e+02 1.291199942087361876e+02 9.252742878114354141e+01
2.125882404127750078e+02 1.291334544764228269e+02 9.251272481270493131e+01
2.125862600708295815e+02 1.291469147441094378e+02 9.249802084426632121e+01
2.125842797288841552e+02 1.291603750117960772e+02 9.248331687582771110e+01
2.125822993869387290e+02 1.291738352794826881e+02 9.246861290738910100e+01
2.125803190449933027e+02 1.291872955471693274e+02 9.245390893895049089e+01
2.125783387030478764e+02 1.292007558148559383e+02 9.243920497051188079e+01
2.125763583611024501e+02 1.292142160825425776e+02 9.242450100207327068e+01
2.125763583611024501e+02 1.292142160825425776e+02 9.242450100207327068e+01
2.125993935028602948e+02 1.292498602864798727e+02 9.242049392896889515e+01
2.126224286446181395e+02 1.292855044904171393e+02 9.241648685586450540e+01
2.126454637863759842e+02 1.293211486943544344e+02 9.241247978276012986e+01
2.126684989281338289e+02 1.293567928982917294e+02 9.240847270965574012e+01
2.126915340698916737e+02 1.293924371022290245e+02 9.240446563655136458e+01
2.127145692116495184e+02 1.294280813061662911e+02 9.240045856344697484e+01
2.127376043534073631e+02 1.294637255101035862e+02 9.239645149034259930e+01
2.127606394951652078e+02 1.294993697140408813e+02 9.239244441723820955e+01
2.127836746369230241e+02 1.295350139179781763e+02 9.238843734413383402e+01
2.128067097786808688e+02 1.295706581219154430e+02 9.238443027102945848e+01
2.128297449204387135e+02 1.296063023258527380e+02 9.238042319792506873e+01
2.128527800621965582e+02 1.296419465297900331e+02 9.237641612482069320e+01
2.128758152039544029e+02 1.296775907337272997e+02 9.237240905171630345e+01
2.128988503457122476e+02 1.297132349376645948e+02 9.236840197861192792e+01
2.129218854874700924e+02 1.297488791416018898e+02 9.236439490550753817e+01
2.129449206292279371e+02 1.297845233455391849e+02 9.236038783240316263e+01
2.129679557709857818e+02 1.298201675494764515e+02 9.235638075929877289e+01
2.129909909127436265e+02 1.298558117534137466e+02 9.235237368619439735e+01
2.129909909127436265e+02 1.298558117534137466e+02 9.235237368619439735e+01
2.129982418490286591e+02 1.298850489210549881e+02 9.236755270487067548e+01
2.130054927853136917e+02 1.299142860886962012e+02 9.238273172354695362e+01
2.130127437215987243e+02 1.299435232563374427e+02 9.239791074222324596e+01
2.130199946578837569e+02 1.299727604239786842e+02 9.241308976089952409e+01
2.130272455941687895e+02 1.300019975916199257e+02 9.242826877957580223e+01
2.130344965304538221e+02 1.300312347592611673e+02 9.244344779825208036e+01
2.130417474667388547e+02 1.300604719269023803e+02 9.245862681692835849e+01
2.130489984030238872e+02 1.300897090945436219e+02 9.247380583560465084e+01
2.130562493393089198e+02 1.301189462621848634e+02 9.248898485428092897e+01
2.130635002755939524e+02 1.301481834298260765e+02 9.250416387295720710e+01
2.130707512118789850e+02 1.301774205974673180e+02 9.251934289163348524e+01
2.130780021481640176e+02 1.302066577651085595e+02 9.253452191030976337e+01
2.130852530844490502e+02 1.302358949327498010e+02 9.254970092898605571e+01
2.130925040207340828e+02 1.302651321003910425e+02 9.256487994766233385e+01
2.130997549570191154e+02 1.302943692680322556e+02 9.258005896633861198e+01
2.131070058933041480e+02 1.303236064356734971e+02 9.259523798501489011e+01
2.131142568295891806e+02 1.303528436033147386e+02 9.261041700369118246e+01
2.131215077658742132e+02 1.303820807709559517e+02 9.262559602236746059e+01
2.131287587021592458e+02 1.304113179385971932e+02 9.264077504104373872e+01
2.131360096384442784e+02 1.304405551062384347e+02 9.265595405972001686e+01
2.131432605747293110e+02 1.304697922738796763e+02 9.267113307839629499e+01
2.131505115110143436e+02 1.304990294415209178e+02 9.268631209707258733e+01
2.131577624472993762e+02 1.305282666091621309e+02 9.270149111574886547e+01
2.131650133835844088e+02 1.305575037768033724e+02 9.271667013442514360e+01
2.131650133835844088e+02 1.305575037768033724e+02 9.271667013442514360e+01
2.131470235332927246e+02 1.305736639861772517e+02 9.274105162086485166e+01
2.131290336830010403e+02 1.305898241955511310e+02 9.276543310730455971e+01
2.131110438327093277e+02 1.306059844049250103e+02 9.278981459374425356e+01
2.130930539824176435e+02 1.306221446142988896e+02 9.281419608018396161e+01
2.130750641321259593e+02 1.306383048236727404e+02 9.283857756662366967e+01
2.130570742818342751e+02 1.306544650330466197e+02 9.286295905306337772e+01
2.130390844315425909e+02 1.306706252424204990e+02 9.288734053950307157e+01
2.130210945812508783e+02 1.306867854517943783e+02 9.291172202594277962e+01
2.130031047309591941e+02 1.307029456611682576e+02 9.293610351238248768e+01
2.129851148806675099e+02 1.307191058705421369e+02 9.296048499882219573e+01
2.129671250303758256e+02 1.307352660799160162e+02 9.298486648526188958e+01
2.129491351800841414e+02 1.307514262892898955e+02 9.300924797170159763e+01
2.129311453297924288e+02 1.307675864986637464e+02 9.303362945814130569e+01
2.129131554795007446e+02 1.307837467080376257e+02 9.305801094458101375e+01
2.128951656292090604e+02 1.307999069174115050e+02 9.308239243102070759e+01
2.128771757789173762e+02 1.308160671267853843e+02 9.310677391746041565e+01
2.128591859286256920e+02 1.308322273361592636e+02 9.313115540390012370e+01
2.128411960783339794e+02 1.308483875455331429e+02 9.315553689033983176e+01
2.128232062280422952e+02 1.308645477549070222e+02 9.317991837677952560e+01
2.128052163777506109e+02 1.308807079642809015e+02 9.320429986321923366e+01
2.127872265274589267e+02 1.308968681736547524e+02 9.322868134965894171e+01
2.127692366771672425e+02 1.309130283830286317e+02 9.325306283609864977e+01
2.127512468268755299e+02 1.309291885924025109e+02 9.327744432253834361e+01
2.127332569765838457e+02 1.309453488017763902e+02 9.330182580897805167e+01
2.127152671262921615e+02 1.309615090111502695e+02 9.332620729541775972e+01
2.127152671262921615e+02 1.309615090111502695e+02 9.332620729541775972e+01
2.127097519491111086e+02 1.309763852546279566e+02 9.334945680117604638e+01
2.127042367719300273e+02 1.309912614981056436e+02 9.337270630693433304e+01
2.126987215947489744e+02 1.310061377415833306e+02 9.339595581269261970e+01
2.126932064175679216e+02 1.310210139850609892e+02 9.341920531845090636e+01
2.126876912403868403e+02 1.310358902285386762e+02 9.344245482420919302e+01
2.126821760632057874e+02 1.310507664720163632e+02 9.346570432996747968e+01
2.126766608860247061e+02 1.310656427154940502e+02 9.348895383572575213e+01
2.126711457088436532e+02 1.310805189589717372e+02 9.351220334148403879e+01
2.126656305316626003e+02 1.310953952024494242e+02 9.353545284724232545e+01
2.126601153544815190e+02 1.311102714459271112e+02 9.355870235300061211e+01
2.126546001773004662e+02 1.311251476894047698e+02 9.358195185875889877e+01
2.126490850001194133e+02 1.311400239328824568e+02 9.360520136451718543e+01
2.126435698229383320e+02 1.311549001763601439e+02 9.362845087027547208e+01
2.126380546457572791e+02 1.311697764198378309e+02 9.365170037603375874e+01
2.126325394685761978e+02 1.311846526633155179e+02 9.367494988179204540e+01
2.126270242913951449e+02 1.311995289067932049e+02 9.369819938755033206e+01
2.126215091142140921e+02 1.312144051502708635e+02 9.372144889330861872e+01
2.126159939370330108e+02 1.312292813937485505e+02 9.374469839906690538e+01
2.126104787598519579e+02 1.312441576372262375e+02 9.376794790482519204e+01
2.126049635826709050e+02 1.312590338807039245e+02 9.379119741058347870e+01
2.125994484054898237e+02 1.312739101241816115e+02 9.381444691634175115e+01
2.125939332283087708e+02 1.312887863676592985e+02 9.383769642210003781e+01
2.125884180511276895e+02 1.313036626111369856e+02 9.386094592785832447e+01
2.125829028739466366e+02 1.313185388546146442e+02 9.388419543361661113e+01
2.125773876967655838e+02 1.313334150980923312e+02 9.390744493937489779e+01
2.125718725195845025e+02 1.313482913415700182e+02 9.393069444513318444e+01
2.125663573424034496e+02 1.313631675850477052e+02 9.395394395089147110e+01
2.125663573424034496e+02 1.313631675850477052e+02 9.395394395089147110e+01
2.125503310761640421e+02 1.313801559673289887e+02 9.397031515961883485e+01
2.125343048099246346e+02 1.313971443496102722e+02 9.398668636834618439e+01
2.125182785436852271e+02 1.314141327318915557e+02 9.400305757707354815e+01
2.125022522774458196e+02 1.314311211141728393e+02 9.401942878580091190e+01
2.124862260112064121e+02 1.314481094964541228e+02 9.403579999452827565e+01
2.124701997449670046e+02 1.314650978787354063e+02 9.405217120325562519e+01
2.124541734787275971e+02 1.314820862610166898e+02 9.406854241198298894e+01
2.124381472124881896e+02 1.314990746432979734e+02 9.408491362071035269e+01
2.124221209462487820e+02 1.315160630255792569e+02 9.410128482943770223e+01
2.124060946800093745e+02 1.315330514078605404e+02 9.411765603816506598e+01
2.123900684137699670e+02 1.315500397901418239e+02 9.413402724689242973e+01
2.123740421475305311e+02 1.315670281724230790e+02 9.415039845561977927e+01
2.123580158812911236e+02 1.315840165547043625e+02 9.416676966434714302e+01
2.123419896150517161e+02 1.316010049369856461e+02 9.418314087307450677e+01
2.123259633488123086e+02 1.316179933192669296e+02 9.419951208180187052e+01
2.123099370825729011e+02 1.316349817015482131e+02 9.421588329052922006e+01
2.122939108163334936e+02 1.316519700838294966e+02 9.423225449925658381e+01
2.122778845500940861e+02 1.316689584661107801e+02 9.424862570798394756e+01
2.122618582838546786e+02 1.316859468483920637e+02 9.426499691671129710e+01
2.122458320176152711e+02 1.317029352306733472e+02 9.428136812543866085e+01
2.122298057513758636e+02 1.317199236129546307e+02 9.429773933416602461e+01
2.122137794851364561e+02 1.317369119952359142e+02 9.431411054289338836e+01
2.121977532188970486e+02 1.317539003775171977e+02 9.433048175162073790e+01
2.121817269526576410e+02 1.317708887597984813e+02 9.434685296034810165e+01
2.121817269526576410e+02 1.317708887597984813e+02 9.434685296034810165e+01
2.121634112198126161e+02 1.317903040538342339e+02 9.436556291317937450e+01
2.121450954869675627e+02 1.318097193478699864e+02 9.438427286601063315e+01
2.121267797541225377e+02 1.318291346419057390e+02 9.440298281884190601e+01
2.121084640212774843e+02 1.318485499359414916e+02 9.442169277167317887e+01
2.120901482884324594e+02 1.318679652299772442e+02 9.444040272450443751e+01
2.120718325555874060e+02 1.318873805240129968e+02 9.445911267733571037e+01
2.120535168227423810e+02 1.319067958180487494e+02 9.447782263016698323e+01
2.120352010898973276e+02 1.319262111120845020e+02 9.449653258299824188e+01
2.120168853570523027e+02 1.319456264061202546e+02 9.451524253582951474e+01
2.119985696242072493e+02 1.319650417001560072e+02 9.453395248866078759e+01
2.119802538913622243e+02 1.319844569941917314e+02 9.455266244149204624e+01
2.119619381585171709e+02 1.320038722882274840e+02 9.457137239432331910e+01
2.119436224256721459e+02 1.320232875822632366e+02 9.459008234715459196e+01
2.119253066928270925e+02 1.320427028762989892e+02 9.460879229998585060e+01
2.119069909599820676e+02 1.320621181703347418e+02 9.462750225281712346e+01
2.118886752271370142e+02 1.320815334643704944e+02 9.464621220564839632e+01
2.118703594942919892e+02 1.321009487584062470e+02 9.466492215847965497e+01
2.118520437614469358e+02 1.321203640524419995e+02 9.468363211131092783e+01
2.118337280286019109e+02 1.321397793464777521e+02 9.470234206414220068e+01
2.118154122957568575e+02 1.321591946405135047e+02 9.472105201697345933e+01
2.117970965629118325e+02 1.321786099345492573e+02 9.473976196980473219e+01
2.117970965629118325e+02 1.321786099345492573e+02 9.473976196980473219e+01
2.117702695611177433e+02 1.321848478594384062e+02 9.474025781854558659e+01
2.117434425593236540e+02 1.321910857843275551e+02 9.474075366728642678e+01
2.117166155575295647e+02 1.321973237092167039e+02 9.474124951602728117e+01
2.116897885557354755e+02 1.322035616341058244e+02 9.474174536476813557e+01
2.116629615539413862e+02 1.322097995589949733e+02 9.474224121350898997e+01
2.116361345521472970e+02 1.322160374838841221e+02 9.474273706224983016e+01
2.116093075503532077e+02 1.322222754087732710e+02 9.474323291099068456e+01
2.115824805485591185e+02 1.322285133336624199e+02 9.474372875973153896e+01
2.115556535467650292e+02 1.322347512585515688e+02 9.474422460847237915e+01
2.115288265449709399e+02 1.322409891834407176e+02 9.474472045721323354e+01
2.115019995431768507e+02 1.322472271083298381e+02 9.474521630595408794e+01
2.114751725413827614e+02 1.322534650332189869e+02 9.474571215469494234e+01
2.114483455395886722e+02 1.322597029581081358e+02 9.474620800343578253e+01
2.114215185377945829e+02 1.322659408829972847e+02 9.474670385217663693e+01
2.113946915360004937e+02 1.322721788078864336e+02 9.474719970091749133e+01
2.113678645342064044e+02 1.322784167327755824e+02 9.474769554965833152e+01
2.113410375324123152e+02 1.322846546576647313e+02 9.474819139839918591e+01
2.113142105306182259e+02 1.322908925825538518e+02 9.474868724714004031e+01
2.112873835288241366e+02 1.322971305074430006e+02 9.474918309588089471e+01
2.112605565270300474e+02 1.323033684323321495e+02 9.474967894462173490e+01
2.112337295252359581e+02 1.323096063572212984e+02 9.475017479336258930e+01
2.112337295252359581e+02 1.323096063572212984e+02 9.475017479336258930e+01
2.112096258908456434e+02 1.323304232185051887e+02 9.475448133150071328e+01
2.111855222564553571e+02 1.323512400797890507e+02 9.475878786963883726e+01
2.111614186220650708e+02 1.323720569410729411e+02 9.476309440777696125e+01
2.111373149876747561e+02 1.323928738023568030e+02 9.476740094591508523e+01
2.111132113532844414e+02 1.324136906636406934e+02 9.477170748405320921e+01
2.110891077188941551e+02 1.324345075249245554e+02 9.477601402219133320e+01
2.110650040845038689e+02 1.324553243862084457e+02 9.478032056032945718e+01
2.110409004501135541e+02 1.324761412474923077e+02 9.478462709846758116e+01
2.110167968157232394e+02 1.324969581087761981e+02 9.478893363660571936e+01
2.109926931813329531e+02 1.325177749700600884e+02 9.479324017474384334e+01
2.109685895469426669e+02 1.325385918313439504e+02 9.479754671288196732e+01
2.109444859125523521e+02 1.325594086926278408e+02 9.480185325102009131e+01
2.109203822781620374e+02 1.325802255539117027e+02 9.480615978915821529e+01
2.108962786437717511e+02 1.326010424151955931e+02 9.481046632729633927e+01
2.108721750093814649e+02 1.326218592764794550e+02 9.481477286543446326e+01
2.108480713749911502e+02 1.326426761377633454e+02 9.481907940357258724e+01
2.108239677406008354e+02 1.326634929990472074e+02 9.482338594171071122e+01
2.107998641062105492e+02 1.326843098603310978e+02 9.482769247984883521e+01
2.107998641062105492e+02 1.326843098603310978e+02 9.482769247984883521e+01
2.107918898402025150e+02 1.327218658070852086e+02 9.482684762489793684e+01
2.107839155741944808e+02 1.327594217538393195e+02 9.482600276994702426e+01
2.107759413081864182e+02 1.327969777005934020e+02 9.482515791499612590e+01
2.107679670421783840e+02 1.328345336473475129e+02 9.482431306004521332e+01
2.107599927761703498e+02 1.328720895941016238e+02 9.482346820509431495e+01
2.107520185101623156e+02 1.329096455408557347e+02 9.482262335014340238e+01
2.107440442441542814e+02 1.329472014876098171e+02 9.482177849519250401e+01
2.107360699781462472e+02 1.329847574343639280e+02 9.482093364024159143e+01
2.107280957121382130e+02 1.330223133811180389e+02 9.482008878529069307e+01
2.107201214461301504e+02 1.330598693278721498e+02 9.481924393033979470e+01
2.107121471801221162e+02 1.330974252746262607e+02 9.481839907538888212e+01
2.107041729141140820e+02 1.331349812213803432e+02 9.481755422043798376e+01
2.106961986481060478e+02 1.331725371681344541e+02 9.481670936548707118e+01
2.106882243820980136e+02 1.332100931148885650e+02 9.481586451053617282e+01
2.106802501160899510e+02 1.332476490616426759e+02 9.481501965558526024e+01
2.106722758500819168e+02 1.332852050083967583e+02 9.481417480063436187e+01
2.106643015840738826e+02 1.333227609551508692e+02 9.481332994568344930e+01
2.106563273180658484e+02 1.333603169019049801e+02 9.481248509073255093e+01
2.106563273180658484e+02 1.333603169019049801e+02 9.481248509073255093e+01
2.106785298094145560e+02 1.334018345720052139e+02 9.481446426009046036e+01
2.107007323007632635e+02 1.334433522421054477e+02 9.481644342944836978e+01
2.107229347921119711e+02 1.334848699122057099e+02 9.481842259880626500e+01
2.107451372834606786e+02 1.335263875823059436e+02 9.482040176816417443e+01
2.107673397748093862e+02 1.335679052524061774e+02 9.482238093752208385e+01
2.107895422661581222e+02 1.336094229225064112e+02 9.482436010687999328e+01
2.108117447575068297e+02 1.336509405926066449e+02 9.482633927623790271e+01
2.108339472488555373e+02 1.336924582627068787e+02 9.482831844559581214e+01
2.108561497402042448e+02 1.337339759328071409e+02 9.483029761495370735e+01
2.108783522315529524e+02 1.337754936029073747e+02 9.483227678431161678e+01
2.109005547229016599e+02 1.338170112730076085e+02 9.483425595366952621e+01
2.109227572142503675e+02 1.338585289431078422e+02 9.483623512302743563e+01
2.109449597055990751e+02 1.339000466132080760e+02 9.483821429238534506e+01
2.109671621969477826e+02 1.339415642833083382e+02 9.484019346174324028e+01
2.109893646882964902e+02 1.339830819534085720e+02 9.484217263110114970e+01
2.110115671796451977e+02 1.340245996235088057e+02 9.484415180045905913e+01
2.110337696709939337e+02 1.340661172936090395e+02 9.484613096981696856e+01
2.110559721623426412e+02 1.341076349637092733e+02 9.484811013917487799e+01
2.110781746536913488e+02 1.341491526338095071e+02 9.485008930853278741e+01
2.111003771450400563e+02 1.341906703039097692e+02 9.485206847789068263e+01
2.111225796363887639e+02 1.342321879740100030e+02 9.485404764724859206e+01
2.111447821277374715e+02 1.342737056441102368e+02 9.485602681660650148e+01
2.111447821277374715e+02 1.342737056441102368e+02 9.485602681660650148e+01
2.111759958015454401e+02 1.342912952189296050e+02 9.485681523601212461e+01
2.112072094753534373e+02 1.343088847937490016e+02 9.485760365541773353e+01
2.112384231491614059e+02 1.343264743685683698e+02 9.485839207482335667e+01
2.112696368229693746e+02 1.343440639433877664e+02 9.485918049422897980e+01
2.113008504967773717e+02 1.343616535182071345e+02 9.485996891363460293e+01
2.113320641705853404e+02 1.343792430930265311e+02 9.486075733304021185e+01
2.113632778443933091e+02 1.343968326678458993e+02 9.486154575244583498e+01
2.113944915182013062e+02 1.344144222426652959e+02 9.486233417185145811e+01
2.114257051920092749e+02 1.344320118174846641e+02 9.486312259125708124e+01
2.114569188658172436e+02 1.344496013923040607e+02 9.486391101066269016e+01
2.114881325396252407e+02 1.344671909671234289e+02 9.486469943006831329e+01
2.115193462134332094e+02 1.344847805419427971e+02 9.486548784947393642e+01
2.115505598872411781e+02 1.345023701167621937e+02 9.486627626887954534e+01
2.115817735610491752e+02 1.345199596915815619e+02 9.486706468828516847e+01
2.116129872348571439e+02 1.345375492664009585e+02 9.486785310769079160e+01
2.116442009086651126e+02 1.345551388412203266e+02 9.486864152709641473e+01
2.116754145824731097e+02 1.345727284160397232e+02 9.486942994650202365e+01
2.117066282562810784e+02 1.345903179908590914e+02 9.487021836590764678e+01
2.117378419300890471e+02 1.346079075656784880e+02 9.487100678531326992e+01
2.117690556038970442e+02 1.346254971404978562e+02 9.487179520471889305e+01
2.118002692777050129e+02 1.346430867153172528e+02 9.487258362412450197e+01
2.118314829515129816e+02 1.346606762901366210e+02 9.487337204353012510e+01
2.118626966253209787e+02 1.346782658649559892e+02 9.487416046293574823e+01
2.118939102991289474e+02 1.346958554397753858e+02 9.487494888234135715e+01
2.119251239729369161e+02 1.347134450145947540e+02 9.487573730174698028e+01
2.119563376467449132e+02 1.347310345894141506e+02 9.487652572115260341e+01
2.119875513205528819e+02 1.347486241642335187e+02 9.487731414055822654e+01
2.120187649943608506e+02 1.347662137390529153e+02 9.487810255996383546e+01
2.120499786681688477e+02 1.347838033138722835e+02 9.487889097936945859e+01
2.120811923419768164e+02 1.348013928886916801e+02 9.487967939877508172e+01
2.121124060157847850e+02 1.348189824635110483e+02 9.488046781818070485e+01
2.121436196895927822e+02 1.348365720383304449e+02 9.488125623758631377e+01
2.121748333634007508e+02 1.348541616131498131e+02 9.488204465699193690e+01
2.121748333634007508e+02 1.348541616131498131e+02 9.488204465699193690e+01
2.121995136210337591e+02 1.348680694677928784e+02 9.488266805025776307e+01
2.122241938786667390e+02 1.348819773224359437e+02 9.488329144352358924e+01
2.122488741362997473e+02 1.348958851770789806e+02 9.488391483678941540e+01
2.122735543939327272e+02 1.349097930317220460e+02 9.488453823005524157e+01
2.122982346515657355e+02 1.349237008863651113e+02 9.488516162332105353e+01
2.123229149091987153e+02 1.349376087410081766e+02 9.488578501658687969e+01
2.123475951668317236e+02 1.349515165956512135e+02 9.488640840985270586e+01
2.123722754244647319e+02 1.349654244502942788e+02 9.488703180311853203e+01
2.123969556820977118e+02 1.349793323049373441e+02 9.488765519638435819e+01
2.124216359397307201e+02 1.349932401595804095e+02 9.488827858965018436e+01
2.124463161973637000e+02 1.350071480142234464e+02 9.488890198291601052e+01
2.124709964549967083e+02 1.350210558688665117e+02 9.488952537618183669e+01
2.124956767126297166e+02 1.350349637235095770e+02 9.489014876944766286e+01
2.125203569702626964e+02 1.350488715781526423e+02 9.489077216271348902e+01
2.125450372278957047e+02 1.350627794327956792e+02 9.489139555597930098e+01
2.125697174855286846e+02 1.350766872874387445e+02 9.489201894924512715e+01
2.125943977431616929e+02 1.350905951420818099e+02 9.489264234251095331e+01
2.126190780007946728e+02 1.351045029967248752e+02 9.489326573577677948e+01
2.126437582584276811e+02 1.351184108513679121e+02 9.489388912904260565e+01
2.126684385160606894e+02 1.351323187060109774e+02 9.489451252230843181e+01
2.126931187736936693e+02 1.351462265606540427e+02 9.489513591557425798e+01
2.127177990313266776e+02 1.351601344152971080e+02 9.489575930884008415e+01
2.127424792889596574e+02 1.351740422699401734e+02 9.489638270210591031e+01
2.127671595465926657e+02 1.351879501245832103e+02 9.489700609537172227e+01
2.127918398042256456e+02 1.352018579792262756e+02 9.489762948863754843e+01
2.128165200618586539e+02 1.352157658338693409e+02 9.489825288190337460e+01
2.128412003194916622e+02 1.352296736885124062e+02 9.489887627516920077e+01
2.128658805771246421e+02 1.352435815431554431e+02 9.489949966843502693e+01
2.128905608347576504e+02 1.352574893977985084e+02 9.490012306170085310e+01
2.129152410923906302e+02 1.352713972524415738e+02 9.490074645496667927e+01
2.129399213500236385e+02 1.352853051070846391e+02 9.490136984823250543e+01
2.129646016076566468e+02 1.352992129617276760e+02 9.490199324149833160e+01
2.129892818652896267e+02 1.353131208163707413e+02 9.490261663476415777e+01
2.130139621229226350e+02 1.353270286710138066e+02 9.490324002802996972e+01
2.130386423805556149e+02 1.353409365256568719e+02 9.490386342129579589e+01
2.130633226381886232e+02 1.353548443802999088e+02 9.490448681456162205e+01
2.130880028958216030e+02 1.353687522349429742e+02 9.490511020782744822e+01
2.131126831534546113e+02 1.353826600895860395e+02 9.490573360109327439e+01
2.131126831534546113e+02 1.353826600895860395e+02 9.490573360109327439e+01
2.131373709549528144e+02 1.353965721953589707e+02 9.490635718490794659e+01
2.131620587564510174e+02 1.354104843011319304e+02 9.490698076872263300e+01
2.131867465579492489e+02 1.354243964069048616e+02 9.490760435253730520e+01
2.132114343594474519e+02 1.354383085126778212e+02 9.490822793635197741e+01
2.132361221609456550e+02 1.354522206184507525e+02 9.490885152016666382e+01
2.132608099624438580e+02 1.354661327242237121e+02 9.490947510398133602e+01
2.132854977639420611e+02 1.354800448299966433e+02 9.491009868779600822e+01
2.133101855654402641e+02 1.354939569357696030e+02 9.491072227161069463e+01
2.133348733669384956e+02 1.355078690415425342e+02 9.491134585542536684e+01
2.133595611684366986e+02 1.355217811473154939e+02 9.491196943924005325e+01
2.133842489699349017e+02 1.355356932530884251e+02 9.491259302305472545e+01
2.134089367714331047e+02 1.355496053588613847e+02 9.491321660686939765e+01
2.134336245729313077e+02 1.355635174646343160e+02 9.491384019068408406e+01
2.134583123744295108e+02 1.355774295704072756e+02 9.491446377449875627e+01
2.134830001759277422e+02 1.355913416761802068e+02 9.491508735831342847e+01
2.135076879774259453e+02 1.356052537819531665e+02 9.491571094212811488e+01
2.135323757789241483e+02 1.356191658877260977e+02 9.491633452594278708e+01
2.135570635804223514e+02 1.356330779934990289e+02 9.491695810975745928e+01
2.135817513819205544e+02 1.356469900992719886e+02 9.491758169357214570e+01
2.136064391834187859e+02 1.356609022050449198e+02 9.491820527738681790e+01
2.136311269849169889e+02 1.356748143108178795e+02 9.491882886120149010e+01
2.136558147864151920e+02 1.356887264165908107e+02 9.491945244501617651e+01
2.136805025879133950e+02 1.357026385223637703e+02 9.492007602883084871e+01
2.137051903894115981e+02 1.357165506281367016e+02 9.492069961264552092e+01
2.137298781909098011e+02 1.357304627339096612e+02 9.492132319646020733e+01
2.137545659924080326e+02 1.357443748396825924e+02 9.492194678027487953e+01
2.137792537939062356e+02 1.357582869454555521e+02 9.492257036408956594e+01
2.138039415954044387e+02 1.357721990512284833e+02 9.492319394790423814e+01
2.138286293969026417e+02 1.357861111570014430e+02 9.492381753171891035e+01
2.138533171984008447e+02 1.358000232627743742e+02 9.492444111553359676e+01
2.138780049998990478e+02 1.358139353685473338e+02 9.492506469934826896e+01
2.139026928013972793e+02 1.358278474743202651e+02 9.492568828316294116e+01
2.139273806028954823e+02 1.358417595800932247e+02 9.492631186697762757e+01
2.139520684043936853e+02 1.358556716858661559e+02 9.492693545079229978e+01
2.139520684043936853e+02 1.358556716858661559e+02 9.492693545079229978e+01
2.139623071011851323e+02 1.358734445581232251e+02 9.492015186676285055e+01
2.139725457979765793e+02 1.358912174303802658e+02 9.491336828273341553e+01
2.139827844947680262e+02 1.359089903026373349e+02 9.490658469870396630e+01
2.139930231915594447e+02 1.359267631748943757e+02 9.489980111467453128e+01
2.140032618883508917e+02 1.359445360471514448e+02 9.489301753064508205e+01
2.140135005851423387e+02 1.359623089194084855e+02 9.488623394661563282e+01
2.140237392819337856e+02 1.359800817916655546e+02 9.487945036258619780e+01
2.140339779787252326e+02 1.359978546639225954e+02 9.487266677855674857e+01
2.140442166755166795e+02 1.360156275361796645e+02 9.486588319452729934e+01
2.140544553723081265e+02 1.360334004084367052e+02 9.485909961049786432e+01
2.140646940690995734e+02 1.360511732806937744e+02 9.485231602646841509e+01
2.140749327658909920e+02 1.360689461529508435e+02 9.484553244243898007e+01
2.140851714626824389e+02 1.360867190252078842e+02 9.483874885840953084e+01
2.140954101594738859e+02 1.361044918974649534e+02 9.483196527438008161e+01
2.141056488562653328e+02 1.361222647697219941e+02 9.482518169035064659e+01
2.141158875530567798e+02 1.361400376419790632e+02 9.481839810632119736e+01
2.141261262498482267e+02 1.361578105142361039e+02 9.481161452229176234e+01
2.141363649466396737e+02 1.361755833864931731e+02 9.480483093826231311e+01
2.141466036434311206e+02 1.361933562587502138e+02 9.479804735423286388e+01
2.141568423402225392e+02 1.362111291310072829e+02 9.479126377020342886e+01
2.141670810370139861e+02 1.362289020032643521e+02 9.478448018617397963e+01
2.141773197338054331e+02 1.362466748755213928e+02 9.477769660214454461e+01
2.141875584305968800e+02 1.362644477477784619e+02 9.477091301811509538e+01
2.141977971273883270e+02 1.362822206200355026e+02 9.476412943408564615e+01
2.142080358241797740e+02 1.362999934922925718e+02 9.475734585005621113e+01
2.142182745209712209e+02 1.363177663645496125e+02 9.475056226602676190e+01
2.142285132177626679e+02 1.363355392368066816e+02 9.474377868199731267e+01
2.142387519145540864e+02 1.363533121090637223e+02 9.473699509796787765e+01
2.142489906113455334e+02 1.363710849813207915e+02 9.473021151393842842e+01
2.142592293081369803e+02 1.363888578535778322e+02 9.472342792990899341e+01
2.142694680049284273e+02 1.364066307258349013e+02 9.471664434587954418e+01
2.142694680049284273e+02 1.364066307258349013e+02 9.471664434587954418e+01
2.142863862752904822e+02 1.364359983557276337e+02 9.470543525247913408e+01
2.143033045456525088e+02 1.364653659856203376e+02 9.469422615907872398e+01
2.143202228160145637e+02 1.364947336155130699e+02 9.468301706567831388e+01
2.143371410863765902e+02 1.365241012454058023e+02 9.467180797227790379e+01
2.143540593567386452e+02 1.365534688752985346e+02 9.466059887887749369e+01
2.143709776271006717e+02 1.365828365051912385e+02 9.464938978547708359e+01
2.143878958974627267e+02 1.366122041350839709e+02 9.463818069207667349e+01
2.144048141678247816e+02 1.366415717649767032e+02 9.462697159867626340e+01
2.144217324381868082e+02 1.366709393948694071e+02 9.461576250527585330e+01
2.144386507085488631e+02 1.367003070247621395e+02 9.460455341187544320e+01
2.144555689789108897e+02 1.367296746546548718e+02 9.459334431847503311e+01
2.144724872492729446e+02 1.367590422845476041e+02 9.458213522507462301e+01
2.144894055196349711e+02 1.367884099144403081e+02 9.457092613167421291e+01
2.145063237899970261e+02 1.368177775443330404e+02 9.455971703827380281e+01
2.145232420603590811e+02 1.368471451742257727e+02 9.454850794487339272e+01
2.145401603307211076e+02 1.368765128041184767e+02 9.453729885147298262e+01
2.145570786010831625e+02 1.369058804340112090e+02 9.452608975807257252e+01
2.145739968714451891e+02 1.369352480639039413e+02 9.451488066467216242e+01
2.145909151418072440e+02 1.369646156937966737e+02 9.450367157127175233e+01
2.146078334121692706e+02 1.369939833236893776e+02 9.449246247787134223e+01
2.146247516825313255e+02 1.370233509535821099e+02 9.448125338447093213e+01
2.146247516825313255e+02 1.370233509535821099e+02 9.448125338447093213e+01
2.146415732623908639e+02 1.370236404809990631e+02 9.445927950322626998e+01
2.146583948422504022e+02 1.370239300084160163e+02 9.443730562198160783e+01
2.146752164221099122e+02 1.370242195358329411e+02 9.441533174073695989e+01
2.146920380019694505e+02 1.370245090632498943e+02 9.439335785949229773e+01
2.147088595818289889e+02 1.370247985906668475e+02 9.437138397824763558e+01
2.147256811616885273e+02 1.370250881180838007e+02 9.434941009700297343e+01
2.147425027415480372e+02 1.370253776455007255e+02 9.432743621575831128e+01
2.147593243214075756e+02 1.370256671729176787e+02 9.430546233451364913e+01
2.147761459012671139e+02 1.370259567003346319e+02 9.428348845326900118e+01
2.147929674811266523e+02 1.370262462277515851e+02 9.426151457202433903e+01
2.148097890609861906e+02 1.370265357551685383e+02 9.423954069077967688e+01
2.148266106408457006e+02 1.370268252825854631e+02 9.421756680953501473e+01
2.148434322207052389e+02 1.370271148100024163e+02 9.419559292829035257e+01
2.148602538005647773e+02 1.370274043374193695e+02 9.417361904704569042e+01
2.148770753804243157e+02 1.370276938648363227e+02 9.415164516580104248e+01
2.148938969602838540e+02 1.370279833922532760e+02 9.412967128455638033e+01
2.149107185401433640e+02 1.370282729196702007e+02 9.410769740331171818e+01
2.149275401200029023e+02 1.370285624470871539e+02 9.408572352206705602e+01
2.149443616998624407e+02 1.370288519745041071e+02 9.406374964082239387e+01
2.149611832797219790e+02 1.370291415019210604e+02 9.404177575957773172e+01
2.149780048595814890e+02 1.370294310293379851e+02 9.401980187833308378e+01
2.149948264394410273e+02 1.370297205567549383e+02 9.399782799708842163e+01
2.150116480193005657e+02 1.370300100841718915e+02 9.397585411584375947e+01
2.150116480193005657e+02 1.370300100841718915e+02 9.397585411584375947e+01
2.150132821136134851e+02 1.370144668556030751e+02 9.395486991044877811e+01
2.150149162079264045e+02 1.369989236270342872e+02 9.393388570505379676e+01
2.150165503022393239e+02 1.369833803984654708e+02 9.391290149965881540e+01
2.150181843965522432e+02 1.369678371698966828e+02 9.389191729426381983e+01
2.150198184908651626e+02 1.369522939413278664e+02 9.387093308886883847e+01
2.150214525851780820e+02 1.369367507127590500e+02 9.384994888347385711e+01
2.150230866794910014e+02 1.369212074841902620e+02 9.382896467807887575e+01
2.150247207738039208e+02 1.369056642556214456e+02 9.380798047268389439e+01
2.150263548681168402e+02 1.368901210270526576e+02 9.378699626728891303e+01
2.150279889624297880e+02 1.368745777984838412e+02 9.376601206189391746e+01
2.150296230567427074e+02 1.368590345699150248e+02 9.374502785649893610e+01
2.150312571510556268e+02 1.368434913413462368e+02 9.372404365110395474e+01
2.150328912453685462e+02 1.368279481127774204e+02 9.370305944570897339e+01
2.150345253396814655e+02 1.368124048842086324e+02 9.368207524031399203e+01
2.150361594339943849e+02 1.367968616556398160e+02 9.366109103491901067e+01
2.150377935283073043e+02 1.367813184270709996e+02 9.364010682952402931e+01
2.150394276226202237e+02 1.367657751985022117e+02 9.361912262412903374e+01
2.150410617169331431e+02 1.367502319699333952e+02 9.359813841873405238e+01
2.150426958112460625e+02 1.367346887413646073e+02 9.357715421333907102e+01
2.150443299055589819e+02 1.367191455127957909e+02 9.355617000794408966e+01
2.150443299055589819e+02 1.367191455127957909e+02 9.355617000794408966e+01
2.150220534574578153e+02 1.367094981622834666e+02 9.352795861372349862e+01
2.149997770093566771e+02 1.366998508117711708e+02 9.349974721950290757e+01
2.149775005612555105e+02 1.366902034612588466e+02 9.347153582528231652e+01
2.149552241131543440e+02 1.366805561107465508e+02 9.344332443106172548e+01
2.149329476650532058e+02 1.366709087602342265e+02 9.341511303684113443e+01
2.149106712169520392e+02 1.366612614097219307e+02 9.338690164262054338e+01
2.148883947688508727e+02 1.366516140592096065e+02 9.335869024839995234e+01
2.148661183207497061e+02 1.366419667086972822e+02 9.333047885417937550e+01
2.148438418726485679e+02 1.366323193581849864e+02 9.330226745995878446e+01
2.148215654245474013e+02 1.366226720076726622e+02 9.327405606573819341e+01
2.147992889764462348e+02 1.366130246571603664e+02 9.324584467151760236e+01
2.147770125283450966e+02 1.366033773066480421e+02 9.321763327729701132e+01
2.147547360802439300e+02 1.365937299561357463e+02 9.318942188307642027e+01
2.147324596321427634e+02 1.365840826056234221e+02 9.316121048885582923e+01
2.147101831840416253e+02 1.365744352551111263e+02 9.313299909463523818e+01
2.146879067359404587e+02 1.365647879045988020e+02 9.310478770041464713e+01
2.146879067359404587e+02 1.365647879045988020e+02 9.310478770041464713e+01
2.146733238992722761e+02 1.365598575143140749e+02 9.307407349145411501e+01
2.146587410626040935e+02 1.365549271240293479e+02 9.304335928249358290e+01
2.146441582259358825e+02 1.365499967337446208e+02 9.301264507353305078e+01
2.146295753892676998e+02 1.365450663434598937e+02 9.298193086457251866e+01
2.146149925525995172e+02 1.365401359531751666e+02 9.295121665561198654e+01
2.146004097159313346e+02 1.365352055628904395e+02 9.292050244665145442e+01
2.145858268792631520e+02 1.365302751726057124e+02 9.288978823769092230e+01
2.145712440425949694e+02 1.365253447823209854e+02 9.285907402873039018e+01
2.145566612059267868e+02 1.365204143920362299e+02 9.282835981976984385e+01
2.145420783692585758e+02 1.365154840017515028e+02 9.279764561080931173e+01
2.145274955325903932e+02 1.365105536114667757e+02 9.276693140184877961e+01
2.145129126959222106e+02 1.365056232211820486e+02 9.273621719288824750e+01
2.144983298592540280e+02 1.365006928308973215e+02 9.270550298392771538e+01
2.144837470225858453e+02 1.364957624406125944e+02 9.267478877496718326e+01
2.144691641859176343e+02 1.364908320503278674e+02 9.264407456600665114e+01
2.144545813492494517e+02 1.364859016600431403e+02 9.261336035704611902e+01
2.144399985125812691e+02 1.364809712697584132e+02 9.258264614808558690e+01
2.144254156759130865e+02 1.364760408794736861e+02 9.255193193912505478e+01
2.144254156759130865e+02 1.364760408794736861e+02 9.255193193912505478e+01
2.144030253771808248e+02 1.364509860963434846e+02 9.252288288969741359e+01
2.143806350784485630e+02 1.364259313132133116e+02 9.249383384026978661e+01
2.143582447797162729e+02 1.364008765300831101e+02 9.246478479084214541e+01
2.143358544809840112e+02 1.363758217469529086e+02 9.243573574141451843e+01
2.143134641822517494e+02 1.363507669638227071e+02 9.240668669198687724e+01
2.142910738835194877e+02 1.363257121806925340e+02 9.237763764255925025e+01
2.142686835847872260e+02 1.363006573975623326e+02 9.234858859313160906e+01
2.142462932860549358e+02 1.362756026144321311e+02 9.231953954370398208e+01
2.142239029873226741e+02 1.362505478313019296e+02 9.229049049427634088e+01
2.142015126885904124e+02 1.362254930481717565e+02 9.226144144484871390e+01
2.141791223898581507e+02 1.362004382650415550e+02 9.223239239542107271e+01
2.141567320911258605e+02 1.361753834819113536e+02 9.220334334599344572e+01
2.141343417923935988e+02 1.361503286987811521e+02 9.217429429656580453e+01
2.141119514936613371e+02 1.361252739156509790e+02 9.214524524713817755e+01
2.140895611949290753e+02 1.361002191325207775e+02 9.211619619771053635e+01
2.140671708961968136e+02 1.360751643493905760e+02 9.208714714828290937e+01
2.140447805974645235e+02 1.360501095662603745e+02 9.205809809885526818e+01
2.140223902987322617e+02 1.360250547831302015e+02 9.202904904942764119e+01
2.140000000000000000e+02 1.360000000000000000e+02 9.200000000000000000e+01
2.140000000000000000e+02 1.360000000000000000e+02 9.200000000000000000e+01
2.140000000000000000e+02 1.360000000000000000e+02 9.200000000000000000e+01
2.140000000000000000e+02 1.360000000000000000e+02 9.200000000000000000e+01
2.140000000000000000e+02 1.360000000000000000e+02 9.200000000000000000e+01
2.140000000000000000e+02 1.360000000000000000e+02 9.200000000000000000e+01
2.140000000000000000e+02 1.360000000000000000e+02 9.200000000000000000e+01
2.140000000000000000e+02 1.360000000000000000e+02 9.200000000000000000e+01
2.140000000000000000e+02 1.360000000000000000e+02 9.200000000000000000e+01
2.140000000000000000e+02 1.360000000000000000e+02 9.200000000000000000e+01
2.140000000000000000e+02 1.360000000000000000e+02 9.200000000000000000e+01
2.140000000000000000e+02 1.360000000000000000e+02 9.200000000000000000e+01
2.140000000000000000e+02 1.360000000000000000e+02 9.200000000000000000e+01
2.140000000000000000e+02 1.360000000000000000e+02 9.200000000000000000e+01
2.140000000000000000e+02 1.360000000000000000e+02 9.200000000000000000e+01
2.140000000000000000e+02 1.360000000000000000e+02 9.200000000000000000e+01
2.140000000000000000e+02 1.360000000000000000e+02 9.200000000000000000e+01
2.140000000000000000e+02 1.360000000000000000e+02 9.200000000000000000e+01
2.140000000000000000e+02 1.360000000000000000e+02 9.200000000000000000e+01
2.140000000000000000e+02 1.360000000000000000e+02 9.200000000000000000e+01
2.140000000000000000e+02 1.360000000000000000e+02 9.200000000000000000e+01
2.140000000000000000e+02 1.360000000000000000e+02 9.200000000000000000e+01
2.140000000000000000e+02 1.360000000000000000e+02 9.200000000000000000e+01
2.140000000000000000e+02 1.360000000000000000e+02 9.200000000000000000e+01
2.140000000000000000e+02 1.360000000000000000e+02 9.200000000000000000e+01
2.140000000000000000e+02 1.360000000000000000e+02 9.200000000000000000e+01
2.140000000000000000e+02 1.360000000000000000e+02 9.200000000000000000e+01
2.140000000000000000e+02 1.360000000000000000e+02 9.200000000000000000e+01
2.140000000000000000e+02 1.360000000000000000e+02 9.200000000000000000e+01
2.140000000000000000e+02 1.360000000000000000e+02 9.200000000000000000e+01
2.139819874401733273e+02 1.359845159211565147e+02 9.197968310338480080e+01
2.139639748803466262e+02 1.359690318423130293e+02 9.195936620676958739e+01
2.139459623205199534e+02 1.359535477634695440e+02 9.193904931015438819e+01
2.139279497606932807e+02 1.359380636846260586e+02 9.191873241353917479e+01
2.139099372008665796e+02 1.359225796057825733e+02 9.189841551692397559e+01
2.138919246410399069e+02 1.359070955269390879e+02 9.187809862030877639e+01
2.138739120812132342e+02 1.358916114480956026e+02 9.185778172369356298e+01
2.138558995213865330e+02 1.358761273692521172e+02 9.183746482707836378e+01
2.138378869615598603e+02 1.358606432904086319e+02 9.181714793046315037e+01
2.138198744017331876e+02 1.358451592115651465e+02 9.179683103384795118e+01
2.138018618419064865e+02 1.358296751327216612e+02 9.177651413723275198e+01
2.137838492820798137e+02 1.358141910538781758e+02 9.175619724061753857e+01
2.137658367222531410e+02 1.357987069750346905e+02 9.173588034400233937e+01
2.137478241624264399e+02 1.357832228961911767e+02 9.171556344738712596e+01
2.137298116025997672e+02 1.357677388173476913e+02 9.169524655077192676e+01
2.137117990427730945e+02 1.357522547385042060e+02 9.167492965415671335e+01
2.136937864829463933e+02 1.357367706596607206e+02 9.165461275754151416e+01
2.136757739231197206e+02 1.357212865808172353e+02 9.163429586092631496e+01
2.136577613632930479e+02 1.357058025019737499e+02 9.161397896431110155e+01
2.136397488034663468e+02 1.356903184231302646e+02 9.159366206769590235e+01
2.136217362436396741e+02 1.356748343442867792e+02 9.157334517108068894e+01
2.136037236838130013e+02 1.356593502654432939e+02 9.155302827446548974e+01
2.135857111239863002e+02 1.356438661865998085e+02 9.153271137785029055e+01
2.135676985641596275e+02 1.356283821077563232e+02 9.151239448123507714e+01
2.135496860043329548e+02 1.356128980289128378e+02 9.149207758461987794e+01
2.135316734445062536e+02 1.355974139500693525e+02 9.147176068800466453e+01
2.135136608846795809e+02 1.355819298712258671e+02 9.145144379138946533e+01
2.135136608846795809e+02 1.355819298712258671e+02 9.145144379138946533e+01
2.134952755091680672e+02 1.355699810551109010e+02 9.142774581698749614e+01
2.134768901336565534e+02 1.355580322389959633e+02 9.140404784258552695e+01
2.134585047581450397e+02 1.355460834228809972e+02 9.138034986818354355e+01
2.134401193826335259e+02 1.355341346067660311e+02 9.135665189378157436e+01
2.134217340071220121e+02 1.355221857906510934e+02 9.133295391937960517e+01
2.134033486316104984e+02 1.355102369745361273e+02 9.130925594497763598e+01
2.133849632560989846e+02 1.354982881584211611e+02 9.128555797057566679e+01
2.133665778805874709e+02 1.354863393423062234e+02 9.126185999617369760e+01
2.133481925050759571e+02 1.354743905261912573e+02 9.123816202177171419e+01
2.133298071295644434e+02 1.354624417100762912e+02 9.121446404736974500e+01
2.133114217540529296e+02 1.354504928939613535e+02 9.119076607296777581e+01
2.132930363785414443e+02 1.354385440778463874e+02 9.116706809856580662e+01
2.132746510030299305e+02 1.354265952617314497e+02 9.114337012416383743e+01
2.132562656275184167e+02 1.354146464456164836e+02 9.111967214976186824e+01
2.132378802520069030e+02 1.354026976295015174e+02 9.109597417535988484e+01
2.132194948764953892e+02 1.353907488133865797e+02 9.107227620095791565e+01
2.132011095009838755e+02 1.353787999972716136e+02 9.104857822655594646e+01
2.131827241254723617e+02 1.353668511811566475e+02 9.102488025215397727e+01
2.131643387499608480e+02 1.353549023650417098e+02 9.100118227775200808e+01
2.131459533744493342e+02 1.353429535489267437e+02 9.097748430335003889e+01
2.131275679989378204e+02 1.353310047328117776e+02 9.095378632894805548e+01
2.131091826234263067e+02 1.353190559166968399e+02 9.093008835454608629e+01
2.130907972479147929e+02 1.353071071005818737e+02 9.090639038014411710e+01
2.130907972479147929e+02 1.353071071005818737e+02 9.090639038014411710e+01
2.130771923092366080e+02 1.353244982692018823e+02 9.088308000657956143e+01
2.130635873705584231e+02 1.353418894378218909e+02 9.085976963301499154e+01
2.130499824318802382e+02 1.353592806064418710e+02 9.083645925945043587e+01
2.130363774932020533e+02 1.353766717750618795e+02 9.081314888588586598e+01
2.130227725545238400e+02 1.353940629436818881e+02 9.078983851232131030e+01
2.130091676158456551e+02 1.354114541123018967e+02 9.076652813875675463e+01
2.129955626771674702e+02 1.354288452809218768e+02 9.074321776519218474e+01
2.129819577384892852e+02 1.354462364495418853e+02 9.071990739162762907e+01
2.129683527998111003e+02 1.354636276181618939e+02 9.069659701806307339e+01
2.129547478611329154e+02 1.354810187867819025e+02 9.067328664449850351e+01
2.129411429224547305e+02 1.354984099554019110e+02 9.064997627093394783e+01
2.129275379837765456e+02 1.355158011240218912e+02 9.062666589736937794e+01
2.129139330450983607e+02 1.355331922926418997e+02 9.060335552380482227e+01
2.129003281064201474e+02 1.355505834612619083e+02 9.058004515024026659e+01
2.128867231677419625e+02 1.355679746298819168e+02 9.055673477667569671e+01
2.128731182290637776e+02 1.355853657985018970e+02 9.053342440311114103e+01
2.128595132903855927e+02 1.356027569671219055e+02 9.051011402954657115e+01
2.128459083517074077e+02 1.356201481357419141e+02 9.048680365598201547e+01
2.128459083517074077e+02 1.356201481357419141e+02 9.048680365598201547e+01
2.128615869088769728e+02 1.356393133415045327e+02 9.046650364684175827e+01
2.128772654660465378e+02 1.356584785472671228e+02 9.044620363770148685e+01
2.128929440232161028e+02 1.356776437530297414e+02 9.042590362856122965e+01
2.129086225803856678e+02 1.356968089587923600e+02 9.040560361942097245e+01
2.129243011375552612e+02 1.357159741645549502e+02 9.038530361028070104e+01
2.129399796947248262e+02 1.357351393703175688e+02 9.036500360114044383e+01
2.129556582518943912e+02 1.357543045760801874e+02 9.034470359200018663e+01
2.129713368090639563e+02 1.357734697818427776e+02 9.032440358285991522e+01
2.129870153662335213e+02 1.357926349876053962e+02 9.030410357371965802e+01
2.130026939234030863e+02 1.358118001933680148e+02 9.028380356457940081e+01
2.130183724805726513e+02 1.358309653991306050e+02 9.026350355543912940e+01
2.130340510377422163e+02 1.358501306048932236e+02 9.024320354629887220e+01
2.130497295949117813e+02 1.358692958106558422e+02 9.022290353715861499e+01
2.130654081520813747e+02 1.358884610164184323e+02 9.020260352801834358e+01
2.130810867092509397e+02 1.359076262221810509e+02 9.018230351887808638e+01
2.130967652664205048e+02 1.359267914279436695e+02 9.016200350973782918e+01
2.131124438235900698e+02 1.359459566337062597e+02 9.014170350059755776e+01
2.131281223807596348e+02 1.359651218394688783e+02 9.012140349145730056e+01
2.131438009379291998e+02 1.359842870452314969e+02 9.010110348231704336e+01
2.131594794950987648e+02 1.360034522509940871e+02 9.008080347317677194e+01
2.131751580522683298e+02 1.360226174567567057e+02 9.006050346403651474e+01
2.131908366094378948e+02 1.360417826625193243e+02 9.004020345489625754e+01
2.132065151666074883e+02 1.360609478682819145e+02 9.001990344575598613e+01
2.132221937237770533e+02 1.360801130740445331e+02 8.999960343661572892e+01
2.132378722809466183e+02 1.360992782798071516e+02 8.997930342747547172e+01
2.132535508381161833e+02 1.361184434855697418e+02 8.995900341833520031e+01
2.132692293952857483e+02 1.361376086913323604e+02 8.993870340919494311e+01
2.132692293952857483e+02 1.361376086913323604e+02 8.993870340919494311e+01
2.132996382980412875e+02 1.361531256589861982e+02 8.994027547158300706e+01
2.133300472007967983e+02 1.361686426266400645e+02 8.994184753397107102e+01
2.133604561035523375e+02 1.361841595942939023e+02 8.994341959635913497e+01
2.133908650063078483e+02 1.361996765619477401e+02 8.994499165874719893e+01
2.134212739090633875e+02 1.362151935296015779e+02 8.994656372113526288e+01
2.134516828118188982e+02 1.362307104972554157e+02 8.994813578352332684e+01
2.134820917145744374e+02 1.362462274649092819e+02 8.994970784591137658e+01
2.135125006173299766e+02 1.362617444325631197e+02 8.995127990829944054e+01
2.135429095200854874e+02 1.362772614002169576e+02 8.995285197068750449e+01
2.135733184228410266e+02 1.362927783678708238e+02 8.995442403307556845e+01
2.136037273255965374e+02 1.363082953355246616e+02 8.995599609546363240e+01
2.136341362283520766e+02 1.363238123031784994e+02 8.995756815785169636e+01
2.136341362283520766e+02 1.363238123031784994e+02 8.995756815785169636e+01
2.136424814633724623e+02 1.363511295681105366e+02 8.997637875743554048e+01
2.136508266983928479e+02 1.363784468330425454e+02 8.999518935701938460e+01
2.136591719334132335e+02 1.364057640979745827e+02 9.001399995660322872e+01
2.136675171684336476e+02 1.364330813629065915e+02 9.003281055618708706e+01
2.136758624034540333e+02 1.364603986278386287e+02 9.005162115577093118e+01
2.136842076384744189e+02 1.364877158927706660e+02 9.007043175535477531e+01
2.136925528734948045e+02 1.365150331577026748e+02 9.008924235493861943e+01
2.137008981085151902e+02 1.365423504226347120e+02 9.010805295452246355e+01
2.137092433435355758e+02 1.365696676875667492e+02 9.012686355410630767e+01
2.137175885785559899e+02 1.365969849524987580e+02 9.014567415369016601e+01
2.137259338135763755e+02 1.366243022174307953e+02 9.016448475327401013e+01
2.137342790485967612e+02 1.366516194823628041e+02 9.018329535285785425e+01
2.137426242836171468e+02 1.366789367472948413e+02 9.020210595244169838e+01
2.137426242836171468e+02 1.366789367472948413e+02 9.020210595244169838e+01
2.137449969119973900e+02 1.367085000913302792e+02 9.021913809533761253e+01
2.137473695403776333e+02 1.367380634353657172e+02 9.023617023823354089e+01
2.137497421687578765e+02 1.367676267794011835e+02 9.025320238112945503e+01
2.137521147971381481e+02 1.367971901234366214e+02 9.027023452402536918e+01
2.137544874255183913e+02 1.368267534674720594e+02 9.028726666692129754e+01
2.137568600538986345e+02 1.368563168115074973e+02 9.030429880981721169e+01
2.137592326822788777e+02 1.368858801555429636e+02 9.032133095271312584e+01
2.137616053106591210e+02 1.369154434995784015e+02 9.033836309560903999e+01
2.137639779390393642e+02 1.369450068436138395e+02 9.035539523850496835e+01
2.137663505674196358e+02 1.369745701876492774e+02 9.037242738140088250e+01
2.137687231957998790e+02 1.370041335316847437e+02 9.038945952429679664e+01
2.137710958241801222e+02 1.370336968757201817e+02 9.040649166719272500e+01
2.137734684525603654e+02 1.370632602197556196e+02 9.042352381008863915e+01
2.137734684525603654e+02 1.370632602197556196e+02 9.042352381008863915e+01
2.137894794408955761e+02 1.370811765434829397e+02 9.044429637757851026e+01
2.138054904292307583e+02 1.370990928672102314e+02 9.046506894506838137e+01
2.138215014175659689e+02 1.371170091909375515e+02 9.048584151255825248e+01
2.138375124059011512e+02 1.371349255146648431e+02 9.050661408004813779e+01
2.138535233942363618e+02 1.371528418383921633e+02 9.052738664753800890e+01
2.138695343825715440e+02 1.371707581621194834e+02 9.054815921502788001e+01
2.138855453709067547e+02 1.371886744858467750e+02 9.056893178251775112e+01
2.139015563592419653e+02 1.372065908095740951e+02 9.058970435000762222e+01
2.139175673475771475e+02 1.372245071333013868e+02 9.061047691749749333e+01
2.139335783359123582e+02 1.372424234570287069e+02 9.063124948498736444e+01
2.139495893242475404e+02 1.372603397807560270e+02 9.065202205247723555e+01
2.139656003125827510e+02 1.372782561044833187e+02 9.067279461996712087e+01
2.139816113009179332e+02 1.372961724282106388e+02 9.069356718745699197e+01
2.139976222892531439e+02 1.373140887519379589e+02 9.071433975494686308e+01
2.140136332775883261e+02 1.373320050756652506e+02 9.073511232243673419e+01
2.140296442659235368e+02 1.373499213993925707e+02 9.075588488992660530e+01
2.140456552542587474e+02 1.373678377231198624e+02 9.077665745741647640e+01
2.140616662425939296e+02 1.373857540468471825e+02 9.079743002490634751e+01
2.140776772309291403e+02 1.374036703705745026e+02 9.081820259239621862e+01
2.140936882192643225e+02 1.374215866943017943e+02 9.083897515988610394e+01
2.141096992075995331e+02 1.374395030180291144e+02 9.085974772737597505e+01
2.141257101959347153e+02 1.374574193417564061e+02 9.088052029486584615e+01
2.141417211842699260e+02 1.374753356654837262e+02 9.090129286235571726e+01
2.141417211842699260e+02 1.374753356654837262e+02 9.090129286235571726e+01
2.141403514919060171e+02 1.375008359496597450e+02 9.091956974852324436e+01
2.141389817995421083e+02 1.375263362338357638e+02 9.093784663469077145e+01
2.141376121071781995e+02 1.375518365180118110e+02 9.095612352085829855e+01
2.141362424148143191e+02 1.375773368021878298e+02 9.097440040702582564e+01
2.141348727224504103e+02 1.376028370863638486e+02 9.099267729319335274e+01
2.141335030300865014e+02 1.376283373705398674e+02 9.101095417936087983e+01
2.141321333377225926e+02 1.376538376547158862e+02 9.102923106552840693e+01
2.141307636453586838e+02 1.376793379388919334e+02 9.104750795169593403e+01
2.141293939529947750e+02 1.377048382230679522e+02 9.106578483786346112e+01
2.141280242606308946e+02 1.377303385072439710e+02 9.108406172403098822e+01
2.141266545682669857e+02 1.377558387914199898e+02 9.110233861019851531e+01
2.141252848759030769e+02 1.377813390755960086e+02 9.112061549636604241e+01
2.141239151835391681e+02 1.378068393597720558e+02 9.113889238253355529e+01
2.141225454911752593e+02 1.378323396439480746e+02 9.115716926870108239e+01
2.141211757988113504e+02 1.378578399281240934e+02 9.117544615486860948e+01
2.141198061064474700e+02 1.378833402123001122e+02 9.119372304103613658e+01
2.141184364140835612e+02 1.379088404964761310e+02 9.121199992720366367e+01
2.141170667217196524e+02 1.379343407806521782e+02 9.123027681337119077e+01
2.141156970293557436e+02 1.379598410648281970e+02 9.124855369953871786e+01
2.141143273369918347e+02 1.379853413490042158e+02 9.126683058570624496e+01
2.141129576446279259e+02 1.380108416331802346e+02 9.128510747187377206e+01
2.141115879522640455e+02 1.380363419173562534e+02 9.130338435804129915e+01
2.141102182599001367e+02 1.380618422015323006e+02 9.132166124420882625e+01
2.141088485675362278e+02 1.380873424857083194e+02 9.133993813037635334e+01
2.141074788751723190e+02 1.381128427698843382e+02 9.135821501654388044e+01
2.141074788751723190e+02 1.381128427698843382e+02 9.135821501654388044e+01
2.140838637786408754e+02 1.381350058042943090e+02 9.135607284955290197e+01
2.140602486821094317e+02 1.381571688387042798e+02 9.135393068256190929e+01
2.140366335855779880e+02 1.381793318731142506e+02 9.135178851557093083e+01
2.140130184890465443e+02 1.382014949075242214e+02 9.134964634857995236e+01
2.139894033925151007e+02 1.382236579419341922e+02 9.134750418158895968e+01
2.139657882959836570e+02 1.382458209763441630e+02 9.134536201459798122e+01
2.139421731994522133e+02 1.382679840107541338e+02 9.134321984760700275e+01
2.139185581029207697e+02 1.382901470451641046e+02 9.134107768061601007e+01
2.138949430063893260e+02 1.383123100795740754e+02 9.133893551362503160e+01
2.138713279098578823e+02 1.383344731139840462e+02 9.133679334663405314e+01
2.138477128133264387e+02 1.383566361483940170e+02 9.133465117964307467e+01
2.138240977167949950e+02 1.383787991828039878e+02 9.133250901265208199e+01
2.138004826202635513e+02 1.384009622172139586e+02 9.133036684566110353e+01
2.137768675237321077e+02 1.384231252516239294e+02 9.132822467867012506e+01
2.137532524272006640e+02 1.384452882860339002e+02 9.132608251167913238e+01
2.137296373306692203e+02 1.384674513204438711e+02 9.132394034468815391e+01
2.137060222341377766e+02 1.384896143548538419e+02 9.132179817769717545e+01
2.136824071376063330e+02 1.385117773892638127e+02 9.131965601070618277e+01
2.136587920410748893e+02 1.385339404236737835e+02 9.131751384371520430e+01
2.136587920410748893e+02 1.385339404236737835e+02 9.131751384371520430e+01
2.136573684849741426e+02 1.385604435174095386e+02 9.133650947623253558e+01
2.136559449288733958e+02 1.385869466111452653e+02 9.135550510874988106e+01
2.136545213727726491e+02 1.386134497048810204e+02 9.137450074126721233e+01
2.136530978166718739e+02 1.386399527986167470e+02 9.139349637378455782e+01
2.136516742605711272e+02 1.386664558923525021e+02 9.141249200630188909e+01
2.136502507044703805e+02 1.386929589860882288e+02 9.143148763881923458e+01
2.136488271483696337e+02 1.387194620798239839e+02 9.145048327133656585e+01
2.136474035922688870e+02 1.387459651735597106e+02 9.146947890385391133e+01
2.136459800361681403e+02 1.387724682672954657e+02 9.148847453637124261e+01
2.136445564800673651e+02 1.387989713610311924e+02 9.150747016888857388e+01
2.136431329239666184e+02 1.388254744547669475e+02 9.152646580140591936e+01
2.136417093678658716e+02 1.388519775485027026e+02 9.154546143392325064e+01
2.136402858117651249e+02 1.388784806422384293e+02 9.156445706644059612e+01
2.136388622556643782e+02 1.389049837359741844e+02 9.158345269895792740e+01
2.136374386995636314e+02 1.389314868297099110e+02 9.160244833147527288e+01
2.136360151434628847e+02 1.389579899234456661e+02 9.162144396399260415e+01
2.136345915873621095e+02 1.389844930171813928e+02 9.164043959650994964e+01
2.136331680312613628e+02 1.390109961109171479e+02 9.165943522902728091e+01
2.136317444751606160e+02 1.390374992046528746e+02 9.167843086154462640e+01
2.136303209190598693e+02 1.390640022983886297e+02 9.169742649406195767e+01
