2.420000000000000000e+02 2.920000000000000000e+02 1.480000000000000000e+02
2.419777522936011849e+02 2.919997829312994782e+02 1.479773109826174675e+02
2.419555045872023697e+02 2.919995658625989563e+02 1.479546219652349350e+02
2.419332568808035546e+02 2.919993487938984345e+02 1.479319329478524025e+02
2.419110091744047111e+02 2.919991317251979126e+02 1.479092439304698701e+02
2.418887614680058959e+02 2.919989146564974476e+02 1.478865549130873376e+02
2.418665137616070808e+02 2.919986975877969257e+02 1.478638658957047767e+02
2.418442660552082657e+02 2.919984805190964039e+02 1.478411768783222442e+02
2.418220183488094506e+02 2.919982634503958820e+02 1.478184878609397117e+02
2.417997706424106354e+02 2.919980463816953602e+02 1.477957988435571792e+02
2.417775229360117919e+02 2.919978293129948383e+02 1.477731098261746467e+02
2.417552752296129768e+02 2.919976122442943165e+02 1.477504208087921143e+02
2.417330275232141616e+02 2.919973951755937946e+02 1.477277317914095818e+02
2.417107798168153465e+02 2.919971781068933296e+02 1.477050427740270493e+02
2.416885321104165314e+02 2.919969610381928078e+02 1.476823537566445168e+02
2.416662844040177163e+02 2.919967439694922859e+02 1.476596647392619843e+02
2.416440366976189011e+02 2.919965269007917641e+02 1.476369757218794518e+02
2.416217889912200576e+02 2.919963098320912422e+02 1.476142867044968909e+02
2.415995412848212425e+02 2.919960927633907204e+02 1.475915976871143585e+02
2.415772935784224273e+02 2.919958756946901985e+02 1.475689086697318260e+02
2.415550458720236122e+02 2.919956586259896767e+02 1.475462196523492935e+02
2.415327981656247971e+02 2.919954415572892117e+02 1.475235306349667610e+02
2.415105504592259820e+02 2.919952244885886898e+02 1.475008416175842285e+02
2.414883027528271668e+02 2.919950074198881680e+02 1.474781526002016960e+02
2.414660550464283233e+02 2.919947903511876461e+02 1.474554635828191635e+02
2.414438073400295082e+02 2.919945732824871243e+02 1.474327745654366311e+02
2.414215596336306930e+02 2.919943562137866024e+02 1.474100855480540986e+02
2.413993119272318779e+02 2.919941391450860806e+02 1.473873965306715661e+02
2.413770642208330628e+02 2.919939220763855587e+02 1.473647075132890052e+02
2.413548165144342477e+02 2.919937050076850937e+02 1.473420184959064727e+02
2.413325688080354041e+02 2.919934879389845719e+02 1.473193294785239402e+02
2.413103211016365890e+02 2.919932708702840500e+02 1.472966404611414077e+02
2.412880733952377739e+02 2.919930538015835282e+02 1.472739514437588753e+02
2.412658256888389587e+02 2.919928367328830063e+02 1.472512624263763428e+02
2.412658256888389587e+02 2.919928367328830063e+02 1.472512624263763428e+02
2.412450209677219277e+02 2.919926337432581818e+02 1.472300450185934722e+02
2.412242162466049251e+02 2.919924307536333572e+02 1.472088276108106015e+02
2.412034115254878941e+02 2.919922277640085895e+02 1.471876102030277309e+02
2.411826068043708915e+02 2.919920247743837649e+02 1.471663927952448603e+02
2.411618020832538605e+02 2.919918217847589403e+02 1.471451753874619897e+02
2.411409973621368295e+02 2.919916187951341158e+02 1.471239579796791190e+02
2.411201926410198269e+02 2.919914158055092912e+02 1.471027405718962484e+02
2.410993879199027958e+02 2.919912128158845235e+02 1.470815231641133494e+02
2.410785831987857932e+02 2.919910098262596989e+02 1.470603057563304787e+02
2.410577784776687622e+02 2.919908068366348743e+02 1.470390883485476081e+02
2.410369737565517312e+02 2.919906038470100498e+02 1.470178709407647375e+02
2.410161690354347286e+02 2.919904008573852252e+02 1.469966535329818669e+02
2.409953643143176976e+02 2.919901978677604575e+02 1.469754361251989963e+02
2.409745595932006950e+02 2.919899948781356329e+02 1.469542187174161256e+02
2.409537548720836639e+02 2.919897918885108083e+02 1.469330013096332550e+02
2.409329501509666329e+02 2.919895888988859838e+02 1.469117839018503844e+02
2.409121454298496303e+02 2.919893859092611592e+02 1.468905664940675138e+02
2.408913407087325993e+02 2.919891829196363915e+02 1.468693490862846431e+02
2.408705359876155967e+02 2.919889799300115669e+02 1.468481316785017725e+02
2.408497312664985657e+02 2.919887769403867424e+02 1.468269142707189019e+02
2.408289265453815347e+02 2.919885739507619178e+02 1.468056968629360313e+02
2.408081218242645321e+02 2.919883709611370932e+02 1.467844794551531606e+02
2.407873171031475010e+02 2.919881679715123255e+02 1.467632620473702616e+02
2.407665123820304984e+02 2.919879649818875009e+02 1.467420446395873910e+02
2.407457076609134674e+02 2.919877619922626764e+02 1.467208272318045204e+02
2.407249029397964364e+02 2.919875590026378518e+02 1.466996098240216497e+02
2.407040982186794338e+02 2.919873560130130272e+02 1.466783924162387791e+02
2.406832934975624028e+02 2.919871530233882595e+02 1.466571750084559085e+02
2.406624887764454002e+02 2.919869500337634349e+02 1.466359576006730379e+02
2.406416840553283691e+02 2.919867470441386104e+02 1.466147401928901672e+02
2.406416840553283691e+02 2.919867470441386104e+02 1.466147401928901672e+02
2.406172256646332812e+02 2.919719279850315843e+02 1.466030640293050737e+02
2.405927672739382217e+02 2.919571089259245582e+02 1.465913878657199803e+02
2.405683088832431338e+02 2.919422898668174753e+02 1.465797117021348868e+02
2.405438504925480458e+02 2.919274708077104492e+02 1.465680355385497649e+02
2.405193921018529863e+02 2.919126517486034231e+02 1.465563593749646714e+02
2.404949337111578984e+02 2.918978326894963971e+02 1.465446832113795779e+02
2.404704753204628389e+02 2.918830136303893141e+02 1.465330070477944844e+02
2.404460169297677510e+02 2.918681945712822881e+02 1.465213308842093909e+02
2.404215585390726631e+02 2.918533755121752620e+02 1.465096547206242974e+02
2.403971001483776035e+02 2.918385564530682359e+02 1.464979785570392039e+02
2.403726417576825156e+02 2.918237373939612098e+02 1.464863023934540820e+02
2.403481833669874277e+02 2.918089183348541269e+02 1.464746262298689885e+02
2.403237249762923682e+02 2.917940992757471008e+02 1.464629500662838950e+02
2.402992665855972803e+02 2.917792802166400747e+02 1.464512739026988015e+02
2.402748081949022207e+02 2.917644611575330487e+02 1.464395977391137080e+02
2.402503498042071328e+02 2.917496420984259657e+02 1.464279215755286145e+02
2.402258914135120449e+02 2.917348230393189397e+02 1.464162454119434926e+02
2.402014330228169854e+02 2.917200039802119136e+02 1.464045692483583991e+02
2.401769746321218975e+02 2.917051849211048875e+02 1.463928930847733056e+02
2.401525162414268095e+02 2.916903658619978614e+02 1.463812169211882122e+02
2.401280578507317500e+02 2.916755468028907785e+02 1.463695407576031187e+02
2.401035994600366621e+02 2.916607277437837524e+02 1.463578645940180252e+02
2.400791410693416026e+02 2.916459086846767264e+02 1.463461884304329317e+02
2.400546826786465147e+02 2.916310896255697003e+02 1.463345122668478098e+02
2.400302242879514267e+02 2.916162705664626174e+02 1.463228361032627163e+02
2.400057658972563672e+02 2.916014515073555913e+02 1.463111599396776228e+02
2.399813075065612793e+02 2.915866324482485652e+02 1.462994837760925293e+02
2.399813075065612793e+02 2.915866324482485652e+02 1.462994837760925293e+02
2.399663141912647575e+02 2.915585956154391170e+02 1.462981472454432890e+02
2.399513208759682641e+02 2.915305587826296687e+02 1.462968107147940486e+02
2.399363275606717423e+02 2.915025219498202205e+02 1.462954741841448083e+02
2.399213342453752205e+02 2.914744851170107722e+02 1.462941376534955964e+02
2.399063409300786986e+02 2.914464482842013240e+02 1.462928011228463561e+02
2.398913476147822053e+02 2.914184114513918757e+02 1.462914645921971157e+02
2.398763542994856834e+02 2.913903746185824275e+02 1.462901280615478754e+02
2.398613609841891616e+02 2.913623377857729793e+02 1.462887915308986351e+02
2.398463676688926682e+02 2.913343009529635310e+02 1.462874550002493947e+02
2.398313743535961464e+02 2.913062641201540828e+02 1.462861184696001544e+02
2.398163810382996246e+02 2.912782272873446345e+02 1.462847819389509425e+02
2.398013877230031028e+02 2.912501904545351863e+02 1.462834454083017022e+02
2.397863944077066094e+02 2.912221536217257380e+02 1.462821088776524618e+02
2.397714010924100876e+02 2.911941167889162898e+02 1.462807723470032215e+02
2.397564077771135658e+02 2.911660799561068416e+02 1.462794358163539812e+02
2.397414144618170724e+02 2.911380431232973933e+02 1.462780992857047409e+02
2.397264211465205506e+02 2.911100062904879451e+02 1.462767627550555005e+02
2.397114278312240288e+02 2.910819694576784968e+02 1.462754262244062886e+02
2.396964345159275069e+02 2.910539326248690486e+02 1.462740896937570483e+02
2.396814412006310135e+02 2.910258957920596004e+02 1.462727531631078079e+02
2.396664478853344917e+02 2.909978589592501521e+02 1.462714166324585676e+02
2.396514545700379699e+02 2.909698221264407039e+02 1.462700801018093273e+02
2.396364612547414765e+02 2.909417852936312556e+02 1.462687435711600870e+02
2.396214679394449547e+02 2.909137484608218074e+02 1.462674070405108466e+02
2.396064746241484329e+02 2.908857116280123591e+02 1.462660705098616347e+02
2.395914813088519111e+02 2.908576747952029109e+02 1.462647339792123944e+02
2.395764879935554177e+02 2.908296379623934627e+02 1.462633974485631541e+02
2.395614946782588959e+02 2.908016011295840144e+02 1.462620609179139137e+02
2.395614946782588959e+02 2.908016011295840144e+02 1.462620609179139137e+02
2.395601318527811259e+02 2.907822548178955913e+02 1.462867183589509636e+02
2.395587690273033843e+02 2.907629085062071681e+02 1.463113757999879851e+02
2.395574062018256143e+02 2.907435621945187449e+02 1.463360332410250351e+02
2.395560433763478443e+02 2.907242158828303218e+02 1.463606906820620850e+02
2.395546805508700743e+02 2.907048695711418986e+02 1.463853481230991349e+02
2.395533177253923327e+02 2.906855232594534755e+02 1.464100055641361564e+02
2.395519548999145627e+02 2.906661769477650523e+02 1.464346630051732063e+02
2.395505920744367927e+02 2.906468306360766292e+02 1.464593204462102563e+02
2.395492292489590511e+02 2.906274843243882060e+02 1.464839778872472777e+02
2.395478664234812811e+02 2.906081380126997828e+02 1.465086353282843277e+02
2.395465035980035111e+02 2.905887917010113597e+02 1.465332927693213776e+02
2.395451407725257411e+02 2.905694453893229365e+02 1.465579502103584275e+02
2.395437779470479995e+02 2.905500990776345134e+02 1.465826076513954490e+02
2.395424151215702295e+02 2.905307527659460902e+02 1.466072650924324989e+02
2.395410522960924595e+02 2.905114064542576671e+02 1.466319225334695489e+02
2.395396894706147179e+02 2.904920601425692439e+02 1.466565799745065704e+02
2.395383266451369479e+02 2.904727138308808208e+02 1.466812374155436203e+02
2.395369638196591779e+02 2.904533675191923976e+02 1.467058948565806702e+02
2.395356009941814079e+02 2.904340212075039744e+02 1.467305522976177201e+02
2.395342381687036664e+02 2.904146748958155513e+02 1.467552097386547416e+02
2.395328753432258964e+02 2.903953285841271281e+02 1.467798671796917915e+02
2.395315125177481264e+02 2.903759822724387050e+02 1.468045246207288415e+02
2.395301496922703848e+02 2.903566359607502818e+02 1.468291820617658630e+02
2.395287868667926148e+02 2.903372896490618587e+02 1.468538395028029129e+02
2.395274240413148448e+02 2.903179433373734355e+02 1.468784969438399628e+02
2.395260612158370748e+02 2.902985970256850123e+02 1.469031543848770127e+02
2.395246983903593332e+02 2.902792507139965892e+02 1.469278118259140342e+02
2.395233355648815632e+02 2.902599044023081660e+02 1.469524692669510841e+02
2.395233355648815632e+02 2.902599044023081660e+02 1.469524692669510841e+02
2.395074172206223011e+02 2.902435087179765105e+02 1.469763156063854694e+02
2.394914988763630390e+02 2.902271130336448550e+02 1.470001619458198547e+02
2.394755805321037769e+02 2.902107173493131995e+02 1.470240082852542400e+02
2.394596621878445148e+02 2.901943216649815440e+02 1.470478546246886253e+02
2.394437438435852528e+02 2.901779259806498885e+02 1.470717009641230106e+02
2.394278254993259907e+02 2.901615302963182330e+02 1.470955473035573959e+02
2.394119071550667286e+02 2.901451346119865775e+02 1.471193936429917812e+02
2.393959888108074665e+02 2.901287389276549220e+02 1.471432399824261665e+02
2.393800704665482044e+02 2.901123432433232665e+02 1.471670863218605518e+02
2.393641521222889423e+02 2.900959475589916110e+02 1.471909326612949371e+02
2.393482337780296803e+02 2.900795518746599555e+02 1.472147790007293224e+02
2.393323154337704182e+02 2.900631561903283000e+02 1.472386253401637077e+02
2.393163970895111561e+02 2.900467605059966445e+02 1.472624716795980930e+02
2.393004787452518940e+02 2.900303648216649890e+02 1.472863180190324783e+02
2.392845604009926319e+02 2.900139691373333335e+02 1.473101643584668636e+02
2.392686420567333698e+02 2.899975734530016780e+02 1.473340106979012489e+02
2.392527237124741077e+02 2.899811777686700225e+02 1.473578570373356342e+02
2.392368053682148457e+02 2.899647820843383670e+02 1.473817033767700195e+02
2.392208870239555836e+02 2.899483864000067115e+02 1.474055497162044048e+02
2.392049686796963215e+02 2.899319907156750560e+02 1.474293960556387901e+02
2.391890503354370594e+02 2.899155950313434005e+02 1.474532423950731754e+02
2.391731319911777973e+02 2.898991993470117450e+02 1.474770887345075607e+02
2.391572136469185352e+02 2.898828036626800895e+02 1.475009350739419460e+02
2.391412953026592731e+02 2.898664079783484340e+02 1.475247814133763313e+02
2.391253769584000111e+02 2.898500122940167785e+02 1.475486277528107166e+02
2.391094586141407490e+02 2.898336166096851230e+02 1.475724740922451019e+02
2.390935402698814869e+02 2.898172209253534675e+02 1.475963204316794872e+02
2.390776219256222248e+02 2.898008252410218120e+02 1.476201667711138725e+02
2.390617035813629627e+02 2.897844295566901565e+02 1.476440131105482578e+02
2.390457852371037006e+02 2.897680338723585010e+02 1.476678594499826431e+02
2.390298668928444386e+02 2.897516381880268455e+02 1.476917057894170284e+02
2.390139485485851765e+02 2.897352425036951900e+02 1.477155521288514137e+02
2.390139485485851765e+02 2.897352425036951900e+02 1.477155521288514137e+02
2.389986173696815968e+02 2.897477187823711233e+02 1.477366646967000463e+02
2.389832861907780170e+02 2.897601950610470567e+02 1.477577772645486789e+02
2.389679550118744373e+02 2.897726713397229901e+02 1.477788898323973115e+02
2.389526238329708576e+02 2.897851476183989234e+02 1.478000024002459440e+02
2.389372926540672779e+02 2.897976238970748000e+02 1.478211149680945482e+02
2.389219614751636982e+02 2.898101001757507333e+02 1.478422275359431808e+02
2.389066302962601185e+02 2.898225764544266667e+02 1.478633401037918134e+02
2.388912991173565388e+02 2.898350527331026001e+02 1.478844526716404459e+02
2.388759679384529591e+02 2.898475290117785335e+02 1.479055652394890785e+02
2.388606367595493793e+02 2.898600052904544668e+02 1.479266778073377111e+02
2.388453055806457996e+02 2.898724815691304002e+02 1.479477903751863437e+02
2.388299744017422199e+02 2.898849578478063336e+02 1.479689029430349763e+02
2.388146432228386402e+02 2.898974341264822669e+02 1.479900155108836088e+02
2.387993120439350605e+02 2.899099104051581435e+02 1.480111280787322130e+02
2.387839808650314808e+02 2.899223866838340768e+02 1.480322406465808456e+02
2.387686496861279011e+02 2.899348629625100102e+02 1.480533532144294782e+02
2.387533185072243214e+02 2.899473392411859436e+02 1.480744657822781107e+02
2.387379873283207417e+02 2.899598155198618770e+02 1.480955783501267433e+02
2.387226561494171619e+02 2.899722917985378103e+02 1.481166909179753759e+02
2.387073249705135822e+02 2.899847680772137437e+02 1.481378034858240085e+02
2.386919937916100025e+02 2.899972443558896771e+02 1.481589160536726411e+02
2.386766626127064228e+02 2.900097206345656105e+02 1.481800286215212736e+02
2.386613314338028431e+02 2.900221969132414870e+02 1.482011411893698778e+02
2.386460002548992634e+02 2.900346731919174204e+02 1.482222537572185104e+02
2.386306690759956837e+02 2.900471494705933537e+02 1.482433663250671430e+02
2.386153378970921040e+02 2.900596257492692871e+02 1.482644788929157755e+02
2.386000067181885242e+02 2.900721020279452205e+02 1.482855914607644081e+02
2.386000067181885242e+02 2.900721020279452205e+02 1.482855914607644081e+02
2.385917304199979299e+02 2.901044400764177453e+02 1.482840543383676106e+02
2.385834541218073070e+02 2.901367781248903270e+02 1.482825172159707847e+02
2.385751778236167127e+02 2.901691161733628519e+02 1.482809800935739872e+02
2.385669015254260898e+02 2.902014542218354336e+02 1.482794429711771613e+02
2.385586252272354955e+02 2.902337922703079585e+02 1.482779058487803638e+02
2.385503489290448726e+02 2.902661303187805402e+02 1.482763687263835664e+02
2.385420726308542783e+02 2.902984683672530650e+02 1.482748316039867404e+02
2.385337963326636554e+02 2.903308064157255899e+02 1.482732944815899430e+02
2.385255200344730611e+02 2.903631444641981716e+02 1.482717573591931171e+02
2.385172437362824382e+02 2.903954825126706965e+02 1.482702202367963196e+02
2.385089674380918439e+02 2.904278205611432782e+02 1.482686831143995221e+02
2.385006911399012210e+02 2.904601586096158030e+02 1.482671459920026962e+02
2.384924148417106267e+02 2.904924966580883847e+02 1.482656088696058987e+02
2.384841385435200039e+02 2.905248347065609096e+02 1.482640717472090728e+02
2.384758622453294095e+02 2.905571727550334344e+02 1.482625346248122753e+02
2.384675859471387867e+02 2.905895108035060161e+02 1.482609975024154778e+02
2.384593096489481923e+02 2.906218488519785410e+02 1.482594603800186519e+02
2.384510333507575695e+02 2.906541869004511227e+02 1.482579232576218544e+02
2.384427570525669751e+02 2.906865249489236476e+02 1.482563861352250569e+02
2.384344807543763523e+02 2.907188629973961724e+02 1.482548490128282310e+02
2.384262044561857579e+02 2.907512010458687541e+02 1.482533118904314335e+02
2.384179281579951351e+02 2.907835390943412790e+02 1.482517747680346076e+02
2.384096518598045407e+02 2.908158771428138607e+02 1.482502376456378101e+02
2.384013755616139179e+02 2.908482151912863856e+02 1.482487005232410127e+02
2.383930992634233235e+02 2.908805532397589673e+02 1.482471634008441868e+02
2.383848229652327007e+02 2.909128912882314921e+02 1.482456262784473893e+02
2.383765466670421063e+02 2.909452293367040170e+02 1.482440891560505634e+02
2.383682703688514835e+02 2.909775673851765987e+02 1.482425520336537659e+02
2.383599940706608891e+02 2.910099054336491236e+02 1.482410149112569684e+02
2.383517177724702663e+02 2.910422434821217053e+02 1.482394777888601425e+02
2.383434414742796719e+02 2.910745815305942301e+02 1.482379406664633450e+02
2.383351651760890491e+02 2.911069195790668118e+02 1.482364035440665191e+02
2.383268888778984547e+02 2.911392576275393367e+02 1.482348664216697216e+02
2.383268888778984547e+02 2.911392576275393367e+02 1.482348664216697216e+02
2.383048278166837122e+02 2.911636895714327693e+02 1.482371763644387670e+02
2.382827667554689413e+02 2.911881215153262019e+02 1.482394863072077840e+02
2.382607056942541988e+02 2.912125534592196345e+02 1.482417962499768294e+02
2.382386446330394278e+02 2.912369854031130672e+02 1.482441061927458748e+02
2.382165835718246854e+02 2.912614173470064998e+02 1.482464161355149201e+02
2.381945225106099144e+02 2.912858492908999324e+02 1.482487260782839371e+02
2.381724614493951719e+02 2.913102812347933650e+02 1.482510360210529825e+02
2.381504003881804010e+02 2.913347131786867976e+02 1.482533459638220279e+02
2.381283393269656585e+02 2.913591451225802302e+02 1.482556559065910733e+02
2.381062782657508876e+02 2.913835770664736629e+02 1.482579658493600903e+02
2.380842172045361451e+02 2.914080090103670955e+02 1.482602757921291357e+02
2.380621561433213742e+02 2.914324409542605281e+02 1.482625857348981810e+02
2.380400950821066317e+02 2.914568728981539607e+02 1.482648956776671980e+02
2.380180340208918608e+02 2.914813048420473933e+02 1.482672056204362434e+02
2.379959729596771183e+02 2.915057367859408259e+02 1.482695155632052888e+02
2.379739118984623474e+02 2.915301687298342586e+02 1.482718255059743342e+02
2.379518508372476049e+02 2.915546006737276912e+02 1.482741354487433512e+02
2.379297897760328340e+02 2.915790326176211238e+02 1.482764453915123966e+02
2.379077287148180915e+02 2.916034645615145564e+02 1.482787553342814419e+02
2.378856676536033206e+02 2.916278965054079890e+02 1.482810652770504873e+02
2.378636065923885781e+02 2.916523284493014216e+02 1.482833752198195043e+02
2.378415455311738071e+02 2.916767603931948543e+02 1.482856851625885497e+02
2.378194844699590647e+02 2.917011923370882869e+02 1.482879951053575951e+02
2.377974234087442937e+02 2.917256242809817195e+02 1.482903050481266405e+02
2.377753623475295512e+02 2.917500562248751521e+02 1.482926149908956575e+02
2.377533012863147803e+02 2.917744881687685847e+02 1.482949249336647028e+02
2.377312402251000378e+02 2.917989201126620173e+02 1.482972348764337482e+02
2.377091791638852669e+02 2.918233520565554500e+02 1.482995448192027652e+02
2.376871181026705244e+02 2.918477840004488826e+02 1.483018547619718106e+02
2.376650570414557535e+02 2.918722159443423152e+02 1.483041647047408560e+02
2.376429959802410110e+02 2.918966478882357478e+02 1.483064746475099014e+02
2.376209349190262401e+02 2.919210798321291804e+02 1.483087845902789184e+02
2.375988738578114976e+02 2.919455117760226130e+02 1.483110945330479638e+02
2.375768127965967267e+02 2.919699437199160457e+02 1.483134044758170091e+02
2.375547517353819842e+02 2.919943756638094783e+02 1.483157144185860545e+02
2.375326906741672133e+02 2.920188076077029109e+02 1.483180243613550715e+02
2.375106296129524708e+02 2.920432395515963435e+02 1.483203343041241169e+02
2.375106296129524708e+02 2.920432395515963435e+02 1.483203343041241169e+02
2.374877880885190393e+02 2.920480280627018033e+02 1.482997209382419612e+02
2.374649465640855794e+02 2.920528165738073199e+02 1.482791075723598055e+02
2.374421050396521480e+02 2.920576050849127796e+02 1.482584942064776499e+02
2.374192635152186881e+02 2.920623935960182962e+02 1.482378808405955226e+02
2.373964219907852566e+02 2.920671821071237559e+02 1.482172674747133669e+02
2.373735804663517968e+02 2.920719706182292725e+02 1.481966541088312113e+02
2.373507389419183653e+02 2.920767591293347323e+02 1.481760407429490556e+02
2.373278974174849054e+02 2.920815476404402489e+02 1.481554273770668999e+02
2.373050558930514740e+02 2.920863361515457086e+02 1.481348140111847442e+02
2.372822143686180141e+02 2.920911246626512252e+02 1.481142006453025886e+02
2.372593728441845826e+02 2.920959131737566850e+02 1.480935872794204329e+02
2.372365313197511227e+02 2.921007016848622015e+02 1.480729739135383056e+02
2.372136897953176913e+02 2.921054901959676613e+02 1.480523605476561499e+02
2.371908482708842314e+02 2.921102787070731210e+02 1.480317471817739943e+02
2.371680067464507999e+02 2.921150672181786376e+02 1.480111338158918386e+02
2.371451652220173401e+02 2.921198557292840974e+02 1.479905204500096829e+02
2.371223236975839086e+02 2.921246442403896140e+02 1.479699070841275272e+02
2.370994821731504487e+02 2.921294327514950737e+02 1.479492937182453716e+02
2.370766406487170173e+02 2.921342212626005903e+02 1.479286803523632443e+02
2.370537991242835574e+02 2.921390097737060501e+02 1.479080669864810886e+02
2.370309575998501259e+02 2.921437982848115666e+02 1.478874536205989330e+02
2.370081160754166660e+02 2.921485867959170264e+02 1.478668402547167773e+02
2.369852745509832346e+02 2.921533753070225430e+02 1.478462268888346216e+02
2.369624330265497747e+02 2.921581638181280027e+02 1.478256135229524659e+02
2.369395915021163432e+02 2.921629523292334625e+02 1.478050001570703103e+02
2.369167499776828834e+02 2.921677408403389791e+02 1.477843867911881830e+02
2.368939084532494519e+02 2.921725293514444388e+02 1.477637734253060273e+02
2.368710669288159920e+02 2.921773178625499554e+02 1.477431600594238716e+02
2.368482254043825606e+02 2.921821063736554152e+02 1.477225466935417160e+02
2.368253838799491007e+02 2.921868948847609317e+02 1.477019333276595603e+02
2.368025423555156692e+02 2.921916833958663915e+02 1.476813199617774046e+02
2.367797008310822093e+02 2.921964719069719081e+02 1.476607065958952489e+02
2.367568593066487779e+02 2.922012604180773678e+02 1.476400932300130933e+02
2.367340177822153180e+02 2.922060489291828844e+02 1.476194798641309660e+02
2.367111762577818865e+02 2.922108374402883442e+02 1.475988664982488103e+02
2.366883347333484267e+02 2.922156259513938608e+02 1.475782531323666547e+02
2.366654932089149952e+02 2.922204144624993205e+02 1.475576397664844990e+02
