2.967358185930444279e+02 2.385328310251853168e+02 2.258193665697574772e+02
2.967538186406126783e+02 2.385115848822075009e+02 2.258062549340725127e+02
2.967718186881809288e+02 2.384903387392297134e+02 2.257931432983875482e+02
2.967898187357491793e+02 2.384690925962518975e+02 2.257800316627025836e+02
2.968078187833174297e+02 2.384478464532740816e+02 2.257669200270176191e+02
2.968258188308856802e+02 2.384266003102962657e+02 2.257538083913326545e+02
2.968438188784539307e+02 2.384053541673184782e+02 2.257406967556476900e+02
2.968618189260221243e+02 2.383841080243406623e+02 2.257275851199626970e+02
2.968798189735903748e+02 2.383628618813628464e+02 2.257144734842777325e+02
2.968978190211586252e+02 2.383416157383850589e+02 2.257013618485927680e+02
2.969158190687268757e+02 2.383203695954072430e+02 2.256882502129078034e+02
2.969338191162951262e+02 2.382991234524294271e+02 2.256751385772228389e+02
2.969518191638633766e+02 2.382778773094516396e+02 2.256620269415378743e+02
2.969698192114316271e+02 2.382566311664738237e+02 2.256489153058529098e+02
2.969878192589998775e+02 2.382353850234960078e+02 2.256358036701679453e+02
2.970058193065681280e+02 2.382141388805181919e+02 2.256226920344829807e+02
2.970238193541363785e+02 2.381928927375404044e+02 2.256095803987980162e+02
2.970418194017046289e+02 2.381716465945625885e+02 2.255964687631130516e+02
2.970598194492728794e+02 2.381504004515847726e+02 2.255833571274280871e+02
2.970778194968411299e+02 2.381291543086069851e+02 2.255702454917431226e+02
2.970958195444093803e+02 2.381079081656291692e+02 2.255571338560581580e+02
2.971138195919775740e+02 2.380866620226513533e+02 2.255440222203731651e+02
2.971318196395458244e+02 2.380654158796735658e+02 2.255309105846882005e+02
2.971498196871140749e+02 2.380441697366957499e+02 2.255177989490032360e+02
2.971678197346823254e+02 2.380229235937179340e+02 2.255046873133182714e+02
2.971858197822505758e+02 2.380016774507401180e+02 2.254915756776333069e+02
2.972038198298188263e+02 2.379804313077623306e+02 2.254784640419483424e+02
2.972218198773870768e+02 2.379591851647845147e+02 2.254653524062633778e+02
2.972218198773870768e+02 2.379591851647845147e+02 2.254653524062633778e+02
2.972294399169991834e+02 2.379436057522644319e+02 2.254391380585844900e+02
2.972370599566113469e+02 2.379280263397443775e+02 2.254129237109056021e+02
2.972446799962234536e+02 2.379124469272242948e+02 2.253867093632267427e+02
2.972523000358355603e+02 2.378968675147042120e+02 2.253604950155478548e+02
2.972599200754477238e+02 2.378812881021841577e+02 2.253342806678689669e+02
2.972675401150598304e+02 2.378657086896640749e+02 2.253080663201900791e+02
2.972751601546719371e+02 2.378501292771439921e+02 2.252818519725112196e+02
2.972827801942840438e+02 2.378345498646239093e+02 2.252556376248323318e+02
2.972904002338962073e+02 2.378189704521038550e+02 2.252294232771534439e+02
2.972980202735083139e+02 2.378033910395837722e+02 2.252032089294745560e+02
2.973056403131204206e+02 2.377878116270636895e+02 2.251769945817956966e+02
2.973132603527325841e+02 2.377722322145436351e+02 2.251507802341168087e+02
2.973208803923446908e+02 2.377566528020235523e+02 2.251245658864379209e+02
2.973285004319567975e+02 2.377410733895034696e+02 2.250983515387590330e+02
2.973361204715689610e+02 2.377254939769834152e+02 2.250721371910801452e+02
2.973437405111810676e+02 2.377099145644633325e+02 2.250459228434012857e+02
2.973513605507931743e+02 2.376943351519432497e+02 2.250197084957223979e+02
2.973589805904053378e+02 2.376787557394231953e+02 2.249934941480435100e+02
2.973666006300174445e+02 2.376631763269031126e+02 2.249672798003646221e+02
2.973742206696295511e+02 2.376475969143830298e+02 2.249410654526857627e+02
2.973818407092416578e+02 2.376320175018629470e+02 2.249148511050068748e+02
2.973894607488538213e+02 2.376164380893428927e+02 2.248886367573279870e+02
2.973970807884659280e+02 2.376008586768228099e+02 2.248624224096490991e+02
2.974047008280780346e+02 2.375852792643027271e+02 2.248362080619702397e+02
2.974123208676901982e+02 2.375696998517826728e+02 2.248099937142913518e+02
2.974199409073023048e+02 2.375541204392625900e+02 2.247837793666124639e+02
2.974199409073023048e+02 2.375541204392625900e+02 2.247837793666124639e+02
2.974289777168091291e+02 2.375356443957853116e+02 2.247526910680761887e+02
2.974380145263159534e+02 2.375171683523080333e+02 2.247216027695399418e+02
2.974470513358227777e+02 2.374986923088307265e+02 2.246905144710036666e+02
2.974560881453296020e+02 2.374802162653534481e+02 2.246594261724674197e+02
2.974651249548364831e+02 2.374617402218761697e+02 2.246283378739311445e+02
2.974741617643433074e+02 2.374432641783988913e+02 2.245972495753948692e+02
2.974831985738501317e+02 2.374247881349215845e+02 2.245661612768586224e+02
2.974922353833569559e+02 2.374063120914443061e+02 2.245350729783223471e+02
2.975012721928637802e+02 2.373878360479670278e+02 2.245039846797860719e+02
2.975103090023706045e+02 2.373693600044897494e+02 2.244728963812498250e+02
2.975193458118774288e+02 2.373508839610124426e+02 2.244418080827135498e+02
2.975283826213842531e+02 2.373324079175351642e+02 2.244107197841773029e+02
2.975374194308910774e+02 2.373139318740578858e+02 2.243796314856410277e+02
2.975464562403979585e+02 2.372954558305806074e+02 2.243485431871047524e+02
2.975554930499047828e+02 2.372769797871033290e+02 2.243174548885685056e+02
2.975645298594116070e+02 2.372585037436260222e+02 2.242863665900322303e+02
2.975735666689184313e+02 2.372400277001487439e+02 2.242552782914959835e+02
2.975826034784252556e+02 2.372215516566714655e+02 2.242241899929597082e+02
2.975916402879320799e+02 2.372030756131941871e+02 2.241931016944234329e+02
2.976006770974389042e+02 2.371845995697168803e+02 2.241620133958871861e+02
2.976097139069457285e+02 2.371661235262396019e+02 2.241309250973509108e+02
2.976187507164526096e+02 2.371476474827623235e+02 2.240998367988146356e+02
2.976277875259594339e+02 2.371291714392850452e+02 2.240687485002783887e+02
2.976368243354662582e+02 2.371106953958077384e+02 2.240376602017421135e+02
2.976458611449730824e+02 2.370922193523304600e+02 2.240065719032058666e+02
2.976548979544799067e+02 2.370737433088531816e+02 2.239754836046695914e+02
2.976548979544799067e+02 2.370737433088531816e+02 2.239754836046695914e+02
2.976612651247912140e+02 2.370607254273309366e+02 2.239535793594468203e+02
2.976676322951025213e+02 2.370477075458087199e+02 2.239316751142240491e+02
2.976739994654138286e+02 2.370346896642864749e+02 2.239097708690012780e+02
2.976803666357251359e+02 2.370216717827642299e+02 2.238878666237785069e+02
2.976867338060364432e+02 2.370086539012420133e+02 2.238659623785557358e+02
2.976931009763477505e+02 2.369956360197197682e+02 2.238440581333329931e+02
2.976994681466590578e+02 2.369826181381975232e+02 2.238221538881102219e+02
2.977058353169703082e+02 2.369696002566753066e+02 2.238002496428874508e+02
2.977122024872816155e+02 2.369565823751530615e+02 2.237783453976646797e+02
2.977185696575929228e+02 2.369435644936308165e+02 2.237564411524419086e+02
2.977249368279042301e+02 2.369305466121085999e+02 2.237345369072191374e+02
2.977313039982155374e+02 2.369175287305863549e+02 2.237126326619963663e+02
2.977376711685268447e+02 2.369045108490641098e+02 2.236907284167735952e+02
2.977440383388381520e+02 2.368914929675418932e+02 2.236688241715508241e+02
2.977504055091494592e+02 2.368784750860196482e+02 2.236469199263280530e+02
2.977567726794607665e+02 2.368654572044974032e+02 2.236250156811053103e+02
2.977631398497720738e+02 2.368524393229751581e+02 2.236031114358825391e+02
2.977695070200833811e+02 2.368394214414529415e+02 2.235812071906597680e+02
2.977758741903946884e+02 2.368264035599306965e+02 2.235593029454369969e+02
2.977822413607059957e+02 2.368133856784084514e+02 2.235373987002142258e+02
2.977886085310173030e+02 2.368003677968862348e+02 2.235154944549914546e+02
2.977949757013286103e+02 2.367873499153639898e+02 2.234935902097686835e+02
2.978013428716399176e+02 2.367743320338417448e+02 2.234716859645459124e+02
2.978077100419511680e+02 2.367613141523195281e+02 2.234497817193231413e+02
2.978140772122624753e+02 2.367482962707972831e+02 2.234278774741003701e+02
2.978204443825737826e+02 2.367352783892750381e+02 2.234059732288776274e+02
2.978268115528850899e+02 2.367222605077528215e+02 2.233840689836548563e+02
2.978331787231963972e+02 2.367092426262305764e+02 2.233621647384320852e+02
2.978395458935077045e+02 2.366962247447083314e+02 2.233402604932093141e+02
2.978459130638190118e+02 2.366832068631861148e+02 2.233183562479865429e+02
2.978522802341303191e+02 2.366701889816638698e+02 2.232964520027637718e+02
2.978522802341303191e+02 2.366701889816638698e+02 2.232964520027637718e+02
2.978589940598940302e+02 2.366564623520812631e+02 2.232733551985759277e+02
2.978657078856576845e+02 2.366427357224986281e+02 2.232502583943880836e+02
2.978724217114213957e+02 2.366290090929160215e+02 2.232271615902002395e+02
2.978791355371851068e+02 2.366152824633334149e+02 2.232040647860123670e+02
2.978858493629487612e+02 2.366015558337508082e+02 2.231809679818245229e+02
2.978925631887124723e+02 2.365878292041681732e+02 2.231578711776366788e+02
2.978992770144761835e+02 2.365741025745855666e+02 2.231347743734488347e+02
2.979059908402398946e+02 2.365603759450029600e+02 2.231116775692609906e+02
2.979127046660035489e+02 2.365466493154203533e+02 2.230885807650731465e+02
2.979194184917672601e+02 2.365329226858377183e+02 2.230654839608852740e+02
2.979261323175309712e+02 2.365191960562551117e+02 2.230423871566974299e+02
2.979328461432946256e+02 2.365054694266725051e+02 2.230192903525095858e+02
2.979395599690583367e+02 2.364917427970898984e+02 2.229961935483217417e+02
2.979462737948220479e+02 2.364780161675072634e+02 2.229730967441338976e+02
2.979529876205857022e+02 2.364642895379246568e+02 2.229499999399460535e+02
2.979597014463494133e+02 2.364505629083420502e+02 2.229269031357582094e+02
2.979664152721131245e+02 2.364368362787594151e+02 2.229038063315703369e+02
2.979731290978767788e+02 2.364231096491768085e+02 2.228807095273824928e+02
2.979798429236404900e+02 2.364093830195942019e+02 2.228576127231946487e+02
2.979865567494042011e+02 2.363956563900115952e+02 2.228345159190068046e+02
2.979932705751679123e+02 2.363819297604289602e+02 2.228114191148189605e+02
2.979999844009315666e+02 2.363682031308463536e+02 2.227883223106311164e+02
2.980066982266952778e+02 2.363544765012637470e+02 2.227652255064432438e+02
2.980134120524589889e+02 2.363407498716811403e+02 2.227421287022553997e+02
2.980201258782226432e+02 2.363270232420985053e+02 2.227190318980675556e+02
2.980268397039863544e+02 2.363132966125158987e+02 2.226959350938797115e+02
2.980268397039863544e+02 2.363132966125158987e+02 2.226959350938797115e+02
2.980249488556950723e+02 2.362964326265828845e+02 2.226680803162999780e+02
2.980230580074038471e+02 2.362795686406498703e+02 2.226402255387202729e+02
2.980211671591125651e+02 2.362627046547168561e+02 2.226123707611405393e+02
2.980192763108213398e+02 2.362458406687838419e+02 2.225845159835608342e+02
2.980173854625300578e+02 2.362289766828508277e+02 2.225566612059811007e+02
2.980154946142388326e+02 2.362121126969178420e+02 2.225288064284013672e+02
2.980136037659475505e+02 2.361952487109848278e+02 2.225009516508216620e+02
2.980117129176562685e+02 2.361783847250518136e+02 2.224730968732419285e+02
2.980098220693650433e+02 2.361615207391187994e+02 2.224452420956622234e+02
2.980079312210737612e+02 2.361446567531857852e+02 2.224173873180824899e+02
2.980060403727825360e+02 2.361277927672527710e+02 2.223895325405027563e+02
2.980041495244912539e+02 2.361109287813197568e+02 2.223616777629230512e+02
2.980022586762000287e+02 2.360940647953867426e+02 2.223338229853433177e+02
2.980003678279087467e+02 2.360772008094537284e+02 2.223059682077635841e+02
2.979984769796175215e+02 2.360603368235207142e+02 2.222781134301838790e+02
2.979965861313262394e+02 2.360434728375877000e+02 2.222502586526041455e+02
2.979946952830349574e+02 2.360266088516546859e+02 2.222224038750244404e+02
2.979928044347437321e+02 2.360097448657217001e+02 2.221945490974447068e+02
2.979909135864524501e+02 2.359928808797886859e+02 2.221666943198649733e+02
2.979890227381612249e+02 2.359760168938556717e+02 2.221388395422852682e+02
2.979871318898699428e+02 2.359591529079226575e+02 2.221109847647055346e+02
2.979852410415787176e+02 2.359422889219896433e+02 2.220831299871258295e+02
2.979833501932874356e+02 2.359254249360566291e+02 2.220552752095460960e+02
2.979833501932874356e+02 2.359254249360566291e+02 2.220552752095460960e+02
2.979916262237803153e+02 2.359130280913237527e+02 2.220207720790505448e+02
2.979999022542731382e+02 2.359006312465908479e+02 2.219862689485549936e+02
2.980081782847660179e+02 2.358882344018579715e+02 2.219517658180594424e+02
2.980164543152588976e+02 2.358758375571250951e+02 2.219172626875638912e+02
2.980247303457517773e+02 2.358634407123922188e+02 2.218827595570683400e+02
2.980330063762446002e+02 2.358510438676593139e+02 2.218482564265727888e+02
2.980412824067374800e+02 2.358386470229264376e+02 2.218137532960772660e+02
2.980495584372303597e+02 2.358262501781935612e+02 2.217792501655817148e+02
2.980578344677231826e+02 2.358138533334606564e+02 2.217447470350861636e+02
2.980661104982160623e+02 2.358014564887277800e+02 2.217102439045906124e+02
2.980743865287089420e+02 2.357890596439949036e+02 2.216757407740950612e+02
2.980826625592018218e+02 2.357766627992619988e+02 2.216412376435995100e+02
2.980909385896946446e+02 2.357642659545291224e+02 2.216067345131039588e+02
2.980992146201875244e+02 2.357518691097962460e+02 2.215722313826084076e+02
2.981074906506804041e+02 2.357394722650633696e+02 2.215377282521128564e+02
2.981157666811732270e+02 2.357270754203304648e+02 2.215032251216173051e+02
2.981240427116661067e+02 2.357146785755975884e+02 2.214687219911217539e+02
2.981323187421589864e+02 2.357022817308647120e+02 2.214342188606262312e+02
2.981405947726518093e+02 2.356898848861318072e+02 2.213997157301306800e+02
2.981488708031446890e+02 2.356774880413989308e+02 2.213652125996351288e+02
2.981571468336375688e+02 2.356650911966660544e+02 2.213307094691395775e+02
2.981654228641304485e+02 2.356526943519331780e+02 2.212962063386440263e+02
2.981736988946232714e+02 2.356402975072002732e+02 2.212617032081484751e+02
2.981819749251161511e+02 2.356279006624673968e+02 2.212272000776529239e+02
2.981819749251161511e+02 2.356279006624673968e+02 2.212272000776529239e+02
2.981893524324463556e+02 2.356168497349765687e+02 2.211964429292391117e+02
2.981967299397765601e+02 2.356057988074857690e+02 2.211656857808252710e+02
2.982041074471068214e+02 2.355947478799949408e+02 2.211349286324114587e+02
2.982114849544370259e+02 2.355836969525041411e+02 2.211041714839976180e+02
2.982188624617672303e+02 2.355726460250133130e+02 2.210734143355838057e+02
2.982262399690974348e+02 2.355615950975225132e+02 2.210426571871699934e+02
2.982336174764276393e+02 2.355505441700316851e+02 2.210119000387561528e+02
2.982409949837579006e+02 2.355394932425408854e+02 2.209811428903423405e+02
2.982483724910881051e+02 2.355284423150500572e+02 2.209503857419285282e+02
2.982557499984183096e+02 2.355173913875592291e+02 2.209196285935146875e+02
2.982631275057485141e+02 2.355063404600684294e+02 2.208888714451008752e+02
2.982705050130787185e+02 2.354952895325776012e+02 2.208581142966870345e+02
2.982778825204089799e+02 2.354842386050868015e+02 2.208273571482732223e+02
2.982852600277391844e+02 2.354731876775959734e+02 2.207965999998594100e+02
2.982926375350693888e+02 2.354621367501051736e+02 2.207658428514455693e+02
2.983000150423995933e+02 2.354510858226143455e+02 2.207350857030317570e+02
2.983073925497298546e+02 2.354400348951235458e+02 2.207043285546179447e+02
2.983147700570600591e+02 2.354289839676327176e+02 2.206735714062041041e+02
2.983221475643902636e+02 2.354179330401419179e+02 2.206428142577902918e+02
2.983295250717204681e+02 2.354068821126510898e+02 2.206120571093764511e+02
2.983369025790506726e+02 2.353958311851602616e+02 2.205812999609626388e+02
2.983442800863809339e+02 2.353847802576694619e+02 2.205505428125488265e+02
2.983516575937111384e+02 2.353737293301786337e+02 2.205197856641349858e+02
2.983590351010413428e+02 2.353626784026878340e+02 2.204890285157211736e+02
2.983664126083715473e+02 2.353516274751970059e+02 2.204582713673073613e+02
2.983737901157017518e+02 2.353405765477062062e+02 2.204275142188935206e+02
2.983811676230320131e+02 2.353295256202153780e+02 2.203967570704797083e+02
2.983885451303622176e+02 2.353184746927245783e+02 2.203659999220658676e+02
2.983959226376924221e+02 2.353074237652337501e+02 2.203352427736520553e+02
2.983959226376924221e+02 2.353074237652337501e+02 2.203352427736520553e+02
2.983882999296895946e+02 2.353111713125000222e+02 2.203035059513468639e+02
2.983806772216867103e+02 2.353149188597662942e+02 2.202717691290416724e+02
2.983730545136838828e+02 2.353186664070325378e+02 2.202400323067364809e+02
2.983654318056810553e+02 2.353224139542988098e+02 2.202082954844313178e+02
2.983578090976781709e+02 2.353261615015650818e+02 2.201765586621261264e+02
2.983501863896753434e+02 2.353299090488313539e+02 2.201448218398209349e+02
2.983425636816725159e+02 2.353336565960975975e+02 2.201130850175157434e+02
2.983349409736696316e+02 2.353374041433638695e+02 2.200813481952105519e+02
2.983273182656668041e+02 2.353411516906301415e+02 2.200496113729053604e+02
2.983196955576639198e+02 2.353448992378964135e+02 2.200178745506001974e+02
2.983120728496610923e+02 2.353486467851626855e+02 2.199861377282950059e+02
2.983044501416582648e+02 2.353523943324289291e+02 2.199544009059898144e+02
2.982968274336553804e+02 2.353561418796952012e+02 2.199226640836846229e+02
2.982892047256525530e+02 2.353598894269614732e+02 2.198909272613794315e+02
2.982815820176497255e+02 2.353636369742277452e+02 2.198591904390742400e+02
2.982739593096468411e+02 2.353673845214939888e+02 2.198274536167690769e+02
2.982663366016440136e+02 2.353711320687602608e+02 2.197957167944638854e+02
2.982587138936411861e+02 2.353748796160265329e+02 2.197639799721586940e+02
2.982510911856383018e+02 2.353786271632928049e+02 2.197322431498535025e+02
2.982434684776354743e+02 2.353823747105590485e+02 2.197005063275483110e+02
2.982358457696326468e+02 2.353861222578253205e+02 2.196687695052431195e+02
2.982282230616297625e+02 2.353898698050915925e+02 2.196370326829379565e+02
2.982206003536269350e+02 2.353936173523578645e+02 2.196052958606327650e+02
2.982129776456240506e+02 2.353973648996241366e+02 2.195735590383275735e+02
2.982053549376212231e+02 2.354011124468903802e+02 2.195418222160223820e+02
2.981977322296183956e+02 2.354048599941566522e+02 2.195100853937171905e+02
2.981901095216155113e+02 2.354086075414229242e+02 2.194783485714119990e+02
2.981824868136126838e+02 2.354123550886891962e+02 2.194466117491068360e+02
2.981748641056098563e+02 2.354161026359554398e+02 2.194148749268016445e+02
2.981672413976069720e+02 2.354198501832217119e+02 2.193831381044964530e+02
2.981596186896041445e+02 2.354235977304879839e+02 2.193514012821912615e+02
2.981596186896041445e+02 2.354235977304879839e+02 2.193514012821912615e+02
2.981580932549434806e+02 2.354099927740362546e+02 2.193289295464195163e+02
2.981565678202828167e+02 2.353963878175844968e+02 2.193064578106477711e+02
2.981550423856220959e+02 2.353827828611327675e+02 2.192839860748760259e+02
2.981535169509614320e+02 2.353691779046810097e+02 2.192615143391042807e+02
2.981519915163007681e+02 2.353555729482292804e+02 2.192390426033325355e+02
2.981504660816400474e+02 2.353419679917775227e+02 2.192165708675607902e+02
2.981489406469793835e+02 2.353283630353257934e+02 2.191940991317890450e+02
2.981474152123187196e+02 2.353147580788740356e+02 2.191716273960172998e+02
2.981458897776580557e+02 2.353011531224223063e+02 2.191491556602455546e+02
2.981443643429973918e+02 2.352875481659705770e+02 2.191266839244738094e+02
2.981428389083366710e+02 2.352739432095188192e+02 2.191042121887020642e+02
2.981413134736760071e+02 2.352603382530670899e+02 2.190817404529303190e+02
2.981397880390153432e+02 2.352467332966153322e+02 2.190592687171585737e+02
2.981382626043546225e+02 2.352331283401636028e+02 2.190367969813868285e+02
2.981367371696939585e+02 2.352195233837118451e+02 2.190143252456150833e+02
2.981352117350332946e+02 2.352059184272601158e+02 2.189918535098433381e+02
2.981336863003726307e+02 2.351923134708083865e+02 2.189693817740715929e+02
2.981321608657119668e+02 2.351787085143566287e+02 2.189469100382998477e+02
2.981306354310512461e+02 2.351651035579048994e+02 2.189244383025281024e+02
2.981291099963905822e+02 2.351514986014531416e+02 2.189019665667563572e+02
2.981275845617299183e+02 2.351378936450014123e+02 2.188794948309846120e+02
2.981260591270691975e+02 2.351242886885496546e+02 2.188570230952128668e+02
2.981245336924085336e+02 2.351106837320979253e+02 2.188345513594411216e+02
2.981230082577478697e+02 2.350970787756461959e+02 2.188120796236693764e+02
2.981214828230872058e+02 2.350834738191944382e+02 2.187896078878976311e+02
2.981199573884265419e+02 2.350698688627427089e+02 2.187671361521258859e+02
2.981184319537658212e+02 2.350562639062909511e+02 2.187446644163541407e+02
2.981169065191051573e+02 2.350426589498392218e+02 2.187221926805823955e+02
2.981153810844444934e+02 2.350290539933874641e+02 2.186997209448106503e+02
2.981138556497837726e+02 2.350154490369357347e+02 2.186772492090389051e+02
2.981123302151231087e+02 2.350018440804839770e+02 2.186547774732671598e+02
2.981108047804624448e+02 2.349882391240322477e+02 2.186323057374954146e+02
2.981108047804624448e+02 2.349882391240322477e+02 2.186323057374954146e+02
2.981088805734582365e+02 2.349710776203826015e+02 2.186039595405172236e+02
2.981069563664540283e+02 2.349539161167329553e+02 2.185756133435390609e+02
2.981050321594498200e+02 2.349367546130833091e+02 2.185472671465608698e+02
2.981031079524455549e+02 2.349195931094336629e+02 2.185189209495826788e+02
2.981011837454413467e+02 2.349024316057840167e+02 2.184905747526045161e+02
2.980992595384371384e+02 2.348852701021343705e+02 2.184622285556263250e+02
2.980973353314329302e+02 2.348681085984847527e+02 2.184338823586481624e+02
2.980954111244287219e+02 2.348509470948351066e+02 2.184055361616699713e+02
2.980934869174245136e+02 2.348337855911854604e+02 2.183771899646917802e+02
2.980915627104203054e+02 2.348166240875358142e+02 2.183488437677136176e+02
2.980896385034160403e+02 2.347994625838861680e+02 2.183204975707354265e+02
2.980877142964118320e+02 2.347823010802365218e+02 2.182921513737572354e+02
2.980857900894076238e+02 2.347651395765868756e+02 2.182638051767790728e+02
2.980838658824034155e+02 2.347479780729372294e+02 2.182354589798008817e+02
2.980819416753992073e+02 2.347308165692875832e+02 2.182071127828227191e+02
2.980800174683949990e+02 2.347136550656379370e+02 2.181787665858445280e+02
2.980780932613907339e+02 2.346964935619882908e+02 2.181504203888663369e+02
2.980761690543865257e+02 2.346793320583386446e+02 2.181220741918881743e+02
2.980742448473823174e+02 2.346621705546889984e+02 2.180937279949099832e+02
2.980723206403781091e+02 2.346450090510393522e+02 2.180653817979317921e+02
2.980703964333739009e+02 2.346278475473897345e+02 2.180370356009536295e+02
2.980684722263696926e+02 2.346106860437400883e+02 2.180086894039754384e+02
2.980665480193654844e+02 2.345935245400904421e+02 2.179803432069972757e+02
2.980646238123612193e+02 2.345763630364407959e+02 2.179519970100190847e+02
2.980626996053570110e+02 2.345592015327911497e+02 2.179236508130408936e+02
2.980607753983528028e+02 2.345420400291415035e+02 2.178953046160627309e+02
2.980588511913485945e+02 2.345248785254918573e+02 2.178669584190845399e+02
2.980588511913485945e+02 2.345248785254918573e+02 2.178669584190845399e+02
2.980567493630861691e+02 2.345061328638671512e+02 2.178359956184029613e+02
2.980546475348236868e+02 2.344873872022424450e+02 2.178050328177213544e+02
2.980525457065612613e+02 2.344686415406177389e+02 2.177740700170397758e+02
2.980504438782987791e+02 2.344498958789930327e+02 2.177431072163581689e+02
2.980483420500363536e+02 2.344311502173682982e+02 2.177121444156765904e+02
2.980462402217738713e+02 2.344124045557435920e+02 2.176811816149949834e+02
2.980441383935114459e+02 2.343936588941188859e+02 2.176502188143134049e+02
2.980420365652490204e+02 2.343749132324941797e+02 2.176192560136318264e+02
2.980399347369865382e+02 2.343561675708694736e+02 2.175882932129502194e+02
2.980378329087241127e+02 2.343374219092447674e+02 2.175573304122686409e+02
2.980357310804616304e+02 2.343186762476200613e+02 2.175263676115870339e+02
2.980336292521992050e+02 2.342999305859953552e+02 2.174954048109054554e+02
2.980315274239367227e+02 2.342811849243706490e+02 2.174644420102238485e+02
2.980294255956742973e+02 2.342624392627459429e+02 2.174334792095422699e+02
2.980273237674118718e+02 2.342436936011212083e+02 2.174025164088606914e+02
2.980252219391493895e+02 2.342249479394965022e+02 2.173715536081790844e+02
2.980231201108869641e+02 2.342062022778717960e+02 2.173405908074975059e+02
2.980210182826244818e+02 2.341874566162470899e+02 2.173096280068158990e+02
2.980189164543620564e+02 2.341687109546223837e+02 2.172786652061343204e+02
2.980168146260995741e+02 2.341499652929976776e+02 2.172477024054527135e+02
2.980147127978371486e+02 2.341312196313729714e+02 2.172167396047711350e+02
2.980126109695747232e+02 2.341124739697482653e+02 2.171857768040895564e+02
2.980105091413122409e+02 2.340937283081235591e+02 2.171548140034079495e+02
2.980084073130498155e+02 2.340749826464988246e+02 2.171238512027263710e+02
2.980063054847873332e+02 2.340562369848741184e+02 2.170928884020447640e+02
2.980042036565249077e+02 2.340374913232494123e+02 2.170619256013631855e+02
2.980021018282624254e+02 2.340187456616247061e+02 2.170309628006815785e+02
2.980000000000000000e+02 2.340000000000000000e+02 2.170000000000000000e+02
2.980000000000000000e+02 2.340000000000000000e+02 2.170000000000000000e+02
2.980000000000000000e+02 2.340000000000000000e+02 2.170000000000000000e+02
2.980000000000000000e+02 2.340000000000000000e+02 2.170000000000000000e+02
2.980000000000000000e+02 2.340000000000000000e+02 2.170000000000000000e+02
2.980000000000000000e+02 2.340000000000000000e+02 2.170000000000000000e+02
2.980000000000000000e+02 2.340000000000000000e+02 2.170000000000000000e+02
2.980000000000000000e+02 2.340000000000000000e+02 2.170000000000000000e+02
2.980000000000000000e+02 2.340000000000000000e+02 2.170000000000000000e+02
2.980000000000000000e+02 2.340000000000000000e+02 2.170000000000000000e+02
2.980000000000000000e+02 2.340000000000000000e+02 2.170000000000000000e+02
2.980000000000000000e+02 2.340000000000000000e+02 2.170000000000000000e+02
2.980000000000000000e+02 2.340000000000000000e+02 2.170000000000000000e+02
2.980000000000000000e+02 2.340000000000000000e+02 2.170000000000000000e+02
2.980000000000000000e+02 2.340000000000000000e+02 2.170000000000000000e+02
2.980000000000000000e+02 2.340000000000000000e+02 2.170000000000000000e+02
2.980000000000000000e+02 2.340000000000000000e+02 2.170000000000000000e+02
2.980000000000000000e+02 2.340000000000000000e+02 2.170000000000000000e+02
2.980000000000000000e+02 2.340000000000000000e+02 2.170000000000000000e+02
2.980000000000000000e+02 2.340000000000000000e+02 2.170000000000000000e+02
2.980000000000000000e+02 2.340000000000000000e+02 2.170000000000000000e+02
2.980000000000000000e+02 2.340000000000000000e+02 2.170000000000000000e+02
2.980000000000000000e+02 2.340000000000000000e+02 2.170000000000000000e+02
2.980000000000000000e+02 2.340000000000000000e+02 2.170000000000000000e+02
2.980000000000000000e+02 2.340000000000000000e+02 2.170000000000000000e+02
2.980000000000000000e+02 2.340000000000000000e+02 2.170000000000000000e+02
2.980000000000000000e+02 2.340000000000000000e+02 2.170000000000000000e+02
2.980000000000000000e+02 2.340000000000000000e+02 2.170000000000000000e+02
2.980000000000000000e+02 2.340000000000000000e+02 2.170000000000000000e+02
2.980000000000000000e+02 2.340000000000000000e+02 2.170000000000000000e+02
2.980000000000000000e+02 2.340000000000000000e+02 2.170000000000000000e+02
2.980000000000000000e+02 2.340000000000000000e+02 2.170000000000000000e+02
2.980000000000000000e+02 2.340000000000000000e+02 2.170000000000000000e+02
2.980000000000000000e+02 2.340000000000000000e+02 2.170000000000000000e+02
2.980000000000000000e+02 2.340000000000000000e+02 2.170000000000000000e+02
2.980000794920904355e+02 2.339837050782684287e+02 2.169727806526794893e+02
2.980001589841808709e+02 2.339674101565368574e+02 2.169455613053590071e+02
2.980002384762713064e+02 2.339511152348052860e+02 2.169183419580384964e+02
2.980003179683617418e+02 2.339348203130737147e+02 2.168911226107180141e+02
2.980003974604521204e+02 2.339185253913421434e+02 2.168639032633975035e+02
2.980004769525425559e+02 2.339022304696105721e+02 2.168366839160770212e+02
2.980005564446329913e+02 2.338859355478790008e+02 2.168094645687565105e+02
2.980006359367234268e+02 2.338696406261474294e+02 2.167822452214360283e+02
2.980007154288138622e+02 2.338533457044158297e+02 2.167550258741155176e+02
2.980007949209042977e+02 2.338370507826842584e+02 2.167278065267950353e+02
2.980008744129947331e+02 2.338207558609526870e+02 2.167005871794745246e+02
2.980009539050851117e+02 2.338044609392211157e+02 2.166733678321540424e+02
2.980010333971755472e+02 2.337881660174895444e+02 2.166461484848335317e+02
2.980011128892659826e+02 2.337718710957579731e+02 2.166189291375130495e+02
2.980011923813564181e+02 2.337555761740264018e+02 2.165917097901925388e+02
2.980012718734468535e+02 2.337392812522948304e+02 2.165644904428720565e+02
2.980013513655372890e+02 2.337229863305632591e+02 2.165372710955515458e+02
2.980014308576277244e+02 2.337066914088316878e+02 2.165100517482310352e+02
2.980015103497181599e+02 2.336903964871001165e+02 2.164828324009105529e+02
2.980015898418085953e+02 2.336741015653685452e+02 2.164556130535900422e+02
2.980016693338989739e+02 2.336578066436369738e+02 2.164283937062695600e+02
2.980017488259894094e+02 2.336415117219054025e+02 2.164011743589490493e+02
2.980018283180798448e+02 2.336252168001738312e+02 2.163739550116285670e+02
2.980019078101702803e+02 2.336089218784422314e+02 2.163467356643080564e+02
2.980019873022607158e+02 2.335926269567106601e+02 2.163195163169875741e+02
2.980020667943511512e+02 2.335763320349790888e+02 2.162922969696670634e+02
2.980021462864415867e+02 2.335600371132475175e+02 2.162650776223465812e+02
2.980022257785319653e+02 2.335437421915159462e+02 2.162378582750260705e+02
2.980023052706224007e+02 2.335274472697843748e+02 2.162106389277055882e+02
2.980023847627128362e+02 2.335111523480528035e+02 2.161834195803850776e+02
2.980024642548032716e+02 2.334948574263212322e+02 2.161562002330645953e+02
2.980025437468937071e+02 2.334785625045896609e+02 2.161289808857440846e+02
2.980025437468937071e+02 2.334785625045896609e+02 2.161289808857440846e+02
2.980026229500315935e+02 2.334623268146494866e+02 2.161018604803350058e+02
2.980027021531694800e+02 2.334460911247093122e+02 2.160747400749259555e+02
2.980027813563073664e+02 2.334298554347691663e+02 2.160476196695168767e+02
2.980028605594453097e+02 2.334136197448289920e+02 2.160204992641077979e+02
2.980029397625831962e+02 2.333973840548888177e+02 2.159933788586987191e+02
2.980030189657210826e+02 2.333811483649486433e+02 2.159662584532896688e+02
2.980030981688589691e+02 2.333649126750084690e+02 2.159391380478805900e+02
2.980031773719968555e+02 2.333486769850682947e+02 2.159120176424715112e+02
2.980032565751347420e+02 2.333324412951281488e+02 2.158848972370624324e+02
2.980033357782726284e+02 2.333162056051879745e+02 2.158577768316533820e+02
2.980034149814105717e+02 2.332999699152478001e+02 2.158306564262443032e+02
2.980034941845484582e+02 2.332837342253076258e+02 2.158035360208352245e+02
2.980035733876863446e+02 2.332674985353674515e+02 2.157764156154261457e+02
2.980036525908242311e+02 2.332512628454273056e+02 2.157492952100170953e+02
2.980037317939621175e+02 2.332350271554871313e+02 2.157221748046080165e+02
2.980038109971000040e+02 2.332187914655469569e+02 2.156950543991989377e+02
2.980038902002379473e+02 2.332025557756067826e+02 2.156679339937898590e+02
2.980039694033758337e+02 2.331863200856666083e+02 2.156408135883808086e+02
2.980040486065137202e+02 2.331700843957264624e+02 2.156136931829717298e+02
2.980041278096516066e+02 2.331538487057862881e+02 2.155865727775626510e+02
2.980042070127894931e+02 2.331376130158461137e+02 2.155594523721535722e+02
2.980042862159273795e+02 2.331213773259059394e+02 2.155323319667445219e+02
2.980043654190652660e+02 2.331051416359657651e+02 2.155052115613354431e+02
2.980044446222032093e+02 2.330889059460255908e+02 2.154780911559263643e+02
2.980045238253410957e+02 2.330726702560854449e+02 2.154509707505172855e+02
2.980046030284789822e+02 2.330564345661452705e+02 2.154238503451082352e+02
2.980046822316168686e+02 2.330401988762050962e+02 2.153967299396991564e+02
2.980046822316168686e+02 2.330401988762050962e+02 2.153967299396991564e+02
2.980119705093662787e+02 2.330428605435497786e+02 2.153657708102663264e+02
2.980192587871156320e+02 2.330455222108944326e+02 2.153348116808334680e+02
2.980265470648650421e+02 2.330481838782391151e+02 2.153038525514006380e+02
2.980338353426144522e+02 2.330508455455837975e+02 2.152728934219678081e+02
2.980411236203638055e+02 2.330535072129284515e+02 2.152419342925349781e+02
2.980484118981132156e+02 2.330561688802731339e+02 2.152109751631021481e+02
2.980557001758625688e+02 2.330588305476177879e+02 2.151800160336692898e+02
2.980629884536119789e+02 2.330614922149624704e+02 2.151490569042364598e+02
2.980702767313613890e+02 2.330641538823071528e+02 2.151180977748036298e+02
2.980775650091107423e+02 2.330668155496518068e+02 2.150871386453707714e+02
2.980848532868601524e+02 2.330694772169964892e+02 2.150561795159379415e+02
2.980921415646095056e+02 2.330721388843411432e+02 2.150252203865051115e+02
2.980994298423589157e+02 2.330748005516858257e+02 2.149942612570722815e+02
2.981067181201083258e+02 2.330774622190305081e+02 2.149633021276394516e+02
2.981140063978576791e+02 2.330801238863751621e+02 2.149323429982065932e+02
2.981212946756070892e+02 2.330827855537198445e+02 2.149013838687737632e+02
2.981285829533564993e+02 2.330854472210645270e+02 2.148704247393409332e+02
2.981358712311058525e+02 2.330881088884091810e+02 2.148394656099080748e+02
2.981431595088552626e+02 2.330907705557538634e+02 2.148085064804752449e+02
2.981504477866046727e+02 2.330934322230985458e+02 2.147775473510424149e+02
2.981577360643540260e+02 2.330960938904431998e+02 2.147465882216095849e+02
2.981650243421034361e+02 2.330987555577878823e+02 2.147156290921767550e+02
2.981723126198527893e+02 2.331014172251325363e+02 2.146846699627438966e+02
2.981796008976021994e+02 2.331040788924772187e+02 2.146537108333110666e+02
2.981796008976021994e+02 2.331040788924772187e+02 2.146537108333110666e+02
2.981959289086486820e+02 2.330894115065406140e+02 2.146315816230362827e+02
2.982122569196951645e+02 2.330747441206040094e+02 2.146094524127614704e+02
2.982285849307415901e+02 2.330600767346674047e+02 2.145873232024866866e+02
2.982449129417880727e+02 2.330454093487308000e+02 2.145651939922118743e+02
2.982612409528345552e+02 2.330307419627941954e+02 2.145430647819370904e+02
2.982775689638810377e+02 2.330160745768575907e+02 2.145209355716623065e+02
2.982938969749275202e+02 2.330014071909209861e+02 2.144988063613874942e+02
2.983102249859739459e+02 2.329867398049843814e+02 2.144766771511127104e+02
2.983265529970204284e+02 2.329720724190477767e+02 2.144545479408379265e+02
2.983428810080669109e+02 2.329574050331111721e+02 2.144324187305631142e+02
2.983592090191133934e+02 2.329427376471745674e+02 2.144102895202883303e+02
2.983755370301598759e+02 2.329280702612379628e+02 2.143881603100135180e+02
2.983918650412063016e+02 2.329134028753013581e+02 2.143660310997387342e+02
2.984081930522527841e+02 2.328987354893647534e+02 2.143439018894639503e+02
2.984245210632992666e+02 2.328840681034281772e+02 2.143217726791891380e+02
2.984408490743457492e+02 2.328694007174915725e+02 2.142996434689143541e+02
2.984571770853921748e+02 2.328547333315549679e+02 2.142775142586395702e+02
2.984735050964386573e+02 2.328400659456183632e+02 2.142553850483647579e+02
2.984898331074851399e+02 2.328253985596817586e+02 2.142332558380899741e+02
2.985061611185316224e+02 2.328107311737451539e+02 2.142111266278151618e+02
2.985224891295781049e+02 2.327960637878085493e+02 2.141889974175403779e+02
2.985388171406245306e+02 2.327813964018719446e+02 2.141668682072655940e+02
2.985551451516710131e+02 2.327667290159353399e+02 2.141447389969907817e+02
2.985714731627174956e+02 2.327520616299987353e+02 2.141226097867159979e+02
2.985878011737639781e+02 2.327373942440621306e+02 2.141004805764412140e+02
2.986041291848104606e+02 2.327227268581255260e+02 2.140783513661664017e+02
2.986204571958568863e+02 2.327080594721889213e+02 2.140562221558916178e+02
2.986367852069033688e+02 2.326933920862523166e+02 2.140340929456168055e+02
2.986531132179498513e+02 2.326787247003157120e+02 2.140119637353420217e+02
2.986531132179498513e+02 2.326787247003157120e+02 2.140119637353420217e+02
2.986581115089670675e+02 2.326755451967077022e+02 2.139811653153133477e+02
2.986631097999842837e+02 2.326723656930996924e+02 2.139503668952846454e+02
2.986681080910014998e+02 2.326691861894917110e+02 2.139195684752559714e+02
2.986731063820187160e+02 2.326660066858837013e+02 2.138887700552272690e+02
2.986781046730359321e+02 2.326628271822756915e+02 2.138579716351985951e+02
2.986831029640531483e+02 2.326596476786676817e+02 2.138271732151698927e+02
2.986881012550703076e+02 2.326564681750597003e+02 2.137963747951412188e+02
2.986930995460875238e+02 2.326532886714516906e+02 2.137655763751125164e+02
2.986980978371047399e+02 2.326501091678436808e+02 2.137347779550838425e+02
2.987030961281219561e+02 2.326469296642356710e+02 2.137039795350551685e+02
2.987080944191391723e+02 2.326437501606276896e+02 2.136731811150264662e+02
2.987130927101563884e+02 2.326405706570196799e+02 2.136423826949977922e+02
2.987180910011736046e+02 2.326373911534116701e+02 2.136115842749690898e+02
2.987230892921908207e+02 2.326342116498036603e+02 2.135807858549404159e+02
2.987280875832080369e+02 2.326310321461956789e+02 2.135499874349117135e+02
2.987330858742252531e+02 2.326278526425876692e+02 2.135191890148830396e+02
2.987380841652424692e+02 2.326246731389796594e+02 2.134883905948543656e+02
2.987430824562596854e+02 2.326214936353716496e+02 2.134575921748256633e+02
2.987480807472768447e+02 2.326183141317636682e+02 2.134267937547969893e+02
2.987530790382940609e+02 2.326151346281556584e+02 2.133959953347682870e+02
2.987580773293112770e+02 2.326119551245476487e+02 2.133651969147396130e+02
2.987630756203284932e+02 2.326087756209396389e+02 2.133343984947109107e+02
2.987680739113457093e+02 2.326055961173316575e+02 2.133036000746822367e+02
2.987730722023629255e+02 2.326024166137236477e+02 2.132728016546535343e+02
2.987780704933801417e+02 2.325992371101156380e+02 2.132420032346248604e+02
2.987780704933801417e+02 2.325992371101156380e+02 2.132420032346248604e+02
2.987946325030729895e+02 2.325843595241463788e+02 2.132195568880353562e+02
2.988111945127658373e+02 2.325694819381771197e+02 2.131971105414458805e+02
2.988277565224586851e+02 2.325546043522078890e+02 2.131746641948563763e+02
2.988443185321515330e+02 2.325397267662386298e+02 2.131522178482668721e+02
2.988608805418443808e+02 2.325248491802693707e+02 2.131297715016773680e+02
2.988774425515372286e+02 2.325099715943001115e+02 2.131073251550878922e+02
2.988940045612300764e+02 2.324950940083308808e+02 2.130848788084983880e+02
2.989105665709229243e+02 2.324802164223616217e+02 2.130624324619088839e+02
2.989271285806157721e+02 2.324653388363923625e+02 2.130399861153193797e+02
2.989436905903086199e+02 2.324504612504231034e+02 2.130175397687299039e+02
2.989602526000014677e+02 2.324355836644538726e+02 2.129950934221403998e+02
2.989768146096943155e+02 2.324207060784846135e+02 2.129726470755508956e+02
2.989933766193871634e+02 2.324058284925153544e+02 2.129502007289613914e+02
2.990099386290800112e+02 2.323909509065460952e+02 2.129277543823719157e+02
2.990265006387728590e+02 2.323760733205768361e+02 2.129053080357824115e+02
2.990430626484657068e+02 2.323611957346076053e+02 2.128828616891929073e+02
2.990596246581585547e+02 2.323463181486383462e+02 2.128604153426034031e+02
2.990761866678514025e+02 2.323314405626690871e+02 2.128379689960139274e+02
2.990927486775442503e+02 2.323165629766998279e+02 2.128155226494244232e+02
2.991093106872370981e+02 2.323016853907305972e+02 2.127930763028349190e+02
2.991258726969299460e+02 2.322868078047613380e+02 2.127706299562454149e+02
2.991424347066227938e+02 2.322719302187920789e+02 2.127481836096559391e+02
2.991589967163156416e+02 2.322570526328228198e+02 2.127257372630664349e+02
2.991755587260084894e+02 2.322421750468535606e+02 2.127032909164769308e+02
2.991921207357013373e+02 2.322272974608843299e+02 2.126808445698874266e+02
2.992086827453941851e+02 2.322124198749150707e+02 2.126583982232979508e+02
2.992252447550870329e+02 2.321975422889458116e+02 2.126359518767084467e+02
2.992418067647798807e+02 2.321826647029765525e+02 2.126135055301189425e+02
2.992583687744727285e+02 2.321677871170073217e+02 2.125910591835294383e+02
2.992749307841655764e+02 2.321529095310380626e+02 2.125686128369399626e+02
2.992914927938584242e+02 2.321380319450688035e+02 2.125461664903504584e+02
2.993080548035512720e+02 2.321231543590995443e+02 2.125237201437609542e+02
2.993246168132441198e+02 2.321082767731303136e+02 2.125012737971714500e+02
2.993411788229369677e+02 2.320933991871610544e+02 2.124788274505819743e+02
2.993577408326298155e+02 2.320785216011917953e+02 2.124563811039924701e+02
2.993577408326298155e+02 2.320785216011917953e+02 2.124563811039924701e+02
2.993741113287893540e+02 2.320638160510508499e+02 2.124341943140162527e+02
2.993904818249489495e+02 2.320491105009098760e+02 2.124120075240400070e+02
2.994068523211084880e+02 2.320344049507689306e+02 2.123898207340637896e+02
2.994232228172680266e+02 2.320196994006279851e+02 2.123676339440875722e+02
2.994395933134276220e+02 2.320049938504870397e+02 2.123454471541113264e+02
2.994559638095871605e+02 2.319902883003460943e+02 2.123232603641351091e+02
2.994723343057466991e+02 2.319755827502051204e+02 2.123010735741588917e+02
2.994887048019062377e+02 2.319608772000641750e+02 2.122788867841826743e+02
2.995050752980658331e+02 2.319461716499232296e+02 2.122566999942064285e+02
2.995214457942253716e+02 2.319314660997822557e+02 2.122345132042302112e+02
2.995378162903849102e+02 2.319167605496413103e+02 2.122123264142539938e+02
2.995541867865445056e+02 2.319020549995003648e+02 2.121901396242777480e+02
2.995705572827040442e+02 2.318873494493594194e+02 2.121679528343015306e+02
2.995869277788635827e+02 2.318726438992184740e+02 2.121457660443253133e+02
2.996032982750231781e+02 2.318579383490775001e+02 2.121235792543490675e+02
2.996196687711827167e+02 2.318432327989365547e+02 2.121013924643728501e+02
2.996360392673422552e+02 2.318285272487956092e+02 2.120792056743966327e+02
2.996524097635018506e+02 2.318138216986546354e+02 2.120570188844204154e+02
2.996687802596613892e+02 2.317991161485136900e+02 2.120348320944441696e+02
2.996851507558209278e+02 2.317844105983727445e+02 2.120126453044679522e+02
2.997015212519804663e+02 2.317697050482317991e+02 2.119904585144917348e+02
2.997178917481400617e+02 2.317549994980908536e+02 2.119682717245154890e+02
2.997342622442996003e+02 2.317402939479498798e+02 2.119460849345392717e+02
2.997506327404591389e+02 2.317255883978089344e+02 2.119238981445630543e+02
2.997670032366187343e+02 2.317108828476679889e+02 2.119017113545868085e+02
2.997833737327782728e+02 2.316961772975270151e+02 2.118795245646105911e+02
2.997997442289378114e+02 2.316814717473860696e+02 2.118573377746343738e+02
2.998161147250974068e+02 2.316667661972451242e+02 2.118351509846581280e+02
2.998324852212569454e+02 2.316520606471041788e+02 2.118129641946819106e+02
2.998488557174164839e+02 2.316373550969632333e+02 2.117907774047056932e+02
2.998652262135760225e+02 2.316226495468222595e+02 2.117685906147294759e+02
2.998815967097356179e+02 2.316079439966813140e+02 2.117464038247532301e+02
2.998979672058951564e+02 2.315932384465403686e+02 2.117242170347770127e+02
2.999143377020546950e+02 2.315785328963993948e+02 2.117020302448007953e+02
2.999307081982142904e+02 2.315638273462584493e+02 2.116798434548245496e+02
2.999470786943738290e+02 2.315491217961175039e+02 2.116576566648483322e+02
2.999470786943738290e+02 2.315491217961175039e+02 2.116576566648483322e+02
2.999751538164126714e+02 2.315357371987455224e+02 2.116587147585523496e+02
3.000032289384515138e+02 2.315223526013735409e+02 2.116597728522563955e+02
3.000313040604902994e+02 2.315089680040015878e+02 2.116608309459604129e+02
3.000593791825291419e+02 2.314955834066296063e+02 2.116618890396644304e+02
3.000874543045679843e+02 2.314821988092576248e+02 2.116629471333684762e+02
3.001155294266068267e+02 2.314688142118856433e+02 2.116640052270724937e+02
3.001436045486456692e+02 2.314554296145136618e+02 2.116650633207765111e+02
3.001716796706845116e+02 2.314420450171416803e+02 2.116661214144805285e+02
3.001997547927232972e+02 2.314286604197697272e+02 2.116671795081845744e+02
3.002278299147621397e+02 2.314152758223977457e+02 2.116682376018885918e+02
3.002559050368009821e+02 2.314018912250257642e+02 2.116692956955926093e+02
3.002839801588398245e+02 2.313885066276537827e+02 2.116703537892966551e+02
3.003120552808786670e+02 2.313751220302818012e+02 2.116714118830006726e+02
3.003401304029175094e+02 2.313617374329098197e+02 2.116724699767046900e+02
3.003682055249562950e+02 2.313483528355378667e+02 2.116735280704087359e+02
3.003962806469951374e+02 2.313349682381658852e+02 2.116745861641127533e+02
3.004243557690339799e+02 2.313215836407939037e+02 2.116756442578167707e+02
3.004524308910728223e+02 2.313081990434219222e+02 2.116767023515208166e+02
3.004805060131116647e+02 2.312948144460499407e+02 2.116777604452248340e+02
3.005085811351505072e+02 2.312814298486779592e+02 2.116788185389288515e+02
3.005366562571892928e+02 2.312680452513060061e+02 2.116798766326328973e+02
3.005647313792281352e+02 2.312546606539340246e+02 2.116809347263369148e+02
3.005928065012669776e+02 2.312412760565620431e+02 2.116819928200409322e+02
3.006208816233058201e+02 2.312278914591900616e+02 2.116830509137449496e+02
3.006489567453446625e+02 2.312145068618180801e+02 2.116841090074489955e+02
3.006770318673835050e+02 2.312011222644460986e+02 2.116851671011530129e+02
3.007051069894222906e+02 2.311877376670741455e+02 2.116862251948570304e+02
3.007331821114611330e+02 2.311743530697021640e+02 2.116872832885610762e+02
3.007612572334999754e+02 2.311609684723301825e+02 2.116883413822650937e+02
3.007612572334999754e+02 2.311609684723301825e+02 2.116883413822650937e+02
3.007901326597002480e+02 2.311472023361367292e+02 2.116894296377897149e+02
3.008190080859004638e+02 2.311334361999432474e+02 2.116905178933143645e+02
3.008478835121007364e+02 2.311196700637497941e+02 2.116916061488390142e+02
3.008767589383010090e+02 2.311059039275563123e+02 2.116926944043636354e+02
3.009056343645012817e+02 2.310921377913628589e+02 2.116937826598882566e+02
3.009345097907015543e+02 2.310783716551694056e+02 2.116948709154129062e+02
3.009633852169017700e+02 2.310646055189759238e+02 2.116959591709375559e+02
3.009922606431020426e+02 2.310508393827824705e+02 2.116970474264621771e+02
3.010211360693023153e+02 2.310370732465890171e+02 2.116981356819867983e+02
3.010500114955025310e+02 2.310233071103955353e+02 2.116992239375114480e+02
3.010788869217028036e+02 2.310095409742020820e+02 2.117003121930360976e+02
3.011077623479030763e+02 2.309957748380086286e+02 2.117014004485607188e+02
3.011366377741033489e+02 2.309820087018151469e+02 2.117024887040853400e+02
3.011655132003036215e+02 2.309682425656216935e+02 2.117035769596099897e+02
3.011943886265038373e+02 2.309544764294282118e+02 2.117046652151346393e+02
3.012232640527041099e+02 2.309407102932347584e+02 2.117057534706592605e+02
3.012521394789043825e+02 2.309269441570413051e+02 2.117068417261838817e+02
3.012810149051045983e+02 2.309131780208478233e+02 2.117079299817085314e+02
3.013098903313048709e+02 2.308994118846543699e+02 2.117090182372331810e+02
3.013387657575051435e+02 2.308856457484608882e+02 2.117101064927578022e+02
3.013676411837054161e+02 2.308718796122674348e+02 2.117111947482824235e+02
3.013965166099056887e+02 2.308581134760739815e+02 2.117122830038070731e+02
3.014253920361059045e+02 2.308443473398804997e+02 2.117133712593317227e+02
3.014542674623061771e+02 2.308305812036870464e+02 2.117144595148563440e+02
3.014542674623061771e+02 2.308305812036870464e+02 2.117144595148563440e+02
3.014833306091554732e+02 2.308167255731254954e+02 2.117155548451868015e+02
3.015123937560048262e+02 2.308028699425639161e+02 2.117166501755172590e+02
3.015414569028541223e+02 2.307890143120023652e+02 2.117177455058477165e+02
3.015705200497034753e+02 2.307751586814408142e+02 2.117188408361781740e+02
3.015995831965527714e+02 2.307613030508792349e+02 2.117199361665086315e+02
3.016286463434021243e+02 2.307474474203176840e+02 2.117210314968390890e+02
3.016577094902514204e+02 2.307335917897561330e+02 2.117221268271695465e+02
3.016867726371007734e+02 2.307197361591945537e+02 2.117232221575000040e+02
3.017158357839500695e+02 2.307058805286330028e+02 2.117243174878304615e+02
3.017448989307994225e+02 2.306920248980714518e+02 2.117254128181609190e+02
3.017739620776487186e+02 2.306781692675098725e+02 2.117265081484914049e+02
3.018030252244980147e+02 2.306643136369483216e+02 2.117276034788218624e+02
3.018320883713473677e+02 2.306504580063867706e+02 2.117286988091523199e+02
3.018611515181966638e+02 2.306366023758252197e+02 2.117297941394827774e+02
3.018902146650460168e+02 2.306227467452636404e+02 2.117308894698132349e+02
3.019192778118953129e+02 2.306088911147020895e+02 2.117319848001436924e+02
3.019483409587446658e+02 2.305950354841405385e+02 2.117330801304741499e+02
3.019774041055939620e+02 2.305811798535789592e+02 2.117341754608046074e+02
3.020064672524433149e+02 2.305673242230174083e+02 2.117352707911350649e+02
3.020355303992926110e+02 2.305534685924558573e+02 2.117363661214655224e+02
3.020645935461419640e+02 2.305396129618942780e+02 2.117374614517959799e+02
3.020936566929912601e+02 2.305257573313327271e+02 2.117385567821264374e+02
3.020936566929912601e+02 2.305257573313327271e+02 2.117385567821264374e+02
3.021220286784314908e+02 2.305122312066292807e+02 2.117396260640025218e+02
3.021504006638717783e+02 2.304987050819258627e+02 2.117406953458786063e+02
3.021787726493120090e+02 2.304851789572224163e+02 2.117417646277546908e+02
3.022071446347522965e+02 2.304716528325189984e+02 2.117428339096307752e+02
3.022355166201925272e+02 2.304581267078155520e+02 2.117439031915068597e+02
3.022638886056328147e+02 2.304446005831121056e+02 2.117449724733829726e+02
3.022922605910730454e+02 2.304310744584086876e+02 2.117460417552590570e+02
3.023206325765132760e+02 2.304175483337052412e+02 2.117471110371351415e+02
3.023490045619535636e+02 2.304040222090018233e+02 2.117481803190112259e+02
3.023773765473937942e+02 2.303904960842983769e+02 2.117492496008873104e+02
3.024057485328340817e+02 2.303769699595949589e+02 2.117503188827633949e+02
3.024341205182743124e+02 2.303634438348915126e+02 2.117513881646394793e+02
3.024624925037145431e+02 2.303499177101880662e+02 2.117524574465155638e+02
3.024908644891548306e+02 2.303363915854846482e+02 2.117535267283916482e+02
3.025192364745950613e+02 2.303228654607812018e+02 2.117545960102677327e+02
3.025476084600353488e+02 2.303093393360777839e+02 2.117556652921438172e+02
3.025759804454755795e+02 2.302958132113743375e+02 2.117567345740199016e+02
3.026043524309158101e+02 2.302822870866709195e+02 2.117578038558959861e+02
3.026327244163560977e+02 2.302687609619674731e+02 2.117588731377720990e+02
3.026610964017963283e+02 2.302552348372640267e+02 2.117599424196481834e+02
3.026894683872366159e+02 2.302417087125606088e+02 2.117610117015242679e+02
3.027178403726768465e+02 2.302281825878571624e+02 2.117620809834003524e+02
3.027462123581171340e+02 2.302146564631537444e+02 2.117631502652764368e+02
3.027745843435573647e+02 2.302011303384502980e+02 2.117642195471525213e+02
