3.099718462134686661e+02 1.514578774715290308e+02 2.239757328487634425e+02
3.099845884819819162e+02 1.514418368591967408e+02 2.239500302589187868e+02
3.099973307504951663e+02 1.514257962468644223e+02 2.239243276690741027e+02
3.100100730190084164e+02 1.514097556345321323e+02 2.238986250792294470e+02
3.100228152875216665e+02 1.513937150221998422e+02 2.238729224893847913e+02
3.100355575560349735e+02 1.513776744098675522e+02 2.238472198995401357e+02
3.100482998245482236e+02 1.513616337975352621e+02 2.238215173096954516e+02
3.100610420930614737e+02 1.513455931852029437e+02 2.237958147198507959e+02
3.100737843615747238e+02 1.513295525728706536e+02 2.237701121300061402e+02
3.100865266300879739e+02 1.513135119605383636e+02 2.237444095401614561e+02
3.100992688986012240e+02 1.512974713482060451e+02 2.237187069503168004e+02
3.101120111671144741e+02 1.512814307358737551e+02 2.236930043604721448e+02
3.101247534356277811e+02 1.512653901235414651e+02 2.236673017706274891e+02
3.101374957041410312e+02 1.512493495112091750e+02 2.236415991807828050e+02
3.101502379726542813e+02 1.512333088988768850e+02 2.236158965909381493e+02
3.101629802411675314e+02 1.512172682865445665e+02 2.235901940010934936e+02
3.101757225096807815e+02 1.512012276742122765e+02 2.235644914112488095e+02
3.101884647781940316e+02 1.511851870618799865e+02 2.235387888214041539e+02
3.102012070467072817e+02 1.511691464495476680e+02 2.235130862315594982e+02
3.102139493152205318e+02 1.511531058372153780e+02 2.234873836417148141e+02
3.102266915837337820e+02 1.511370652248830879e+02 2.234616810518701584e+02
3.102394338522470889e+02 1.511210246125507979e+02 2.234359784620255027e+02
3.102521761207603390e+02 1.511049840002185078e+02 2.234102758721808470e+02
3.102649183892735891e+02 1.510889433878861894e+02 2.233845732823361629e+02
3.102776606577868392e+02 1.510729027755538993e+02 2.233588706924915073e+02
3.102776606577868392e+02 1.510729027755538993e+02 2.233588706924915073e+02
3.102759297641671878e+02 1.510574653838879158e+02 2.233333722656678901e+02
3.102741988705475364e+02 1.510420279922219038e+02 2.233078738388442730e+02
3.102724679769279419e+02 1.510265906005559202e+02 2.232823754120206559e+02
3.102707370833082905e+02 1.510111532088899082e+02 2.232568769851970387e+02
3.102690061896886391e+02 1.509957158172239247e+02 2.232313785583734216e+02
3.102672752960689877e+02 1.509802784255579127e+02 2.232058801315498044e+02
3.102655444024493931e+02 1.509648410338919291e+02 2.231803817047261873e+02
3.102638135088297417e+02 1.509494036422259171e+02 2.231548832779025702e+02
3.102620826152100904e+02 1.509339662505599335e+02 2.231293848510789530e+02
3.102603517215904390e+02 1.509185288588939500e+02 2.231038864242553359e+02
3.102586208279708444e+02 1.509030914672279380e+02 2.230783879974317188e+02
3.102568899343511930e+02 1.508876540755619544e+02 2.230528895706081016e+02
3.102551590407315416e+02 1.508722166838959424e+02 2.230273911437845129e+02
3.102534281471118902e+02 1.508567792922299589e+02 2.230018927169608958e+02
3.102516972534922957e+02 1.508413419005639469e+02 2.229763942901372786e+02
3.102499663598726443e+02 1.508259045088979633e+02 2.229508958633136615e+02
3.102482354662529929e+02 1.508104671172319797e+02 2.229253974364900444e+02
3.102465045726333415e+02 1.507950297255659677e+02 2.228998990096664272e+02
3.102447736790137469e+02 1.507795923338999842e+02 2.228744005828428101e+02
3.102430427853940955e+02 1.507641549422339722e+02 2.228489021560191929e+02
3.102413118917744441e+02 1.507487175505679886e+02 2.228234037291955758e+02
3.102395809981547927e+02 1.507332801589019766e+02 2.227979053023719587e+02
3.102378501045351982e+02 1.507178427672359931e+02 2.227724068755483415e+02
3.102361192109155468e+02 1.507024053755699811e+02 2.227469084487247244e+02
3.102343883172958954e+02 1.506869679839039975e+02 2.227214100219011073e+02
3.102343883172958954e+02 1.506869679839039975e+02 2.227214100219011073e+02
3.102325282475164272e+02 1.506703785035417127e+02 2.226940086538324977e+02
3.102306681777369022e+02 1.506537890231794563e+02 2.226666072857638881e+02
3.102288081079574340e+02 1.506371995428171715e+02 2.226392059176952785e+02
3.102269480381779090e+02 1.506206100624548867e+02 2.226118045496266689e+02
3.102250879683984408e+02 1.506040205820926303e+02 2.225844031815580593e+02
3.102232278986189158e+02 1.505874311017303455e+02 2.225570018134894212e+02
3.102213678288394476e+02 1.505708416213680607e+02 2.225296004454208116e+02
3.102195077590599226e+02 1.505542521410058043e+02 2.225021990773522020e+02
3.102176476892804544e+02 1.505376626606435195e+02 2.224747977092835924e+02
3.102157876195009294e+02 1.505210731802812347e+02 2.224473963412149828e+02
3.102139275497214612e+02 1.505044836999189783e+02 2.224199949731463732e+02
3.102120674799419362e+02 1.504878942195566935e+02 2.223925936050777636e+02
3.102102074101624680e+02 1.504713047391944372e+02 2.223651922370091540e+02
3.102083473403829430e+02 1.504547152588321524e+02 2.223377908689405444e+02
3.102064872706034748e+02 1.504381257784698676e+02 2.223103895008719348e+02
3.102046272008239498e+02 1.504215362981076112e+02 2.222829881328033252e+02
3.102027671310444816e+02 1.504049468177453264e+02 2.222555867647347156e+02
3.102009070612649566e+02 1.503883573373830416e+02 2.222281853966660776e+02
3.101990469914854884e+02 1.503717678570207852e+02 2.222007840285974680e+02
3.101971869217059634e+02 1.503551783766585004e+02 2.221733826605288584e+02
3.101953268519264952e+02 1.503385888962962156e+02 2.221459812924602488e+02
3.101934667821469702e+02 1.503219994159339592e+02 2.221185799243916392e+02
3.101916067123675020e+02 1.503054099355716744e+02 2.220911785563230296e+02
3.101916067123675020e+02 1.503054099355716744e+02 2.220911785563230296e+02
3.101896839030756610e+02 1.502882608977566008e+02 2.220628529495570831e+02
3.101877610937838199e+02 1.502711118599415272e+02 2.220345273427911081e+02
3.101858382844919788e+02 1.502539628221264536e+02 2.220062017360251616e+02
3.101839154752001946e+02 1.502368137843113800e+02 2.219778761292592151e+02
3.101819926659083535e+02 1.502196647464963064e+02 2.219495505224932685e+02
3.101800698566165124e+02 1.502025157086812328e+02 2.219212249157272936e+02
3.101781470473246713e+02 1.501853666708661592e+02 2.218928993089613471e+02
3.101762242380328303e+02 1.501682176330510856e+02 2.218645737021954005e+02
3.101743014287409892e+02 1.501510685952360120e+02 2.218362480954294540e+02
3.101723786194491481e+02 1.501339195574209384e+02 2.218079224886634790e+02
3.101704558101573070e+02 1.501167705196058648e+02 2.217795968818975325e+02
3.101685330008655228e+02 1.500996214817908196e+02 2.217512712751315860e+02
3.101666101915736817e+02 1.500824724439757460e+02 2.217229456683656394e+02
3.101646873822818407e+02 1.500653234061606724e+02 2.216946200615996645e+02
3.101627645729899996e+02 1.500481743683455989e+02 2.216662944548337180e+02
3.101608417636981585e+02 1.500310253305305253e+02 2.216379688480677714e+02
3.101589189544063174e+02 1.500138762927154517e+02 2.216096432413018249e+02
3.101569961451144763e+02 1.499967272549003781e+02 2.215813176345358499e+02
3.101550733358226353e+02 1.499795782170853045e+02 2.215529920277699034e+02
3.101531505265308510e+02 1.499624291792702309e+02 2.215246664210039569e+02
3.101512277172390100e+02 1.499452801414551573e+02 2.214963408142380104e+02
3.101493049079471689e+02 1.499281311036400837e+02 2.214680152074720354e+02
3.101473820986553278e+02 1.499109820658250101e+02 2.214396896007060889e+02
3.101473820986553278e+02 1.499109820658250101e+02 2.214396896007060889e+02
3.101457196062912658e+02 1.498961547272325276e+02 2.214151988177895305e+02
3.101440571139272038e+02 1.498813273886400168e+02 2.213907080348730005e+02
3.101423946215630849e+02 1.498665000500475344e+02 2.213662172519564422e+02
3.101407321291990229e+02 1.498516727114550520e+02 2.213417264690399122e+02
3.101390696368349609e+02 1.498368453728625695e+02 2.213172356861233538e+02
3.101374071444708989e+02 1.498220180342700587e+02 2.212927449032068239e+02
3.101357446521068368e+02 1.498071906956775763e+02 2.212682541202902655e+02
3.101340821597427180e+02 1.497923633570850939e+02 2.212437633373737356e+02
3.101324196673786560e+02 1.497775360184925830e+02 2.212192725544571772e+02
3.101307571750145939e+02 1.497627086799001006e+02 2.211947817715406472e+02
3.101290946826505319e+02 1.497478813413076182e+02 2.211702909886240889e+02
3.101274321902864131e+02 1.497330540027151073e+02 2.211458002057075305e+02
3.101257696979223510e+02 1.497182266641226249e+02 2.211213094227910005e+02
3.101241072055582890e+02 1.497033993255301425e+02 2.210968186398744422e+02
3.101224447131942270e+02 1.496885719869376601e+02 2.210723278569579122e+02
3.101207822208301650e+02 1.496737446483451492e+02 2.210478370740413538e+02
3.101191197284660461e+02 1.496589173097526668e+02 2.210233462911248239e+02
3.101174572361019841e+02 1.496440899711601844e+02 2.209988555082082655e+02
3.101157947437379221e+02 1.496292626325676736e+02 2.209743647252917356e+02
3.101141322513738601e+02 1.496144352939751911e+02 2.209498739423751772e+02
3.101124697590097981e+02 1.495996079553827087e+02 2.209253831594586472e+02
3.101108072666456792e+02 1.495847806167902263e+02 2.209008923765420889e+02
3.101091447742816172e+02 1.495699532781977155e+02 2.208764015936255589e+02
3.101074822819175552e+02 1.495551259396052330e+02 2.208519108107090005e+02
3.101074822819175552e+02 1.495551259396052330e+02 2.208519108107090005e+02
3.101090572402160888e+02 1.495258041114080640e+02 2.208308948991809473e+02
3.101106321985145655e+02 1.494964822832109235e+02 2.208098789876529224e+02
3.101122071568130991e+02 1.494671604550137545e+02 2.207888630761248692e+02
3.101137821151115759e+02 1.494378386268165855e+02 2.207678471645968443e+02
3.101153570734101095e+02 1.494085167986194165e+02 2.207468312530687911e+02
3.101169320317085862e+02 1.493791949704222759e+02 2.207258153415407378e+02
3.101185069900071198e+02 1.493498731422251069e+02 2.207047994300127129e+02
3.101200819483056534e+02 1.493205513140279379e+02 2.206837835184846597e+02
3.101216569066041302e+02 1.492912294858307973e+02 2.206627676069566064e+02
3.101232318649026638e+02 1.492619076576336283e+02 2.206417516954285816e+02
3.101248068232011406e+02 1.492325858294364593e+02 2.206207357839005283e+02
3.101263817814996742e+02 1.492032640012392903e+02 2.205997198723725035e+02
3.101279567397981509e+02 1.491739421730421498e+02 2.205787039608444502e+02
3.101295316980966845e+02 1.491446203448449808e+02 2.205576880493163969e+02
3.101311066563952181e+02 1.491152985166478118e+02 2.205366721377883721e+02
3.101326816146936949e+02 1.490859766884506712e+02 2.205156562262603188e+02
3.101342565729922285e+02 1.490566548602535022e+02 2.204946403147322656e+02
3.101358315312907052e+02 1.490273330320563332e+02 2.204736244032042407e+02
3.101374064895892388e+02 1.489980112038591642e+02 2.204526084916761874e+02
3.101389814478877156e+02 1.489686893756620236e+02 2.204315925801481626e+02
3.101405564061862492e+02 1.489393675474648546e+02 2.204105766686201093e+02
3.101405564061862492e+02 1.489393675474648546e+02 2.204105766686201093e+02
3.101387132481927438e+02 1.489229288989393183e+02 2.203834244342545787e+02
3.101368700901991815e+02 1.489064902504137535e+02 2.203562721998890197e+02
3.101350269322056761e+02 1.488900516018882172e+02 2.203291199655234891e+02
3.101331837742121706e+02 1.488736129533626809e+02 2.203019677311579301e+02
3.101313406162186084e+02 1.488571743048371161e+02 2.202748154967923995e+02
3.101294974582251029e+02 1.488407356563115798e+02 2.202476632624268404e+02
3.101276543002315975e+02 1.488242970077860150e+02 2.202205110280613098e+02
3.101258111422380352e+02 1.488078583592604787e+02 2.201933587936957792e+02
3.101239679842445298e+02 1.487914197107349423e+02 2.201662065593302202e+02
3.101221248262510244e+02 1.487749810622093776e+02 2.201390543249646896e+02
3.101202816682574621e+02 1.487585424136838412e+02 2.201119020905991306e+02
3.101184385102639567e+02 1.487421037651582765e+02 2.200847498562336000e+02
3.101165953522704513e+02 1.487256651166327401e+02 2.200575976218680694e+02
3.101147521942768890e+02 1.487092264681072038e+02 2.200304453875025104e+02
3.101129090362833836e+02 1.486927878195816390e+02 2.200032931531369798e+02
3.101110658782898781e+02 1.486763491710561027e+02 2.199761409187714207e+02
3.101092227202963159e+02 1.486599105225305664e+02 2.199489886844058901e+02
3.101073795623028104e+02 1.486434718740050016e+02 2.199218364500403595e+02
3.101055364043093050e+02 1.486270332254794653e+02 2.198946842156748005e+02
3.101036932463157427e+02 1.486105945769539289e+02 2.198675319813092699e+02
3.101018500883222373e+02 1.485941559284283642e+02 2.198403797469437109e+02
3.101000069303287319e+02 1.485777172799028278e+02 2.198132275125781803e+02
3.100981637723351696e+02 1.485612786313772631e+02 2.197860752782126212e+02
3.100963206143416642e+02 1.485448399828517267e+02 2.197589230438470906e+02
3.100963206143416642e+02 1.485448399828517267e+02 2.197589230438470906e+02
3.100985524122782522e+02 1.485236114985633264e+02 2.197302634334862432e+02
3.101007842102148402e+02 1.485023830142749546e+02 2.197016038231253674e+02
3.101030160081513714e+02 1.484811545299865543e+02 2.196729442127645200e+02
3.101052478060879594e+02 1.484599260456981824e+02 2.196442846024036442e+02
3.101074796040245474e+02 1.484386975614097821e+02 2.196156249920427967e+02
3.101097114019611354e+02 1.484174690771213818e+02 2.195869653816819209e+02
3.101119431998977234e+02 1.483962405928330099e+02 2.195583057713210735e+02
3.101141749978342546e+02 1.483750121085446096e+02 2.195296461609601977e+02
3.101164067957708426e+02 1.483537836242562094e+02 2.195009865505993503e+02
3.101186385937074306e+02 1.483325551399678375e+02 2.194723269402384744e+02
3.101208703916440186e+02 1.483113266556794372e+02 2.194436673298776270e+02
3.101231021895805497e+02 1.482900981713910369e+02 2.194150077195167796e+02
3.101253339875171378e+02 1.482688696871026650e+02 2.193863481091559038e+02
3.101275657854537258e+02 1.482476412028142647e+02 2.193576884987950564e+02
3.101297975833903138e+02 1.482264127185258928e+02 2.193290288884341805e+02
3.101320293813269018e+02 1.482051842342374925e+02 2.193003692780733331e+02
3.101342611792634330e+02 1.481839557499490923e+02 2.192717096677124573e+02
3.101364929772000210e+02 1.481627272656607204e+02 2.192430500573516099e+02
3.101387247751366090e+02 1.481414987813723201e+02 2.192143904469907341e+02
3.101409565730731970e+02 1.481202702970839482e+02 2.191857308366298867e+02
3.101431883710097850e+02 1.480990418127955479e+02 2.191570712262690108e+02
3.101454201689463162e+02 1.480778133285071476e+02 2.191284116159081634e+02
3.101476519668829042e+02 1.480565848442187757e+02 2.190997520055472876e+02
3.101498837648194922e+02 1.480353563599303754e+02 2.190710923951864402e+02
3.101498837648194922e+02 1.480353563599303754e+02 2.190710923951864402e+02
3.101518745449736798e+02 1.480164203960011093e+02 2.190455278122116169e+02
3.101538653251278106e+02 1.479974844320718432e+02 2.190199632292367937e+02
3.101558561052819982e+02 1.479785484681425487e+02 2.189943986462619705e+02
3.101578468854361859e+02 1.479596125042132826e+02 2.189688340632871473e+02
3.101598376655903166e+02 1.479406765402840165e+02 2.189432694803123240e+02
3.101618284457445043e+02 1.479217405763547504e+02 2.189177048973375008e+02
3.101638192258986919e+02 1.479028046124254558e+02 2.188921403143626776e+02
3.101658100060528227e+02 1.478838686484961897e+02 2.188665757313878544e+02
3.101678007862070103e+02 1.478649326845669236e+02 2.188410111484130312e+02
3.101697915663611980e+02 1.478459967206376575e+02 2.188154465654382079e+02
3.101717823465153288e+02 1.478270607567083914e+02 2.187898819824633847e+02
3.101737731266695164e+02 1.478081247927790969e+02 2.187643173994885615e+02
3.101757639068237040e+02 1.477891888288498308e+02 2.187387528165137383e+02
3.101777546869778348e+02 1.477702528649205647e+02 2.187131882335389435e+02
3.101797454671320224e+02 1.477513169009912986e+02 2.186876236505641202e+02
3.101817362472862101e+02 1.477323809370620040e+02 2.186620590675892970e+02
3.101837270274403409e+02 1.477134449731327379e+02 2.186364944846144738e+02
3.101857178075945285e+02 1.476945090092034718e+02 2.186109299016396506e+02
3.101877085877487161e+02 1.476755730452742057e+02 2.185853653186648273e+02
3.101896993679028469e+02 1.476566370813449396e+02 2.185598007356900041e+02
3.101916901480570345e+02 1.476377011174156451e+02 2.185342361527151809e+02
3.101936809282112222e+02 1.476187651534863789e+02 2.185086715697403577e+02
3.101956717083653530e+02 1.475998291895571128e+02 2.184831069867655344e+02
3.101976624885195406e+02 1.475808932256278467e+02 2.184575424037907112e+02
3.101996532686737282e+02 1.475619572616985522e+02 2.184319778208158880e+02
3.102016440488278590e+02 1.475430212977692861e+02 2.184064132378410648e+02
3.102036348289820467e+02 1.475240853338400200e+02 2.183808486548662415e+02
3.102036348289820467e+02 1.475240853338400200e+02 2.183808486548662415e+02
3.102159630379966302e+02 1.475186448416258145e+02 2.183533465097701196e+02
3.102282912470112137e+02 1.475132043494116090e+02 2.183258443646740261e+02
3.102406194560257973e+02 1.475077638571974035e+02 2.182983422195779042e+02
3.102529476650403808e+02 1.475023233649831980e+02 2.182708400744818107e+02
3.102652758740549643e+02 1.474968828727689925e+02 2.182433379293856888e+02
3.102776040830695479e+02 1.474914423805547870e+02 2.182158357842895953e+02
3.102899322920841314e+02 1.474860018883406099e+02 2.181883336391934733e+02
3.103022605010987149e+02 1.474805613961264044e+02 2.181608314940973798e+02
3.103145887101132985e+02 1.474751209039121989e+02 2.181333293490012579e+02
3.103269169191278820e+02 1.474696804116979933e+02 2.181058272039051644e+02
3.103392451281424655e+02 1.474642399194837878e+02 2.180783250588090425e+02
3.103515733371570491e+02 1.474587994272695823e+02 2.180508229137129490e+02
3.103639015461716326e+02 1.474533589350553768e+02 2.180233207686168271e+02
3.103762297551861593e+02 1.474479184428411713e+02 2.179958186235207336e+02
3.103885579642007428e+02 1.474424779506269658e+02 2.179683164784246117e+02
3.104008861732153264e+02 1.474370374584127603e+02 2.179408143333285182e+02
3.104132143822299099e+02 1.474315969661985548e+02 2.179133121882323962e+02
3.104255425912444935e+02 1.474261564739843493e+02 2.178858100431363027e+02
3.104378708002590770e+02 1.474207159817701438e+02 2.178583078980401808e+02
3.104501990092736605e+02 1.474152754895559383e+02 2.178308057529440873e+02
3.104625272182882441e+02 1.474098349973417612e+02 2.178033036078479654e+02
3.104748554273028276e+02 1.474043945051275557e+02 2.177758014627518719e+02
3.104871836363174111e+02 1.473989540129133502e+02 2.177482993176557500e+02
3.104995118453319947e+02 1.473935135206991447e+02 2.177207971725596565e+02
3.105118400543465782e+02 1.473880730284849392e+02 2.176932950274635346e+02
3.105241682633611617e+02 1.473826325362707337e+02 2.176657928823674411e+02
3.105364964723757453e+02 1.473771920440565282e+02 2.176382907372713191e+02
3.105364964723757453e+02 1.473771920440565282e+02 2.176382907372713191e+02
3.105543235311305352e+02 1.473626846577466551e+02 2.176137410935301091e+02
3.105721505898853252e+02 1.473481772714367821e+02 2.175891914497888990e+02
3.105899776486400583e+02 1.473336698851269375e+02 2.175646418060477174e+02
3.106078047073948483e+02 1.473191624988170645e+02 2.175400921623065074e+02
3.106256317661496382e+02 1.473046551125071915e+02 2.175155425185652973e+02
3.106434588249044282e+02 1.472901477261973184e+02 2.174909928748240873e+02
3.106612858836592181e+02 1.472756403398874738e+02 2.174664432310828772e+02
3.106791129424139513e+02 1.472611329535776008e+02 2.174418935873416956e+02
3.106969400011687412e+02 1.472466255672677278e+02 2.174173439436004855e+02
3.107147670599235312e+02 1.472321181809578547e+02 2.173927942998592755e+02
3.107325941186783211e+02 1.472176107946480101e+02 2.173682446561180654e+02
3.107504211774331111e+02 1.472031034083381371e+02 2.173436950123768554e+02
3.107682482361879011e+02 1.471885960220282641e+02 2.173191453686356454e+02
3.107860752949426342e+02 1.471740886357183911e+02 2.172945957248944637e+02
3.108039023536974241e+02 1.471595812494085180e+02 2.172700460811532537e+02
3.108217294124522141e+02 1.471450738630986734e+02 2.172454964374120436e+02
3.108395564712070041e+02 1.471305664767888004e+02 2.172209467936708336e+02
3.108573835299617940e+02 1.471160590904789274e+02 2.171963971499296235e+02
3.108752105887165271e+02 1.471015517041690543e+02 2.171718475061884419e+02
3.108930376474713171e+02 1.470870443178592097e+02 2.171472978624472319e+02
3.109108647062261070e+02 1.470725369315493367e+02 2.171227482187060218e+02
3.109286917649808970e+02 1.470580295452394637e+02 2.170981985749648118e+02
3.109465188237356870e+02 1.470435221589295907e+02 2.170736489312236017e+02
3.109643458824904201e+02 1.470290147726197461e+02 2.170490992874824201e+02
3.109821729412452100e+02 1.470145073863098730e+02 2.170245496437412100e+02
3.110000000000000000e+02 1.470000000000000000e+02 2.170000000000000000e+02
3.110000000000000000e+02 1.470000000000000000e+02 2.170000000000000000e+02
3.110000000000000000e+02 1.470000000000000000e+02 2.170000000000000000e+02
3.110000000000000000e+02 1.470000000000000000e+02 2.170000000000000000e+02
3.110000000000000000e+02 1.470000000000000000e+02 2.170000000000000000e+02
3.110000000000000000e+02 1.470000000000000000e+02 2.170000000000000000e+02
3.110000000000000000e+02 1.470000000000000000e+02 2.170000000000000000e+02
3.110000000000000000e+02 1.470000000000000000e+02 2.170000000000000000e+02
3.110000000000000000e+02 1.470000000000000000e+02 2.170000000000000000e+02
3.110000000000000000e+02 1.470000000000000000e+02 2.170000000000000000e+02
3.110000000000000000e+02 1.470000000000000000e+02 2.170000000000000000e+02
3.110000000000000000e+02 1.470000000000000000e+02 2.170000000000000000e+02
3.110000000000000000e+02 1.470000000000000000e+02 2.170000000000000000e+02
3.110000000000000000e+02 1.470000000000000000e+02 2.170000000000000000e+02
3.110000000000000000e+02 1.470000000000000000e+02 2.170000000000000000e+02
3.110000000000000000e+02 1.470000000000000000e+02 2.170000000000000000e+02
3.110000000000000000e+02 1.470000000000000000e+02 2.170000000000000000e+02
3.110000000000000000e+02 1.470000000000000000e+02 2.170000000000000000e+02
3.110000000000000000e+02 1.470000000000000000e+02 2.170000000000000000e+02
3.110000000000000000e+02 1.470000000000000000e+02 2.170000000000000000e+02
3.110000000000000000e+02 1.470000000000000000e+02 2.170000000000000000e+02
3.110000000000000000e+02 1.470000000000000000e+02 2.170000000000000000e+02
3.110000000000000000e+02 1.470000000000000000e+02 2.170000000000000000e+02
3.110000000000000000e+02 1.470000000000000000e+02 2.170000000000000000e+02
3.110000000000000000e+02 1.470000000000000000e+02 2.170000000000000000e+02
3.110000000000000000e+02 1.470000000000000000e+02 2.170000000000000000e+02
3.110000000000000000e+02 1.470000000000000000e+02 2.170000000000000000e+02
3.110000000000000000e+02 1.470000000000000000e+02 2.170000000000000000e+02
3.110000000000000000e+02 1.470000000000000000e+02 2.170000000000000000e+02
3.110000000000000000e+02 1.470000000000000000e+02 2.170000000000000000e+02
3.110000000000000000e+02 1.470000000000000000e+02 2.170000000000000000e+02
3.110163592492484099e+02 1.469853045529135898e+02 2.169778284528638608e+02
3.110327184984968767e+02 1.469706091058271795e+02 2.169556569057277216e+02
3.110490777477452866e+02 1.469559136587407693e+02 2.169334853585915823e+02
3.110654369969936965e+02 1.469412182116543590e+02 2.169113138114554431e+02
3.110817962462421065e+02 1.469265227645679488e+02 2.168891422643193323e+02
3.110981554954905732e+02 1.469118273174815386e+02 2.168669707171831931e+02
3.111145147447389832e+02 1.468971318703951283e+02 2.168447991700470538e+02
3.111308739939873931e+02 1.468824364233087181e+02 2.168226276229109146e+02
3.111472332432358598e+02 1.468677409762223078e+02 2.168004560757747754e+02
3.111635924924842698e+02 1.468530455291358976e+02 2.167782845286386362e+02
3.111799517417326797e+02 1.468383500820494874e+02 2.167561129815024970e+02
3.111963109909810896e+02 1.468236546349630771e+02 2.167339414343663577e+02
3.112126702402295564e+02 1.468089591878766669e+02 2.167117698872302185e+02
3.112290294894779663e+02 1.467942637407902566e+02 2.166895983400941077e+02
3.112453887387263762e+02 1.467795682937038180e+02 2.166674267929579685e+02
3.112617479879748430e+02 1.467648728466174077e+02 2.166452552458218292e+02
3.112781072372232529e+02 1.467501773995309975e+02 2.166230836986856900e+02
3.112944664864716628e+02 1.467354819524445873e+02 2.166009121515495508e+02
3.113108257357200728e+02 1.467207865053581770e+02 2.165787406044134116e+02
3.113271849849685395e+02 1.467060910582717668e+02 2.165565690572772723e+02
3.113435442342169495e+02 1.466913956111853565e+02 2.165343975101411331e+02
3.113599034834653594e+02 1.466767001640989463e+02 2.165122259630049939e+02
3.113762627327138262e+02 1.466620047170125360e+02 2.164900544158688547e+02
3.113926219819622361e+02 1.466473092699261258e+02 2.164678828687327439e+02
3.114089812312106460e+02 1.466326138228397156e+02 2.164457113215966046e+02
3.114253404804590559e+02 1.466179183757533053e+02 2.164235397744604654e+02
3.114416997297075227e+02 1.466032229286668951e+02 2.164013682273243262e+02
3.114580589789559326e+02 1.465885274815804848e+02 2.163791966801881870e+02
3.114580589789559326e+02 1.465885274815804848e+02 2.163791966801881870e+02
3.114662092142735901e+02 1.465758519930506054e+02 2.163515546481071112e+02
3.114743594495912475e+02 1.465631765045206976e+02 2.163239126160260355e+02
3.114825096849089050e+02 1.465505010159908181e+02 2.162962705839449313e+02
3.114906599202265056e+02 1.465378255274609103e+02 2.162686285518638556e+02
3.114988101555441631e+02 1.465251500389310308e+02 2.162409865197827799e+02
3.115069603908618205e+02 1.465124745504011230e+02 2.162133444877017041e+02
3.115151106261794780e+02 1.464997990618712436e+02 2.161857024556206284e+02
3.115232608614971355e+02 1.464871235733413357e+02 2.161580604235395242e+02
3.115314110968147929e+02 1.464744480848114563e+02 2.161304183914584485e+02
3.115395613321324504e+02 1.464617725962815484e+02 2.161027763593773727e+02
3.115477115674501079e+02 1.464490971077516690e+02 2.160751343272962970e+02
3.115558618027677085e+02 1.464364216192217896e+02 2.160474922952152212e+02
3.115640120380853659e+02 1.464237461306918817e+02 2.160198502631341171e+02
3.115721622734030234e+02 1.464110706421620023e+02 2.159922082310530413e+02
3.115803125087206809e+02 1.463983951536320944e+02 2.159645661989719656e+02
3.115884627440383383e+02 1.463857196651022150e+02 2.159369241668908899e+02
3.115966129793559958e+02 1.463730441765723072e+02 2.159092821348098141e+02
3.116047632146736532e+02 1.463603686880424277e+02 2.158816401027287384e+02
3.116129134499913107e+02 1.463476931995125199e+02 2.158539980706476342e+02
3.116210636853089113e+02 1.463350177109826404e+02 2.158263560385665585e+02
3.116292139206265688e+02 1.463223422224527610e+02 2.157987140064854827e+02
3.116373641559442262e+02 1.463096667339228532e+02 2.157710719744044070e+02
3.116455143912618837e+02 1.462969912453929737e+02 2.157434299423233313e+02
3.116536646265795412e+02 1.462843157568630659e+02 2.157157879102422271e+02
3.116618148618971986e+02 1.462716402683331864e+02 2.156881458781611514e+02
3.116699650972148561e+02 1.462589647798032786e+02 2.156605038460800756e+02
3.116781153325325135e+02 1.462462892912733992e+02 2.156328618139989999e+02
3.116862655678501142e+02 1.462336138027434913e+02 2.156052197819179241e+02
3.116944158031677716e+02 1.462209383142136119e+02 2.155775777498368200e+02
3.117025660384854291e+02 1.462082628256837040e+02 2.155499357177557442e+02
3.117107162738030866e+02 1.461955873371538246e+02 2.155222936856746685e+02
3.117107162738030866e+02 1.461955873371538246e+02 2.155222936856746685e+02
3.117013258036621437e+02 1.461677878159726731e+02 2.155125892553193125e+02
3.116919353335212008e+02 1.461399882947915216e+02 2.155028848249639850e+02
3.116825448633802580e+02 1.461121887736103702e+02 2.154931803946086291e+02
3.116731543932393720e+02 1.460843892524292187e+02 2.154834759642533015e+02
3.116637639230984291e+02 1.460565897312480672e+02 2.154737715338979456e+02
3.116543734529574863e+02 1.460287902100669157e+02 2.154640671035425896e+02
3.116449829828165434e+02 1.460009906888857643e+02 2.154543626731872621e+02
3.116355925126756006e+02 1.459731911677046128e+02 2.154446582428319061e+02
3.116262020425346577e+02 1.459453916465234613e+02 2.154349538124765786e+02
3.116168115723937149e+02 1.459175921253423098e+02 2.154252493821212227e+02
3.116074211022528289e+02 1.458897926041611584e+02 2.154155449517658667e+02
3.115980306321118860e+02 1.458619930829800069e+02 2.154058405214105392e+02
3.115886401619709432e+02 1.458341935617988554e+02 2.153961360910551832e+02
3.115792496918300003e+02 1.458063940406177039e+02 2.153864316606998557e+02
3.115698592216890574e+02 1.457785945194365524e+02 2.153767272303444997e+02
3.115604687515481146e+02 1.457507949982554010e+02 2.153670227999891438e+02
3.115510782814071717e+02 1.457229954770742495e+02 2.153573183696338162e+02
3.115416878112662857e+02 1.456951959558930980e+02 2.153476139392784603e+02
3.115322973411253429e+02 1.456673964347119465e+02 2.153379095089231328e+02
3.115229068709844000e+02 1.456395969135307951e+02 2.153282050785677768e+02
3.115135164008434572e+02 1.456117973923496436e+02 2.153185006482124209e+02
3.115041259307025143e+02 1.455839978711684921e+02 2.153087962178570933e+02
3.114947354605615715e+02 1.455561983499873406e+02 2.152990917875017374e+02
3.114853449904206286e+02 1.455283988288061892e+02 2.152893873571464098e+02
3.114759545202797426e+02 1.455005993076250377e+02 2.152796829267910539e+02
3.114665640501387998e+02 1.454727997864438862e+02 2.152699784964356979e+02
3.114571735799978569e+02 1.454450002652627347e+02 2.152602740660803704e+02
3.114477831098569141e+02 1.454172007440815833e+02 2.152505696357250145e+02
3.114383926397159712e+02 1.453894012229004318e+02 2.152408652053696869e+02
3.114290021695750283e+02 1.453616017017192803e+02 2.152311607750143310e+02
3.114196116994340855e+02 1.453338021805381288e+02 2.152214563446589750e+02
3.114102212292931995e+02 1.453060026593569773e+02 2.152117519143036475e+02
3.114008307591522566e+02 1.452782031381758259e+02 2.152020474839482915e+02
3.113914402890113138e+02 1.452504036169946744e+02 2.151923430535929640e+02
3.113820498188703709e+02 1.452226040958135229e+02 2.151826386232376080e+02
3.113820498188703709e+02 1.452226040958135229e+02 2.151826386232376080e+02
3.113662009391594552e+02 1.452033214828205985e+02 2.152006892389967447e+02
3.113503520594485963e+02 1.451840388698277025e+02 2.152187398547558530e+02
3.113345031797376805e+02 1.451647562568347780e+02 2.152367904705149897e+02
3.113186543000267648e+02 1.451454736438418536e+02 2.152548410862740980e+02
3.113028054203159058e+02 1.451261910308489291e+02 2.152728917020332347e+02
3.112869565406049901e+02 1.451069084178560331e+02 2.152909423177923429e+02
3.112711076608940743e+02 1.450876258048631087e+02 2.153089929335514796e+02
3.112552587811832154e+02 1.450683431918701842e+02 2.153270435493105879e+02
3.112394099014722997e+02 1.450490605788772598e+02 2.153450941650697246e+02
3.112235610217613839e+02 1.450297779658843638e+02 2.153631447808288328e+02
3.112077121420505250e+02 1.450104953528914393e+02 2.153811953965879695e+02
3.111918632623396093e+02 1.449912127398985149e+02 2.153992460123470778e+02
3.111760143826286935e+02 1.449719301269055904e+02 2.154172966281062145e+02
3.111601655029178346e+02 1.449526475139126944e+02 2.154353472438653228e+02
3.111443166232069188e+02 1.449333649009197700e+02 2.154533978596244594e+02
3.111284677434960031e+02 1.449140822879268455e+02 2.154714484753835677e+02
3.111126188637851442e+02 1.448947996749339211e+02 2.154894990911427044e+02
3.110967699840742284e+02 1.448755170619410251e+02 2.155075497069018127e+02
3.110809211043633127e+02 1.448562344489481006e+02 2.155256003226609494e+02
3.110650722246524538e+02 1.448369518359551762e+02 2.155436509384200576e+02
3.110492233449415380e+02 1.448176692229622802e+02 2.155617015541791943e+02
3.110333744652306223e+02 1.447983866099693557e+02 2.155797521699383310e+02
3.110175255855197634e+02 1.447791039969764313e+02 2.155978027856974393e+02
3.110016767058088476e+02 1.447598213839835068e+02 2.156158534014565760e+02
3.109858278260979318e+02 1.447405387709906108e+02 2.156339040172156842e+02
3.109699789463870729e+02 1.447212561579976864e+02 2.156519546329748209e+02
3.109541300666761572e+02 1.447019735450047619e+02 2.156700052487339292e+02
3.109382811869652414e+02 1.446826909320118375e+02 2.156880558644930659e+02
3.109224323072543825e+02 1.446634083190189415e+02 2.157061064802521742e+02
3.109065834275434668e+02 1.446441257060260170e+02 2.157241570960113108e+02
3.108907345478325510e+02 1.446248430930330926e+02 2.157422077117704191e+02
3.108748856681216921e+02 1.446055604800401682e+02 2.157602583275295558e+02
3.108590367884107764e+02 1.445862778670472721e+02 2.157783089432886641e+02
3.108431879086998606e+02 1.445669952540543477e+02 2.157963595590478008e+02
3.108273390289890017e+02 1.445477126410614233e+02 2.158144101748069090e+02
3.108114901492780859e+02 1.445284300280684988e+02 2.158324607905660457e+02
3.107956412695671702e+02 1.445091474150756028e+02 2.158505114063251540e+02
3.107797923898563113e+02 1.444898648020826784e+02 2.158685620220842907e+02
3.107639435101453955e+02 1.444705821890897539e+02 2.158866126378433989e+02
3.107480946304344798e+02 1.444512995760968295e+02 2.159046632536025356e+02
3.107322457507236209e+02 1.444320169631039334e+02 2.159227138693616439e+02
3.107163968710127051e+02 1.444127343501110090e+02 2.159407644851207806e+02
3.107163968710127051e+02 1.444127343501110090e+02 2.159407644851207806e+02
3.106966793499114488e+02 1.443910990062096573e+02 2.159522769483875777e+02
3.106769618288101924e+02 1.443694636623083056e+02 2.159637894116543464e+02
3.106572443077088792e+02 1.443478283184069255e+02 2.159753018749211435e+02
3.106375267866076229e+02 1.443261929745055738e+02 2.159868143381879122e+02
3.106178092655063665e+02 1.443045576306042221e+02 2.159983268014547093e+02
3.105980917444051101e+02 1.442829222867028705e+02 2.160098392647214780e+02
3.105783742233037970e+02 1.442612869428014903e+02 2.160213517279882751e+02
3.105586567022025406e+02 1.442396515989001387e+02 2.160328641912550722e+02
3.105389391811012842e+02 1.442180162549987870e+02 2.160443766545218409e+02
3.105192216600000279e+02 1.441963809110974353e+02 2.160558891177886380e+02
3.104995041388987147e+02 1.441747455671960552e+02 2.160674015810554067e+02
3.104797866177974583e+02 1.441531102232947035e+02 2.160789140443222038e+02
3.104600690966962020e+02 1.441314748793933518e+02 2.160904265075889725e+02
3.104403515755949456e+02 1.441098395354920001e+02 2.161019389708557696e+02
3.104206340544936324e+02 1.440882041915906200e+02 2.161134514341225668e+02
3.104009165333923761e+02 1.440665688476892683e+02 2.161249638973893354e+02
3.103811990122911197e+02 1.440449335037879166e+02 2.161364763606561326e+02
3.103614814911898634e+02 1.440232981598865649e+02 2.161479888239229012e+02
3.103417639700885502e+02 1.440016628159851848e+02 2.161595012871896984e+02
3.103220464489872938e+02 1.439800274720838331e+02 2.161710137504564671e+02
3.103023289278860375e+02 1.439583921281824814e+02 2.161825262137232642e+02
3.102826114067847811e+02 1.439367567842811297e+02 2.161940386769900329e+02
3.102628938856834679e+02 1.439151214403797496e+02 2.162055511402568300e+02
3.102431763645822116e+02 1.438934860964783979e+02 2.162170636035236271e+02
3.102234588434809552e+02 1.438718507525770463e+02 2.162285760667903958e+02
3.102037413223796989e+02 1.438502154086756946e+02 2.162400885300571929e+02
3.101840238012783857e+02 1.438285800647743145e+02 2.162516009933239616e+02
3.101643062801771293e+02 1.438069447208729628e+02 2.162631134565907587e+02
3.101445887590758730e+02 1.437853093769716111e+02 2.162746259198575274e+02
3.101248712379746166e+02 1.437636740330702594e+02 2.162861383831243245e+02
3.101051537168733034e+02 1.437420386891688793e+02 2.162976508463911216e+02
3.100854361957720471e+02 1.437204033452675276e+02 2.163091633096578903e+02
3.100657186746707907e+02 1.436987680013661759e+02 2.163206757729246874e+02
3.100460011535695344e+02 1.436771326574648242e+02 2.163321882361914561e+02
3.100262836324682212e+02 1.436554973135634441e+02 2.163437006994582532e+02
3.100065661113669648e+02 1.436338619696620924e+02 2.163552131627250219e+02
3.099868485902657085e+02 1.436122266257607407e+02 2.163667256259918190e+02
3.099868485902657085e+02 1.436122266257607407e+02 2.163667256259918190e+02
3.099664039358215177e+02 1.435883191870828739e+02 2.163670402127818022e+02
3.099459592813772701e+02 1.435644117484050355e+02 2.163673547995717854e+02
3.099255146269330794e+02 1.435405043097271687e+02 2.163676693863617686e+02
3.099050699724888318e+02 1.435165968710493019e+02 2.163679839731517518e+02
3.098846253180446411e+02 1.434926894323714635e+02 2.163682985599417350e+02
3.098641806636004503e+02 1.434687819936935966e+02 2.163686131467317182e+02
3.098437360091562027e+02 1.434448745550157298e+02 2.163689277335217014e+02
3.098232913547120120e+02 1.434209671163378914e+02 2.163692423203116846e+02
3.098028467002677644e+02 1.433970596776600246e+02 2.163695569071016678e+02
3.097824020458235736e+02 1.433731522389821578e+02 2.163698714938916794e+02
3.097619573913793829e+02 1.433492448003043194e+02 2.163701860806816626e+02
3.097415127369351353e+02 1.433253373616264525e+02 2.163705006674716458e+02
3.097210680824909446e+02 1.433014299229485857e+02 2.163708152542616290e+02
3.097006234280466970e+02 1.432775224842707473e+02 2.163711298410516122e+02
3.096801787736025062e+02 1.432536150455928805e+02 2.163714444278415954e+02
3.096597341191583155e+02 1.432297076069150137e+02 2.163717590146315786e+02
3.096392894647140679e+02 1.432058001682371753e+02 2.163720736014215618e+02
3.096188448102698771e+02 1.431818927295593085e+02 2.163723881882115450e+02
3.095984001558256296e+02 1.431579852908814701e+02 2.163727027750015282e+02
3.095779555013814388e+02 1.431340778522036032e+02 2.163730173617915113e+02
3.095575108469372481e+02 1.431101704135257364e+02 2.163733319485814945e+02
3.095370661924930005e+02 1.430862629748478980e+02 2.163736465353714777e+02
3.095166215380488097e+02 1.430623555361700312e+02 2.163739611221614609e+02
3.094961768836046190e+02 1.430384480974921644e+02 2.163742757089514441e+02
3.094757322291603714e+02 1.430145406588143260e+02 2.163745902957414273e+02
3.094552875747161806e+02 1.429906332201364592e+02 2.163749048825314105e+02
3.094348429202719331e+02 1.429667257814585923e+02 2.163752194693213937e+02
3.094143982658277423e+02 1.429428183427807539e+02 2.163755340561113769e+02
3.093939536113835516e+02 1.429189109041028871e+02 2.163758486429013885e+02
3.093735089569393040e+02 1.428950034654250203e+02 2.163761632296913717e+02
3.093530643024951132e+02 1.428710960267471819e+02 2.163764778164813549e+02
3.093326196480508656e+02 1.428471885880693151e+02 2.163767924032713381e+02
3.093121749936066749e+02 1.428232811493914483e+02 2.163771069900613213e+02
3.092917303391624841e+02 1.427993737107136099e+02 2.163774215768513045e+02
3.092712856847182366e+02 1.427754662720357430e+02 2.163777361636412877e+02
3.092508410302740458e+02 1.427515588333578762e+02 2.163780507504312709e+02
3.092303963758297982e+02 1.427276513946800378e+02 2.163783653372212541e+02
3.092099517213856075e+02 1.427037439560021710e+02 2.163786799240112373e+02
3.092099517213856075e+02 1.427037439560021710e+02 2.163786799240112373e+02
3.091898628856037590e+02 1.426802526022659094e+02 2.163789890357343211e+02
3.091697740498218536e+02 1.426567612485296479e+02 2.163792981474574049e+02
3.091496852140400051e+02 1.426332698947933864e+02 2.163796072591804887e+02
3.091295963782581566e+02 1.426097785410571248e+02 2.163799163709035724e+02
3.091095075424762513e+02 1.425862871873208633e+02 2.163802254826266562e+02
3.090894187066944028e+02 1.425627958335846301e+02 2.163805345943497400e+02
3.090693298709124974e+02 1.425393044798483686e+02 2.163808437060728522e+02
3.090492410351306489e+02 1.425158131261121071e+02 2.163811528177959360e+02
3.090291521993488004e+02 1.424923217723758455e+02 2.163814619295190198e+02
3.090090633635668951e+02 1.424688304186395840e+02 2.163817710412421036e+02
3.089889745277850466e+02 1.424453390649033224e+02 2.163820801529651874e+02
3.089688856920031981e+02 1.424218477111670609e+02 2.163823892646882712e+02
3.089487968562212927e+02 1.423983563574307993e+02 2.163826983764113550e+02
3.089287080204394442e+02 1.423748650036945378e+02 2.163830074881344387e+02
3.089086191846575957e+02 1.423513736499582762e+02 2.163833165998575225e+02
3.088885303488756904e+02 1.423278822962220431e+02 2.163836257115806063e+02
3.088684415130938419e+02 1.423043909424857816e+02 2.163839348233036901e+02
3.088483526773119365e+02 1.422808995887495200e+02 2.163842439350267739e+02
3.088282638415300880e+02 1.422574082350132585e+02 2.163845530467498577e+02
3.088081750057482395e+02 1.422339168812769969e+02 2.163848621584729415e+02
3.087880861699663342e+02 1.422104255275407354e+02 2.163851712701960537e+02
3.087679973341844857e+02 1.421869341738044739e+02 2.163854803819191375e+02
3.087479084984026372e+02 1.421634428200682123e+02 2.163857894936422213e+02
3.087278196626207318e+02 1.421399514663319508e+02 2.163860986053653050e+02
3.087077308268388833e+02 1.421164601125956892e+02 2.163864077170883888e+02
3.086876419910569780e+02 1.420929687588594561e+02 2.163867168288114726e+02
3.086675531552751295e+02 1.420694774051231946e+02 2.163870259405345564e+02
3.086474643194932810e+02 1.420459860513869330e+02 2.163873350522576402e+02
3.086273754837113756e+02 1.420224946976506715e+02 2.163876441639807240e+02
3.086072866479295271e+02 1.419990033439144099e+02 2.163879532757038078e+02
3.085871978121476786e+02 1.419755119901781484e+02 2.163882623874268916e+02
3.085671089763657733e+02 1.419520206364418868e+02 2.163885714991499754e+02
3.085470201405839248e+02 1.419285292827056253e+02 2.163888806108730591e+02
3.085269313048020763e+02 1.419050379289693637e+02 2.163891897225961429e+02
3.085068424690201709e+02 1.418815465752331022e+02 2.163894988343192551e+02
3.084867536332383224e+02 1.418580552214968691e+02 2.163898079460423389e+02
3.084666647974564171e+02 1.418345638677606075e+02 2.163901170577654227e+02
3.084465759616745686e+02 1.418110725140243460e+02 2.163904261694885065e+02
3.084264871258927201e+02 1.417875811602880844e+02 2.163907352812115903e+02
3.084063982901108147e+02 1.417640898065518229e+02 2.163910443929346741e+02
3.083863094543289662e+02 1.417405984528155614e+02 2.163913535046577579e+02
3.083863094543289662e+02 1.417405984528155614e+02 2.163913535046577579e+02
3.083661089015787411e+02 1.417169764602085422e+02 2.163916643353965696e+02
3.083459083488285728e+02 1.416933544676015231e+02 2.163919751661353814e+02
3.083257077960783477e+02 1.416697324749945039e+02 2.163922859968741932e+02
3.083055072433281794e+02 1.416461104823874848e+02 2.163925968276130050e+02
3.082853066905779542e+02 1.416224884897804657e+02 2.163929076583518167e+02
3.082651061378277859e+02 1.415988664971734465e+02 2.163932184890906001e+02
3.082449055850775608e+02 1.415752445045664274e+02 2.163935293198294119e+02
3.082247050323273925e+02 1.415516225119594083e+02 2.163938401505682236e+02
3.082045044795771673e+02 1.415280005193524175e+02 2.163941509813070354e+02
3.081843039268269422e+02 1.415043785267453984e+02 2.163944618120458472e+02
3.081641033740767739e+02 1.414807565341383793e+02 2.163947726427846590e+02
3.081439028213265487e+02 1.414571345415313601e+02 2.163950834735234707e+02
3.081237022685763804e+02 1.414335125489243410e+02 2.163953943042622825e+02
3.081035017158261553e+02 1.414098905563173219e+02 2.163957051350010943e+02
3.080833011630759870e+02 1.413862685637103027e+02 2.163960159657399061e+02
3.080631006103257619e+02 1.413626465711032836e+02 2.163963267964787178e+02
3.080429000575755936e+02 1.413390245784962644e+02 2.163966376272175296e+02
3.080226995048253684e+02 1.413154025858892453e+02 2.163969484579563414e+02
3.080024989520751433e+02 1.412917805932822262e+02 2.163972592886951247e+02
3.079822983993249750e+02 1.412681586006752070e+02 2.163975701194339365e+02
3.079620978465747498e+02 1.412445366080681879e+02 2.163978809501727483e+02
3.079418972938245815e+02 1.412209146154611688e+02 2.163981917809115600e+02
3.079216967410743564e+02 1.411972926228541496e+02 2.163985026116503718e+02
3.079014961883241881e+02 1.411736706302471305e+02 2.163988134423891836e+02
3.078812956355739630e+02 1.411500486376401113e+02 2.163991242731279954e+02
3.078610950828237947e+02 1.411264266450330922e+02 2.163994351038668071e+02
3.078408945300735695e+02 1.411028046524260731e+02 2.163997459346056189e+02
3.078206939773233444e+02 1.410791826598190823e+02 2.164000567653444307e+02
3.078004934245731761e+02 1.410555606672120632e+02 2.164003675960832425e+02
3.077802928718229509e+02 1.410319386746050441e+02 2.164006784268220258e+02
3.077600923190727826e+02 1.410083166819980249e+02 2.164009892575608376e+02
3.077398917663225575e+02 1.409846946893910058e+02 2.164013000882996494e+02
3.077196912135723892e+02 1.409610726967839867e+02 2.164016109190384611e+02
3.076994906608221640e+02 1.409374507041769675e+02 2.164019217497772729e+02
3.076792901080719957e+02 1.409138287115699484e+02 2.164022325805160847e+02
3.076590895553217706e+02 1.408902067189629292e+02 2.164025434112548965e+02
3.076590895553217706e+02 1.408902067189629292e+02 2.164025434112548965e+02
3.076437099771450221e+02 1.408743659572686227e+02 2.164255826557236162e+02
3.076283303989682736e+02 1.408585251955743445e+02 2.164486219001923359e+02
3.076129508207915819e+02 1.408426844338800379e+02 2.164716611446610557e+02
3.075975712426148334e+02 1.408268436721857313e+02 2.164947003891297754e+02
3.075821916644380849e+02 1.408110029104914531e+02 2.165177396335985236e+02
3.075668120862613364e+02 1.407951621487971465e+02 2.165407788780672433e+02
3.075514325080846447e+02 1.407793213871028684e+02 2.165638181225359631e+02
3.075360529299078962e+02 1.407634806254085618e+02 2.165868573670046828e+02
3.075206733517311477e+02 1.407476398637142552e+02 2.166098966114734026e+02
3.075052937735543992e+02 1.407317991020199770e+02 2.166329358559421223e+02
3.074899141953776507e+02 1.407159583403256704e+02 2.166559751004108421e+02
3.074745346172009590e+02 1.407001175786313638e+02 2.166790143448795618e+02
3.074591550390242105e+02 1.406842768169370856e+02 2.167020535893482815e+02
3.074437754608474620e+02 1.406684360552427790e+02 2.167250928338170297e+02
3.074283958826707135e+02 1.406525952935484725e+02 2.167481320782857495e+02
3.074130163044939650e+02 1.406367545318541943e+02 2.167711713227544692e+02
3.073976367263172733e+02 1.406209137701598877e+02 2.167942105672231889e+02
3.073822571481405248e+02 1.406050730084655811e+02 2.168172498116919087e+02
3.073668775699637763e+02 1.405892322467713029e+02 2.168402890561606284e+02
3.073514979917870278e+02 1.405733914850769963e+02 2.168633283006293482e+02
3.073361184136102793e+02 1.405575507233826897e+02 2.168863675450980679e+02
3.073207388354335876e+02 1.405417099616884116e+02 2.169094067895667877e+02
3.073053592572568391e+02 1.405258691999941050e+02 2.169324460340355074e+02
3.072899796790800906e+02 1.405100284382998268e+02 2.169554852785042556e+02
3.072746001009033421e+02 1.404941876766055202e+02 2.169785245229729753e+02
3.072592205227266504e+02 1.404783469149112136e+02 2.170015637674416951e+02
3.072438409445499019e+02 1.404625061532169354e+02 2.170246030119104148e+02
3.072284613663731534e+02 1.404466653915226289e+02 2.170476422563791346e+02
3.072284613663731534e+02 1.404466653915226289e+02 2.170476422563791346e+02
3.072303099354850815e+02 1.404374113661453691e+02 2.170776708067059531e+02
3.072321585045970664e+02 1.404281573407681094e+02 2.171076993570327716e+02
3.072340070737089945e+02 1.404189033153908781e+02 2.171377279073596185e+02
3.072358556428209795e+02 1.404096492900136184e+02 2.171677564576864370e+02
3.072377042119329076e+02 1.404003952646363587e+02 2.171977850080132555e+02
3.072395527810448357e+02 1.403911412392591274e+02 2.172278135583400740e+02
3.072414013501568206e+02 1.403818872138818676e+02 2.172578421086668925e+02
3.072432499192687487e+02 1.403726331885046079e+02 2.172878706589937394e+02
3.072450984883807337e+02 1.403633791631273482e+02 2.173178992093205579e+02
3.072469470574926618e+02 1.403541251377500885e+02 2.173479277596473764e+02
3.072487956266046467e+02 1.403448711123728572e+02 2.173779563099741949e+02
3.072506441957165748e+02 1.403356170869955974e+02 2.174079848603010419e+02
3.072524927648285029e+02 1.403263630616183377e+02 2.174380134106278604e+02
3.072543413339404879e+02 1.403171090362411064e+02 2.174680419609546789e+02
3.072561899030524160e+02 1.403078550108638467e+02 2.174980705112814974e+02
3.072580384721644009e+02 1.402986009854865870e+02 2.175280990616083159e+02
3.072598870412763290e+02 1.402893469601093273e+02 2.175581276119351628e+02
3.072617356103883139e+02 1.402800929347320675e+02 2.175881561622619813e+02
3.072635841795002420e+02 1.402708389093548362e+02 2.176181847125887998e+02
3.072654327486121701e+02 1.402615848839775765e+02 2.176482132629156183e+02
3.072672813177241551e+02 1.402523308586003168e+02 2.176782418132424368e+02
3.072691298868360832e+02 1.402430768332230855e+02 2.177082703635692837e+02
3.072709784559480681e+02 1.402338228078458258e+02 2.177382989138961022e+02
3.072728270250599962e+02 1.402245687824685660e+02 2.177683274642229208e+02
3.072728270250599962e+02 1.402245687824685660e+02 2.177683274642229208e+02
3.072746462893421722e+02 1.402407943291739514e+02 2.177951277115892879e+02
3.072764655536242913e+02 1.402570198758793083e+02 2.178219279589556550e+02
3.072782848179064672e+02 1.402732454225846936e+02 2.178487282063220221e+02
3.072801040821885863e+02 1.402894709692900506e+02 2.178755284536883892e+02
3.072819233464707622e+02 1.403056965159954359e+02 2.179023287010547278e+02
3.072837426107528813e+02 1.403219220627008212e+02 2.179291289484210949e+02
3.072855618750350573e+02 1.403381476094061782e+02 2.179559291957874620e+02
3.072873811393171763e+02 1.403543731561115635e+02 2.179827294431538292e+02
3.072892004035993523e+02 1.403705987028169488e+02 2.180095296905201963e+02
3.072910196678814714e+02 1.403868242495223058e+02 2.180363299378865634e+02
3.072928389321636473e+02 1.404030497962276911e+02 2.180631301852529305e+02
3.072946581964457664e+02 1.404192753429330480e+02 2.180899304326192976e+02
3.072964774607279423e+02 1.404355008896384334e+02 2.181167306799856647e+02
3.072982967250100614e+02 1.404517264363438187e+02 2.181435309273520033e+02
3.073001159892922374e+02 1.404679519830491756e+02 2.181703311747183704e+02
3.073019352535743565e+02 1.404841775297545610e+02 2.181971314220847376e+02
3.073037545178565324e+02 1.405004030764599463e+02 2.182239316694511047e+02
3.073055737821386515e+02 1.405166286231653032e+02 2.182507319168174718e+02
3.073073930464208274e+02 1.405328541698706886e+02 2.182775321641838389e+02
3.073092123107029465e+02 1.405490797165760455e+02 2.183043324115502060e+02
3.073110315749851225e+02 1.405653052632814308e+02 2.183311326589165731e+02
3.073128508392672416e+02 1.405815308099868162e+02 2.183579329062829402e+02
3.073146701035494175e+02 1.405977563566921731e+02 2.183847331536493073e+02
3.073164893678315366e+02 1.406139819033975584e+02 2.184115334010156459e+02
3.073183086321137125e+02 1.406302074501029438e+02 2.184383336483820131e+02
3.073201278963958316e+02 1.406464329968083007e+02 2.184651338957483802e+02
3.073219471606780075e+02 1.406626585435136860e+02 2.184919341431147473e+02
3.073237664249601266e+02 1.406788840902190429e+02 2.185187343904811144e+02
3.073255856892423026e+02 1.406951096369244283e+02 2.185455346378474815e+02
3.073274049535244217e+02 1.407113351836298136e+02 2.185723348852138486e+02
3.073292242178065976e+02 1.407275607303351705e+02 2.185991351325802157e+02
3.073310434820887167e+02 1.407437862770405559e+02 2.186259353799465828e+02
3.073328627463708926e+02 1.407600118237459412e+02 2.186527356273129215e+02
3.073346820106530117e+02 1.407762373704512981e+02 2.186795358746792886e+02
3.073365012749351877e+02 1.407924629171566835e+02 2.187063361220456557e+02
3.073383205392173068e+02 1.408086884638620404e+02 2.187331363694120228e+02
3.073401398034994827e+02 1.408249140105674257e+02 2.187599366167783899e+02
3.073401398034994827e+02 1.408249140105674257e+02 2.187599366167783899e+02
3.073398989507912233e+02 1.408358163405919186e+02 2.187894456773996410e+02
3.073396580980829071e+02 1.408467186706163830e+02 2.188189547380209206e+02
3.073394172453746478e+02 1.408576210006408758e+02 2.188484637986421717e+02
3.073391763926663884e+02 1.408685233306653686e+02 2.188779728592634228e+02
3.073389355399580722e+02 1.408794256606898330e+02 2.189074819198847024e+02
3.073386946872498129e+02 1.408903279907143258e+02 2.189369909805059535e+02
3.073384538345415535e+02 1.409012303207387902e+02 2.189665000411272331e+02
3.073382129818332373e+02 1.409121326507632830e+02 2.189960091017484842e+02
3.073379721291249780e+02 1.409230349807877758e+02 2.190255181623697354e+02
3.073377312764167186e+02 1.409339373108122402e+02 2.190550272229910149e+02
3.073374904237084024e+02 1.409448396408367330e+02 2.190845362836122661e+02
3.073372495710001431e+02 1.409557419708612258e+02 2.191140453442335172e+02
3.073370087182918837e+02 1.409666443008856902e+02 2.191435544048547968e+02
3.073367678655835675e+02 1.409775466309101830e+02 2.191730634654760479e+02
3.073365270128753082e+02 1.409884489609346474e+02 2.192025725260973275e+02
3.073362861601670488e+02 1.409993512909591402e+02 2.192320815867185786e+02
3.073360453074587326e+02 1.410102536209836330e+02 2.192615906473398297e+02
3.073358044547504733e+02 1.410211559510080974e+02 2.192910997079611093e+02
3.073355636020421571e+02 1.410320582810325902e+02 2.193206087685823604e+02
3.073353227493338977e+02 1.410429606110570830e+02 2.193501178292036116e+02
3.073350818966256384e+02 1.410538629410815474e+02 2.193796268898248911e+02
3.073348410439173222e+02 1.410647652711060402e+02 2.194091359504461423e+02
3.073346001912090628e+02 1.410756676011305046e+02 2.194386450110674218e+02
3.073343593385008035e+02 1.410865699311549974e+02 2.194681540716886730e+02
3.073341184857924873e+02 1.410974722611794903e+02 2.194976631323099241e+02
3.073338776330842279e+02 1.411083745912039547e+02 2.195271721929312037e+02
3.073336367803759686e+02 1.411192769212284475e+02 2.195566812535524548e+02
3.073333959276676524e+02 1.411301792512529403e+02 2.195861903141737059e+02
3.073331550749593930e+02 1.411410815812774047e+02 2.196156993747949855e+02
3.073329142222511337e+02 1.411519839113018975e+02 2.196452084354162366e+02
3.073326733695428175e+02 1.411628862413263619e+02 2.196747174960375162e+02
3.073324325168345581e+02 1.411737885713508547e+02 2.197042265566587673e+02
3.073321916641262987e+02 1.411846909013753475e+02 2.197337356172800185e+02
3.073319508114179825e+02 1.411955932313998119e+02 2.197632446779012980e+02
3.073317099587097232e+02 1.412064955614243047e+02 2.197927537385225492e+02
3.073317099587097232e+02 1.412064955614243047e+02 2.197927537385225492e+02
3.073336761892160780e+02 1.412064955614243047e+02 2.198237959198526141e+02
3.073356424197224896e+02 1.412064955614243047e+02 2.198548381011826791e+02
3.073376086502288445e+02 1.412064955614243047e+02 2.198858802825127441e+02
3.073395748807351993e+02 1.412064955614243047e+02 2.199169224638428091e+02
3.073415411112416109e+02 1.412064955614243047e+02 2.199479646451729025e+02
3.073435073417479657e+02 1.412064955614243047e+02 2.199790068265029674e+02
3.073454735722543205e+02 1.412064955614243047e+02 2.200100490078330324e+02
3.073474398027607322e+02 1.412064955614243047e+02 2.200410911891630974e+02
3.073494060332670870e+02 1.412064955614243047e+02 2.200721333704931624e+02
3.073513722637734418e+02 1.412064955614243047e+02 2.201031755518232274e+02
3.073533384942798534e+02 1.412064955614243047e+02 2.201342177331532923e+02
3.073553047247862082e+02 1.412064955614243047e+02 2.201652599144833573e+02
3.073572709552925630e+02 1.412064955614243047e+02 2.201963020958134223e+02
3.073592371857989747e+02 1.412064955614243047e+02 2.202273442771435157e+02
3.073612034163053295e+02 1.412064955614243047e+02 2.202583864584735807e+02
3.073631696468116843e+02 1.412064955614243047e+02 2.202894286398036456e+02
3.073651358773180391e+02 1.412064955614243047e+02 2.203204708211337106e+02
3.073671021078244507e+02 1.412064955614243047e+02 2.203515130024637756e+02
3.073690683383308055e+02 1.412064955614243047e+02 2.203825551837938406e+02
3.073710345688371604e+02 1.412064955614243047e+02 2.204135973651239055e+02
3.073730007993435720e+02 1.412064955614243047e+02 2.204446395464539705e+02
3.073749670298499268e+02 1.412064955614243047e+02 2.204756817277840355e+02
3.073769332603562816e+02 1.412064955614243047e+02 2.205067239091141005e+02
3.073788994908626933e+02 1.412064955614243047e+02 2.205377660904441939e+02
3.073808657213690481e+02 1.412064955614243047e+02 2.205688082717742589e+02
3.073828319518754029e+02 1.412064955614243047e+02 2.205998504531043238e+02
3.073847981823818145e+02 1.412064955614243047e+02 2.206308926344343888e+02
3.073867644128881693e+02 1.412064955614243047e+02 2.206619348157644538e+02
3.073867644128881693e+02 1.412064955614243047e+02 2.206619348157644538e+02
3.073885987559772275e+02 1.411973127521980302e+02 2.206917322755456325e+02
3.073904330990662856e+02 1.411881299429717558e+02 2.207215297353267829e+02
3.073922674421552870e+02 1.411789471337455097e+02 2.207513271951079616e+02
3.073941017852443451e+02 1.411697643245192353e+02 2.207811246548891404e+02
3.073959361283334033e+02 1.411605815152929608e+02 2.208109221146702907e+02
3.073977704714224615e+02 1.411513987060666864e+02 2.208407195744514695e+02
3.073996048145114628e+02 1.411422158968404403e+02 2.208705170342326483e+02
3.074014391576005210e+02 1.411330330876141659e+02 2.209003144940138270e+02
3.074032735006895791e+02 1.411238502783878914e+02 2.209301119537949774e+02
3.074051078437786373e+02 1.411146674691616170e+02 2.209599094135761561e+02
3.074069421868676386e+02 1.411054846599353709e+02 2.209897068733573349e+02
3.074087765299566968e+02 1.410963018507090965e+02 2.210195043331384852e+02
3.074106108730457549e+02 1.410871190414828220e+02 2.210493017929196640e+02
3.074124452161348131e+02 1.410779362322565476e+02 2.210790992527008427e+02
3.074142795592238713e+02 1.410687534230302731e+02 2.211088967124819931e+02
3.074161139023128726e+02 1.410595706138040271e+02 2.211386941722631718e+02
3.074179482454019308e+02 1.410503878045777526e+02 2.211684916320443506e+02
3.074197825884909889e+02 1.410412049953514781e+02 2.211982890918255009e+02
3.074216169315800471e+02 1.410320221861252037e+02 2.212280865516066797e+02
3.074234512746690484e+02 1.410228393768989577e+02 2.212578840113878584e+02
3.074252856177581066e+02 1.410136565676726832e+02 2.212876814711690372e+02
3.074271199608471647e+02 1.410044737584464087e+02 2.213174789309501875e+02
3.074289543039362229e+02 1.409952909492201343e+02 2.213472763907313663e+02
3.074307886470252242e+02 1.409861081399938882e+02 2.213770738505125451e+02
3.074326229901142824e+02 1.409769253307676138e+02 2.214068713102936954e+02
3.074344573332033406e+02 1.409677425215413393e+02 2.214366687700748741e+02
3.074344573332033406e+02 1.409677425215413393e+02 2.214366687700748741e+02
3.074358028470608701e+02 1.409371159562458615e+02 2.214460984043246015e+02
3.074371483609183997e+02 1.409064893909504121e+02 2.214555280385743288e+02
3.074384938747758724e+02 1.408758628256549343e+02 2.214649576728240561e+02
3.074398393886334020e+02 1.408452362603594850e+02 2.214743873070737834e+02
3.074411849024909316e+02 1.408146096950640072e+02 2.214838169413235107e+02
3.074425304163484611e+02 1.407839831297685578e+02 2.214932465755732380e+02
3.074438759302059339e+02 1.407533565644730800e+02 2.215026762098229653e+02
3.074452214440634634e+02 1.407227299991776022e+02 2.215121058440726927e+02
3.074465669579209930e+02 1.406921034338821528e+02 2.215215354783224200e+02
3.074479124717785226e+02 1.406614768685866750e+02 2.215309651125721473e+02
3.074492579856360521e+02 1.406308503032912256e+02 2.215403947468218746e+02
3.074506034994935249e+02 1.406002237379957478e+02 2.215498243810716303e+02
3.074519490133510544e+02 1.405695971727002984e+02 2.215592540153213577e+02
3.074532945272085840e+02 1.405389706074048206e+02 2.215686836495710850e+02
3.074546400410661136e+02 1.405083440421093712e+02 2.215781132838208123e+02
3.074559855549236431e+02 1.404777174768138934e+02 2.215875429180705396e+02
3.074573310687811158e+02 1.404470909115184156e+02 2.215969725523202669e+02
3.074586765826386454e+02 1.404164643462229662e+02 2.216064021865699942e+02
3.074600220964961750e+02 1.403858377809274884e+02 2.216158318208197215e+02
3.074613676103537045e+02 1.403552112156320391e+02 2.216252614550694489e+02
3.074627131242111773e+02 1.403245846503365613e+02 2.216346910893191762e+02
3.074640586380687068e+02 1.402939580850411119e+02 2.216441207235689035e+02
3.074654041519262364e+02 1.402633315197456341e+02 2.216535503578186308e+02
3.074654041519262364e+02 1.402633315197456341e+02 2.216535503578186308e+02
3.074651775462962178e+02 1.402317780505391909e+02 2.216558917944068696e+02
3.074649509406661991e+02 1.402002245813327193e+02 2.216582332309951369e+02
3.074647243350361805e+02 1.401686711121262761e+02 2.216605746675833757e+02
3.074644977294062187e+02 1.401371176429198044e+02 2.216629161041716145e+02
3.074642711237762001e+02 1.401055641737133612e+02 2.216652575407598533e+02
3.074640445181461814e+02 1.400740107045068896e+02 2.216675989773481206e+02
3.074638179125161628e+02 1.400424572353004464e+02 2.216699404139363594e+02
3.074635913068861441e+02 1.400109037660939748e+02 2.216722818505245982e+02
3.074633647012561255e+02 1.399793502968875316e+02 2.216746232871128370e+02
3.074631380956261069e+02 1.399477968276810600e+02 2.216769647237011043e+02
3.074629114899960882e+02 1.399162433584746168e+02 2.216793061602893431e+02
3.074626848843661264e+02 1.398846898892681452e+02 2.216816475968775819e+02
3.074624582787361078e+02 1.398531364200617020e+02 2.216839890334658207e+02
3.074622316731060891e+02 1.398215829508552304e+02 2.216863304700540880e+02
3.074620050674760705e+02 1.397900294816487872e+02 2.216886719066423268e+02
3.074617784618460519e+02 1.397584760124423156e+02 2.216910133432305656e+02
3.074615518562160332e+02 1.397269225432358724e+02 2.216933547798188044e+02
3.074613252505860146e+02 1.396953690740294007e+02 2.216956962164070717e+02
3.074610986449559960e+02 1.396638156048229575e+02 2.216980376529953105e+02
3.074608720393260342e+02 1.396322621356164859e+02 2.217003790895835493e+02
3.074606454336960155e+02 1.396007086664100427e+02 2.217027205261717882e+02
3.074604188280659969e+02 1.395691551972035711e+02 2.217050619627600554e+02
3.074601922224359782e+02 1.395376017279971279e+02 2.217074033993482942e+02
3.074601922224359782e+02 1.395376017279971279e+02 2.217074033993482942e+02
3.074599636455682798e+02 1.395057737758153849e+02 2.217097652040449418e+02
3.074597350687005815e+02 1.394739458236336134e+02 2.217121270087415894e+02
3.074595064918328831e+02 1.394421178714518703e+02 2.217144888134382370e+02
3.074592779149651847e+02 1.394102899192700988e+02 2.217168506181348846e+02
3.074590493380974863e+02 1.393784619670883558e+02 2.217192124228315322e+02
3.074588207612298447e+02 1.393466340149065843e+02 2.217215742275281798e+02
3.074585921843621463e+02 1.393148060627248412e+02 2.217239360322248274e+02
3.074583636074944479e+02 1.392829781105430698e+02 2.217262978369214750e+02
3.074581350306267495e+02 1.392511501583613267e+02 2.217286596416181226e+02
3.074579064537590511e+02 1.392193222061795552e+02 2.217310214463147702e+02
3.074576778768913528e+02 1.391874942539978122e+02 2.217333832510113893e+02
3.074574493000236544e+02 1.391556663018160691e+02 2.217357450557080369e+02
3.074572207231559560e+02 1.391238383496342976e+02 2.217381068604046845e+02
3.074569921462882576e+02 1.390920103974525546e+02 2.217404686651013321e+02
3.074567635694205592e+02 1.390601824452707831e+02 2.217428304697979797e+02
3.074565349925528608e+02 1.390283544930890400e+02 2.217451922744946273e+02
3.074563064156852192e+02 1.389965265409072686e+02 2.217475540791912749e+02
3.074560778388175208e+02 1.389646985887255255e+02 2.217499158838879225e+02
3.074558492619498224e+02 1.389328706365437540e+02 2.217522776885845701e+02
3.074556206850821241e+02 1.389010426843620110e+02 2.217546394932812177e+02
3.074553921082144257e+02 1.388692147321802395e+02 2.217570012979778653e+02
3.074551635313467273e+02 1.388373867799984964e+02 2.217593631026745129e+02
3.074551635313467273e+02 1.388373867799984964e+02 2.217593631026745129e+02
3.074549378708500740e+02 1.388059649149184338e+02 2.217616947735309907e+02
3.074547122103534207e+02 1.387745430498383428e+02 2.217640264443874685e+02
3.074544865498567106e+02 1.387431211847582802e+02 2.217663581152439463e+02
3.074542608893600573e+02 1.387116993196782175e+02 2.217686897861004240e+02
3.074540352288634040e+02 1.386802774545981265e+02 2.217710214569569018e+02
3.074538095683667507e+02 1.386488555895180639e+02 2.217733531278133796e+02
3.074535839078700974e+02 1.386174337244380013e+02 2.217756847986698574e+02
3.074533582473733873e+02 1.385860118593579386e+02 2.217780164695263352e+02
3.074531325868767340e+02 1.385545899942778476e+02 2.217803481403828130e+02
3.074529069263800807e+02 1.385231681291977850e+02 2.217826798112392908e+02
3.074526812658834274e+02 1.384917462641177224e+02 2.217850114820957401e+02
3.074524556053867741e+02 1.384603243990376313e+02 2.217873431529522179e+02
3.074522299448900640e+02 1.384289025339575687e+02 2.217896748238086957e+02
3.074520042843934107e+02 1.383974806688775061e+02 2.217920064946651735e+02
3.074517786238967574e+02 1.383660588037974435e+02 2.217943381655216513e+02
3.074515529634001041e+02 1.383346369387173525e+02 2.217966698363781290e+02
3.074513273029034508e+02 1.383032150736372898e+02 2.217990015072346068e+02
3.074511016424067407e+02 1.382717932085572272e+02 2.218013331780910846e+02
3.074508759819100874e+02 1.382403713434771362e+02 2.218036648489475624e+02
3.074506503214134341e+02 1.382089494783970736e+02 2.218059965198040402e+02
3.074506503214134341e+02 1.382089494783970736e+02 2.218059965198040402e+02
3.074504138855916722e+02 1.381760272141964947e+02 2.218084395283196102e+02
3.074501774497699671e+02 1.381431049499959158e+02 2.218108825368351802e+02
3.074499410139482052e+02 1.381101826857953085e+02 2.218133255453507502e+02
3.074497045781265001e+02 1.380772604215947297e+02 2.218157685538663202e+02
3.074494681423047382e+02 1.380443381573941508e+02 2.218182115623818902e+02
3.074492317064829763e+02 1.380114158931935719e+02 2.218206545708974602e+02
3.074489952706612712e+02 1.379784936289929647e+02 2.218230975794130302e+02
3.074487588348395093e+02 1.379455713647923858e+02 2.218255405879286002e+02
3.074485223990177474e+02 1.379126491005918069e+02 2.218279835964441702e+02
3.074482859631960423e+02 1.378797268363912281e+02 2.218304266049597402e+02
3.074480495273742804e+02 1.378468045721906492e+02 2.218328696134753102e+02
3.074478130915525753e+02 1.378138823079900419e+02 2.218353126219908802e+02
3.074475766557308134e+02 1.377809600437894630e+02 2.218377556305064502e+02
3.074473402199090515e+02 1.377480377795888842e+02 2.218401986390220202e+02
3.074471037840873464e+02 1.377151155153883053e+02 2.218426416475375902e+02
3.074468673482655845e+02 1.376821932511876980e+02 2.218450846560531602e+02
3.074466309124438794e+02 1.376492709869871192e+02 2.218475276645687302e+02
3.074463944766221175e+02 1.376163487227865403e+02 2.218499706730843002e+02
3.074463944766221175e+02 1.376163487227865403e+02 2.218499706730843002e+02
3.074461578168098868e+02 1.375833952692595119e+02 2.218524159960151110e+02
3.074459211569976560e+02 1.375504418157324835e+02 2.218548613189459218e+02
3.074456844971854252e+02 1.375174883622054551e+02 2.218573066418767326e+02
3.074454478373731945e+02 1.374845349086784267e+02 2.218597519648075433e+02
3.074452111775609637e+02 1.374515814551513984e+02 2.218621972877383541e+02
3.074449745177487330e+02 1.374186280016243700e+02 2.218646426106691649e+02
3.074447378579365022e+02 1.373856745480973416e+02 2.218670879335999757e+02
3.074445011981242715e+02 1.373527210945703132e+02 2.218695332565307865e+02
3.074442645383120407e+02 1.373197676410432848e+02 2.218719785794615973e+02
3.074440278784998668e+02 1.372868141875162564e+02 2.218744239023924365e+02
3.074437912186876360e+02 1.372538607339892280e+02 2.218768692253232473e+02
3.074435545588754053e+02 1.372209072804621997e+02 2.218793145482540581e+02
3.074433178990631745e+02 1.371879538269351713e+02 2.218817598711848689e+02
3.074430812392509438e+02 1.371550003734081429e+02 2.218842051941156797e+02
3.074428445794387130e+02 1.371220469198811145e+02 2.218866505170464904e+02
3.074426079196264823e+02 1.370890934663540861e+02 2.218890958399773012e+02
3.074423712598142515e+02 1.370561400128270577e+02 2.218915411629081120e+02
3.074421346000020208e+02 1.370231865593000293e+02 2.218939864858389228e+02
3.074421346000020208e+02 1.370231865593000293e+02 2.218939864858389228e+02
3.074418995608422165e+02 1.369904587718598634e+02 2.218964150631361747e+02
3.074416645216823554e+02 1.369577309844197259e+02 2.218988436404334550e+02
3.074414294825225511e+02 1.369250031969795600e+02 2.219012722177307069e+02
3.074411944433627468e+02 1.368922754095394225e+02 2.219037007950279872e+02
3.074409594042029426e+02 1.368595476220992566e+02 2.219061293723252390e+02
3.074407243650430814e+02 1.368268198346591191e+02 2.219085579496224909e+02
3.074404893258832772e+02 1.367940920472189532e+02 2.219109865269197712e+02
3.074402542867234729e+02 1.367613642597788157e+02 2.219134151042170231e+02
3.074400192475636686e+02 1.367286364723386498e+02 2.219158436815142750e+02
3.074397842084038075e+02 1.366959086848984839e+02 2.219182722588115553e+02
3.074395491692440032e+02 1.366631808974583464e+02 2.219207008361088072e+02
3.074393141300841990e+02 1.366304531100181805e+02 2.219231294134060875e+02
3.074390790909243378e+02 1.365977253225780430e+02 2.219255579907033393e+02
3.074388440517645336e+02 1.365649975351378771e+02 2.219279865680005912e+02
3.074386090126047293e+02 1.365322697476977396e+02 2.219304151452978715e+02
3.074383739734449250e+02 1.364995419602575737e+02 2.219328437225951234e+02
3.074381389342850639e+02 1.364668141728174362e+02 2.219352722998924037e+02
3.074379038951252596e+02 1.364340863853772703e+02 2.219377008771896556e+02
