4.579565047813708389e+01 2.400950263720656892e+02 4.468041469073293825e+01
4.582606954709173408e+01 2.401078491021340540e+02 4.466283694682621785e+01
4.585648861604638427e+01 2.401206718322024471e+02 4.464525920291949035e+01
4.588690768500103445e+01 2.401334945622708119e+02 4.462768145901276995e+01
4.591732675395568464e+01 2.401463172923391767e+02 4.461010371510604244e+01
4.594774582291032772e+01 2.401591400224075414e+02 4.459252597119932204e+01
4.597816489186497790e+01 2.401719627524759346e+02 4.457494822729259454e+01
4.600858396081962809e+01 2.401847854825442994e+02 4.455737048338587414e+01
4.603900302977427827e+01 2.401976082126126641e+02 4.453979273947914663e+01
4.606942209872892846e+01 2.402104309426810289e+02 4.452221499557242623e+01
4.609984116768357865e+01 2.402232536727494221e+02 4.450463725166569873e+01
4.613026023663822883e+01 2.402360764028177869e+02 4.448705950775897833e+01
4.616067930559287902e+01 2.402488991328861516e+02 4.446948176385225082e+01
4.619109837454752920e+01 2.402617218629545164e+02 4.445190401994553042e+01
4.622151744350217939e+01 2.402745445930229096e+02 4.443432627603880292e+01
4.625193651245682247e+01 2.402873673230912743e+02 4.441674853213208252e+01
4.628235558141147266e+01 2.403001900531596391e+02 4.439917078822535501e+01
4.631277465036612284e+01 2.403130127832280039e+02 4.438159304431863461e+01
4.634319371932077303e+01 2.403258355132963970e+02 4.436401530041190711e+01
4.637361278827542321e+01 2.403386582433647618e+02 4.434643755650518671e+01
4.637361278827542321e+01 2.403386582433647618e+02 4.434643755650518671e+01
4.640792248131999997e+01 2.403240089830757995e+02 4.434770670258997427e+01
4.644223217436456963e+01 2.403093597227868372e+02 4.434897584867475473e+01
4.647654186740913929e+01 2.402947104624979033e+02 4.435024499475954229e+01
4.651085156045371605e+01 2.402800612022089410e+02 4.435151414084432986e+01
4.654516125349829281e+01 2.402654119419199787e+02 4.435278328692911032e+01
4.657947094654286246e+01 2.402507626816310164e+02 4.435405243301389788e+01
4.661378063958743212e+01 2.402361134213420826e+02 4.435532157909868545e+01
4.664809033263200888e+01 2.402214641610531203e+02 4.435659072518346591e+01
4.668240002567658564e+01 2.402068149007641580e+02 4.435785987126825347e+01
4.671670971872115530e+01 2.401921656404751957e+02 4.435912901735304104e+01
4.675101941176572495e+01 2.401775163801862618e+02 4.436039816343782149e+01
4.678532910481030171e+01 2.401628671198972995e+02 4.436166730952260906e+01
4.681963879785487848e+01 2.401482178596083372e+02 4.436293645560739662e+01
4.685394849089944813e+01 2.401335685993193749e+02 4.436420560169218419e+01
4.688825818394401779e+01 2.401189193390304126e+02 4.436547474777696465e+01
4.692256787698859455e+01 2.401042700787414788e+02 4.436674389386175221e+01
4.695687757003317131e+01 2.400896208184525165e+02 4.436801303994653978e+01
4.699118726307774097e+01 2.400749715581635542e+02 4.436928218603132024e+01
4.702549695612231062e+01 2.400603222978745919e+02 4.437055133211610780e+01
4.705980664916688738e+01 2.400456730375856580e+02 4.437182047820089537e+01
4.709411634221146414e+01 2.400310237772966957e+02 4.437308962428567582e+01
4.712842603525603380e+01 2.400163745170077334e+02 4.437435877037046339e+01
4.712842603525603380e+01 2.400163745170077334e+02 4.437435877037046339e+01
4.716420094025397702e+01 2.400064814564583173e+02 4.437250056599651771e+01
4.719997584525192025e+01 2.399965883959089012e+02 4.437064236162257203e+01
4.723575075024986347e+01 2.399866953353594852e+02 4.436878415724862634e+01
4.727152565524780670e+01 2.399768022748100691e+02 4.436692595287468066e+01
4.730730056024574992e+01 2.399669092142606530e+02 4.436506774850072787e+01
4.734307546524369315e+01 2.399570161537112369e+02 4.436320954412678219e+01
4.737885037024163637e+01 2.399471230931618209e+02 4.436135133975283651e+01
4.741462527523957959e+01 2.399372300326124048e+02 4.435949313537889083e+01
4.745040018023752282e+01 2.399273369720629887e+02 4.435763493100494514e+01
4.748617508523546604e+01 2.399174439115135726e+02 4.435577672663099946e+01
4.752194999023340927e+01 2.399075508509641566e+02 4.435391852225705378e+01
4.755772489523135249e+01 2.398976577904147405e+02 4.435206031788310810e+01
4.759349980022929572e+01 2.398877647298652960e+02 4.435020211350915531e+01
4.762927470522723894e+01 2.398778716693158799e+02 4.434834390913520963e+01
4.766504961022518216e+01 2.398679786087664638e+02 4.434648570476126395e+01
4.770082451522312539e+01 2.398580855482170477e+02 4.434462750038731826e+01
4.773659942022106861e+01 2.398481924876676317e+02 4.434276929601337258e+01
4.777237432521901184e+01 2.398382994271182156e+02 4.434091109163942690e+01
4.780814923021695506e+01 2.398284063665687995e+02 4.433905288726548122e+01
4.784392413521489829e+01 2.398185133060193834e+02 4.433719468289153554e+01
4.787969904021284151e+01 2.398086202454699674e+02 4.433533647851758985e+01
4.791547394521078473e+01 2.397987271849205513e+02 4.433347827414363707e+01
4.795124885020872796e+01 2.397888341243711352e+02 4.433162006976969138e+01
4.798702375520667118e+01 2.397789410638217191e+02 4.432976186539574570e+01
4.802279866020461441e+01 2.397690480032723030e+02 4.432790366102180002e+01
4.805857356520255763e+01 2.397591549427228870e+02 4.432604545664785434e+01
4.805857356520255763e+01 2.397591549427228870e+02 4.432604545664785434e+01
4.808420582920553699e+01 2.397577851496913581e+02 4.432609679442834505e+01
4.810983809320852345e+01 2.397564153566598293e+02 4.432614813220883576e+01
4.813547035721150280e+01 2.397550455636283004e+02 4.432619946998932647e+01
4.816110262121448216e+01 2.397536757705968000e+02 4.432625080776981719e+01
4.818673488521746862e+01 2.397523059775652712e+02 4.432630214555030790e+01
4.821236714922044797e+01 2.397509361845337423e+02 4.432635348333079861e+01
4.823799941322342733e+01 2.397495663915022135e+02 4.432640482111128932e+01
4.826363167722641379e+01 2.397481965984706846e+02 4.432645615889178003e+01
4.828926394122939314e+01 2.397468268054391558e+02 4.432650749667227075e+01
4.831489620523237960e+01 2.397454570124076270e+02 4.432655883445276146e+01
4.834052846923535895e+01 2.397440872193760981e+02 4.432661017223325217e+01
4.836616073323833831e+01 2.397427174263445977e+02 4.432666151001374288e+01
4.839179299724132477e+01 2.397413476333130689e+02 4.432671284779423360e+01
4.841742526124430412e+01 2.397399778402815400e+02 4.432676418557472431e+01
4.844305752524728348e+01 2.397386080472500112e+02 4.432681552335521502e+01
4.846868978925026994e+01 2.397372382542184823e+02 4.432686686113571284e+01
4.849432205325324929e+01 2.397358684611869535e+02 4.432691819891620355e+01
4.851995431725622865e+01 2.397344986681554246e+02 4.432696953669669426e+01
4.854558658125921511e+01 2.397331288751238958e+02 4.432702087447718498e+01
4.857121884526219446e+01 2.397317590820923954e+02 4.432707221225767569e+01
4.859685110926517382e+01 2.397303892890608665e+02 4.432712355003816640e+01
4.862248337326816028e+01 2.397290194960293377e+02 4.432717488781865711e+01
4.864811563727113963e+01 2.397276497029978088e+02 4.432722622559914782e+01
4.867374790127412609e+01 2.397262799099662800e+02 4.432727756337963854e+01
4.869938016527710545e+01 2.397249101169347512e+02 4.432732890116012925e+01
4.872501242928008480e+01 2.397235403239032223e+02 4.432738023894061996e+01
4.875064469328307126e+01 2.397221705308716935e+02 4.432743157672111067e+01
4.877627695728605062e+01 2.397208007378401931e+02 4.432748291450160139e+01
4.880190922128902997e+01 2.397194309448086642e+02 4.432753425228209210e+01
4.882754148529201643e+01 2.397180611517771354e+02 4.432758559006258281e+01
4.885317374929499579e+01 2.397166913587456065e+02 4.432763692784307352e+01
4.885317374929499579e+01 2.397166913587456065e+02 4.432763692784307352e+01
4.887567974029288109e+01 2.397413863928008197e+02 4.431449636147497273e+01
4.889818573129075929e+01 2.397660814268560046e+02 4.430135579510686483e+01
4.892069172228864460e+01 2.397907764609112178e+02 4.428821522873876404e+01
4.894319771328652280e+01 2.398154714949664310e+02 4.427507466237066325e+01
4.896570370428440810e+01 2.398401665290216158e+02 4.426193409600255535e+01
4.898820969528229341e+01 2.398648615630768290e+02 4.424879352963445456e+01
4.901071568628017161e+01 2.398895565971320423e+02 4.423565296326635377e+01
4.903322167727805692e+01 2.399142516311872271e+02 4.422251239689824587e+01
4.905572766827593512e+01 2.399389466652424403e+02 4.420937183053014508e+01
4.907823365927382042e+01 2.399636416992976535e+02 4.419623126416204428e+01
4.910073965027170573e+01 2.399883367333528383e+02 4.418309069779393639e+01
4.912324564126958393e+01 2.400130317674080516e+02 4.416995013142583559e+01
4.914575163226746923e+01 2.400377268014632648e+02 4.415680956505773480e+01
4.916825762326534743e+01 2.400624218355184780e+02 4.414366899868963401e+01
4.919076361426323274e+01 2.400871168695736628e+02 4.413052843232152611e+01
4.921326960526111804e+01 2.401118119036288761e+02 4.411738786595342532e+01
4.923577559625899625e+01 2.401365069376840893e+02 4.410424729958532453e+01
4.925828158725688155e+01 2.401612019717392741e+02 4.409110673321721663e+01
4.928078757825475975e+01 2.401858970057944873e+02 4.407796616684911584e+01
4.930329356925264506e+01 2.402105920398497005e+02 4.406482560048101504e+01
4.932579956025053036e+01 2.402352870739048853e+02 4.405168503411290715e+01
4.934830555124840856e+01 2.402599821079600986e+02 4.403854446774480635e+01
4.937081154224629387e+01 2.402846771420153118e+02 4.402540390137670556e+01
4.939331753324417207e+01 2.403093721760704966e+02 4.401226333500859766e+01
4.941582352424205737e+01 2.403340672101257098e+02 4.399912276864049687e+01
4.941582352424205737e+01 2.403340672101257098e+02 4.399912276864049687e+01
4.943562969168795007e+01 2.403557998225498977e+02 4.398755854745845539e+01
4.945543585913384277e+01 2.403775324349740856e+02 4.397599432627642102e+01
4.947524202657973547e+01 2.403992650473983019e+02 4.396443010509437954e+01
4.949504819402562816e+01 2.404209976598224898e+02 4.395286588391233806e+01
4.951485436147152086e+01 2.404427302722466777e+02 4.394130166273029658e+01
4.953466052891741356e+01 2.404644628846708656e+02 4.392973744154825511e+01
4.955446669636330626e+01 2.404861954970950819e+02 4.391817322036622073e+01
4.957427286380919185e+01 2.405079281095192698e+02 4.390660899918417925e+01
4.959407903125508454e+01 2.405296607219434577e+02 4.389504477800213778e+01
4.961388519870097724e+01 2.405513933343676456e+02 4.388348055682010340e+01
4.963369136614686994e+01 2.405731259467918335e+02 4.387191633563806192e+01
4.965349753359276264e+01 2.405948585592160498e+02 4.386035211445602044e+01
4.967330370103865533e+01 2.406165911716402377e+02 4.384878789327397897e+01
4.969310986848454803e+01 2.406383237840644256e+02 4.383722367209193749e+01
4.971291603593044073e+01 2.406600563964886135e+02 4.382565945090990311e+01
4.973272220337633343e+01 2.406817890089128014e+02 4.381409522972786164e+01
4.975252837082222612e+01 2.407035216213370177e+02 4.380253100854582016e+01
4.977233453826811882e+01 2.407252542337612056e+02 4.379096678736378578e+01
4.979214070571401152e+01 2.407469868461853935e+02 4.377940256618174431e+01
4.981194687315990421e+01 2.407687194586095814e+02 4.376783834499970283e+01
4.983175304060578981e+01 2.407904520710337692e+02 4.375627412381766135e+01
4.985155920805168250e+01 2.408121846834579856e+02 4.374470990263561987e+01
4.987136537549757520e+01 2.408339172958821734e+02 4.373314568145358550e+01
4.989117154294346790e+01 2.408556499083063613e+02 4.372158146027154402e+01
4.991097771038936060e+01 2.408773825207305492e+02 4.371001723908950254e+01
4.993078387783525329e+01 2.408991151331547655e+02 4.369845301790746817e+01
4.995059004528114599e+01 2.409208477455789534e+02 4.368688879672542669e+01
4.997039621272703869e+01 2.409425803580031413e+02 4.367532457554338521e+01
4.997039621272703869e+01 2.409425803580031413e+02 4.367532457554338521e+01
4.999596227678564020e+01 2.409346335397523546e+02 4.366343047124145471e+01
5.002152834084424882e+01 2.409266867215015964e+02 4.365153636693952421e+01
5.004709440490285033e+01 2.409187399032508097e+02 4.363964226263759372e+01
5.007266046896145184e+01 2.409107930850000230e+02 4.362774815833567033e+01
5.009822653302006046e+01 2.409028462667492363e+02 4.361585405403373983e+01
5.012379259707866197e+01 2.408948994484984780e+02 4.360395994973180933e+01
5.014935866113726348e+01 2.408869526302476913e+02 4.359206584542987883e+01
5.017492472519587210e+01 2.408790058119969046e+02 4.358017174112794834e+01
5.020049078925447361e+01 2.408710589937461464e+02 4.356827763682601784e+01
5.022605685331307512e+01 2.408631121754953597e+02 4.355638353252408734e+01
5.025162291737168374e+01 2.408551653572445730e+02 4.354448942822216395e+01
5.027718898143028525e+01 2.408472185389937863e+02 4.353259532392023345e+01
5.030275504548888676e+01 2.408392717207430280e+02 4.352070121961830296e+01
5.032832110954748828e+01 2.408313249024922413e+02 4.350880711531637246e+01
5.035388717360609689e+01 2.408233780842414546e+02 4.349691301101444196e+01
5.037945323766469841e+01 2.408154312659906964e+02 4.348501890671251147e+01
5.040501930172329992e+01 2.408074844477399097e+02 4.347312480241058097e+01
5.043058536578190854e+01 2.407995376294891230e+02 4.346123069810865758e+01
5.045615142984051005e+01 2.407915908112383363e+02 4.344933659380672708e+01
5.048171749389911156e+01 2.407836439929875780e+02 4.343744248950479658e+01
5.050728355795772018e+01 2.407756971747367913e+02 4.342554838520286609e+01
5.053284962201632169e+01 2.407677503564860046e+02 4.341365428090093559e+01
5.055841568607492320e+01 2.407598035382352464e+02 4.340176017659900509e+01
5.058398175013353182e+01 2.407518567199844597e+02 4.338986607229707460e+01
5.060954781419213333e+01 2.407439099017336730e+02 4.337797196799515120e+01
5.063511387825073484e+01 2.407359630834828863e+02 4.336607786369322071e+01
5.066067994230934346e+01 2.407280162652321280e+02 4.335418375939129021e+01
5.068624600636794497e+01 2.407200694469813413e+02 4.334228965508935971e+01
5.068624600636794497e+01 2.407200694469813413e+02 4.334228965508935971e+01
5.072192324136165098e+01 2.407290151309516091e+02 4.334940783419973798e+01
5.075760047635535699e+01 2.407379608149218768e+02 4.335652601331012335e+01
5.079327771134906300e+01 2.407469064988921446e+02 4.336364419242050161e+01
5.082895494634276901e+01 2.407558521828624123e+02 4.337076237153087988e+01
5.086463218133647501e+01 2.407647978668326800e+02 4.337788055064126524e+01
5.090030941633018102e+01 2.407737435508029478e+02 4.338499872975164351e+01
5.093598665132388703e+01 2.407826892347732155e+02 4.339211690886202177e+01
5.097166388631759304e+01 2.407916349187434832e+02 4.339923508797240004e+01
5.100734112131129905e+01 2.408005806027137510e+02 4.340635326708278541e+01
5.104301835630500506e+01 2.408095262866840187e+02 4.341347144619316367e+01
5.107869559129871107e+01 2.408184719706542865e+02 4.342058962530354194e+01
5.111437282629241707e+01 2.408274176546245542e+02 4.342770780441392731e+01
5.115005006128612308e+01 2.408363633385948219e+02 4.343482598352430557e+01
5.118572729627982909e+01 2.408453090225650897e+02 4.344194416263468383e+01
5.122140453127353510e+01 2.408542547065353574e+02 4.344906234174506920e+01
5.125708176626724111e+01 2.408632003905056251e+02 4.345618052085544747e+01
5.129275900126094712e+01 2.408721460744758929e+02 4.346329869996582573e+01
5.132843623625465312e+01 2.408810917584461606e+02 4.347041687907621110e+01
5.136411347124835913e+01 2.408900374424164283e+02 4.347753505818658937e+01
5.139979070624206514e+01 2.408989831263866961e+02 4.348465323729696763e+01
5.143546794123577115e+01 2.409079288103569638e+02 4.349177141640734590e+01
5.147114517622947716e+01 2.409168744943272316e+02 4.349888959551773127e+01
5.150682241122318317e+01 2.409258201782974993e+02 4.350600777462810953e+01
5.154249964621688918e+01 2.409347658622677670e+02 4.351312595373848779e+01
5.157817688121059518e+01 2.409437115462380348e+02 4.352024413284887316e+01
5.161385411620430119e+01 2.409526572302083025e+02 4.352736231195925143e+01
5.161385411620430119e+01 2.409526572302083025e+02 4.352736231195925143e+01
5.162967834446844506e+01 2.409362075437204851e+02 4.353417493927862125e+01
5.164550257273258893e+01 2.409197578572326961e+02 4.354098756659798397e+01
5.166132680099673991e+01 2.409033081707448787e+02 4.354780019391735379e+01
5.167715102926088377e+01 2.408868584842570897e+02 4.355461282123671651e+01
5.169297525752502764e+01 2.408704087977692723e+02 4.356142544855608634e+01
5.170879948578917151e+01 2.408539591112814833e+02 4.356823807587544906e+01
5.172462371405331538e+01 2.408375094247936659e+02 4.357505070319481888e+01
5.174044794231746636e+01 2.408210597383058484e+02 4.358186333051418160e+01
5.175627217058161023e+01 2.408046100518180594e+02 4.358867595783355142e+01
5.177209639884575409e+01 2.407881603653302420e+02 4.359548858515291414e+01
5.178792062710989796e+01 2.407717106788424530e+02 4.360230121247228396e+01
5.180374485537404183e+01 2.407552609923546356e+02 4.360911383979165379e+01
5.181956908363819281e+01 2.407388113058668182e+02 4.361592646711101651e+01
5.183539331190233668e+01 2.407223616193790292e+02 4.362273909443038633e+01
5.185121754016648055e+01 2.407059119328912118e+02 4.362955172174974905e+01
5.186704176843062442e+01 2.406894622464034228e+02 4.363636434906911887e+01
5.188286599669476828e+01 2.406730125599156054e+02 4.364317697638848159e+01
5.189869022495891215e+01 2.406565628734278164e+02 4.364998960370785142e+01
5.191451445322306313e+01 2.406401131869399990e+02 4.365680223102721413e+01
5.193033868148720700e+01 2.406236635004521816e+02 4.366361485834658396e+01
5.194616290975135087e+01 2.406072138139643926e+02 4.367042748566595378e+01
5.196198713801549474e+01 2.405907641274765751e+02 4.367724011298531650e+01
5.197781136627963861e+01 2.405743144409887861e+02 4.368405274030468632e+01
5.199363559454378958e+01 2.405578647545009687e+02 4.369086536762404904e+01
5.200945982280793345e+01 2.405414150680131513e+02 4.369767799494341887e+01
5.202528405107207732e+01 2.405249653815253623e+02 4.370449062226278159e+01
5.204110827933622119e+01 2.405085156950375449e+02 4.371130324958215141e+01
5.205693250760036506e+01 2.404920660085497559e+02 4.371811587690151413e+01
5.207275673586451603e+01 2.404756163220619385e+02 4.372492850422088395e+01
5.208858096412865990e+01 2.404591666355741495e+02 4.373174113154024667e+01
5.210440519239280377e+01 2.404427169490863321e+02 4.373855375885961649e+01
5.210440519239280377e+01 2.404427169490863321e+02 4.373855375885961649e+01
5.213587116367242658e+01 2.404478923035911748e+02 4.374027826690672072e+01
5.216733713495204938e+01 2.404530676580959891e+02 4.374200277495382494e+01
5.219880310623166508e+01 2.404582430126008319e+02 4.374372728300092916e+01
5.223026907751128789e+01 2.404634183671056462e+02 4.374545179104803339e+01
5.226173504879091070e+01 2.404685937216104890e+02 4.374717629909513761e+01
5.229320102007053350e+01 2.404737690761153033e+02 4.374890080714224183e+01
5.232466699135014920e+01 2.404789444306201460e+02 4.375062531518934605e+01
5.235613296262977201e+01 2.404841197851249603e+02 4.375234982323645028e+01
5.238759893390939482e+01 2.404892951396298031e+02 4.375407433128355450e+01
5.241906490518901762e+01 2.404944704941346174e+02 4.375579883933065872e+01
5.245053087646864043e+01 2.404996458486394602e+02 4.375752334737776295e+01
5.248199684774825613e+01 2.405048212031442745e+02 4.375924785542486006e+01
5.251346281902787894e+01 2.405099965576491172e+02 4.376097236347196429e+01
5.254492879030750174e+01 2.405151719121539315e+02 4.376269687151906851e+01
5.257639476158712455e+01 2.405203472666587743e+02 4.376442137956617273e+01
5.260786073286674736e+01 2.405255226211635886e+02 4.376614588761327695e+01
5.263932670414636306e+01 2.405306979756684314e+02 4.376787039566038118e+01
5.267079267542598586e+01 2.405358733301732457e+02 4.376959490370748540e+01
5.270225864670560867e+01 2.405410486846780884e+02 4.377131941175458962e+01
5.273372461798523148e+01 2.405462240391829027e+02 4.377304391980169385e+01
5.276519058926484718e+01 2.405513993936877455e+02 4.377476842784879807e+01
5.279665656054446998e+01 2.405565747481925598e+02 4.377649293589590229e+01
5.282812253182409279e+01 2.405617501026974026e+02 4.377821744394300651e+01
5.282812253182409279e+01 2.405617501026974026e+02 4.377821744394300651e+01
5.284592092859093526e+01 2.405432482179980127e+02 4.378587998786178304e+01
5.286371932535778484e+01 2.405247463332985944e+02 4.379354253178055956e+01
5.288151772212462731e+01 2.405062444485992046e+02 4.380120507569933608e+01
5.289931611889147689e+01 2.404877425638998147e+02 4.380886761961810549e+01
5.291711451565831936e+01 2.404692406792003965e+02 4.381653016353688201e+01
5.293491291242516894e+01 2.404507387945010066e+02 4.382419270745565854e+01
5.295271130919201141e+01 2.404322369098016168e+02 4.383185525137443506e+01
5.297050970595885389e+01 2.404137350251021985e+02 4.383951779529321158e+01
5.298830810272570346e+01 2.403952331404028087e+02 4.384718033921198810e+01
5.300610649949254594e+01 2.403767312557034188e+02 4.385484288313076462e+01
5.302390489625939551e+01 2.403582293710040005e+02 4.386250542704954114e+01
5.304170329302623799e+01 2.403397274863046107e+02 4.387016797096831056e+01
5.305950168979308756e+01 2.403212256016051924e+02 4.387783051488708708e+01
5.307730008655993004e+01 2.403027237169058026e+02 4.388549305880586360e+01
5.309509848332677961e+01 2.402842218322064127e+02 4.389315560272464012e+01
5.311289688009362209e+01 2.402657199475069945e+02 4.390081814664341664e+01
5.313069527686046456e+01 2.402472180628076046e+02 4.390848069056219316e+01
5.314849367362731414e+01 2.402287161781082148e+02 4.391614323448096968e+01
5.316629207039415661e+01 2.402102142934087965e+02 4.392380577839974620e+01
5.318409046716100619e+01 2.401917124087094066e+02 4.393146832231851562e+01
5.320188886392784866e+01 2.401732105240100168e+02 4.393913086623729214e+01
5.321968726069469824e+01 2.401547086393105985e+02 4.394679341015606866e+01
5.323748565746154071e+01 2.401362067546112087e+02 4.395445595407484518e+01
5.323748565746154071e+01 2.401362067546112087e+02 4.395445595407484518e+01
5.327913561180159263e+01 2.401352979581426439e+02 4.397042884470285884e+01
5.332078556614165166e+01 2.401343891616740791e+02 4.398640173533086539e+01
5.336243552048170358e+01 2.401334803652055143e+02 4.400237462595887905e+01
5.340408547482176260e+01 2.401325715687369495e+02 4.401834751658689271e+01
5.344573542916181452e+01 2.401316627722683847e+02 4.403432040721490637e+01
5.348738538350187355e+01 2.401307539757998200e+02 4.405029329784291292e+01
5.352903533784192547e+01 2.401298451793312552e+02 4.406626618847092658e+01
5.357068529218198449e+01 2.401289363828626904e+02 4.408223907909894024e+01
5.361233524652203641e+01 2.401280275863941256e+02 4.409821196972695390e+01
5.365398520086209544e+01 2.401271187899255608e+02 4.411418486035496045e+01
5.369563515520214736e+01 2.401262099934569960e+02 4.413015775098297411e+01
5.373728510954220638e+01 2.401253011969884312e+02 4.414613064161098777e+01
5.377893506388225831e+01 2.401243924005198664e+02 4.416210353223900142e+01
5.382058501822231733e+01 2.401234836040513017e+02 4.417807642286700798e+01
5.386223497256236925e+01 2.401225748075827369e+02 4.419404931349502164e+01
5.390388492690242828e+01 2.401216660111141721e+02 4.421002220412303529e+01
5.394553488124248020e+01 2.401207572146456073e+02 4.422599509475104895e+01
5.398718483558253922e+01 2.401198484181770425e+02 4.424196798537905551e+01
5.402883478992259114e+01 2.401189396217084777e+02 4.425794087600706916e+01
5.402883478992259114e+01 2.401189396217084777e+02 4.425794087600706916e+01
5.404482931805370782e+01 2.400955956935074482e+02 4.425833708364874042e+01
5.406082384618481740e+01 2.400722517653064187e+02 4.425873329129041167e+01
5.407681837431593408e+01 2.400489078371053893e+02 4.425912949893208292e+01
5.409281290244705076e+01 2.400255639089043598e+02 4.425952570657376128e+01
5.410880743057816034e+01 2.400022199807033587e+02 4.425992191421543254e+01
5.412480195870927702e+01 2.399788760525023292e+02 4.426031812185710379e+01
5.414079648684039370e+01 2.399555321243012997e+02 4.426071432949877504e+01
5.415679101497150327e+01 2.399321881961002703e+02 4.426111053714044630e+01
5.417278554310261995e+01 2.399088442678992408e+02 4.426150674478211755e+01
5.418878007123373663e+01 2.398855003396982113e+02 4.426190295242378880e+01
5.420477459936484621e+01 2.398621564114971818e+02 4.426229916006546716e+01
5.422076912749596289e+01 2.398388124832961523e+02 4.426269536770713842e+01
5.423676365562707957e+01 2.398154685550951228e+02 4.426309157534880967e+01
5.425275818375818915e+01 2.397921246268941218e+02 4.426348778299048092e+01
5.426875271188930583e+01 2.397687806986930923e+02 4.426388399063215218e+01
5.428474724002042251e+01 2.397454367704920628e+02 4.426428019827382343e+01
5.430074176815153209e+01 2.397220928422910333e+02 4.426467640591550179e+01
5.431673629628264877e+01 2.396987489140900038e+02 4.426507261355717304e+01
5.433273082441376545e+01 2.396754049858889744e+02 4.426546882119884430e+01
5.434872535254487502e+01 2.396520610576879449e+02 4.426586502884051555e+01
5.436471988067599170e+01 2.396287171294869154e+02 4.426626123648218680e+01
5.438071440880710838e+01 2.396053732012858859e+02 4.426665744412385806e+01
5.439670893693821796e+01 2.395820292730848848e+02 4.426705365176552931e+01
5.441270346506933464e+01 2.395586853448838554e+02 4.426744985940720767e+01
5.442869799320045132e+01 2.395353414166828259e+02 4.426784606704887892e+01
5.444469252133156090e+01 2.395119974884817964e+02 4.426824227469055018e+01
5.446068704946267758e+01 2.394886535602807669e+02 4.426863848233222143e+01
5.446068704946267758e+01 2.394886535602807669e+02 4.426863848233222143e+01
5.448090127969567220e+01 2.394689264682326382e+02 4.429228932817279230e+01
5.450111550992865972e+01 2.394491993761845094e+02 4.431594017401337027e+01
5.452132974016164724e+01 2.394294722841363807e+02 4.433959101985394113e+01
5.454154397039464186e+01 2.394097451920882520e+02 4.436324186569451200e+01
5.456175820062763648e+01 2.393900181000401233e+02 4.438689271153508997e+01
5.458197243086062400e+01 2.393702910079919661e+02 4.441054355737566084e+01
5.460218666109361152e+01 2.393505639159438374e+02 4.443419440321623171e+01
5.462240089132660614e+01 2.393308368238957087e+02 4.445784524905680968e+01
5.464261512155960077e+01 2.393111097318475800e+02 4.448149609489738054e+01
5.466282935179258828e+01 2.392913826397994512e+02 4.450514694073795141e+01
5.468304358202557580e+01 2.392716555477513225e+02 4.452879778657852938e+01
5.470325781225857043e+01 2.392519284557031938e+02 4.455244863241910025e+01
5.472347204249156505e+01 2.392322013636550651e+02 4.457609947825967112e+01
5.474368627272455257e+01 2.392124742716069363e+02 4.459975032410024909e+01
5.476390050295754008e+01 2.391927471795588076e+02 4.462340116994081995e+01
5.478411473319053471e+01 2.391730200875106789e+02 4.464705201578139082e+01
5.480432896342352933e+01 2.391532929954625502e+02 4.467070286162196879e+01
5.482454319365651685e+01 2.391335659034144214e+02 4.469435370746253966e+01
5.484475742388950437e+01 2.391138388113662643e+02 4.471800455330311053e+01
5.486497165412249899e+01 2.390941117193181356e+02 4.474165539914368850e+01
5.488518588435549361e+01 2.390743846272700068e+02 4.476530624498425937e+01
5.490540011458848113e+01 2.390546575352218781e+02 4.478895709082483023e+01
5.492561434482146865e+01 2.390349304431737494e+02 4.481260793666540820e+01
5.494582857505446327e+01 2.390152033511256207e+02 4.483625878250597907e+01
5.494582857505446327e+01 2.390152033511256207e+02 4.483625878250597907e+01
5.495981756925231565e+01 2.390015514745504959e+02 4.485262604168056555e+01
5.497380656345016803e+01 2.389878995979753711e+02 4.486899330085515203e+01
5.498779555764802041e+01 2.389742477214002747e+02 4.488536056002973851e+01
5.500178455184587278e+01 2.389605958448251499e+02 4.490172781920431788e+01
5.501577354604373227e+01 2.389469439682500251e+02 4.491809507837890436e+01
5.502976254024158465e+01 2.389332920916749003e+02 4.493446233755349084e+01
5.504375153443943702e+01 2.389196402150997756e+02 4.495082959672807732e+01
5.505774052863728940e+01 2.389059883385246792e+02 4.496719685590266380e+01
5.507172952283514178e+01 2.388923364619495544e+02 4.498356411507725028e+01
5.508571851703299416e+01 2.388786845853744296e+02 4.499993137425183676e+01
5.509970751123084653e+01 2.388650327087993048e+02 4.501629863342641613e+01
5.511369650542869891e+01 2.388513808322242085e+02 4.503266589260100261e+01
5.512768549962655129e+01 2.388377289556490837e+02 4.504903315177558909e+01
5.514167449382441077e+01 2.388240770790739589e+02 4.506540041095017557e+01
5.515566348802226315e+01 2.388104252024988341e+02 4.508176767012476205e+01
5.516965248222011553e+01 2.387967733259237093e+02 4.509813492929934853e+01
5.518364147641796791e+01 2.387831214493486129e+02 4.511450218847393501e+01
5.519763047061582029e+01 2.387694695727734882e+02 4.513086944764851438e+01
5.521161946481367266e+01 2.387558176961983634e+02 4.514723670682310086e+01
5.522560845901152504e+01 2.387421658196232386e+02 4.516360396599768734e+01
5.523959745320937742e+01 2.387285139430481422e+02 4.517997122517227382e+01
5.525358644740722980e+01 2.387148620664730174e+02 4.519633848434686030e+01
5.526757544160508218e+01 2.387012101898978926e+02 4.521270574352144678e+01
5.528156443580294166e+01 2.386875583133227678e+02 4.522907300269603326e+01
5.529555343000079404e+01 2.386739064367476431e+02 4.524544026187061263e+01
5.530954242419864642e+01 2.386602545601725467e+02 4.526180752104519911e+01
5.532353141839649879e+01 2.386466026835974219e+02 4.527817478021978559e+01
5.533752041259435117e+01 2.386329508070222971e+02 4.529454203939437207e+01
5.533752041259435117e+01 2.386329508070222971e+02 4.529454203939437207e+01
5.535691051789348194e+01 2.386147529745304610e+02 4.529630094999074430e+01
5.537630062319260560e+01 2.385965551420386532e+02 4.529805986058711653e+01
5.539569072849173637e+01 2.385783573095468171e+02 4.529981877118348166e+01
5.541508083379086003e+01 2.385601594770549809e+02 4.530157768177985389e+01
5.543447093908999079e+01 2.385419616445631732e+02 4.530333659237622612e+01
5.545386104438911445e+01 2.385237638120713370e+02 4.530509550297259835e+01
5.547325114968824522e+01 2.385055659795795009e+02 4.530685441356896348e+01
5.549264125498736888e+01 2.384873681470876932e+02 4.530861332416533571e+01
5.551203136028649965e+01 2.384691703145958570e+02 4.531037223476170794e+01
5.553142146558562331e+01 2.384509724821040209e+02 4.531213114535808018e+01
5.555081157088475408e+01 2.384327746496122131e+02 4.531389005595444530e+01
5.557020167618388484e+01 2.384145768171203770e+02 4.531564896655081753e+01
5.558959178148300850e+01 2.383963789846285408e+02 4.531740787714718977e+01
5.560898188678213927e+01 2.383781811521367047e+02 4.531916678774356200e+01
5.562837199208126293e+01 2.383599833196448969e+02 4.532092569833993423e+01
5.564776209738039370e+01 2.383417854871530608e+02 4.532268460893629936e+01
5.566715220267951736e+01 2.383235876546612246e+02 4.532444351953267159e+01
5.568654230797864813e+01 2.383053898221694169e+02 4.532620243012904382e+01
5.570593241327777179e+01 2.382871919896775808e+02 4.532796134072541605e+01
5.572532251857690255e+01 2.382689941571857446e+02 4.532972025132178118e+01
5.574471262387602621e+01 2.382507963246939369e+02 4.533147916191815341e+01
5.576410272917515698e+01 2.382325984922021007e+02 4.533323807251452564e+01
5.576410272917515698e+01 2.382325984922021007e+02 4.533323807251452564e+01
5.578780174676298031e+01 2.382103566969342978e+02 4.533538785213231392e+01
5.581150076435080365e+01 2.381881149016665233e+02 4.533753763175009510e+01
5.583519978193862698e+01 2.381658731063987489e+02 4.533968741136788339e+01
5.585889879952645032e+01 2.381436313111309460e+02 4.534183719098567167e+01
5.588259781711426655e+01 2.381213895158631431e+02 4.534398697060345995e+01
5.590629683470208988e+01 2.380991477205953686e+02 4.534613675022124113e+01
5.592999585228991322e+01 2.380769059253275941e+02 4.534828652983902941e+01
5.595369486987773655e+01 2.380546641300597912e+02 4.535043630945681770e+01
5.597739388746555989e+01 2.380324223347919883e+02 4.535258608907460598e+01
5.600109290505338322e+01 2.380101805395242138e+02 4.535473586869238716e+01
5.602479192264120655e+01 2.379879387442564393e+02 4.535688564831017544e+01
5.604849094022902989e+01 2.379656969489886364e+02 4.535903542792796372e+01
5.607218995781685322e+01 2.379434551537208336e+02 4.536118520754574490e+01
5.609588897540466945e+01 2.379212133584530591e+02 4.536333498716353319e+01
5.611958799299249279e+01 2.378989715631852846e+02 4.536548476678132147e+01
5.614328701058031612e+01 2.378767297679174817e+02 4.536763454639910975e+01
5.616698602816813946e+01 2.378544879726496788e+02 4.536978432601689093e+01
5.619068504575596279e+01 2.378322461773819043e+02 4.537193410563467921e+01
5.619068504575596279e+01 2.378322461773819043e+02 4.537193410563467921e+01
5.619231524717292103e+01 2.377845255464144714e+02 4.537164760967094423e+01
5.619394544858987928e+01 2.377368049154470384e+02 4.537136111370721636e+01
5.619557565000683752e+01 2.376890842844796339e+02 4.537107461774348138e+01
5.619720585142379576e+01 2.376413636535122009e+02 4.537078812177975351e+01
5.619883605284075401e+01 2.375936430225447680e+02 4.537050162581601853e+01
5.620046625425771225e+01 2.375459223915773350e+02 4.537021512985228355e+01
5.620209645567467049e+01 2.374982017606099021e+02 4.536992863388855568e+01
5.620372665709162874e+01 2.374504811296424691e+02 4.536964213792482070e+01
5.620535685850859409e+01 2.374027604986750362e+02 4.536935564196109283e+01
5.620698705992555233e+01 2.373550398677076316e+02 4.536906914599735785e+01
5.620861726134251057e+01 2.373073192367401987e+02 4.536878265003362287e+01
5.621024746275946882e+01 2.372595986057727657e+02 4.536849615406989500e+01
5.621187766417642706e+01 2.372118779748053328e+02 4.536820965810616002e+01
5.621350786559338530e+01 2.371641573438378998e+02 4.536792316214242504e+01
5.621513806701034355e+01 2.371164367128704953e+02 4.536763666617869717e+01
5.621676826842730179e+01 2.370687160819030623e+02 4.536735017021496219e+01
5.621839846984426003e+01 2.370209954509356294e+02 4.536706367425123432e+01
5.622002867126121828e+01 2.369732748199681964e+02 4.536677717828749934e+01
5.622002867126121828e+01 2.369732748199681964e+02 4.536677717828749934e+01
5.623819278383796672e+01 2.369467643948808870e+02 4.536722712968013127e+01
5.625635689641471515e+01 2.369202539697935492e+02 4.536767708107276320e+01
5.627452100899146359e+01 2.368937435447062398e+02 4.536812703246539513e+01
5.629268512156821203e+01 2.368672331196189020e+02 4.536857698385803417e+01
5.631084923414496046e+01 2.368407226945315927e+02 4.536902693525066610e+01
5.632901334672170890e+01 2.368142122694442833e+02 4.536947688664329803e+01
5.634717745929845023e+01 2.367877018443569455e+02 4.536992683803592996e+01
5.636534157187519867e+01 2.367611914192696361e+02 4.537037678942856189e+01
5.638350568445194710e+01 2.367346809941822983e+02 4.537082674082119382e+01
5.640166979702869554e+01 2.367081705690949889e+02 4.537127669221382575e+01
5.641983390960544398e+01 2.366816601440076795e+02 4.537172664360646479e+01
5.643799802218219241e+01 2.366551497189203417e+02 4.537217659499909672e+01
5.645616213475894085e+01 2.366286392938330323e+02 4.537262654639172865e+01
5.647432624733568929e+01 2.366021288687456945e+02 4.537307649778436058e+01
5.649249035991243773e+01 2.365756184436583851e+02 4.537352644917699251e+01
5.651065447248918616e+01 2.365491080185710473e+02 4.537397640056962445e+01
5.652881858506593460e+01 2.365225975934837379e+02 4.537442635196226348e+01
5.654698269764268304e+01 2.364960871683964285e+02 4.537487630335489541e+01
5.656514681021943147e+01 2.364695767433090907e+02 4.537532625474752734e+01
5.658331092279617991e+01 2.364430663182217813e+02 4.537577620614015927e+01
5.660147503537292124e+01 2.364165558931344435e+02 4.537622615753279121e+01
5.661963914794966968e+01 2.363900454680471341e+02 4.537667610892542314e+01
5.663780326052641811e+01 2.363635350429598248e+02 4.537712606031805507e+01
5.665596737310316655e+01 2.363370246178724869e+02 4.537757601171069410e+01
5.667413148567991499e+01 2.363105141927851776e+02 4.537802596310332603e+01
5.669229559825666342e+01 2.362840037676978397e+02 4.537847591449595797e+01
5.671045971083341186e+01 2.362574933426105304e+02 4.537892586588858990e+01
5.671045971083341186e+01 2.362574933426105304e+02 4.537892586588858990e+01
5.672430044020164530e+01 2.362427538383579986e+02 4.536181462962538546e+01
5.673814116956988585e+01 2.362280143341054668e+02 4.534470339336218103e+01
5.675198189893811929e+01 2.362132748298529350e+02 4.532759215709897660e+01
5.676582262830635273e+01 2.361985353256004032e+02 4.531048092083577217e+01
5.677966335767458617e+01 2.361837958213478430e+02 4.529336968457256773e+01
5.679350408704282671e+01 2.361690563170953112e+02 4.527625844830936330e+01
5.680734481641106015e+01 2.361543168128427794e+02 4.525914721204615887e+01
5.682118554577929359e+01 2.361395773085902476e+02 4.524203597578295444e+01
5.683502627514752703e+01 2.361248378043377159e+02 4.522492473951975001e+01
5.684886700451576758e+01 2.361100983000851841e+02 4.520781350325654557e+01
5.686270773388400102e+01 2.360953587958326523e+02 4.519070226699334114e+01
5.687654846325223446e+01 2.360806192915801205e+02 4.517359103073013671e+01
5.689038919262046790e+01 2.360658797873275887e+02 4.515647979446693228e+01
5.690422992198870844e+01 2.360511402830750285e+02 4.513936855820372784e+01
5.691807065135694188e+01 2.360364007788224967e+02 4.512225732194052341e+01
5.693191138072517532e+01 2.360216612745699649e+02 4.510514608567731898e+01
5.694575211009340876e+01 2.360069217703174331e+02 4.508803484941411455e+01
5.695959283946164931e+01 2.359921822660649013e+02 4.507092361315091011e+01
5.697343356882988274e+01 2.359774427618123696e+02 4.505381237688770568e+01
5.698727429819811618e+01 2.359627032575598378e+02 4.503670114062450125e+01
5.700111502756634962e+01 2.359479637533073060e+02 4.501958990436129682e+01
5.701495575693459017e+01 2.359332242490547742e+02 4.500247866809809238e+01
5.702879648630282361e+01 2.359184847448022140e+02 4.498536743183488795e+01
5.704263721567105705e+01 2.359037452405496822e+02 4.496825619557168352e+01
5.705647794503929049e+01 2.358890057362971504e+02 4.495114495930847909e+01
5.707031867440753103e+01 2.358742662320446186e+02 4.493403372304527466e+01
5.708415940377576447e+01 2.358595267277920868e+02 4.491692248678207022e+01
5.708415940377576447e+01 2.358595267277920868e+02 4.491692248678207022e+01
5.710555305557515737e+01 2.358394485443151041e+02 4.491886314260959523e+01
5.712694670737455738e+01 2.358193703608381213e+02 4.492080379843711313e+01
5.714834035917395028e+01 2.357992921773611386e+02 4.492274445426463814e+01
5.716973401097335028e+01 2.357792139938841558e+02 4.492468511009216314e+01
5.719112766277274318e+01 2.357591358104071730e+02 4.492662576591968104e+01
5.721252131457214318e+01 2.357390576269301903e+02 4.492856642174720605e+01
5.723391496637153608e+01 2.357189794434532075e+02 4.493050707757472395e+01
5.725530861817093609e+01 2.356989012599762248e+02 4.493244773340224896e+01
5.727670226997032898e+01 2.356788230764992420e+02 4.493438838922977396e+01
5.729809592176972899e+01 2.356587448930222592e+02 4.493632904505729186e+01
5.731948957356912189e+01 2.356386667095453049e+02 4.493826970088481687e+01
5.734088322536851479e+01 2.356185885260683222e+02 4.494021035671234188e+01
5.736227687716791479e+01 2.355985103425913394e+02 4.494215101253985978e+01
5.738367052896730769e+01 2.355784321591143566e+02 4.494409166836738478e+01
5.740506418076670769e+01 2.355583539756373739e+02 4.494603232419490979e+01
5.742645783256610059e+01 2.355382757921603911e+02 4.494797298002242769e+01
5.744785148436550060e+01 2.355181976086834084e+02 4.494991363584995270e+01
5.746924513616489349e+01 2.354981194252064256e+02 4.495185429167747060e+01
5.749063878796429350e+01 2.354780412417294428e+02 4.495379494750499560e+01
5.751203243976368640e+01 2.354579630582524601e+02 4.495573560333252061e+01
5.753342609156308640e+01 2.354378848747754773e+02 4.495767625916003851e+01
5.755481974336247930e+01 2.354178066912984946e+02 4.495961691498756352e+01
5.755481974336247930e+01 2.354178066912984946e+02 4.495961691498756352e+01
5.757707875619435356e+01 2.353969163567335841e+02 4.496163606923818179e+01
5.759933776902623492e+01 2.353760260221686451e+02 4.496365522348880717e+01
5.762159678185810918e+01 2.353551356876037062e+02 4.496567437773943254e+01
5.764385579468998344e+01 2.353342453530387957e+02 4.496769353199005081e+01
5.766611480752185770e+01 2.353133550184738851e+02 4.496971268624066909e+01
5.768837382035373196e+01 2.352924646839089462e+02 4.497173184049129446e+01
5.771063283318561332e+01 2.352715743493440073e+02 4.497375099474191984e+01
5.773289184601748758e+01 2.352506840147790967e+02 4.497577014899253811e+01
5.775515085884936184e+01 2.352297936802141862e+02 4.497778930324315638e+01
5.777740987168124320e+01 2.352089033456492473e+02 4.497980845749378176e+01
5.779966888451311746e+01 2.351880130110843083e+02 4.498182761174440714e+01
5.782192789734499172e+01 2.351671226765193978e+02 4.498384676599502541e+01
5.784418691017686598e+01 2.351462323419544873e+02 4.498586592024564368e+01
5.786644592300874024e+01 2.351253420073895484e+02 4.498788507449626906e+01
5.788870493584062160e+01 2.351044516728246094e+02 4.498990422874689443e+01
5.791096394867249586e+01 2.350835613382596989e+02 4.499192338299751270e+01
5.793322296150437012e+01 2.350626710036947884e+02 4.499394253724813098e+01
5.795548197433625148e+01 2.350417806691298495e+02 4.499596169149875635e+01
5.797774098716812574e+01 2.350208903345649105e+02 4.499798084574938173e+01
5.800000000000000000e+01 2.350000000000000000e+02 4.500000000000000000e+01
5.800000000000000000e+01 2.350000000000000000e+02 4.500000000000000000e+01
5.800000000000000000e+01 2.350000000000000000e+02 4.500000000000000000e+01
5.800000000000000000e+01 2.350000000000000000e+02 4.500000000000000000e+01
5.800000000000000000e+01 2.350000000000000000e+02 4.500000000000000000e+01
5.800000000000000000e+01 2.350000000000000000e+02 4.500000000000000000e+01
5.800000000000000000e+01 2.350000000000000000e+02 4.500000000000000000e+01
5.800000000000000000e+01 2.350000000000000000e+02 4.500000000000000000e+01
5.800000000000000000e+01 2.350000000000000000e+02 4.500000000000000000e+01
5.800000000000000000e+01 2.350000000000000000e+02 4.500000000000000000e+01
5.800000000000000000e+01 2.350000000000000000e+02 4.500000000000000000e+01
5.800000000000000000e+01 2.350000000000000000e+02 4.500000000000000000e+01
5.800000000000000000e+01 2.350000000000000000e+02 4.500000000000000000e+01
5.800000000000000000e+01 2.350000000000000000e+02 4.500000000000000000e+01
5.800000000000000000e+01 2.350000000000000000e+02 4.500000000000000000e+01
5.800000000000000000e+01 2.350000000000000000e+02 4.500000000000000000e+01
5.800000000000000000e+01 2.350000000000000000e+02 4.500000000000000000e+01
5.800000000000000000e+01 2.350000000000000000e+02 4.500000000000000000e+01
5.800000000000000000e+01 2.350000000000000000e+02 4.500000000000000000e+01
5.800000000000000000e+01 2.350000000000000000e+02 4.500000000000000000e+01
5.800000000000000000e+01 2.350000000000000000e+02 4.500000000000000000e+01
5.800000000000000000e+01 2.350000000000000000e+02 4.500000000000000000e+01
5.802255108446696141e+01 2.349770107739919354e+02 4.500006440683414866e+01
5.804510216893392993e+01 2.349540215479838707e+02 4.500012881366830442e+01
5.806765325340089134e+01 2.349310323219758061e+02 4.500019322050245307e+01
5.809020433786785276e+01 2.349080430959677415e+02 4.500025762733660173e+01
5.811275542233482128e+01 2.348850538699596768e+02 4.500032203417075038e+01
5.813530650680178269e+01 2.348620646439516122e+02 4.500038644100490615e+01
5.815785759126874410e+01 2.348390754179435476e+02 4.500045084783905480e+01
5.818040867573571262e+01 2.348160861919354829e+02 4.500051525467320346e+01
5.820295976020267403e+01 2.347930969659274183e+02 4.500057966150735211e+01
5.822551084466963545e+01 2.347701077399193821e+02 4.500064406834150788e+01
5.824806192913659686e+01 2.347471185139113175e+02 4.500070847517565653e+01
5.827061301360356538e+01 2.347241292879032528e+02 4.500077288200980519e+01
5.829316409807052679e+01 2.347011400618951882e+02 4.500083728884395384e+01
5.831571518253748820e+01 2.346781508358871235e+02 4.500090169567810960e+01
5.833826626700445672e+01 2.346551616098790589e+02 4.500096610251225826e+01
5.836081735147141814e+01 2.346321723838709943e+02 4.500103050934640692e+01
5.838336843593837955e+01 2.346091831578629296e+02 4.500109491618055557e+01
5.840591952040534807e+01 2.345861939318548650e+02 4.500115932301471133e+01
5.842847060487230948e+01 2.345632047058468004e+02 4.500122372984885999e+01
5.842847060487230948e+01 2.345632047058468004e+02 4.500122372984885999e+01
5.845054884681108831e+01 2.345406975091514425e+02 4.500128678622510847e+01
5.847262708874986714e+01 2.345181903124561131e+02 4.500134984260134985e+01
5.849470533068864597e+01 2.344956831157607553e+02 4.500141289897759833e+01
5.851678357262742480e+01 2.344731759190654259e+02 4.500147595535383971e+01
5.853886181456620363e+01 2.344506687223700681e+02 4.500153901173008819e+01
5.856094005650498246e+01 2.344281615256747386e+02 4.500160206810632957e+01
5.858301829844376130e+01 2.344056543289793808e+02 4.500166512448257805e+01
5.860509654038254013e+01 2.343831471322840514e+02 4.500172818085881943e+01
5.862717478232131896e+01 2.343606399355886936e+02 4.500179123723506791e+01
5.864925302426009779e+01 2.343381327388933357e+02 4.500185429361131639e+01
5.867133126619887662e+01 2.343156255421980063e+02 4.500191734998755777e+01
5.869340950813765545e+01 2.342931183455026485e+02 4.500198040636380625e+01
5.871548775007643428e+01 2.342706111488073191e+02 4.500204346274004763e+01
5.873756599201521311e+01 2.342481039521119612e+02 4.500210651911629611e+01
5.875964423395399194e+01 2.342255967554166318e+02 4.500216957549253749e+01
5.878172247589277077e+01 2.342030895587212740e+02 4.500223263186878597e+01
5.880380071783154960e+01 2.341805823620259446e+02 4.500229568824502735e+01
5.882587895977032844e+01 2.341580751653305867e+02 4.500235874462127583e+01
5.884795720170910727e+01 2.341355679686352289e+02 4.500242180099752431e+01
5.887003544364788610e+01 2.341130607719398995e+02 4.500248485737376569e+01
5.889211368558666493e+01 2.340905535752445417e+02 4.500254791375001417e+01
5.891419192752544376e+01 2.340680463785492122e+02 4.500261097012625555e+01
5.893627016946422259e+01 2.340455391818538544e+02 4.500267402650250403e+01
5.895834841140300142e+01 2.340230319851585250e+02 4.500273708287874541e+01
5.898042665334178025e+01 2.340005247884631672e+02 4.500280013925499389e+01
5.900250489528055908e+01 2.339780175917678378e+02 4.500286319563123527e+01
5.902458313721933791e+01 2.339555103950724799e+02 4.500292625200748375e+01
5.902458313721933791e+01 2.339555103950724799e+02 4.500292625200748375e+01
5.905660191052130159e+01 2.339551242359582943e+02 4.500067926299571752e+01
5.908862068382326527e+01 2.339547380768441371e+02 4.499843227398395129e+01
5.912063945712522894e+01 2.339543519177299515e+02 4.499618528497219216e+01
5.915265823042719262e+01 2.339539657586157659e+02 4.499393829596042593e+01
5.918467700372915630e+01 2.339535795995015803e+02 4.499169130694865970e+01
5.921669577703111997e+01 2.339531934403874232e+02 4.498944431793689347e+01
5.924871455033307655e+01 2.339528072812732375e+02 4.498719732892513434e+01
5.928073332363504022e+01 2.339524211221590519e+02 4.498495033991336811e+01
5.931275209693700390e+01 2.339520349630448663e+02 4.498270335090160188e+01
5.934477087023896758e+01 2.339516488039307092e+02 4.498045636188983565e+01
5.937678964354093125e+01 2.339512626448165236e+02 4.497820937287806942e+01
5.940880841684289493e+01 2.339508764857023380e+02 4.497596238386631029e+01
5.944082719014485860e+01 2.339504903265881524e+02 4.497371539485454406e+01
5.947284596344682228e+01 2.339501041674739952e+02 4.497146840584277783e+01
5.950486473674878596e+01 2.339497180083598096e+02 4.496922141683101160e+01
5.953688351005074963e+01 2.339493318492456240e+02 4.496697442781925247e+01
5.956890228335271331e+01 2.339489456901314384e+02 4.496472743880748624e+01
5.960092105665467699e+01 2.339485595310172812e+02 4.496248044979572001e+01
5.963293982995664066e+01 2.339481733719030956e+02 4.496023346078395377e+01
5.966495860325860434e+01 2.339477872127889100e+02 4.495798647177218754e+01
5.969697737656056091e+01 2.339474010536747244e+02 4.495573948276042842e+01
5.972899614986252459e+01 2.339470148945605672e+02 4.495349249374866218e+01
5.976101492316448827e+01 2.339466287354463816e+02 4.495124550473689595e+01
5.979303369646645194e+01 2.339462425763321960e+02 4.494899851572512972e+01
5.982505246976841562e+01 2.339458564172180104e+02 4.494675152671337059e+01
5.985707124307037930e+01 2.339454702581038532e+02 4.494450453770160436e+01
5.988909001637234297e+01 2.339450840989896676e+02 4.494225754868983813e+01
5.988909001637234297e+01 2.339450840989896676e+02 4.494225754868983813e+01
5.991880585426750372e+01 2.339602474114950041e+02 4.494379378139971948e+01
5.994852169216266446e+01 2.339754107240003123e+02 4.494533001410960793e+01
5.997823753005781811e+01 2.339905740365056488e+02 4.494686624681948928e+01
6.000795336795297885e+01 2.340057373490109569e+02 4.494840247952937773e+01
6.003766920584813960e+01 2.340209006615162934e+02 4.494993871223925908e+01
6.006738504374330034e+01 2.340360639740216300e+02 4.495147494494914753e+01
6.009710088163846109e+01 2.340512272865269381e+02 4.495301117765902887e+01
6.012681671953362184e+01 2.340663905990322746e+02 4.495454741036891733e+01
6.015653255742877548e+01 2.340815539115375827e+02 4.495608364307879867e+01
6.018624839532393622e+01 2.340967172240429193e+02 4.495761987578868712e+01
6.021596423321909697e+01 2.341118805365482274e+02 4.495915610849856847e+01
6.024568007111425771e+01 2.341270438490535639e+02 4.496069234120845692e+01
6.027539590900941846e+01 2.341422071615589005e+02 4.496222857391833827e+01
6.030511174690457921e+01 2.341573704740642086e+02 4.496376480662822672e+01
6.033482758479973285e+01 2.341725337865695451e+02 4.496530103933810807e+01
6.036454342269489359e+01 2.341876970990748532e+02 4.496683727204799652e+01
6.039425926059005434e+01 2.342028604115801897e+02 4.496837350475787787e+01
6.039425926059005434e+01 2.342028604115801897e+02 4.496837350475787787e+01
6.042377321937275525e+01 2.342179207097912013e+02 4.496989930083471165e+01
6.045328717815545616e+01 2.342329810080022128e+02 4.497142509691153833e+01
6.048280113693815707e+01 2.342480413062132527e+02 4.497295089298837212e+01
6.051231509572085798e+01 2.342631016044242642e+02 4.497447668906519880e+01
6.054182905450355889e+01 2.342781619026352757e+02 4.497600248514203258e+01
6.057134301328625980e+01 2.342932222008462873e+02 4.497752828121886637e+01
6.060085697206896072e+01 2.343082824990573272e+02 4.497905407729569305e+01
6.063037093085166163e+01 2.343233427972683387e+02 4.498057987337252683e+01
6.065988488963435543e+01 2.343384030954793502e+02 4.498210566944935351e+01
6.068939884841705634e+01 2.343534633936903617e+02 4.498363146552618730e+01
6.071891280719975725e+01 2.343685236919014017e+02 4.498515726160301398e+01
6.074842676598245816e+01 2.343835839901124132e+02 4.498668305767984776e+01
6.077794072476515908e+01 2.343986442883234247e+02 4.498820885375668155e+01
6.080745468354785999e+01 2.344137045865344362e+02 4.498973464983350823e+01
6.083696864233056090e+01 2.344287648847454761e+02 4.499126044591034201e+01
6.086648260111326181e+01 2.344438251829564877e+02 4.499278624198716869e+01
6.089599655989596272e+01 2.344588854811674992e+02 4.499431203806400248e+01
6.089599655989596272e+01 2.344588854811674992e+02 4.499431203806400248e+01
6.091823863451184451e+01 2.344783859340022900e+02 4.498282499812778923e+01
6.094048070912773341e+01 2.344978863868371093e+02 4.497133795819156887e+01
6.096272278374361520e+01 2.345173868396719001e+02 4.495985091825535562e+01
6.098496485835949699e+01 2.345368872925066910e+02 4.494836387831913527e+01
6.100720693297538588e+01 2.345563877453414818e+02 4.493687683838292202e+01
6.102944900759126767e+01 2.345758881981763011e+02 4.492538979844670166e+01
6.105169108220714946e+01 2.345953886510110920e+02 4.491390275851048841e+01
6.107393315682303836e+01 2.346148891038458828e+02 4.490241571857427516e+01
6.109617523143892015e+01 2.346343895566806736e+02 4.489092867863805481e+01
6.111841730605480194e+01 2.346538900095154929e+02 4.487944163870184155e+01
6.114065938067068373e+01 2.346733904623502838e+02 4.486795459876562120e+01
6.116290145528657263e+01 2.346928909151850746e+02 4.485646755882940795e+01
6.118514352990245442e+01 2.347123913680198655e+02 4.484498051889319470e+01
6.120738560451833621e+01 2.347318918208546847e+02 4.483349347895697434e+01
6.122962767913422510e+01 2.347513922736894756e+02 4.482200643902076109e+01
6.125186975375010690e+01 2.347708927265242664e+02 4.481051939908454074e+01
6.127411182836598869e+01 2.347903931793590573e+02 4.479903235914832749e+01
6.129635390298187758e+01 2.348098936321938766e+02 4.478754531921210713e+01
6.131859597759775937e+01 2.348293940850286674e+02 4.477605827927589388e+01
6.131859597759775937e+01 2.348293940850286674e+02 4.477605827927589388e+01
6.133273938499722533e+01 2.348552322151851115e+02 4.476576101786815087e+01
6.134688279239669129e+01 2.348810703453415556e+02 4.475546375646040786e+01
6.136102619979615724e+01 2.349069084754979997e+02 4.474516649505266486e+01
6.137516960719563031e+01 2.349327466056544154e+02 4.473486923364492185e+01
6.138931301459509626e+01 2.349585847358108595e+02 4.472457197223718595e+01
6.140345642199456222e+01 2.349844228659673036e+02 4.471427471082944294e+01
6.141759982939402818e+01 2.350102609961237476e+02 4.470397744942169993e+01
6.143174323679349413e+01 2.350360991262801917e+02 4.469368018801395692e+01
6.144588664419296009e+01 2.350619372564366358e+02 4.468338292660621391e+01
6.146003005159243315e+01 2.350877753865930515e+02 4.467308566519847091e+01
6.147417345899189911e+01 2.351136135167494956e+02 4.466278840379072790e+01
6.148831686639136507e+01 2.351394516469059397e+02 4.465249114238298489e+01
6.150246027379083102e+01 2.351652897770623838e+02 4.464219388097524188e+01
6.151660368119029698e+01 2.351911279072188279e+02 4.463189661956750598e+01
6.153074708858976294e+01 2.352169660373752720e+02 4.462159935815976297e+01
6.154489049598922890e+01 2.352428041675317161e+02 4.461130209675201996e+01
6.155903390338870196e+01 2.352686422976881317e+02 4.460100483534427696e+01
6.157317731078816792e+01 2.352944804278445758e+02 4.459070757393653395e+01
6.158732071818763387e+01 2.353203185580010199e+02 4.458041031252879094e+01
6.160146412558709983e+01 2.353461566881574640e+02 4.457011305112104793e+01
6.161560753298656579e+01 2.353719948183139081e+02 4.455981578971330492e+01
6.162975094038603174e+01 2.353978329484703522e+02 4.454951852830556902e+01
6.164389434778550481e+01 2.354236710786267679e+02 4.453922126689782601e+01
6.165803775518497076e+01 2.354495092087832120e+02 4.452892400549008300e+01
6.167218116258443672e+01 2.354753473389396561e+02 4.451862674408234000e+01
6.168632456998390268e+01 2.355011854690961002e+02 4.450832948267459699e+01
6.168632456998390268e+01 2.355011854690961002e+02 4.450832948267459699e+01
6.169859284785196962e+01 2.355028361485315713e+02 4.447967510473728225e+01
6.171086112572003657e+01 2.355044868279670141e+02 4.445102072679996041e+01
6.172312940358810351e+01 2.355061375074024852e+02 4.442236634886264568e+01
6.173539768145617046e+01 2.355077881868379563e+02 4.439371197092533095e+01
6.174766595932423741e+01 2.355094388662733991e+02 4.436505759298801621e+01
6.175993423719230435e+01 2.355110895457088702e+02 4.433640321505069437e+01
6.177220251506037130e+01 2.355127402251443129e+02 4.430774883711337964e+01
6.178447079292843824e+01 2.355143909045797841e+02 4.427909445917606490e+01
6.179673907079650519e+01 2.355160415840152552e+02 4.425044008123874306e+01
6.180900734866457213e+01 2.355176922634506980e+02 4.422178570330142833e+01
6.182127562653263908e+01 2.355193429428861691e+02 4.419313132536411359e+01
6.183354390440070603e+01 2.355209936223216403e+02 4.416447694742679175e+01
6.184581218226877297e+01 2.355226443017570830e+02 4.413582256948947702e+01
6.185808046013683281e+01 2.355242949811925541e+02 4.410716819155216228e+01
6.187034873800489976e+01 2.355259456606279969e+02 4.407851381361484755e+01
6.188261701587296670e+01 2.355275963400634680e+02 4.404985943567752571e+01
6.189488529374103365e+01 2.355292470194989392e+02 4.402120505774021098e+01
6.190715357160910060e+01 2.355308976989343819e+02 4.399255067980289624e+01
6.191942184947716754e+01 2.355325483783698530e+02 4.396389630186557440e+01
6.193169012734523449e+01 2.355341990578053242e+02 4.393524192392825967e+01
6.194395840521330143e+01 2.355358497372407669e+02 4.390658754599094493e+01
6.195622668308136838e+01 2.355375004166762380e+02 4.387793316805362309e+01
6.196849496094943532e+01 2.355391510961116808e+02 4.384927879011630836e+01
6.198076323881750227e+01 2.355408017755471519e+02 4.382062441217899362e+01
6.199303151668556922e+01 2.355424524549826231e+02 4.379197003424167889e+01
6.200529979455363616e+01 2.355441031344180658e+02 4.376331565630435705e+01
6.201756807242170311e+01 2.355457538138535369e+02 4.373466127836704231e+01
6.201756807242170311e+01 2.355457538138535369e+02 4.373466127836704231e+01
6.203972700390333728e+01 2.355651813720147914e+02 4.372321717815295727e+01
6.206188593538496434e+01 2.355846089301760458e+02 4.371177307793886513e+01
6.208404486686659851e+01 2.356040364883373002e+02 4.370032897772478009e+01
6.210620379834823268e+01 2.356234640464985546e+02 4.368888487751069505e+01
6.212836272982985975e+01 2.356428916046598090e+02 4.367744077729660290e+01
6.215052166131149392e+01 2.356623191628210918e+02 4.366599667708251786e+01
6.217268059279312808e+01 2.356817467209823462e+02 4.365455257686843282e+01
6.219483952427476225e+01 2.357011742791436006e+02 4.364310847665434068e+01
6.221699845575638932e+01 2.357206018373048551e+02 4.363166437644025564e+01
6.223915738723802349e+01 2.357400293954661095e+02 4.362022027622617060e+01
6.226131631871965766e+01 2.357594569536273639e+02 4.360877617601207845e+01
6.228347525020128472e+01 2.357788845117886183e+02 4.359733207579799341e+01
6.230563418168291889e+01 2.357983120699498727e+02 4.358588797558390127e+01
6.232779311316455306e+01 2.358177396281111271e+02 4.357444387536981623e+01
6.234995204464618013e+01 2.358371671862723815e+02 4.356299977515573119e+01
6.237211097612781430e+01 2.358565947444336359e+02 4.355155567494163904e+01
6.239426990760944847e+01 2.358760223025948903e+02 4.354011157472755400e+01
6.241642883909108264e+01 2.358954498607561732e+02 4.352866747451346896e+01
6.243858777057270970e+01 2.359148774189174276e+02 4.351722337429937681e+01
6.246074670205434387e+01 2.359343049770786820e+02 4.350577927408529177e+01
6.248290563353597804e+01 2.359537325352399364e+02 4.349433517387120673e+01
6.250506456501760510e+01 2.359731600934011908e+02 4.348289107365711459e+01
6.252722349649923927e+01 2.359925876515624452e+02 4.347144697344302955e+01
6.252722349649923927e+01 2.359925876515624452e+02 4.347144697344302955e+01
6.255941450607213028e+01 2.359921994152104787e+02 4.346918789736582767e+01
6.259160551564502839e+01 2.359918111788585122e+02 4.346692882128861868e+01
6.262379652521791940e+01 2.359914229425065457e+02 4.346466974521141680e+01
6.265598753479081751e+01 2.359910347061545792e+02 4.346241066913420781e+01
6.268817854436370851e+01 2.359906464698026127e+02 4.346015159305700593e+01
6.272036955393659952e+01 2.359902582334506462e+02 4.345789251697980404e+01
6.275256056350949763e+01 2.359898699970986797e+02 4.345563344090259505e+01
6.278475157308238863e+01 2.359894817607467132e+02 4.345337436482539317e+01
6.281694258265527964e+01 2.359890935243947467e+02 4.345111528874819129e+01
6.284913359222817775e+01 2.359887052880427802e+02 4.344885621267098230e+01
6.288132460180106875e+01 2.359883170516908137e+02 4.344659713659378042e+01
6.291351561137396686e+01 2.359879288153388472e+02 4.344433806051657143e+01
6.294570662094685787e+01 2.359875405789868807e+02 4.344207898443936955e+01
6.297789763051974887e+01 2.359871523426349142e+02 4.343981990836216767e+01
6.301008864009264698e+01 2.359867641062829478e+02 4.343756083228495868e+01
6.304227964966553799e+01 2.359863758699309813e+02 4.343530175620775680e+01
6.307447065923843610e+01 2.359859876335790148e+02 4.343304268013054781e+01
6.310666166881132710e+01 2.359855993972270483e+02 4.343078360405334593e+01
6.313885267838421811e+01 2.359852111608750818e+02 4.342852452797614404e+01
6.317104368795711622e+01 2.359848229245231153e+02 4.342626545189893505e+01
6.320323469753000722e+01 2.359844346881711488e+02 4.342400637582173317e+01
6.323542570710289823e+01 2.359840464518191823e+02 4.342174729974453129e+01
6.326761671667579634e+01 2.359836582154672158e+02 4.341948822366732230e+01
6.329980772624868735e+01 2.359832699791152493e+02 4.341722914759012042e+01
6.333199873582158546e+01 2.359828817427632828e+02 4.341497007151291143e+01
6.336418974539447646e+01 2.359824935064113163e+02 4.341271099543570955e+01
6.336418974539447646e+01 2.359824935064113163e+02 4.341271099543570955e+01
6.338341260973554370e+01 2.360069497804321372e+02 4.341090376351560565e+01
6.340263547407661093e+01 2.360314060544529866e+02 4.340909653159549464e+01
6.342185833841767817e+01 2.360558623284738076e+02 4.340728929967539074e+01
6.344108120275874541e+01 2.360803186024946285e+02 4.340548206775528683e+01
6.346030406709981264e+01 2.361047748765154779e+02 4.340367483583517583e+01
6.347952693144087988e+01 2.361292311505362989e+02 4.340186760391507192e+01
6.349874979578194711e+01 2.361536874245571198e+02 4.340006037199496802e+01
6.351797266012301435e+01 2.361781436985779692e+02 4.339825314007485701e+01
6.353719552446408159e+01 2.362025999725987901e+02 4.339644590815475311e+01
6.355641838880514882e+01 2.362270562466196395e+02 4.339463867623464921e+01
6.357564125314621606e+01 2.362515125206404605e+02 4.339283144431453820e+01
6.359486411748728329e+01 2.362759687946612814e+02 4.339102421239443430e+01
6.361408698182835053e+01 2.363004250686821308e+02 4.338921698047433040e+01
6.363330984616941777e+01 2.363248813427029518e+02 4.338740974855421939e+01
6.365253271051048500e+01 2.363493376167237727e+02 4.338560251663411549e+01
6.367175557485155224e+01 2.363737938907446221e+02 4.338379528471401159e+01
6.369097843919261948e+01 2.363982501647654431e+02 4.338198805279390768e+01
6.371020130353368671e+01 2.364227064387862640e+02 4.338018082087379668e+01
6.372942416787475395e+01 2.364471627128071134e+02 4.337837358895369277e+01
6.374864703221582118e+01 2.364716189868279344e+02 4.337656635703358887e+01
6.376786989655688842e+01 2.364960752608487837e+02 4.337475912511347786e+01
6.378709276089795566e+01 2.365205315348696047e+02 4.337295189319337396e+01
6.380631562523902289e+01 2.365449878088904256e+02 4.337114466127327006e+01
6.382553848958009013e+01 2.365694440829112750e+02 4.336933742935315905e+01
6.384476135392115737e+01 2.365939003569320960e+02 4.336753019743305515e+01
6.386398421826222460e+01 2.366183566309529169e+02 4.336572296551295125e+01
6.388320708260329184e+01 2.366428129049737663e+02 4.336391573359284024e+01
6.390242994694435907e+01 2.366672691789945873e+02 4.336210850167273634e+01
6.390242994694435907e+01 2.366672691789945873e+02 4.336210850167273634e+01
6.391810263536395098e+01 2.366938711984849135e+02 4.336291153787241370e+01
6.393377532378353578e+01 2.367204732179752114e+02 4.336371457407209107e+01
6.394944801220312769e+01 2.367470752374655376e+02 4.336451761027176133e+01
6.396512070062271249e+01 2.367736772569558639e+02 4.336532064647143869e+01
6.398079338904230440e+01 2.368002792764461617e+02 4.336612368267111606e+01
6.399646607746188920e+01 2.368268812959364880e+02 4.336692671887078632e+01
6.401213876588147400e+01 2.368534833154268142e+02 4.336772975507046368e+01
6.402781145430107301e+01 2.368800853349171405e+02 4.336853279127014105e+01
6.404348414272065781e+01 2.369066873544074383e+02 4.336933582746981841e+01
6.405915683114024262e+01 2.369332893738977646e+02 4.337013886366949578e+01
6.407482951955982742e+01 2.369598913933880908e+02 4.337094189986916604e+01
6.409050220797942643e+01 2.369864934128783887e+02 4.337174493606884340e+01
6.410617489639901123e+01 2.370130954323687149e+02 4.337254797226852077e+01
6.412184758481859603e+01 2.370396974518590412e+02 4.337335100846819103e+01
6.413752027323818083e+01 2.370662994713493390e+02 4.337415404466786839e+01
6.415319296165777985e+01 2.370929014908396653e+02 4.337495708086754576e+01
6.416886565007736465e+01 2.371195035103299915e+02 4.337576011706722312e+01
6.418453833849694945e+01 2.371461055298203178e+02 4.337656315326690049e+01
6.420021102691654846e+01 2.371727075493106156e+02 4.337736618946657075e+01
6.421588371533613326e+01 2.371993095688009419e+02 4.337816922566624811e+01
6.423155640375571807e+01 2.372259115882912681e+02 4.337897226186592547e+01
6.424722909217530287e+01 2.372525136077815660e+02 4.337977529806559573e+01
6.426290178059490188e+01 2.372791156272718922e+02 4.338057833426527310e+01
6.427857446901448668e+01 2.373057176467622185e+02 4.338138137046495046e+01
6.429424715743407148e+01 2.373323196662525163e+02 4.338218440666462783e+01
6.430991984585365628e+01 2.373589216857428426e+02 4.338298744286430519e+01
6.432559253427325530e+01 2.373855237052331688e+02 4.338379047906397545e+01
6.434126522269284010e+01 2.374121257247234666e+02 4.338459351526365282e+01
6.435693791111242490e+01 2.374387277442137929e+02 4.338539655146333018e+01
6.437261059953200970e+01 2.374653297637041192e+02 4.338619958766300044e+01
6.438828328795160871e+01 2.374919317831944454e+02 4.338700262386267781e+01
6.440395597637119351e+01 2.375185338026847433e+02 4.338780566006235517e+01
6.441962866479077832e+01 2.375451358221750695e+02 4.338860869626203254e+01
6.443530135321036312e+01 2.375717378416653958e+02 4.338941173246170990e+01
6.445097404162996213e+01 2.375983398611556936e+02 4.339021476866138016e+01
6.446664673004954693e+01 2.376249418806460199e+02 4.339101780486105753e+01
6.446664673004954693e+01 2.376249418806460199e+02 4.339101780486105753e+01
6.448533367851695175e+01 2.376442781012326009e+02 4.337557528400419926e+01
6.450402062698435657e+01 2.376636143218192103e+02 4.336013276314734100e+01
6.452270757545176139e+01 2.376829505424057913e+02 4.334469024229048273e+01
6.454139452391916620e+01 2.377022867629924008e+02 4.332924772143363157e+01
6.456008147238657102e+01 2.377216229835789818e+02 4.331380520057677330e+01
6.457876842085397584e+01 2.377409592041655628e+02 4.329836267971991504e+01
6.459745536932138066e+01 2.377602954247521723e+02 4.328292015886305677e+01
6.461614231778878548e+01 2.377796316453387533e+02 4.326747763800619850e+01
6.463482926625619029e+01 2.377989678659253343e+02 4.325203511714934024e+01
6.465351621472359511e+01 2.378183040865119438e+02 4.323659259629248197e+01
6.467220316319099993e+01 2.378376403070985248e+02 4.322115007543562371e+01
6.469089011165840475e+01 2.378569765276851342e+02 4.320570755457877254e+01
6.470957706012580957e+01 2.378763127482717152e+02 4.319026503372191428e+01
6.472826400859321438e+01 2.378956489688582963e+02 4.317482251286505601e+01
6.474695095706061920e+01 2.379149851894449057e+02 4.315937999200819775e+01
6.476563790552802402e+01 2.379343214100314867e+02 4.314393747115133948e+01
6.478432485399542884e+01 2.379536576306180962e+02 4.312849495029448121e+01
6.480301180246283366e+01 2.379729938512046772e+02 4.311305242943762295e+01
6.482169875093023848e+01 2.379923300717912582e+02 4.309760990858076468e+01
6.484038569939765750e+01 2.380116662923778676e+02 4.308216738772391352e+01
6.485907264786506232e+01 2.380310025129644487e+02 4.306672486686705525e+01
6.487775959633246714e+01 2.380503387335510297e+02 4.305128234601019699e+01
6.489644654479987196e+01 2.380696749541376391e+02 4.303583982515333872e+01
6.491513349326727678e+01 2.380890111747242202e+02 4.302039730429648046e+01
6.493382044173468159e+01 2.381083473953108296e+02 4.300495478343962219e+01
6.495250739020208641e+01 2.381276836158974106e+02 4.298951226258276392e+01
6.497119433866949123e+01 2.381470198364839916e+02 4.297406974172590566e+01
6.498988128713689605e+01 2.381663560570706011e+02 4.295862722086905450e+01
6.500856823560430087e+01 2.381856922776571821e+02 4.294318470001219623e+01
6.502725518407170568e+01 2.382050284982437915e+02 4.292774217915533796e+01
6.504594213253911050e+01 2.382243647188303726e+02 4.291229965829847970e+01
6.506462908100651532e+01 2.382437009394169536e+02 4.289685713744162143e+01
6.508331602947392014e+01 2.382630371600035630e+02 4.288141461658476317e+01
6.510200297794132496e+01 2.382823733805901441e+02 4.286597209572790490e+01
6.512068992640872978e+01 2.383017096011767251e+02 4.285052957487104663e+01
6.513937687487613459e+01 2.383210458217633345e+02 4.283508705401419547e+01
6.515806382334353941e+01 2.383403820423499155e+02 4.281964453315733721e+01
6.517675077181094423e+01 2.383597182629365250e+02 4.280420201230047894e+01
6.519543772027834905e+01 2.383790544835231060e+02 4.278875949144362067e+01
6.519543772027834905e+01 2.383790544835231060e+02 4.278875949144362067e+01
6.522454215664598109e+01 2.383876447396923481e+02 4.278065595842107882e+01
6.525364659301359893e+01 2.383962349958615619e+02 4.277255242539852986e+01
6.528275102938121677e+01 2.384048252520308040e+02 4.276444889237598801e+01
6.531185546574884881e+01 2.384134155082000461e+02 4.275634535935344616e+01
6.534095990211648086e+01 2.384220057643692883e+02 4.274824182633090430e+01
6.537006433848409870e+01 2.384305960205385020e+02 4.274013829330835534e+01
6.539916877485171653e+01 2.384391862767077441e+02 4.273203476028581349e+01
6.542827321121934858e+01 2.384477765328769863e+02 4.272393122726327164e+01
6.545737764758698063e+01 2.384563667890462284e+02 4.271582769424072268e+01
6.548648208395459847e+01 2.384649570452154421e+02 4.270772416121818083e+01
6.551558652032221630e+01 2.384735473013846843e+02 4.269962062819563897e+01
6.554469095668984835e+01 2.384821375575539264e+02 4.269151709517309001e+01
6.557379539305748040e+01 2.384907278137231685e+02 4.268341356215054816e+01
6.560289982942509823e+01 2.384993180698923823e+02 4.267531002912800631e+01
6.563200426579271607e+01 2.385079083260616244e+02 4.266720649610546445e+01
6.566110870216034812e+01 2.385164985822308665e+02 4.265910296308291549e+01
6.569021313852798016e+01 2.385250888384001087e+02 4.265099943006037364e+01
6.571931757489559800e+01 2.385336790945693224e+02 4.264289589703783179e+01
6.574842201126321584e+01 2.385422693507385645e+02 4.263479236401528283e+01
6.577752644763084788e+01 2.385508596069078067e+02 4.262668883099274098e+01
6.580663088399847993e+01 2.385594498630770204e+02 4.261858529797019912e+01
6.583573532036609777e+01 2.385680401192462625e+02 4.261048176494765727e+01
6.586483975673371560e+01 2.385766303754155047e+02 4.260237823192510831e+01
6.589394419310134765e+01 2.385852206315847468e+02 4.259427469890256646e+01
6.592304862946897970e+01 2.385938108877539605e+02 4.258617116588002460e+01
6.595215306583659753e+01 2.386024011439232027e+02 4.257806763285747564e+01
6.598125750220421537e+01 2.386109914000924448e+02 4.256996409983493379e+01
6.601036193857184742e+01 2.386195816562616869e+02 4.256186056681239194e+01
6.603946637493947946e+01 2.386281719124309006e+02 4.255375703378984298e+01
6.606857081130709730e+01 2.386367621686001428e+02 4.254565350076730113e+01
6.609767524767471514e+01 2.386453524247693849e+02 4.253754996774475927e+01
6.612677968404234718e+01 2.386539426809386271e+02 4.252944643472221742e+01
6.615588412040997923e+01 2.386625329371078408e+02 4.252134290169966846e+01
6.618498855677759707e+01 2.386711231932770829e+02 4.251323936867712661e+01
6.618498855677759707e+01 2.386711231932770829e+02 4.251323936867712661e+01
6.621668348354059219e+01 2.386707409398806874e+02 4.251101510632037161e+01
6.624837841030358732e+01 2.386703586864843203e+02 4.250879084396360952e+01
6.628007333706658244e+01 2.386699764330879248e+02 4.250656658160685453e+01
6.631176826382957756e+01 2.386695941796915577e+02 4.250434231925009243e+01
6.634346319059257269e+01 2.386692119262951621e+02 4.250211805689333744e+01
6.637515811735556781e+01 2.386688296728987666e+02 4.249989379453657534e+01
6.640685304411854872e+01 2.386684474195023995e+02 4.249766953217982035e+01
6.643854797088154385e+01 2.386680651661060040e+02 4.249544526982305825e+01
6.647024289764453897e+01 2.386676829127096084e+02 4.249322100746630326e+01
6.650193782440753409e+01 2.386673006593132413e+02 4.249099674510954117e+01
6.653363275117052922e+01 2.386669184059168458e+02 4.248877248275278617e+01
6.656532767793352434e+01 2.386665361525204503e+02 4.248654822039603118e+01
6.659702260469651947e+01 2.386661538991240832e+02 4.248432395803926909e+01
6.662871753145951459e+01 2.386657716457276877e+02 4.248209969568251410e+01
6.666041245822250971e+01 2.386653893923313206e+02 4.247987543332575200e+01
6.669210738498550484e+01 2.386650071389349250e+02 4.247765117096899701e+01
6.672380231174849996e+01 2.386646248855385295e+02 4.247542690861223491e+01
6.675549723851148087e+01 2.386642426321421624e+02 4.247320264625547992e+01
6.678719216527447600e+01 2.386638603787457669e+02 4.247097838389871782e+01
6.681888709203747112e+01 2.386634781253493998e+02 4.246875412154196283e+01
6.685058201880046624e+01 2.386630958719530042e+02 4.246652985918520073e+01
6.688227694556346137e+01 2.386627136185566087e+02 4.246430559682844574e+01
6.691397187232645649e+01 2.386623313651602416e+02 4.246208133447168365e+01
6.694566679908945162e+01 2.386619491117638461e+02 4.245985707211492866e+01
6.694566679908945162e+01 2.386619491117638461e+02 4.245985707211492866e+01
6.696761746798148351e+01 2.386395719667122819e+02 4.245991976413725411e+01
6.698956813687352962e+01 2.386171948216607177e+02 4.245998245615957956e+01
6.701151880576556152e+01 2.385948176766091819e+02 4.246004514818189790e+01
6.703346947465759342e+01 2.385724405315576178e+02 4.246010784020422335e+01
6.705542014354963953e+01 2.385500633865060536e+02 4.246017053222654880e+01
6.707737081244167143e+01 2.385276862414544894e+02 4.246023322424887425e+01
6.709932148133370333e+01 2.385053090964029252e+02 4.246029591627119260e+01
6.712127215022574944e+01 2.384829319513513894e+02 4.246035860829351805e+01
6.714322281911778134e+01 2.384605548062998253e+02 4.246042130031584350e+01
6.716517348800981324e+01 2.384381776612482611e+02 4.246048399233816895e+01
6.718712415690185935e+01 2.384158005161966969e+02 4.246054668436048729e+01
6.720907482579389125e+01 2.383934233711451327e+02 4.246060937638281274e+01
6.723102549468592315e+01 2.383710462260935969e+02 4.246067206840513819e+01
6.725297616357795505e+01 2.383486690810420328e+02 4.246073476042746364e+01
6.727492683247000116e+01 2.383262919359904686e+02 4.246079745244978199e+01
6.729687750136203306e+01 2.383039147909389044e+02 4.246086014447210744e+01
6.731882817025406496e+01 2.382815376458873402e+02 4.246092283649443289e+01
6.734077883914611107e+01 2.382591605008358044e+02 4.246098552851675834e+01
6.736272950803814297e+01 2.382367833557842403e+02 4.246104822053907668e+01
6.738468017693017487e+01 2.382144062107326761e+02 4.246111091256140213e+01
6.740663084582222098e+01 2.381920290656811119e+02 4.246117360458372758e+01
6.742858151471425288e+01 2.381696519206295477e+02 4.246123629660605303e+01
6.745053218360628478e+01 2.381472747755780119e+02 4.246129898862837138e+01
6.747248285249833089e+01 2.381248976305264478e+02 4.246136168065069683e+01
6.749443352139036278e+01 2.381025204854748836e+02 4.246142437267302228e+01
6.749443352139036278e+01 2.381025204854748836e+02 4.246142437267302228e+01
6.751631451848479060e+01 2.380802143658635543e+02 4.246148686570979436e+01
6.753819551557921841e+01 2.380579082462521967e+02 4.246154935874657355e+01
6.756007651267363201e+01 2.380356021266408675e+02 4.246161185178334563e+01
6.758195750976805982e+01 2.380132960070295383e+02 4.246167434482012482e+01
6.760383850686248763e+01 2.379909898874181806e+02 4.246173683785689690e+01
6.762571950395691545e+01 2.379686837678068514e+02 4.246179933089366898e+01
6.764760050105134326e+01 2.379463776481955222e+02 4.246186182393044817e+01
6.766948149814575686e+01 2.379240715285841645e+02 4.246192431696722025e+01
6.769136249524018467e+01 2.379017654089728353e+02 4.246198681000399944e+01
6.771324349233461248e+01 2.378794592893614777e+02 4.246204930304077152e+01
6.773512448942904030e+01 2.378571531697501484e+02 4.246211179607755071e+01
6.775700548652346811e+01 2.378348470501388192e+02 4.246217428911432279e+01
6.777888648361788171e+01 2.378125409305274616e+02 4.246223678215109487e+01
6.780076748071230952e+01 2.377902348109161323e+02 4.246229927518787406e+01
6.782264847780673733e+01 2.377679286913048031e+02 4.246236176822464614e+01
6.784452947490116514e+01 2.377456225716934455e+02 4.246242426126142533e+01
6.786641047199557875e+01 2.377233164520821163e+02 4.246248675429819741e+01
6.788829146909000656e+01 2.377010103324707870e+02 4.246254924733496949e+01
6.791017246618443437e+01 2.376787042128594294e+02 4.246261174037174868e+01
6.793205346327886218e+01 2.376563980932481002e+02 4.246267423340852076e+01
6.795393446037328999e+01 2.376340919736367709e+02 4.246273672644529995e+01
6.797581545746770360e+01 2.376117858540254133e+02 4.246279921948207203e+01
6.799769645456213141e+01 2.375894797344140841e+02 4.246286171251884412e+01
6.801957745165655922e+01 2.375671736148027549e+02 4.246292420555562330e+01
6.804145844875098703e+01 2.375448674951913972e+02 4.246298669859239538e+01
6.806333944584541484e+01 2.375225613755800680e+02 4.246304919162917457e+01
6.808522044293982844e+01 2.375002552559687103e+02 4.246311168466594665e+01
6.810710144003425626e+01 2.374779491363573811e+02 4.246317417770272584e+01
6.812898243712868407e+01 2.374556430167460519e+02 4.246323667073949792e+01
6.815086343422311188e+01 2.374333368971346943e+02 4.246329916377627001e+01
6.817274443131753969e+01 2.374110307775233650e+02 4.246336165681304919e+01
6.819462542841195329e+01 2.373887246579120358e+02 4.246342414984982128e+01
6.821650642550638111e+01 2.373664185383006782e+02 4.246348664288660046e+01
6.823838742260080892e+01 2.373441124186893489e+02 4.246354913592337255e+01
6.823838742260080892e+01 2.373441124186893489e+02 4.246354913592337255e+01
6.826023503804414361e+01 2.373218403292960375e+02 4.246361153362076379e+01
6.828208265348747830e+01 2.372995682399027544e+02 4.246367393131815504e+01
6.830393026893081299e+01 2.372772961505094429e+02 4.246373632901555339e+01
6.832577788437414767e+01 2.372550240611161598e+02 4.246379872671294464e+01
6.834762549981748236e+01 2.372327519717228483e+02 4.246386112441033589e+01
6.836947311526081705e+01 2.372104798823295368e+02 4.246392352210772714e+01
6.839132073070415174e+01 2.371882077929362538e+02 4.246398591980511839e+01
6.841316834614748643e+01 2.371659357035429423e+02 4.246404831750251674e+01
6.843501596159082112e+01 2.371436636141496592e+02 4.246411071519990799e+01
6.845686357703415581e+01 2.371213915247563477e+02 4.246417311289729923e+01
6.847871119247749050e+01 2.370991194353630647e+02 4.246423551059469048e+01
6.850055880792082519e+01 2.370768473459697532e+02 4.246429790829208173e+01
6.852240642336415988e+01 2.370545752565764417e+02 4.246436030598948008e+01
6.854425403880749457e+01 2.370323031671831586e+02 4.246442270368687133e+01
6.856610165425082926e+01 2.370100310777898471e+02 4.246448510138426258e+01
6.858794926969416395e+01 2.369877589883965641e+02 4.246454749908165383e+01
6.860979688513749863e+01 2.369654868990032526e+02 4.246460989677905218e+01
6.863164450058083332e+01 2.369432148096099411e+02 4.246467229447644343e+01
6.865349211602416801e+01 2.369209427202166580e+02 4.246473469217383467e+01
6.867533973146750270e+01 2.368986706308233465e+02 4.246479708987122592e+01
6.869718734691083739e+01 2.368763985414300635e+02 4.246485948756861717e+01
6.871903496235417208e+01 2.368541264520367520e+02 4.246492188526601552e+01
6.874088257779750677e+01 2.368318543626434405e+02 4.246498428296340677e+01
6.876273019324084146e+01 2.368095822732501574e+02 4.246504668066079802e+01
6.878457780868417615e+01 2.367873101838568459e+02 4.246510907835818927e+01
6.880642542412751084e+01 2.367650380944635629e+02 4.246517147605558051e+01
6.882827303957084553e+01 2.367427660050702514e+02 4.246523387375297887e+01
6.885012065501418022e+01 2.367204939156769683e+02 4.246529627145037011e+01
6.887196827045751490e+01 2.366982218262836568e+02 4.246535866914776136e+01
6.889381588590084959e+01 2.366759497368903453e+02 4.246542106684515261e+01
6.891566350134418428e+01 2.366536776474970623e+02 4.246548346454254386e+01
6.893751111678751897e+01 2.366314055581037508e+02 4.246554586223994221e+01
6.895935873223085366e+01 2.366091334687104677e+02 4.246560825993733346e+01
6.898120634767418835e+01 2.365868613793171562e+02 4.246567065763472471e+01
6.898120634767418835e+01 2.365868613793171562e+02 4.246567065763472471e+01
6.900329026596158144e+01 2.365643483959882758e+02 4.246573373022285836e+01
6.902537418424898874e+01 2.365418354126594238e+02 4.246579680281099201e+01
6.904745810253638183e+01 2.365193224293305434e+02 4.246585987539912566e+01
6.906954202082378913e+01 2.364968094460016914e+02 4.246592294798725220e+01
6.909162593911118222e+01 2.364742964626728110e+02 4.246598602057538585e+01
6.911370985739857531e+01 2.364517834793439590e+02 4.246604909316351950e+01
6.913579377568598261e+01 2.364292704960150786e+02 4.246611216575165315e+01
6.915787769397337570e+01 2.364067575126862266e+02 4.246617523833978680e+01
6.917996161226078300e+01 2.363842445293573462e+02 4.246623831092792045e+01
6.920204553054817609e+01 2.363617315460284942e+02 4.246630138351605410e+01
6.922412944883556918e+01 2.363392185626996138e+02 4.246636445610418775e+01
6.924621336712297648e+01 2.363167055793707618e+02 4.246642752869231430e+01
6.926829728541036957e+01 2.362941925960418814e+02 4.246649060128044795e+01
6.929038120369776266e+01 2.362716796127130294e+02 4.246655367386858160e+01
6.931246512198516996e+01 2.362491666293841490e+02 4.246661674645671525e+01
6.933454904027256305e+01 2.362266536460552970e+02 4.246667981904484890e+01
6.935663295855997035e+01 2.362041406627264166e+02 4.246674289163298255e+01
6.937871687684736344e+01 2.361816276793975646e+02 4.246680596422111620e+01
6.940080079513475653e+01 2.361591146960686842e+02 4.246686903680924985e+01
6.942288471342216383e+01 2.361366017127398322e+02 4.246693210939737639e+01
6.944496863170955692e+01 2.361140887294109518e+02 4.246699518198551004e+01
6.946705254999696422e+01 2.360915757460820998e+02 4.246705825457364369e+01
6.948913646828435731e+01 2.360690627627532194e+02 4.246712132716177734e+01
6.948913646828435731e+01 2.360690627627532194e+02 4.246712132716177734e+01
6.949220740598310897e+01 2.360404856595654621e+02 4.245389655745028534e+01
6.949527834368187484e+01 2.360119085563777048e+02 4.244067178773878624e+01
6.949834928138062651e+01 2.359833314531899191e+02 4.242744701802729423e+01
6.950142021907939238e+01 2.359547543500021618e+02 4.241422224831580223e+01
6.950449115677814405e+01 2.359261772468144045e+02 4.240099747860430313e+01
6.950756209447689571e+01 2.358976001436266472e+02 4.238777270889281112e+01
6.951063303217566158e+01 2.358690230404388615e+02 4.237454793918131202e+01
6.951370396987441325e+01 2.358404459372511042e+02 4.236132316946982002e+01
6.951677490757317912e+01 2.358118688340633469e+02 4.234809839975832801e+01
6.951984584527193078e+01 2.357832917308755896e+02 4.233487363004682891e+01
6.952291678297069666e+01 2.357547146276878038e+02 4.232164886033533691e+01
6.952598772066944832e+01 2.357261375245000465e+02 4.230842409062384490e+01
6.952905865836819999e+01 2.356975604213122892e+02 4.229519932091234580e+01
6.953212959606696586e+01 2.356689833181245319e+02 4.228197455120085380e+01
6.953520053376571752e+01 2.356404062149367746e+02 4.226874978148936179e+01
6.953827147146448340e+01 2.356118291117489889e+02 4.225552501177786269e+01
6.954134240916323506e+01 2.355832520085612316e+02 4.224230024206637069e+01
6.954441334686198672e+01 2.355546749053734743e+02 4.222907547235487158e+01
6.954748428456075260e+01 2.355260978021857170e+02 4.221585070264337958e+01
6.955055522225950426e+01 2.354975206989979313e+02 4.220262593293188758e+01
6.955362615995827014e+01 2.354689435958101740e+02 4.218940116322038847e+01
6.955669709765702180e+01 2.354403664926224167e+02 4.217617639350889647e+01
6.955669709765702180e+01 2.354403664926224167e+02 4.217617639350889647e+01
6.955647244994287348e+01 2.354090856514084749e+02 4.217849759963841194e+01
6.955624780222873937e+01 2.353778048101945046e+02 4.218081880576792742e+01
6.955602315451459106e+01 2.353465239689805344e+02 4.218314001189744289e+01
6.955579850680044274e+01 2.353152431277665926e+02 4.218546121802695126e+01
6.955557385908629442e+01 2.352839622865526508e+02 4.218778242415646673e+01
6.955534921137216031e+01 2.352526814453386805e+02 4.219010363028598221e+01
6.955512456365801199e+01 2.352214006041247103e+02 4.219242483641549768e+01
6.955489991594386368e+01 2.351901197629107685e+02 4.219474604254501315e+01
6.955467526822971536e+01 2.351588389216968267e+02 4.219706724867452863e+01
6.955445062051558125e+01 2.351275580804828564e+02 4.219938845480403700e+01
6.955422597280143293e+01 2.350962772392688862e+02 4.220170966093355247e+01
6.955400132508728461e+01 2.350649963980549444e+02 4.220403086706306794e+01
6.955377667737315051e+01 2.350337155568410026e+02 4.220635207319258342e+01
6.955355202965900219e+01 2.350024347156270323e+02 4.220867327932209889e+01
6.955332738194485387e+01 2.349711538744130621e+02 4.221099448545161437e+01
6.955310273423070555e+01 2.349398730331991203e+02 4.221331569158112984e+01
6.955287808651657144e+01 2.349085921919851785e+02 4.221563689771063821e+01
6.955265343880242312e+01 2.348773113507712083e+02 4.221795810384015368e+01
6.955242879108827481e+01 2.348460305095572380e+02 4.222027930996966916e+01
6.955220414337412649e+01 2.348147496683432962e+02 4.222260051609918463e+01
6.955197949565999238e+01 2.347834688271293544e+02 4.222492172222870011e+01
6.955175484794584406e+01 2.347521879859153842e+02 4.222724292835821558e+01
6.955153020023169574e+01 2.347209071447014139e+02 4.222956413448772395e+01
6.955130555251754743e+01 2.346896263034874721e+02 4.223188534061723942e+01
6.955108090480341332e+01 2.346583454622735303e+02 4.223420654674675490e+01
6.955085625708926500e+01 2.346270646210595601e+02 4.223652775287627037e+01
6.955085625708926500e+01 2.346270646210595601e+02 4.223652775287627037e+01
6.953558775439105943e+01 2.346113382656360500e+02 4.225940060168219503e+01
6.952031925169283966e+01 2.345956119102125399e+02 4.228227345048812680e+01
6.950505074899463409e+01 2.345798855547890298e+02 4.230514629929405146e+01
6.948978224629641431e+01 2.345641591993654913e+02 4.232801914809997612e+01
6.947451374359820875e+01 2.345484328439419812e+02 4.235089199690590789e+01
6.945924524090000318e+01 2.345327064885184711e+02 4.237376484571183255e+01
6.944397673820178341e+01 2.345169801330949610e+02 4.239663769451775721e+01
6.942870823550357784e+01 2.345012537776714510e+02 4.241951054332368898e+01
6.941343973280537227e+01 2.344855274222479409e+02 4.244238339212961364e+01
6.939817123010715250e+01 2.344698010668244308e+02 4.246525624093553830e+01
6.938290272740894693e+01 2.344540747114008923e+02 4.248812908974147007e+01
6.936763422471072715e+01 2.344383483559773822e+02 4.251100193854739473e+01
6.935236572201252159e+01 2.344226220005538721e+02 4.253387478735331939e+01
6.933709721931431602e+01 2.344068956451303620e+02 4.255674763615925116e+01
6.932182871661609624e+01 2.343911692897068519e+02 4.257962048496517582e+01
6.930656021391789068e+01 2.343754429342833419e+02 4.260249333377110048e+01
6.929129171121968511e+01 2.343597165788598318e+02 4.262536618257703225e+01
6.927602320852146534e+01 2.343439902234362933e+02 4.264823903138295691e+01
6.926075470582325977e+01 2.343282638680127832e+02 4.267111188018888157e+01
6.924548620312503999e+01 2.343125375125892731e+02 4.269398472899481334e+01
6.923021770042683443e+01 2.342968111571657630e+02 4.271685757780073800e+01
6.923021770042683443e+01 2.342968111571657630e+02 4.271685757780073800e+01
6.922299597694434681e+01 2.343076287326681211e+02 4.274696525658878699e+01
6.921577425346184498e+01 2.343184463081704507e+02 4.277707293537683597e+01
6.920855252997935736e+01 2.343292638836728088e+02 4.280718061416488496e+01
6.920133080649686974e+01 2.343400814591751669e+02 4.283728829295293394e+01
6.919410908301436791e+01 2.343508990346775249e+02 4.286739597174098293e+01
6.918688735953188029e+01 2.343617166101798546e+02 4.289750365052903192e+01
6.917966563604939267e+01 2.343725341856822126e+02 4.292761132931708090e+01
6.917244391256689084e+01 2.343833517611845707e+02 4.295771900810512989e+01
6.916522218908440323e+01 2.343941693366869004e+02 4.298782668689317887e+01
6.915800046560191561e+01 2.344049869121892584e+02 4.301793436568122786e+01
6.915077874211941378e+01 2.344158044876916165e+02 4.304804204446927685e+01
6.914355701863692616e+01 2.344266220631939746e+02 4.307814972325732583e+01
6.913633529515443854e+01 2.344374396386963042e+02 4.310825740204537482e+01
6.912911357167193671e+01 2.344482572141986623e+02 4.313836508083342380e+01
6.912189184818944909e+01 2.344590747897010203e+02 4.316847275962147279e+01
6.911467012470696147e+01 2.344698923652033500e+02 4.319858043840952178e+01
6.910744840122445964e+01 2.344807099407057080e+02 4.322868811719757076e+01
6.910022667774197203e+01 2.344915275162080661e+02 4.325879579598561975e+01
6.909300495425948441e+01 2.345023450917104242e+02 4.328890347477366873e+01
6.908578323077698258e+01 2.345131626672127538e+02 4.331901115356171772e+01
6.907856150729449496e+01 2.345239802427151119e+02 4.334911883234976671e+01
