2.625375446869721259e+02 2.841243904460434351e+02 2.803605448747873652e+02
2.625202157688074749e+02 2.841352331155149500e+02 2.803479024013768708e+02
2.625028868506428239e+02 2.841460757849864649e+02 2.803352599279664332e+02
2.624855579324781729e+02 2.841569184544580366e+02 2.803226174545559388e+02
2.624682290143135219e+02 2.841677611239295516e+02 2.803099749811454444e+02
2.624509000961488709e+02 2.841786037934010665e+02 2.802973325077350069e+02
2.624335711779842200e+02 2.841894464628725814e+02 2.802846900343245125e+02
2.624162422598195690e+02 2.842002891323440963e+02 2.802720475609140180e+02
2.623989133416549180e+02 2.842111318018156112e+02 2.802594050875035805e+02
2.623815844234902670e+02 2.842219744712871830e+02 2.802467626140930861e+02
2.623642555053256160e+02 2.842328171407586979e+02 2.802341201406825917e+02
2.623469265871609650e+02 2.842436598102302128e+02 2.802214776672720973e+02
2.623295976689963140e+02 2.842545024797017277e+02 2.802088351938616597e+02
2.623122687508316631e+02 2.842653451491732426e+02 2.801961927204511653e+02
2.622949398326670121e+02 2.842761878186448143e+02 2.801835502470406709e+02
2.622776109145023611e+02 2.842870304881163293e+02 2.801709077736302334e+02
2.622602819963377101e+02 2.842978731575878442e+02 2.801582653002197389e+02
2.622429530781730591e+02 2.843087158270593591e+02 2.801456228268092445e+02
2.622256241600084081e+02 2.843195584965308740e+02 2.801329803533988070e+02
2.622082952418437571e+02 2.843304011660023889e+02 2.801203378799883126e+02
2.621909663236791062e+02 2.843412438354739606e+02 2.801076954065778182e+02
2.621736374055144552e+02 2.843520865049454756e+02 2.800950529331673806e+02
2.621563084873498042e+02 2.843629291744169905e+02 2.800824104597568862e+02
2.621563084873498042e+02 2.843629291744169905e+02 2.800824104597568862e+02
2.621261535223731585e+02 2.843632928552630119e+02 2.800845266518518883e+02
2.620959985573965696e+02 2.843636565361090334e+02 2.800866428439468336e+02
2.620658435924199239e+02 2.843640202169551117e+02 2.800887590360418358e+02
2.620356886274432782e+02 2.843643838978011331e+02 2.800908752281368379e+02
2.620055336624666893e+02 2.843647475786471546e+02 2.800929914202317832e+02
2.619753786974900436e+02 2.843651112594932329e+02 2.800951076123267853e+02
2.619452237325133979e+02 2.843654749403392543e+02 2.800972238044217306e+02
2.619150687675368090e+02 2.843658386211852758e+02 2.800993399965167328e+02
2.618849138025601633e+02 2.843662023020312972e+02 2.801014561886117349e+02
2.618547588375835176e+02 2.843665659828773187e+02 2.801035723807066802e+02
2.618246038726068718e+02 2.843669296637233970e+02 2.801056885728016823e+02
2.617944489076302830e+02 2.843672933445694184e+02 2.801078047648966276e+02
2.617642939426536373e+02 2.843676570254154399e+02 2.801099209569916297e+02
2.617341389776769915e+02 2.843680207062615182e+02 2.801120371490866319e+02
2.617039840127004027e+02 2.843683843871075396e+02 2.801141533411815772e+02
2.616738290477237570e+02 2.843687480679535611e+02 2.801162695332765793e+02
2.616738290477237570e+02 2.843687480679535611e+02 2.801162695332765793e+02
2.616326856301473640e+02 2.843692442738992554e+02 2.801191568646033829e+02
2.615915422125710279e+02 2.843697404798448929e+02 2.801220441959301866e+02
2.615503987949946350e+02 2.843702366857905872e+02 2.801249315272569902e+02
2.615092553774182420e+02 2.843707328917362247e+02 2.801278188585837938e+02
2.614681119598419059e+02 2.843712290976819190e+02 2.801307061899105975e+02
2.614269685422655130e+02 2.843717253036276134e+02 2.801335935212374011e+02
2.613858251246891200e+02 2.843722215095732508e+02 2.801364808525642047e+02
2.613446817071127839e+02 2.843727177155189452e+02 2.801393681838910084e+02
2.613035382895363909e+02 2.843732139214645827e+02 2.801422555152178120e+02
2.612623948719599980e+02 2.843737101274102770e+02 2.801451428465446156e+02
2.612212514543836619e+02 2.843742063333559713e+02 2.801480301778714193e+02
2.611801080368072689e+02 2.843747025393016088e+02 2.801509175091982229e+02
2.611389646192308760e+02 2.843751987452473031e+02 2.801538048405250265e+02
2.610978212016545399e+02 2.843756949511929406e+02 2.801566921718518302e+02
2.610566777840781469e+02 2.843761911571386349e+02 2.801595795031786338e+02
2.610566777840781469e+02 2.843761911571386349e+02 2.801595795031786338e+02
2.610394418570935500e+02 2.843753098726043618e+02 2.801812329111852478e+02
2.610222059301089530e+02 2.843744285880700318e+02 2.802028863191918617e+02
2.610049700031243560e+02 2.843735473035357586e+02 2.802245397271984757e+02
2.609877340761397591e+02 2.843726660190014854e+02 2.802461931352050897e+02
2.609704981491551621e+02 2.843717847344672123e+02 2.802678465432117036e+02
2.609532622221705651e+02 2.843709034499328823e+02 2.802894999512183176e+02
2.609360262951859681e+02 2.843700221653986091e+02 2.803111533592249316e+02
2.609187903682013712e+02 2.843691408808643359e+02 2.803328067672315456e+02
2.609015544412167742e+02 2.843682595963300628e+02 2.803544601752381595e+02
2.608843185142321772e+02 2.843673783117957328e+02 2.803761135832448304e+02
2.608670825872475802e+02 2.843664970272614596e+02 2.803977669912514443e+02
2.608498466602629833e+02 2.843656157427271864e+02 2.804194203992580583e+02
2.608326107332783863e+02 2.843647344581929133e+02 2.804410738072646723e+02
2.608153748062937893e+02 2.843638531736585833e+02 2.804627272152712862e+02
2.607981388793091924e+02 2.843629718891243101e+02 2.804843806232779002e+02
2.607809029523245954e+02 2.843620906045900369e+02 2.805060340312845142e+02
2.607636670253399984e+02 2.843612093200557638e+02 2.805276874392911282e+02
2.607464310983554014e+02 2.843603280355214338e+02 2.805493408472977421e+02
2.607291951713708045e+02 2.843594467509871606e+02 2.805709942553043561e+02
2.607291951713708045e+02 2.843594467509871606e+02 2.805709942553043561e+02
2.607009240032563184e+02 2.843319837273455164e+02 2.805766483621150655e+02
2.606726528351418892e+02 2.843045207037039290e+02 2.805823024689257181e+02
2.606443816670274032e+02 2.842770576800622848e+02 2.805879565757364276e+02
2.606161104989129171e+02 2.842495946564206974e+02 2.805936106825471370e+02
2.605878393307984879e+02 2.842221316327790532e+02 2.805992647893577896e+02
2.605595681626840019e+02 2.841946686091374659e+02 2.806049188961684990e+02
2.605312969945695727e+02 2.841672055854958217e+02 2.806105730029791516e+02
2.605030258264550866e+02 2.841397425618541774e+02 2.806162271097898611e+02
2.604747546583406006e+02 2.841122795382125901e+02 2.806218812166005705e+02
2.604464834902261714e+02 2.840848165145709459e+02 2.806275353234112231e+02
2.604182123221116854e+02 2.840573534909293585e+02 2.806331894302219325e+02
2.603899411539972562e+02 2.840298904672877143e+02 2.806388435370325851e+02
2.603616699858827701e+02 2.840024274436461269e+02 2.806444976438432946e+02
2.603333988177682841e+02 2.839749644200044827e+02 2.806501517506540040e+02
2.603051276496538549e+02 2.839475013963628953e+02 2.806558058574646566e+02
2.602768564815393688e+02 2.839200383727212511e+02 2.806614599642753660e+02
2.602768564815393688e+02 2.839200383727212511e+02 2.806614599642753660e+02
2.602458311572481762e+02 2.838898999217365713e+02 2.806676648899674547e+02
2.602148058329570404e+02 2.838597614707518915e+02 2.806738698156595433e+02
2.601837805086658477e+02 2.838296230197672116e+02 2.806800747413516319e+02
2.601527551843746551e+02 2.837994845687825318e+02 2.806862796670436637e+02
2.601217298600834624e+02 2.837693461177978520e+02 2.806924845927357524e+02
2.600907045357922698e+02 2.837392076668131722e+02 2.806986895184278410e+02
2.600596792115011340e+02 2.837090692158284924e+02 2.807048944441199296e+02
2.600286538872099413e+02 2.836789307648438125e+02 2.807110993698120183e+02
2.599976285629187487e+02 2.836487923138591327e+02 2.807173042955041069e+02
2.599666032386276129e+02 2.836186538628744529e+02 2.807235092211961955e+02
2.599355779143364202e+02 2.835885154118897162e+02 2.807297141468882273e+02
2.599045525900452276e+02 2.835583769609050364e+02 2.807359190725803160e+02
2.598735272657540349e+02 2.835282385099203566e+02 2.807421239982724046e+02
2.598425019414628423e+02 2.834981000589356768e+02 2.807483289239644932e+02
2.598114766171717065e+02 2.834679616079509969e+02 2.807545338496565819e+02
2.597804512928805138e+02 2.834378231569663171e+02 2.807607387753486705e+02
2.597494259685893212e+02 2.834076847059816373e+02 2.807669437010407023e+02
2.597184006442981854e+02 2.833775462549969575e+02 2.807731486267327909e+02
2.596873753200069928e+02 2.833474078040122777e+02 2.807793535524248796e+02
2.596563499957158001e+02 2.833172693530275978e+02 2.807855584781169682e+02
2.596563499957158001e+02 2.833172693530275978e+02 2.807855584781169682e+02
2.596564127762211456e+02 2.832928893602961580e+02 2.807760907737356888e+02
2.596564755567264910e+02 2.832685093675647181e+02 2.807666230693544662e+02
2.596565383372318365e+02 2.832441293748333351e+02 2.807571553649731868e+02
2.596566011177371820e+02 2.832197493821018952e+02 2.807476876605919074e+02
2.596566638982425275e+02 2.831953693893704553e+02 2.807382199562106848e+02
2.596567266787478729e+02 2.831709893966390155e+02 2.807287522518294054e+02
2.596567894592532184e+02 2.831466094039076324e+02 2.807192845474481260e+02
2.596568522397585639e+02 2.831222294111761926e+02 2.807098168430669034e+02
2.596569150202639094e+02 2.830978494184447527e+02 2.807003491386856240e+02
2.596569778007692548e+02 2.830734694257133128e+02 2.806908814343043446e+02
2.596570405812746003e+02 2.830490894329818730e+02 2.806814137299231220e+02
2.596571033617799458e+02 2.830247094402504899e+02 2.806719460255418426e+02
2.596571661422852912e+02 2.830003294475190501e+02 2.806624783211605632e+02
2.596572289227905799e+02 2.829759494547876102e+02 2.806530106167792837e+02
2.596572917032959253e+02 2.829515694620561703e+02 2.806435429123980612e+02
2.596573544838012708e+02 2.829271894693247305e+02 2.806340752080167817e+02
2.596574172643066163e+02 2.829028094765933474e+02 2.806246075036355023e+02
2.596574800448119618e+02 2.828784294838619076e+02 2.806151397992542798e+02
2.596575428253173072e+02 2.828540494911304677e+02 2.806056720948730003e+02
2.596576056058226527e+02 2.828296694983990278e+02 2.805962043904917209e+02
2.596576683863279982e+02 2.828052895056675879e+02 2.805867366861104983e+02
2.596577311668333437e+02 2.827809095129362049e+02 2.805772689817292189e+02
2.596577939473386891e+02 2.827565295202047650e+02 2.805678012773479395e+02
2.596578567278440346e+02 2.827321495274733252e+02 2.805583335729667169e+02
2.596579195083493801e+02 2.827077695347418853e+02 2.805488658685854375e+02
2.596579822888547255e+02 2.826833895420105023e+02 2.805393981642041581e+02
2.596580450693600710e+02 2.826590095492790624e+02 2.805299304598229355e+02
2.596581078498654165e+02 2.826346295565476225e+02 2.805204627554416561e+02
2.596581078498654165e+02 2.826346295565476225e+02 2.805204627554416561e+02
2.596391467540950089e+02 2.826154773504823652e+02 2.805074797878110076e+02
2.596201856583246581e+02 2.825963251444171078e+02 2.804944968201803022e+02
2.596012245625542505e+02 2.825771729383517936e+02 2.804815138525496536e+02
2.595822634667838997e+02 2.825580207322865363e+02 2.804685308849189482e+02
2.595633023710134921e+02 2.825388685262212789e+02 2.804555479172882997e+02
2.595443412752430845e+02 2.825197163201560215e+02 2.804425649496575943e+02
2.595253801794727337e+02 2.825005641140907642e+02 2.804295819820269458e+02
2.595064190837023261e+02 2.824814119080255068e+02 2.804165990143962404e+02
2.594874579879319754e+02 2.824622597019601926e+02 2.804036160467655918e+02
2.594684968921615678e+02 2.824431074958949353e+02 2.803906330791348864e+02
2.594495357963911601e+02 2.824239552898296779e+02 2.803776501115042379e+02
2.594305747006208094e+02 2.824048030837644205e+02 2.803646671438735325e+02
2.594116136048504018e+02 2.823856508776991632e+02 2.803516841762428840e+02
2.593926525090799942e+02 2.823664986716339058e+02 2.803387012086121786e+02
2.593736914133096434e+02 2.823473464655685916e+02 2.803257182409815300e+02
2.593547303175392358e+02 2.823281942595033343e+02 2.803127352733508246e+02
2.593357692217688850e+02 2.823090420534380769e+02 2.802997523057201761e+02
2.593168081259984774e+02 2.822898898473728195e+02 2.802867693380894707e+02
2.592978470302280698e+02 2.822707376413075622e+02 2.802737863704588221e+02
2.592788859344577190e+02 2.822515854352423048e+02 2.802608034028281168e+02
2.592599248386873114e+02 2.822324332291769906e+02 2.802478204351974682e+02
2.592409637429169607e+02 2.822132810231117332e+02 2.802348374675667628e+02
2.592220026471465530e+02 2.821941288170464759e+02 2.802218544999361143e+02
2.592220026471465530e+02 2.821941288170464759e+02 2.802218544999361143e+02
2.592034108656523017e+02 2.821647350204409008e+02 2.802074782736471548e+02
2.591848190841579935e+02 2.821353412238352689e+02 2.801931020473582521e+02
2.591662273026637422e+02 2.821059474272296939e+02 2.801787258210692926e+02
2.591476355211694340e+02 2.820765536306240620e+02 2.801643495947803899e+02
2.591290437396751827e+02 2.820471598340184869e+02 2.801499733684914304e+02
2.591104519581809313e+02 2.820177660374128550e+02 2.801355971422025277e+02
2.590918601766866232e+02 2.819883722408072799e+02 2.801212209159135682e+02
2.590732683951923718e+02 2.819589784442016480e+02 2.801068446896246655e+02
2.590546766136981205e+02 2.819295846475960730e+02 2.800924684633357060e+02
2.590360848322038123e+02 2.819001908509904410e+02 2.800780922370468033e+02
2.590174930507095610e+02 2.818707970543848660e+02 2.800637160107578438e+02
2.589989012692152528e+02 2.818414032577792341e+02 2.800493397844689412e+02
2.589803094877210015e+02 2.818120094611736590e+02 2.800349635581799816e+02
2.589617177062267501e+02 2.817826156645680271e+02 2.800205873318910790e+02
2.589431259247324419e+02 2.817532218679624521e+02 2.800062111056021195e+02
2.589245341432381906e+02 2.817238280713568201e+02 2.799918348793132168e+02
2.589059423617439393e+02 2.816944342747512451e+02 2.799774586530242573e+02
2.588873505802496311e+02 2.816650404781456132e+02 2.799630824267353546e+02
2.588687587987553798e+02 2.816356466815400381e+02 2.799487062004463951e+02
2.588501670172610716e+02 2.816062528849344062e+02 2.799343299741574924e+02
2.588315752357668202e+02 2.815768590883288311e+02 2.799199537478685329e+02
2.588315752357668202e+02 2.815768590883288311e+02 2.799199537478685329e+02
2.588101089088891626e+02 2.815551764007456086e+02 2.799052554081535504e+02
2.587886425820115619e+02 2.815334937131623860e+02 2.798905570684385111e+02
2.587671762551339043e+02 2.815118110255791635e+02 2.798758587287235287e+02
2.587457099282563036e+02 2.814901283379959409e+02 2.798611603890085462e+02
2.587242436013786460e+02 2.814684456504127184e+02 2.798464620492935069e+02
2.587027772745009884e+02 2.814467629628294958e+02 2.798317637095785244e+02
2.586813109476233876e+02 2.814250802752462732e+02 2.798170653698634851e+02
2.586598446207457300e+02 2.814033975876630507e+02 2.798023670301485026e+02
2.586383782938681293e+02 2.813817149000798281e+02 2.797876686904335202e+02
2.586169119669904717e+02 2.813600322124966056e+02 2.797729703507184809e+02
2.585954456401128141e+02 2.813383495249133830e+02 2.797582720110034984e+02
2.585739793132352133e+02 2.813166668373301604e+02 2.797435736712885159e+02
2.585525129863575557e+02 2.812949841497468810e+02 2.797288753315734766e+02
2.585310466594799550e+02 2.812733014621636585e+02 2.797141769918584941e+02
2.585095803326022974e+02 2.812516187745804359e+02 2.796994786521435117e+02
2.584881140057246398e+02 2.812299360869972134e+02 2.796847803124284724e+02
2.584666476788470391e+02 2.812082533994139908e+02 2.796700819727134899e+02
2.584451813519693815e+02 2.811865707118307682e+02 2.796553836329985074e+02
2.584237150250917807e+02 2.811648880242475457e+02 2.796406852932834681e+02
2.584022486982141231e+02 2.811432053366643231e+02 2.796259869535684857e+02
2.583807823713364655e+02 2.811215226490811006e+02 2.796112886138534463e+02
2.583593160444588648e+02 2.810998399614978780e+02 2.795965902741384639e+02
2.583378497175812072e+02 2.810781572739146554e+02 2.795818919344234814e+02
2.583163833907036064e+02 2.810564745863314329e+02 2.795671935947084421e+02
2.582949170638259488e+02 2.810347918987482103e+02 2.795524952549934596e+02
2.582949170638259488e+02 2.810347918987482103e+02 2.795524952549934596e+02
2.582764335224845809e+02 2.810172649760679633e+02 2.795196737995942726e+02
2.582579499811431560e+02 2.809997380533877163e+02 2.794868523441950856e+02
2.582394664398017881e+02 2.809822111307074692e+02 2.794540308887958986e+02
2.582209828984604201e+02 2.809646842080272222e+02 2.794212094333966547e+02
2.582024993571190521e+02 2.809471572853469752e+02 2.793883879779974677e+02
2.581840158157776273e+02 2.809296303626667282e+02 2.793555665225982807e+02
2.581655322744362593e+02 2.809121034399864243e+02 2.793227450671990937e+02
2.581470487330948913e+02 2.808945765173061773e+02 2.792899236117999067e+02
2.581285651917535233e+02 2.808770495946259302e+02 2.792571021564007197e+02
2.581100816504120985e+02 2.808595226719456832e+02 2.792242807010015326e+02
2.580915981090707305e+02 2.808419957492654362e+02 2.791914592456022888e+02
2.580731145677293625e+02 2.808244688265851892e+02 2.791586377902031018e+02
2.580546310263879946e+02 2.808069419039049421e+02 2.791258163348039147e+02
2.580361474850465697e+02 2.807894149812246951e+02 2.790929948794047277e+02
2.580176639437052017e+02 2.807718880585444481e+02 2.790601734240055407e+02
2.579991804023638338e+02 2.807543611358642011e+02 2.790273519686063537e+02
2.579806968610224658e+02 2.807368342131839540e+02 2.789945305132071098e+02
2.579622133196810410e+02 2.807193072905037070e+02 2.789617090578079228e+02
2.579437297783396730e+02 2.807017803678234600e+02 2.789288876024087358e+02
2.579252462369983050e+02 2.806842534451432130e+02 2.788960661470095488e+02
2.579067626956569370e+02 2.806667265224629091e+02 2.788632446916103618e+02
2.578882791543155122e+02 2.806491995997826621e+02 2.788304232362111748e+02
2.578697956129741442e+02 2.806316726771024150e+02 2.787976017808119877e+02
2.578513120716327762e+02 2.806141457544221680e+02 2.787647803254127439e+02
2.578328285302914082e+02 2.805966188317419210e+02 2.787319588700135569e+02
2.578143449889499834e+02 2.805790919090616740e+02 2.786991374146143698e+02
2.577958614476086154e+02 2.805615649863814269e+02 2.786663159592151828e+02
2.577958614476086154e+02 2.805615649863814269e+02 2.786663159592151828e+02
2.578067414276302998e+02 2.805499784935362300e+02 2.786528650850786448e+02
2.578176214076520409e+02 2.805383920006910330e+02 2.786394142109420500e+02
2.578285013876737253e+02 2.805268055078458360e+02 2.786259633368055120e+02
2.578393813676954096e+02 2.805152190150006390e+02 2.786125124626689740e+02
2.578502613477170939e+02 2.805036325221554421e+02 2.785990615885324360e+02
2.578611413277387783e+02 2.804920460293102451e+02 2.785856107143958411e+02
2.578720213077605194e+02 2.804804595364650481e+02 2.785721598402593031e+02
2.578829012877822038e+02 2.804688730436198512e+02 2.785587089661227651e+02
2.578937812678038881e+02 2.804572865507747110e+02 2.785452580919861703e+02
2.579046612478256293e+02 2.804457000579295141e+02 2.785318072178496323e+02
2.579155412278473136e+02 2.804341135650843171e+02 2.785183563437130942e+02
2.579264212078689980e+02 2.804225270722391201e+02 2.785049054695765562e+02
2.579373011878906823e+02 2.804109405793939231e+02 2.784914545954399614e+02
2.579481811679123666e+02 2.803993540865487262e+02 2.784780037213034234e+02
2.579590611479341078e+02 2.803877675937035292e+02 2.784645528471668854e+02
2.579699411279557921e+02 2.803761811008583322e+02 2.784511019730303474e+02
2.579808211079774765e+02 2.803645946080131353e+02 2.784376510988937525e+02
2.579917010879992176e+02 2.803530081151679383e+02 2.784242002247572145e+02
2.580025810680209020e+02 2.803414216223227413e+02 2.784107493506206765e+02
2.580134610480425863e+02 2.803298351294775443e+02 2.783972984764840817e+02
2.580243410280642706e+02 2.803182486366323474e+02 2.783838476023475437e+02
2.580352210080859550e+02 2.803066621437871504e+02 2.783703967282110057e+02
2.580461009881076961e+02 2.802950756509419534e+02 2.783569458540744677e+02
2.580569809681293805e+02 2.802834891580967565e+02 2.783434949799378728e+02
2.580678609481510648e+02 2.802719026652515595e+02 2.783300441058013348e+02
2.580787409281728060e+02 2.802603161724063625e+02 2.783165932316647968e+02
2.580896209081944903e+02 2.802487296795611655e+02 2.783031423575282588e+02
2.581005008882161746e+02 2.802371431867160254e+02 2.782896914833916640e+02
2.581113808682378590e+02 2.802255566938708284e+02 2.782762406092551259e+02
2.581222608482595433e+02 2.802139702010256315e+02 2.782627897351185879e+02
2.581331408282812845e+02 2.802023837081804345e+02 2.782493388609819931e+02
2.581440208083029688e+02 2.801907972153352375e+02 2.782358879868454551e+02
2.581549007883246531e+02 2.801792107224900406e+02 2.782224371127089171e+02
2.581657807683463943e+02 2.801676242296448436e+02 2.782089862385723791e+02
2.581766607483680787e+02 2.801560377367996466e+02 2.781955353644357842e+02
2.581875407283897630e+02 2.801444512439544496e+02 2.781820844902992462e+02
2.581875407283897630e+02 2.801444512439544496e+02 2.781820844902992462e+02
2.582131750549364710e+02 2.801203931394036317e+02 2.781844098252006461e+02
2.582388093814831223e+02 2.800963350348528706e+02 2.781867351601020459e+02
2.582644437080298303e+02 2.800722769303020527e+02 2.781890604950034458e+02
2.582900780345764815e+02 2.800482188257512917e+02 2.781913858299048457e+02
2.583157123611231896e+02 2.800241607212004737e+02 2.781937111648062455e+02
2.583413466876698408e+02 2.800001026166497127e+02 2.781960364997075885e+02
2.583669810142165488e+02 2.799760445120988948e+02 2.781983618346089884e+02
2.583926153407632569e+02 2.799519864075480768e+02 2.782006871695103882e+02
2.584182496673099081e+02 2.799279283029973158e+02 2.782030125044117881e+02
2.584438839938566161e+02 2.799038701984464979e+02 2.782053378393131879e+02
2.584695183204032674e+02 2.798798120938957368e+02 2.782076631742145878e+02
2.584951526469499754e+02 2.798557539893449189e+02 2.782099885091159877e+02
2.585207869734966266e+02 2.798316958847941578e+02 2.782123138440173875e+02
2.585464213000433347e+02 2.798076377802433399e+02 2.782146391789187874e+02
2.585720556265899859e+02 2.797835796756925788e+02 2.782169645138201872e+02
2.585976899531366939e+02 2.797595215711417609e+02 2.782192898487215871e+02
2.586233242796834020e+02 2.797354634665909430e+02 2.782216151836229869e+02
2.586489586062300532e+02 2.797114053620401819e+02 2.782239405185243299e+02
2.586745929327767612e+02 2.796873472574893640e+02 2.782262658534257298e+02
2.587002272593234125e+02 2.796632891529386029e+02 2.782285911883271297e+02
2.587258615858701205e+02 2.796392310483877850e+02 2.782309165232285295e+02
2.587514959124167717e+02 2.796151729438370239e+02 2.782332418581299294e+02
2.587771302389634798e+02 2.795911148392862060e+02 2.782355671930313292e+02
2.587771302389634798e+02 2.795911148392862060e+02 2.782355671930313292e+02
2.587827397681417665e+02 2.795535876036115042e+02 2.782566675786513883e+02
2.587883492973200532e+02 2.795160603679368023e+02 2.782777679642713906e+02
2.587939588264982831e+02 2.794785331322621005e+02 2.782988683498914497e+02
2.587995683556765698e+02 2.794410058965873986e+02 2.783199687355115088e+02
2.588051778848548565e+02 2.794034786609127536e+02 2.783410691211315680e+02
2.588107874140331432e+02 2.793659514252380518e+02 2.783621695067515702e+02
2.588163969432114300e+02 2.793284241895633500e+02 2.783832698923716293e+02
2.588220064723896598e+02 2.792908969538886481e+02 2.784043702779916885e+02
2.588276160015679466e+02 2.792533697182139463e+02 2.784254706636117476e+02
2.588332255307462333e+02 2.792158424825392444e+02 2.784465710492317498e+02
2.588388350599245200e+02 2.791783152468645426e+02 2.784676714348518090e+02
2.588444445891028067e+02 2.791407880111898407e+02 2.784887718204718681e+02
2.588500541182810366e+02 2.791032607755151957e+02 2.785098722060919272e+02
2.588556636474593233e+02 2.790657335398404939e+02 2.785309725917119295e+02
2.588612731766376100e+02 2.790282063041657921e+02 2.785520729773319886e+02
2.588668827058158968e+02 2.789906790684910902e+02 2.785731733629520477e+02
2.588724922349941835e+02 2.789531518328163884e+02 2.785942737485720500e+02
2.588781017641724702e+02 2.789156245971416865e+02 2.786153741341921091e+02
2.588837112933507001e+02 2.788780973614669847e+02 2.786364745198121682e+02
2.588893208225289868e+02 2.788405701257922829e+02 2.786575749054322273e+02
2.588949303517072735e+02 2.788030428901175810e+02 2.786786752910522296e+02
2.589005398808855603e+02 2.787655156544429360e+02 2.786997756766722887e+02
2.589061494100638470e+02 2.787279884187682342e+02 2.787208760622923478e+02
2.589117589392420768e+02 2.786904611830935323e+02 2.787419764479124069e+02
2.589173684684203636e+02 2.786529339474188305e+02 2.787630768335324092e+02
2.589229779975986503e+02 2.786154067117441286e+02 2.787841772191524683e+02
2.589229779975986503e+02 2.786154067117441286e+02 2.787841772191524683e+02
2.589095325137419081e+02 2.786097024512344547e+02 2.788007382604281474e+02
2.588960870298851660e+02 2.786039981907247807e+02 2.788172993017037697e+02
2.588826415460284238e+02 2.785982939302151067e+02 2.788338603429794489e+02
2.588691960621716817e+02 2.785925896697053759e+02 2.788504213842551280e+02
2.588557505783149395e+02 2.785868854091957019e+02 2.788669824255307503e+02
2.588423050944581973e+02 2.785811811486860279e+02 2.788835434668064295e+02
2.588288596106014552e+02 2.785754768881763539e+02 2.789001045080821086e+02
2.588154141267447130e+02 2.785697726276666799e+02 2.789166655493577309e+02
2.588019686428879140e+02 2.785640683671570059e+02 2.789332265906334101e+02
2.587885231590311719e+02 2.785583641066473319e+02 2.789497876319090892e+02
2.587750776751744297e+02 2.785526598461376011e+02 2.789663486731847115e+02
2.587616321913176876e+02 2.785469555856279271e+02 2.789829097144603907e+02
2.587481867074609454e+02 2.785412513251182531e+02 2.789994707557360698e+02
2.587347412236042032e+02 2.785355470646085791e+02 2.790160317970116921e+02
2.587212957397474611e+02 2.785298428040989052e+02 2.790325928382873713e+02
2.587078502558907189e+02 2.785241385435892312e+02 2.790491538795630504e+02
2.586944047720339768e+02 2.785184342830795572e+02 2.790657149208386727e+02
2.586809592881772346e+02 2.785127300225698264e+02 2.790822759621143518e+02
2.586675138043204925e+02 2.785070257620601524e+02 2.790988370033900310e+02
2.586540683204637503e+02 2.785013215015504784e+02 2.791153980446656533e+02
2.586406228366070081e+02 2.784956172410408044e+02 2.791319590859413324e+02
2.586271773527502660e+02 2.784899129805311304e+02 2.791485201272170116e+02
2.586137318688935238e+02 2.784842087200214564e+02 2.791650811684926339e+02
2.586002863850367817e+02 2.784785044595117824e+02 2.791816422097683130e+02
2.585868409011800395e+02 2.784728001990021085e+02 2.791982032510439922e+02
2.585733954173232974e+02 2.784670959384923776e+02 2.792147642923196145e+02
2.585599499334665552e+02 2.784613916779827036e+02 2.792313253335952936e+02
2.585465044496097562e+02 2.784556874174730297e+02 2.792478863748709728e+02
2.585330589657530140e+02 2.784499831569633557e+02 2.792644474161465951e+02
2.585196134818962719e+02 2.784442788964536817e+02 2.792810084574222742e+02
2.585061679980395297e+02 2.784385746359440077e+02 2.792975694986979533e+02
2.584927225141827876e+02 2.784328703754343337e+02 2.793141305399735757e+02
2.584792770303260454e+02 2.784271661149246029e+02 2.793306915812492548e+02
2.584658315464693032e+02 2.784214618544149289e+02 2.793472526225249339e+02
2.584523860626125611e+02 2.784157575939052549e+02 2.793638136638005562e+02
2.584389405787558189e+02 2.784100533333955809e+02 2.793803747050762354e+02
2.584389405787558189e+02 2.784100533333955809e+02 2.793803747050762354e+02
2.584213829556055657e+02 2.783936512000597645e+02 2.794051597168731860e+02
2.584038253324553693e+02 2.783772490667239481e+02 2.794299447286701366e+02
2.583862677093051161e+02 2.783608469333881317e+02 2.794547297404670871e+02
2.583687100861548629e+02 2.783444448000523153e+02 2.794795147522640377e+02
2.583511524630046665e+02 2.783280426667164420e+02 2.795042997640609883e+02
2.583335948398544133e+02 2.783116405333806256e+02 2.795290847758579389e+02
2.583160372167042169e+02 2.782952384000448092e+02 2.795538697876548895e+02
2.582984795935539637e+02 2.782788362667089928e+02 2.795786547994518401e+02
2.582809219704037105e+02 2.782624341333731763e+02 2.796034398112487906e+02
2.582633643472535141e+02 2.782460320000373599e+02 2.796282248230457412e+02
2.582458067241032609e+02 2.782296298667015435e+02 2.796530098348426918e+02
2.582282491009530077e+02 2.782132277333657271e+02 2.796777948466396424e+02
2.582106914778028113e+02 2.781968256000298538e+02 2.797025798584365930e+02
2.581931338546525581e+02 2.781804234666940374e+02 2.797273648702335436e+02
2.581755762315023048e+02 2.781640213333582210e+02 2.797521498820304942e+02
2.581580186083521085e+02 2.781476192000224046e+02 2.797769348938274447e+02
2.581404609852018552e+02 2.781312170666865882e+02 2.798017199056243953e+02
2.581229033620516020e+02 2.781148149333507718e+02 2.798265049174213459e+02
2.581053457389014056e+02 2.780984128000149553e+02 2.798512899292182965e+02
2.580877881157511524e+02 2.780820106666791389e+02 2.798760749410152471e+02
2.580702304926009560e+02 2.780656085333432657e+02 2.799008599528121977e+02
2.580526728694507028e+02 2.780492064000074492e+02 2.799256449646091482e+02
2.580351152463004496e+02 2.780328042666716328e+02 2.799504299764060988e+02
2.580175576231502532e+02 2.780164021333358164e+02 2.799752149882030494e+02
2.580000000000000000e+02 2.780000000000000000e+02 2.800000000000000000e+02
2.580000000000000000e+02 2.780000000000000000e+02 2.800000000000000000e+02
2.580000000000000000e+02 2.780000000000000000e+02 2.800000000000000000e+02
2.580000000000000000e+02 2.780000000000000000e+02 2.800000000000000000e+02
2.580000000000000000e+02 2.780000000000000000e+02 2.800000000000000000e+02
2.580000000000000000e+02 2.780000000000000000e+02 2.800000000000000000e+02
2.580000000000000000e+02 2.780000000000000000e+02 2.800000000000000000e+02
2.580000000000000000e+02 2.780000000000000000e+02 2.800000000000000000e+02
2.580000000000000000e+02 2.780000000000000000e+02 2.800000000000000000e+02
2.580000000000000000e+02 2.780000000000000000e+02 2.800000000000000000e+02
2.580000000000000000e+02 2.780000000000000000e+02 2.800000000000000000e+02
2.580000000000000000e+02 2.780000000000000000e+02 2.800000000000000000e+02
2.580000000000000000e+02 2.780000000000000000e+02 2.800000000000000000e+02
2.580000000000000000e+02 2.780000000000000000e+02 2.800000000000000000e+02
2.580000000000000000e+02 2.780000000000000000e+02 2.800000000000000000e+02
2.580000000000000000e+02 2.780000000000000000e+02 2.800000000000000000e+02
2.580000000000000000e+02 2.780000000000000000e+02 2.800000000000000000e+02
2.580000000000000000e+02 2.780000000000000000e+02 2.800000000000000000e+02
2.580000000000000000e+02 2.780000000000000000e+02 2.800000000000000000e+02
2.580000000000000000e+02 2.780000000000000000e+02 2.800000000000000000e+02
2.580000000000000000e+02 2.780000000000000000e+02 2.800000000000000000e+02
2.580000000000000000e+02 2.780000000000000000e+02 2.800000000000000000e+02
2.580000000000000000e+02 2.780000000000000000e+02 2.800000000000000000e+02
2.580000000000000000e+02 2.780000000000000000e+02 2.800000000000000000e+02
2.580000000000000000e+02 2.780000000000000000e+02 2.800000000000000000e+02
2.580000000000000000e+02 2.780000000000000000e+02 2.800000000000000000e+02
2.580000000000000000e+02 2.780000000000000000e+02 2.800000000000000000e+02
2.580000000000000000e+02 2.780000000000000000e+02 2.800000000000000000e+02
2.580000000000000000e+02 2.780000000000000000e+02 2.800000000000000000e+02
2.580000000000000000e+02 2.780000000000000000e+02 2.800000000000000000e+02
2.579845952619146487e+02 2.779841333239332926e+02 2.800230769350528703e+02
2.579691905238292975e+02 2.779682666478665283e+02 2.800461538701057407e+02
2.579537857857439462e+02 2.779523999717998208e+02 2.800692308051586110e+02
2.579383810476585950e+02 2.779365332957331134e+02 2.800923077402114814e+02
2.579229763095732437e+02 2.779206666196664059e+02 2.801153846752643517e+02
2.579075715714878925e+02 2.779047999435996417e+02 2.801384616103172220e+02
2.578921668334025412e+02 2.778889332675329342e+02 2.801615385453700924e+02
2.578767620953171900e+02 2.778730665914662268e+02 2.801846154804229627e+02
2.578613573572318387e+02 2.778571999153994625e+02 2.802076924154758331e+02
2.578459526191464875e+02 2.778413332393327551e+02 2.802307693505287034e+02
2.578305478810611362e+02 2.778254665632660476e+02 2.802538462855815737e+02
2.578151431429757849e+02 2.778095998871992833e+02 2.802769232206344441e+02
2.577997384048904337e+02 2.777937332111325759e+02 2.803000001556873144e+02
2.577843336668050256e+02 2.777778665350658684e+02 2.803230770907402416e+02
2.577689289287196743e+02 2.777619998589991610e+02 2.803461540257931119e+02
2.577535241906343231e+02 2.777461331829323967e+02 2.803692309608459823e+02
2.577381194525489718e+02 2.777302665068656893e+02 2.803923078958988526e+02
2.577227147144636206e+02 2.777143998307989818e+02 2.804153848309517230e+02
2.577073099763782693e+02 2.776985331547322176e+02 2.804384617660045933e+02
2.576919052382929181e+02 2.776826664786655101e+02 2.804615387010574636e+02
2.576765005002075668e+02 2.776667998025988027e+02 2.804846156361103340e+02
2.576610957621222155e+02 2.776509331265320384e+02 2.805076925711632043e+02
2.576456910240368643e+02 2.776350664504653309e+02 2.805307695062160747e+02
2.576302862859515130e+02 2.776191997743986235e+02 2.805538464412689450e+02
2.576148815478661618e+02 2.776033330983319161e+02 2.805769233763218153e+02
2.575994768097808105e+02 2.775874664222651518e+02 2.806000003113746857e+02
2.575840720716954593e+02 2.775715997461984443e+02 2.806230772464275560e+02
2.575840720716954593e+02 2.775715997461984443e+02 2.806230772464275560e+02
2.575648961885639210e+02 2.775712696972994991e+02 2.806481265332491830e+02
2.575457203054323827e+02 2.775709396484006106e+02 2.806731758200708100e+02
2.575265444223007876e+02 2.775706095995016653e+02 2.806982251068923802e+02
2.575073685391692493e+02 2.775702795506027769e+02 2.807232743937140071e+02
2.574881926560377110e+02 2.775699495017038316e+02 2.807483236805356341e+02
2.574690167729061727e+02 2.775696194528049432e+02 2.807733729673572611e+02
2.574498408897746344e+02 2.775692894039059979e+02 2.807984222541788313e+02
2.574306650066430961e+02 2.775689593550070526e+02 2.808234715410004583e+02
2.574114891235115010e+02 2.775686293061081642e+02 2.808485208278220853e+02
2.573923132403799627e+02 2.775682992572092189e+02 2.808735701146437123e+02
2.573731373572484245e+02 2.775679692083103305e+02 2.808986194014653393e+02
2.573539614741168862e+02 2.775676391594113852e+02 2.809236686882869094e+02
2.573347855909853479e+02 2.775673091105124968e+02 2.809487179751085364e+02
2.573156097078538096e+02 2.775669790616135515e+02 2.809737672619301634e+02
2.572964338247222145e+02 2.775666490127146631e+02 2.809988165487517904e+02
2.572772579415906762e+02 2.775663189638157178e+02 2.810238658355734174e+02
2.572580820584591379e+02 2.775659889149167725e+02 2.810489151223949875e+02
2.572389061753275996e+02 2.775656588660178841e+02 2.810739644092166145e+02
2.572197302921960613e+02 2.775653288171189388e+02 2.810990136960382415e+02
2.572005544090645230e+02 2.775649987682200504e+02 2.811240629828598685e+02
2.571813785259329279e+02 2.775646687193211051e+02 2.811491122696814386e+02
2.571622026428013896e+02 2.775643386704222166e+02 2.811741615565030656e+02
2.571430267596698513e+02 2.775640086215232714e+02 2.811992108433246926e+02
2.571430267596698513e+02 2.775640086215232714e+02 2.811992108433246926e+02
2.571212813717475001e+02 2.775857480985881693e+02 2.812085282939615922e+02
2.570995359838252057e+02 2.776074875756530105e+02 2.812178457445984918e+02
2.570777905959028544e+02 2.776292270527179085e+02 2.812271631952354483e+02
2.570560452079805600e+02 2.776509665297828064e+02 2.812364806458723478e+02
2.570342998200582088e+02 2.776727060068476476e+02 2.812457980965092474e+02
2.570125544321359143e+02 2.776944454839125456e+02 2.812551155471461470e+02
2.569908090442135631e+02 2.777161849609774436e+02 2.812644329977830466e+02
2.569690636562912687e+02 2.777379244380422847e+02 2.812737504484200031e+02
2.569473182683689174e+02 2.777596639151071827e+02 2.812830678990569027e+02
2.569255728804466230e+02 2.777814033921720807e+02 2.812923853496938023e+02
2.569038274925242717e+02 2.778031428692369218e+02 2.813017028003307018e+02
2.568820821046019773e+02 2.778248823463018198e+02 2.813110202509676014e+02
2.568603367166796261e+02 2.778466218233667178e+02 2.813203377016045010e+02
2.568385913287573317e+02 2.778683613004315589e+02 2.813296551522414575e+02
2.568168459408349804e+02 2.778901007774964569e+02 2.813389726028783571e+02
2.567951005529126860e+02 2.779118402545613549e+02 2.813482900535152567e+02
2.567733551649903347e+02 2.779335797316261960e+02 2.813576075041521563e+02
2.567516097770680403e+02 2.779553192086910940e+02 2.813669249547890558e+02
2.567298643891456891e+02 2.779770586857559920e+02 2.813762424054260123e+02
2.567081190012233947e+02 2.779987981628208331e+02 2.813855598560629119e+02
2.566863736133010434e+02 2.780205376398857311e+02 2.813948773066998115e+02
2.566863736133010434e+02 2.780205376398857311e+02 2.813948773066998115e+02
2.566741800530683122e+02 2.780358875104711842e+02 2.814194730901807020e+02
2.566619864928356378e+02 2.780512373810565805e+02 2.814440688736615925e+02
2.566497929326029066e+02 2.780665872516420336e+02 2.814686646571424831e+02
2.566375993723702322e+02 2.780819371222274867e+02 2.814932604406233736e+02
2.566254058121375010e+02 2.780972869928128830e+02 2.815178562241042641e+02
2.566132122519048266e+02 2.781126368633983361e+02 2.815424520075851547e+02
2.566010186916720954e+02 2.781279867339837892e+02 2.815670477910660452e+02
2.565888251314394211e+02 2.781433366045691855e+02 2.815916435745469357e+02
2.565766315712066898e+02 2.781586864751546386e+02 2.816162393580278263e+02
2.565644380109739586e+02 2.781740363457400917e+02 2.816408351415087168e+02
2.565522444507412843e+02 2.781893862163254880e+02 2.816654309249896073e+02
2.565400508905085530e+02 2.782047360869109411e+02 2.816900267084704979e+02
2.565278573302758787e+02 2.782200859574963943e+02 2.817146224919513884e+02
2.565156637700431475e+02 2.782354358280817905e+02 2.817392182754322789e+02
2.565034702098104731e+02 2.782507856986672437e+02 2.817638140589131694e+02
2.564912766495777419e+02 2.782661355692526968e+02 2.817884098423940600e+02
2.564790830893450675e+02 2.782814854398380930e+02 2.818130056258749505e+02
2.564668895291123363e+02 2.782968353104235462e+02 2.818376014093558410e+02
2.564546959688796051e+02 2.783121851810089993e+02 2.818621971928367316e+02
2.564425024086469307e+02 2.783275350515943956e+02 2.818867929763176221e+02
2.564303088484141995e+02 2.783428849221798487e+02 2.819113887597985126e+02
2.564181152881815251e+02 2.783582347927653018e+02 2.819359845432794032e+02
2.564059217279487939e+02 2.783735846633506981e+02 2.819605803267602937e+02
2.563937281677161195e+02 2.783889345339361512e+02 2.819851761102411842e+02
2.563815346074833883e+02 2.784042844045216043e+02 2.820097718937220748e+02
2.563693410472507139e+02 2.784196342751070006e+02 2.820343676772029653e+02
2.563571474870179827e+02 2.784349841456924537e+02 2.820589634606838558e+02
2.563571474870179827e+02 2.784349841456924537e+02 2.820589634606838558e+02
2.563381936400936638e+02 2.784346579184066286e+02 2.820837227035684123e+02
2.563192397931693449e+02 2.784343316911207467e+02 2.821084819464530256e+02
2.563002859462450260e+02 2.784340054638349216e+02 2.821332411893375820e+02
2.562813320993207071e+02 2.784336792365490965e+02 2.821580004322221384e+02
2.562623782523963882e+02 2.784333530092632145e+02 2.821827596751067517e+02
2.562434244054720693e+02 2.784330267819773894e+02 2.822075189179913082e+02
2.562244705585477504e+02 2.784327005546915643e+02 2.822322781608758646e+02
2.562055167116234315e+02 2.784323743274056824e+02 2.822570374037604779e+02
2.561865628646991127e+02 2.784320481001198573e+02 2.822817966466450343e+02
2.561676090177747938e+02 2.784317218728339753e+02 2.823065558895295908e+02
2.561486551708504749e+02 2.784313956455481502e+02 2.823313151324142041e+02
2.561297013239261560e+02 2.784310694182623251e+02 2.823560743752987605e+02
2.561107474770018371e+02 2.784307431909764432e+02 2.823808336181833170e+02
2.560917936300775182e+02 2.784304169636906181e+02 2.824055928610679302e+02
2.560728397831531993e+02 2.784300907364047930e+02 2.824303521039524867e+02
2.560538859362288804e+02 2.784297645091189111e+02 2.824551113468370431e+02
2.560349320893045615e+02 2.784294382818330860e+02 2.824798705897215996e+02
2.560159782423802426e+02 2.784291120545472609e+02 2.825046298326062129e+02
2.559970243954559237e+02 2.784287858272613789e+02 2.825293890754907693e+02
2.559780705485316048e+02 2.784284595999755538e+02 2.825541483183753257e+02
2.559591167016072859e+02 2.784281333726897287e+02 2.825789075612599390e+02
2.559401628546829670e+02 2.784278071454038468e+02 2.826036668041444955e+02
2.559212090077586481e+02 2.784274809181180217e+02 2.826284260470290519e+02
2.559022551608343292e+02 2.784271546908321397e+02 2.826531852899136652e+02
2.558833013139100103e+02 2.784268284635463147e+02 2.826779445327982216e+02
2.558643474669856914e+02 2.784265022362604896e+02 2.827027037756827781e+02
2.558453936200613725e+02 2.784261760089746076e+02 2.827274630185673914e+02
2.558264397731370536e+02 2.784258497816887825e+02 2.827522222614519478e+02
2.558074859262127347e+02 2.784255235544029574e+02 2.827769815043365043e+02
2.557885320792884158e+02 2.784251973271170755e+02 2.828017407472211175e+02
2.557695782323640969e+02 2.784248710998312504e+02 2.828264999901056740e+02
2.557695782323640969e+02 2.784248710998312504e+02 2.828264999901056740e+02
2.557675425825671880e+02 2.784442338562091663e+02 2.828526407661386770e+02
2.557655069327702506e+02 2.784635966125870254e+02 2.828787815421716232e+02
2.557634712829733417e+02 2.784829593689649414e+02 2.829049223182046262e+02
2.557614356331764043e+02 2.785023221253428005e+02 2.829310630942376292e+02
2.557593999833794953e+02 2.785216848817207165e+02 2.829572038702705754e+02
2.557573643335825864e+02 2.785410476380985756e+02 2.829833446463035784e+02
2.557553286837856490e+02 2.785604103944764915e+02 2.830094854223365815e+02
2.557532930339887400e+02 2.785797731508543507e+02 2.830356261983695845e+02
2.557512573841918027e+02 2.785991359072322666e+02 2.830617669744025306e+02
2.557492217343948937e+02 2.786184986636101257e+02 2.830879077504355337e+02
2.557471860845979847e+02 2.786378614199880417e+02 2.831140485264685367e+02
2.557451504348010474e+02 2.786572241763659008e+02 2.831401893025014829e+02
2.557431147850041384e+02 2.786765869327438168e+02 2.831663300785344859e+02
2.557410791352072295e+02 2.786959496891216759e+02 2.831924708545674889e+02
2.557390434854102921e+02 2.787153124454995918e+02 2.832186116306004351e+02
2.557370078356133831e+02 2.787346752018774509e+02 2.832447524066334381e+02
2.557349721858164457e+02 2.787540379582553669e+02 2.832708931826664411e+02
2.557329365360195368e+02 2.787734007146332260e+02 2.832970339586994442e+02
2.557309008862226278e+02 2.787927634710111420e+02 2.833231747347323903e+02
2.557288652364256905e+02 2.788121262273890011e+02 2.833493155107653934e+02
2.557268295866287815e+02 2.788314889837669170e+02 2.833754562867983964e+02
2.557247939368318441e+02 2.788508517401447762e+02 2.834015970628313426e+02
2.557227582870349352e+02 2.788702144965226921e+02 2.834277378388643456e+02
2.557227582870349352e+02 2.788702144965226921e+02 2.834277378388643456e+02
2.557247479196489337e+02 2.788702144965226921e+02 2.834591494847441027e+02
2.557267375522629322e+02 2.788702144965226921e+02 2.834905611306238598e+02
2.557287271848769592e+02 2.788702144965226921e+02 2.835219727765035600e+02
2.557307168174909577e+02 2.788702144965226921e+02 2.835533844223833171e+02
2.557327064501049563e+02 2.788702144965226921e+02 2.835847960682630742e+02
2.557346960827189548e+02 2.788702144965226921e+02 2.836162077141428313e+02
2.557366857153329818e+02 2.788702144965226921e+02 2.836476193600225884e+02
2.557386753479469803e+02 2.788702144965226921e+02 2.836790310059022886e+02
2.557406649805609788e+02 2.788702144965226921e+02 2.837104426517820457e+02
2.557426546131749774e+02 2.788702144965226921e+02 2.837418542976618028e+02
2.557446442457890043e+02 2.788702144965226921e+02 2.837732659435415599e+02
2.557466338784030029e+02 2.788702144965226921e+02 2.838046775894213170e+02
2.557486235110170014e+02 2.788702144965226921e+02 2.838360892353010172e+02
2.557506131436310000e+02 2.788702144965226921e+02 2.838675008811807743e+02
2.557526027762450269e+02 2.788702144965226921e+02 2.838989125270605314e+02
2.557545924088590255e+02 2.788702144965226921e+02 2.839303241729402885e+02
2.557565820414730240e+02 2.788702144965226921e+02 2.839617358188200456e+02
2.557585716740870225e+02 2.788702144965226921e+02 2.839931474646997458e+02
2.557605613067010495e+02 2.788702144965226921e+02 2.840245591105795029e+02
2.557625509393150480e+02 2.788702144965226921e+02 2.840559707564592600e+02
2.557645405719290466e+02 2.788702144965226921e+02 2.840873824023390171e+02
2.557665302045430451e+02 2.788702144965226921e+02 2.841187940482187742e+02
2.557685198371570721e+02 2.788702144965226921e+02 2.841502056940984744e+02
2.557705094697710706e+02 2.788702144965226921e+02 2.841816173399782315e+02
2.557724991023850691e+02 2.788702144965226921e+02 2.842130289858579886e+02
2.557724991023850691e+02 2.788702144965226921e+02 2.842130289858579886e+02
2.557767591685319530e+02 2.788827308303161203e+02 2.842413286937826342e+02
2.557810192346788654e+02 2.788952471641095485e+02 2.842696284017072230e+02
2.557852793008257493e+02 2.789077634979029767e+02 2.842979281096318687e+02
2.557895393669726332e+02 2.789202798316964049e+02 2.843262278175564575e+02
2.557937994331195455e+02 2.789327961654898331e+02 2.843545275254811031e+02
2.557980594992664294e+02 2.789453124992832045e+02 2.843828272334056919e+02
2.558023195654133133e+02 2.789578288330766327e+02 2.844111269413303376e+02
2.558065796315602256e+02 2.789703451668700609e+02 2.844394266492549264e+02
2.558108396977071095e+02 2.789828615006634891e+02 2.844677263571795720e+02
2.558150997638539934e+02 2.789953778344569173e+02 2.844960260651041608e+02
2.558193598300009057e+02 2.790078941682503455e+02 2.845243257730288065e+02
2.558236198961477896e+02 2.790204105020437737e+02 2.845526254809533953e+02
2.558278799622946735e+02 2.790329268358372019e+02 2.845809251888780409e+02
2.558321400284415859e+02 2.790454431696306301e+02 2.846092248968026297e+02
2.558364000945884698e+02 2.790579595034240583e+02 2.846375246047272753e+02
2.558406601607353537e+02 2.790704758372174865e+02 2.846658243126518641e+02
2.558449202268822660e+02 2.790829921710109147e+02 2.846941240205765098e+02
2.558491802930291499e+02 2.790955085048042861e+02 2.847224237285011554e+02
2.558534403591760338e+02 2.791080248385977143e+02 2.847507234364257442e+02
2.558577004253229177e+02 2.791205411723911425e+02 2.847790231443503899e+02
2.558619604914698300e+02 2.791330575061845707e+02 2.848073228522749787e+02
2.558662205576167139e+02 2.791455738399779989e+02 2.848356225601996243e+02
2.558704806237635978e+02 2.791580901737714271e+02 2.848639222681242131e+02
2.558747406899105101e+02 2.791706065075648553e+02 2.848922219760488588e+02
2.558790007560573940e+02 2.791831228413582835e+02 2.849205216839734476e+02
2.558832608222042779e+02 2.791956391751517117e+02 2.849488213918980932e+02
2.558875208883511903e+02 2.792081555089451399e+02 2.849771210998226820e+02
2.558917809544980742e+02 2.792206718427385681e+02 2.850054208077473277e+02
2.558960410206449581e+02 2.792331881765319395e+02 2.850337205156719165e+02
2.559003010867918704e+02 2.792457045103253677e+02 2.850620202235965621e+02
2.559045611529387543e+02 2.792582208441187959e+02 2.850903199315211509e+02
2.559088212190856382e+02 2.792707371779122241e+02 2.851186196394457966e+02
2.559130812852325505e+02 2.792832535117056523e+02 2.851469193473703854e+02
2.559173413513794344e+02 2.792957698454990805e+02 2.851752190552950310e+02
2.559173413513794344e+02 2.792957698454990805e+02 2.851752190552950310e+02
2.559253846877116985e+02 2.793119308141351098e+02 2.852012752663957258e+02
2.559334280240439341e+02 2.793280917827711392e+02 2.852273314774964206e+02
2.559414713603761982e+02 2.793442527514071116e+02 2.852533876885970585e+02
2.559495146967084622e+02 2.793604137200431410e+02 2.852794438996977533e+02
2.559575580330407263e+02 2.793765746886791703e+02 2.853055001107984481e+02
2.559656013693729619e+02 2.793927356573151997e+02 2.853315563218991429e+02
2.559736447057052260e+02 2.794088966259512290e+02 2.853576125329998376e+02
2.559816880420374900e+02 2.794250575945872583e+02 2.853836687441005324e+02
2.559897313783697257e+02 2.794412185632232308e+02 2.854097249552011704e+02
2.559977747147019898e+02 2.794573795318592602e+02 2.854357811663018651e+02
2.560058180510342254e+02 2.794735405004952895e+02 2.854618373774025599e+02
2.560138613873664895e+02 2.794897014691313188e+02 2.854878935885032547e+02
2.560219047236987535e+02 2.795058624377673482e+02 2.855139497996039495e+02
2.560299480600310176e+02 2.795220234064033207e+02 2.855400060107045874e+02
2.560379913963632816e+02 2.795381843750393500e+02 2.855660622218052822e+02
2.560460347326955457e+02 2.795543453436753794e+02 2.855921184329059770e+02
2.560540780690277529e+02 2.795705063123114087e+02 2.856181746440066718e+02
2.560621214053600170e+02 2.795866672809474380e+02 2.856442308551073666e+02
2.560701647416922810e+02 2.796028282495834105e+02 2.856702870662080045e+02
2.560782080780245451e+02 2.796189892182194399e+02 2.856963432773086993e+02
2.560862514143568092e+02 2.796351501868554692e+02 2.857223994884093941e+02
2.560942947506890732e+02 2.796513111554914985e+02 2.857484556995100888e+02
2.561023380870213373e+02 2.796674721241275279e+02 2.857745119106107836e+02
2.561103814233535445e+02 2.796836330927635572e+02 2.858005681217114784e+02
2.561184247596858086e+02 2.796997940613995297e+02 2.858266243328121163e+02
2.561264680960180726e+02 2.797159550300355590e+02 2.858526805439128111e+02
2.561345114323503367e+02 2.797321159986715884e+02 2.858787367550135059e+02
2.561345114323503367e+02 2.797321159986715884e+02 2.858787367550135059e+02
2.561287395275393806e+02 2.797337873255513045e+02 2.859099778640191403e+02
2.561229676227284813e+02 2.797354586524310207e+02 2.859412189730247178e+02
2.561171957179175251e+02 2.797371299793106800e+02 2.859724600820303522e+02
2.561114238131066259e+02 2.797388013061903962e+02 2.860037011910359297e+02
2.561056519082956697e+02 2.797404726330701124e+02 2.860349423000415641e+02
2.560998800034847704e+02 2.797421439599498285e+02 2.860661834090471416e+02
2.560941080986738143e+02 2.797438152868295447e+02 2.860974245180527760e+02
2.560883361938629150e+02 2.797454866137092608e+02 2.861286656270584103e+02
2.560825642890519589e+02 2.797471579405889770e+02 2.861599067360639879e+02
2.560767923842410596e+02 2.797488292674686363e+02 2.861911478450696222e+02
2.560710204794301035e+02 2.797505005943483525e+02 2.862223889540751998e+02
2.560652485746192042e+02 2.797521719212280686e+02 2.862536300630808341e+02
2.560594766698082481e+02 2.797538432481077848e+02 2.862848711720864117e+02
2.560537047649973488e+02 2.797555145749875010e+02 2.863161122810920460e+02
2.560479328601863926e+02 2.797571859018671603e+02 2.863473533900976236e+02
2.560421609553754934e+02 2.797588572287468764e+02 2.863785944991032579e+02
2.560363890505645372e+02 2.797605285556265926e+02 2.864098356081088923e+02
2.560306171457536379e+02 2.797621998825063088e+02 2.864410767171144698e+02
2.560248452409426818e+02 2.797638712093860249e+02 2.864723178261201042e+02
2.560190733361317825e+02 2.797655425362657411e+02 2.865035589351256817e+02
2.560133014313208264e+02 2.797672138631454573e+02 2.865348000441313161e+02
2.560075295265099271e+02 2.797688851900251166e+02 2.865660411531368936e+02
2.560017576216989710e+02 2.797705565169048327e+02 2.865972822621425280e+02
2.559959857168880433e+02 2.797722278437845489e+02 2.866285233711481624e+02
2.559902138120771156e+02 2.797738991706642651e+02 2.866597644801537399e+02
2.559844419072661879e+02 2.797755704975439812e+02 2.866910055891593743e+02
2.559786700024552601e+02 2.797772418244236405e+02 2.867222466981649518e+02
2.559728980976443324e+02 2.797789131513033567e+02 2.867534878071705862e+02
2.559671261928334047e+02 2.797805844781830729e+02 2.867847289161761637e+02
2.559613542880224770e+02 2.797822558050627890e+02 2.868159700251817981e+02
2.559613542880224770e+02 2.797822558050627890e+02 2.868159700251817981e+02
2.559585749613270877e+02 2.797893742474171290e+02 2.868464611053776139e+02
2.559557956346316985e+02 2.797964926897714122e+02 2.868769521855734297e+02
2.559530163079363376e+02 2.798036111321257522e+02 2.869074432657692455e+02
2.559502369812409484e+02 2.798107295744800354e+02 2.869379343459650613e+02
2.559474576545455591e+02 2.798178480168343754e+02 2.869684254261608771e+02
2.559446783278501698e+02 2.798249664591887154e+02 2.869989165063566929e+02
2.559418990011547805e+02 2.798320849015429985e+02 2.870294075865525087e+02
2.559391196744593913e+02 2.798392033438973385e+02 2.870598986667483246e+02
2.559363403477640304e+02 2.798463217862516217e+02 2.870903897469441404e+02
2.559335610210686411e+02 2.798534402286059617e+02 2.871208808271399562e+02
2.559307816943732519e+02 2.798605586709603017e+02 2.871513719073357720e+02
2.559280023676778626e+02 2.798676771133145849e+02 2.871818629875315878e+02
2.559252230409824733e+02 2.798747955556689249e+02 2.872123540677274036e+02
2.559224437142871125e+02 2.798819139980232080e+02 2.872428451479232194e+02
2.559196643875917232e+02 2.798890324403775480e+02 2.872733362281190352e+02
2.559168850608963339e+02 2.798961508827318312e+02 2.873038273083148511e+02
2.559141057342009447e+02 2.799032693250861712e+02 2.873343183885106669e+02
2.559113264075055554e+02 2.799103877674405112e+02 2.873648094687064827e+02
2.559085470808101945e+02 2.799175062097947944e+02 2.873953005489022985e+02
2.559057677541148053e+02 2.799246246521491344e+02 2.874257916290981143e+02
2.559029884274194160e+02 2.799317430945034175e+02 2.874562827092939301e+02
2.559002091007240267e+02 2.799388615368577575e+02 2.874867737894897459e+02
2.558974297740286374e+02 2.799459799792120975e+02 2.875172648696855617e+02
2.558946504473332482e+02 2.799530984215663807e+02 2.875477559498813775e+02
2.558918711206378873e+02 2.799602168639207207e+02 2.875782470300771934e+02
2.558890917939424980e+02 2.799673353062750039e+02 2.876087381102730092e+02
2.558863124672471088e+02 2.799744537486293439e+02 2.876392291904688250e+02
2.558863124672471088e+02 2.799744537486293439e+02 2.876392291904688250e+02
2.558748491804393836e+02 2.799854751738741925e+02 2.876667693117698263e+02
2.558633858936316585e+02 2.799964965991190979e+02 2.876943094330708277e+02
2.558519226068239334e+02 2.800075180243640034e+02 2.877218495543718859e+02
2.558404593200162083e+02 2.800185394496088520e+02 2.877493896756728873e+02
2.558289960332084831e+02 2.800295608748537006e+02 2.877769297969738886e+02
2.558175327464007580e+02 2.800405823000986061e+02 2.878044699182748900e+02
2.558060694595930329e+02 2.800516037253435115e+02 2.878320100395759482e+02
2.557946061727853078e+02 2.800626251505883602e+02 2.878595501608769496e+02
2.557831428859775826e+02 2.800736465758332088e+02 2.878870902821779509e+02
2.557716795991698575e+02 2.800846680010781142e+02 2.879146304034789523e+02
2.557602163123621324e+02 2.800956894263230197e+02 2.879421705247800105e+02
2.557487530255544073e+02 2.801067108515678683e+02 2.879697106460810119e+02
2.557372897387466821e+02 2.801177322768127169e+02 2.879972507673820132e+02
2.557258264519389570e+02 2.801287537020576224e+02 2.880247908886830146e+02
2.557143631651312319e+02 2.801397751273025278e+02 2.880523310099840728e+02
2.557028998783235068e+02 2.801507965525473765e+02 2.880798711312850742e+02
2.556914365915157816e+02 2.801618179777922251e+02 2.881074112525860755e+02
2.556799733047080565e+02 2.801728394030371305e+02 2.881349513738870769e+02
2.556685100179003314e+02 2.801838608282820360e+02 2.881624914951880783e+02
2.556570467310926063e+02 2.801948822535268846e+02 2.881900316164891365e+02
2.556455834442848811e+02 2.802059036787717332e+02 2.882175717377901378e+02
2.556341201574771560e+02 2.802169251040166387e+02 2.882451118590911392e+02
2.556226568706694309e+02 2.802279465292615441e+02 2.882726519803921406e+02
2.556111935838617057e+02 2.802389679545063927e+02 2.883001921016931988e+02
2.555997302970539806e+02 2.802499893797512414e+02 2.883277322229942001e+02
2.555882670102462555e+02 2.802610108049961468e+02 2.883552723442952015e+02
2.555768037234385304e+02 2.802720322302410523e+02 2.883828124655962029e+02
2.555653404366308052e+02 2.802830536554859009e+02 2.884103525868972611e+02
2.555538771498230801e+02 2.802940750807307495e+02 2.884378927081982624e+02
2.555424138630153550e+02 2.803050965059756550e+02 2.884654328294992638e+02
