1.045082853112705692e+02 2.142099783954352290e+02 2.122764666414260546e+02
1.044776799019865763e+02 2.141770473249207498e+02 2.122729492665528994e+02
1.044470744927025692e+02 2.141441162544062422e+02 2.122694318916797442e+02
1.044164690834185762e+02 2.141111851838917630e+02 2.122659145168065606e+02
1.043858636741345691e+02 2.140782541133772554e+02 2.122623971419334055e+02
1.043552582648505762e+02 2.140453230428627762e+02 2.122588797670602503e+02
1.043246528555665691e+02 2.140123919723482970e+02 2.122553623921870951e+02
1.042940474462825762e+02 2.139794609018337894e+02 2.122518450173139115e+02
1.042634420369985691e+02 2.139465298313193102e+02 2.122483276424407563e+02
1.042328366277145761e+02 2.139135987608048026e+02 2.122448102675676012e+02
1.042022312184305832e+02 2.138806676902903234e+02 2.122412928926944460e+02
1.041716258091465761e+02 2.138477366197758442e+02 2.122377755178212908e+02
1.041410203998625832e+02 2.138148055492613366e+02 2.122342581429481072e+02
1.041104149905785761e+02 2.137818744787468574e+02 2.122307407680749520e+02
1.040798095812945832e+02 2.137489434082323783e+02 2.122272233932017969e+02
1.040492041720105760e+02 2.137160123377178707e+02 2.122237060183286417e+02
1.040185987627265831e+02 2.136830812672033915e+02 2.122201886434554581e+02
1.039879933534425760e+02 2.136501501966888839e+02 2.122166712685823029e+02
1.039573879441585831e+02 2.136172191261744047e+02 2.122131538937091477e+02
1.039573879441585831e+02 2.136172191261744047e+02 2.122131538937091477e+02
1.039388265313060060e+02 2.135898273530119127e+02 2.121769666735391979e+02
1.039202651184534147e+02 2.135624355798494207e+02 2.121407794533692481e+02
1.039017037056008377e+02 2.135350438066869287e+02 2.121045922331992983e+02
1.038831422927482606e+02 2.135076520335244652e+02 2.120684050130293485e+02
1.038645808798956693e+02 2.134802602603619732e+02 2.120322177928593987e+02
1.038460194670430923e+02 2.134528684871994813e+02 2.119960305726894489e+02
1.038274580541905152e+02 2.134254767140369893e+02 2.119598433525195276e+02
1.038088966413379239e+02 2.133980849408744973e+02 2.119236561323495778e+02
1.037903352284853469e+02 2.133706931677120053e+02 2.118874689121796280e+02
1.037717738156327698e+02 2.133433013945495418e+02 2.118512816920096782e+02
1.037532124027801785e+02 2.133159096213870498e+02 2.118150944718397284e+02
1.037346509899276015e+02 2.132885178482245578e+02 2.117789072516697786e+02
1.037160895770750244e+02 2.132611260750620659e+02 2.117427200314998288e+02
1.036975281642224331e+02 2.132337343018995739e+02 2.117065328113298790e+02
1.036789667513698561e+02 2.132063425287370819e+02 2.116703455911599292e+02
1.036604053385172648e+02 2.131789507555745899e+02 2.116341583709899794e+02
1.036418439256646877e+02 2.131515589824121264e+02 2.115979711508200296e+02
1.036232825128121107e+02 2.131241672092496344e+02 2.115617839306500798e+02
1.036047210999595194e+02 2.130967754360871425e+02 2.115255967104801300e+02
1.035861596871069423e+02 2.130693836629246505e+02 2.114894094903102086e+02
1.035675982742543653e+02 2.130419918897621585e+02 2.114532222701402588e+02
1.035490368614017740e+02 2.130146001165996665e+02 2.114170350499703090e+02
1.035304754485491969e+02 2.129872083434372030e+02 2.113808478298003592e+02
1.035119140356966199e+02 2.129598165702747110e+02 2.113446606096304095e+02
1.034933526228440286e+02 2.129324247971122190e+02 2.113084733894604597e+02
1.034747912099914515e+02 2.129050330239497271e+02 2.112722861692905099e+02
1.034747912099914515e+02 2.129050330239497271e+02 2.112722861692905099e+02
1.034831420105787743e+02 2.128892429166745899e+02 2.112625655509000637e+02
1.034914928111661112e+02 2.128734528093994811e+02 2.112528449325095892e+02
1.034998436117534339e+02 2.128576627021243439e+02 2.112431243141191430e+02
1.035081944123407567e+02 2.128418725948492352e+02 2.112334036957286969e+02
1.035165452129280936e+02 2.128260824875740980e+02 2.112236830773382223e+02
1.035248960135154164e+02 2.128102923802989608e+02 2.112139624589477762e+02
1.035332468141027533e+02 2.127945022730238520e+02 2.112042418405573301e+02
1.035415976146900761e+02 2.127787121657487148e+02 2.111945212221668555e+02
1.035499484152773988e+02 2.127629220584736061e+02 2.111848006037764094e+02
1.035582992158647357e+02 2.127471319511984689e+02 2.111750799853859633e+02
1.035666500164520585e+02 2.127313418439233601e+02 2.111653593669955171e+02
1.035750008170393812e+02 2.127155517366482229e+02 2.111556387486050426e+02
1.035833516176267182e+02 2.126997616293730857e+02 2.111459181302145964e+02
1.035917024182140409e+02 2.126839715220979770e+02 2.111361975118241503e+02
1.036000532188013636e+02 2.126681814148228398e+02 2.111264768934336757e+02
1.036084040193887006e+02 2.126523913075477310e+02 2.111167562750432296e+02
1.036167548199760233e+02 2.126366012002725938e+02 2.111070356566527835e+02
1.036251056205633603e+02 2.126208110929974566e+02 2.110973150382623089e+02
1.036334564211506830e+02 2.126050209857223479e+02 2.110875944198718628e+02
1.036418072217380058e+02 2.125892308784472107e+02 2.110778738014814166e+02
1.036501580223253427e+02 2.125734407711721019e+02 2.110681531830909421e+02
1.036585088229126654e+02 2.125576506638969647e+02 2.110584325647004960e+02
1.036668596234999882e+02 2.125418605566218559e+02 2.110487119463100498e+02
1.036752104240873251e+02 2.125260704493467188e+02 2.110389913279195753e+02
1.036835612246746479e+02 2.125102803420715816e+02 2.110292707095291291e+02
1.036919120252619848e+02 2.124944902347964728e+02 2.110195500911386830e+02
1.037002628258493075e+02 2.124787001275213356e+02 2.110098294727482084e+02
1.037086136264366303e+02 2.124629100202462268e+02 2.110001088543577623e+02
1.037169644270239672e+02 2.124471199129710897e+02 2.109903882359673162e+02
1.037253152276112900e+02 2.124313298056959525e+02 2.109806676175768416e+02
1.037336660281986127e+02 2.124155396984208437e+02 2.109709469991863955e+02
1.037420168287859497e+02 2.123997495911457065e+02 2.109612263807959494e+02
1.037503676293732724e+02 2.123839594838705978e+02 2.109515057624055032e+02
1.037587184299605951e+02 2.123681693765954606e+02 2.109417851440150287e+02
1.037670692305479321e+02 2.123523792693203518e+02 2.109320645256245825e+02
1.037754200311352548e+02 2.123365891620452146e+02 2.109223439072341364e+02
1.037837708317225918e+02 2.123207990547700774e+02 2.109126232888436618e+02
1.037921216323099145e+02 2.123050089474949687e+02 2.109029026704532157e+02
1.038004724328972372e+02 2.122892188402198315e+02 2.108931820520627696e+02
1.038088232334845742e+02 2.122734287329447227e+02 2.108834614336722950e+02
1.038171740340718969e+02 2.122576386256695855e+02 2.108737408152818489e+02
1.038171740340718969e+02 2.122576386256695855e+02 2.108737408152818489e+02
1.038365903247632360e+02 2.122394162178918577e+02 2.108755021012012492e+02
1.038560066154545893e+02 2.122211938101141300e+02 2.108772633871206779e+02
1.038754229061459284e+02 2.122029714023364022e+02 2.108790246730400781e+02
1.038948391968372817e+02 2.121847489945586744e+02 2.108807859589594784e+02
1.039142554875286208e+02 2.121665265867809751e+02 2.108825472448789071e+02
1.039336717782199742e+02 2.121483041790032473e+02 2.108843085307983074e+02
1.039530880689113133e+02 2.121300817712255196e+02 2.108860698167177077e+02
1.039725043596026666e+02 2.121118593634477918e+02 2.108878311026371080e+02
1.039919206502940057e+02 2.120936369556700640e+02 2.108895923885565367e+02
1.040113369409853590e+02 2.120754145478923363e+02 2.108913536744759369e+02
1.040307532316766981e+02 2.120571921401146085e+02 2.108931149603953372e+02
1.040501695223680514e+02 2.120389697323368807e+02 2.108948762463147659e+02
1.040695858130593905e+02 2.120207473245591814e+02 2.108966375322341662e+02
1.040890021037507296e+02 2.120025249167814536e+02 2.108983988181535665e+02
1.041084183944420829e+02 2.119843025090037258e+02 2.109001601040729952e+02
1.041278346851334220e+02 2.119660801012259981e+02 2.109019213899923955e+02
1.041472509758247753e+02 2.119478576934482703e+02 2.109036826759117957e+02
1.041666672665161144e+02 2.119296352856705425e+02 2.109054439618312244e+02
1.041860835572074677e+02 2.119114128778928148e+02 2.109072052477506247e+02
1.042054998478988068e+02 2.118931904701150870e+02 2.109089665336700250e+02
1.042249161385901601e+02 2.118749680623373592e+02 2.109107278195894253e+02
1.042443324292814992e+02 2.118567456545596599e+02 2.109124891055088540e+02
1.042637487199728525e+02 2.118385232467819321e+02 2.109142503914282543e+02
1.042831650106641916e+02 2.118203008390042044e+02 2.109160116773476545e+02
1.043025813013555450e+02 2.118020784312264766e+02 2.109177729632670832e+02
1.043219975920468841e+02 2.117838560234487488e+02 2.109195342491864835e+02
1.043219975920468841e+02 2.117838560234487488e+02 2.109195342491864835e+02
1.043471507448405049e+02 2.117731163446680966e+02 2.109204646866971586e+02
1.043723038976341257e+02 2.117623766658874445e+02 2.109213951242078053e+02
1.043974570504277466e+02 2.117516369871067923e+02 2.109223255617184805e+02
1.044226102032213532e+02 2.117408973083261117e+02 2.109232559992291272e+02
1.044477633560149741e+02 2.117301576295454595e+02 2.109241864367398023e+02
1.044729165088085949e+02 2.117194179507648073e+02 2.109251168742504774e+02
1.044980696616022158e+02 2.117086782719841551e+02 2.109260473117611241e+02
1.045232228143958366e+02 2.116979385932035029e+02 2.109269777492717992e+02
1.045483759671894575e+02 2.116871989144228507e+02 2.109279081867824459e+02
1.045735291199830783e+02 2.116764592356421986e+02 2.109288386242931210e+02
1.045986822727766992e+02 2.116657195568615180e+02 2.109297690618037677e+02
1.046238354255703058e+02 2.116549798780808658e+02 2.109306994993144428e+02
1.046489885783639266e+02 2.116442401993002136e+02 2.109316299368251180e+02
1.046741417311575475e+02 2.116335005205195614e+02 2.109325603743357647e+02
1.046992948839511683e+02 2.116227608417389092e+02 2.109334908118464398e+02
1.047244480367447892e+02 2.116120211629582570e+02 2.109344212493570865e+02
1.047496011895384100e+02 2.116012814841776049e+02 2.109353516868677616e+02
1.047747543423320309e+02 2.115905418053969527e+02 2.109362821243784367e+02
1.047999074951256375e+02 2.115798021266162721e+02 2.109372125618890834e+02
1.048250606479192584e+02 2.115690624478356199e+02 2.109381429993997585e+02
1.048502138007128792e+02 2.115583227690549677e+02 2.109390734369104052e+02
1.048753669535065001e+02 2.115475830902743155e+02 2.109400038744210804e+02
1.048753669535065001e+02 2.115475830902743155e+02 2.109400038744210804e+02
1.049202951044847936e+02 2.115613216839540769e+02 2.109385937863211495e+02
1.049652232554631013e+02 2.115750602776338383e+02 2.109371836982212187e+02
1.050101514064413948e+02 2.115887988713135996e+02 2.109357736101212879e+02
1.050550795574196883e+02 2.116025374649933326e+02 2.109343635220213571e+02
1.051000077083979960e+02 2.116162760586730940e+02 2.109329534339214263e+02
1.051449358593762895e+02 2.116300146523528554e+02 2.109315433458214954e+02
1.051898640103545830e+02 2.116437532460326167e+02 2.109301332577215646e+02
1.052347921613328907e+02 2.116574918397123781e+02 2.109287231696216338e+02
1.052797203123111842e+02 2.116712304333921395e+02 2.109273130815217030e+02
1.053246484632894777e+02 2.116849690270718725e+02 2.109259029934217722e+02
1.053695766142677712e+02 2.116987076207516338e+02 2.109244929053218414e+02
1.054145047652460789e+02 2.117124462144313952e+02 2.109230828172219105e+02
1.054594329162243724e+02 2.117261848081111566e+02 2.109216727291219797e+02
1.055043610672026659e+02 2.117399234017909180e+02 2.109202626410220489e+02
1.055492892181809736e+02 2.117536619954706794e+02 2.109188525529221181e+02
1.055942173691592672e+02 2.117674005891504123e+02 2.109174424648221873e+02
1.056391455201375607e+02 2.117811391828301737e+02 2.109160323767222565e+02
1.056840736711158684e+02 2.117948777765099351e+02 2.109146222886223256e+02
1.057290018220941619e+02 2.118086163701896965e+02 2.109132122005223948e+02
1.057290018220941619e+02 2.118086163701896965e+02 2.109132122005223948e+02
1.057480506120262902e+02 2.118308915217914148e+02 2.109129190922336647e+02
1.057670994019584327e+02 2.118531666733931615e+02 2.109126259839449347e+02
1.057861481918905611e+02 2.118754418249948799e+02 2.109123328756562046e+02
1.058051969818226894e+02 2.118977169765966266e+02 2.109120397673674745e+02
1.058242457717548319e+02 2.119199921281983450e+02 2.109117466590787444e+02
1.058432945616869603e+02 2.119422672798000917e+02 2.109114535507900143e+02
1.058623433516190886e+02 2.119645424314018101e+02 2.109111604425012843e+02
1.058813921415512311e+02 2.119868175830035284e+02 2.109108673342125542e+02
1.059004409314833595e+02 2.120090927346052752e+02 2.109105742259238241e+02
1.059194897214154878e+02 2.120313678862069935e+02 2.109102811176350940e+02
1.059385385113476303e+02 2.120536430378087402e+02 2.109099880093463639e+02
1.059575873012797587e+02 2.120759181894104586e+02 2.109096949010576338e+02
1.059766360912118870e+02 2.120981933410122053e+02 2.109094017927689038e+02
1.059956848811440295e+02 2.121204684926139237e+02 2.109091086844801453e+02
1.060147336710761579e+02 2.121427436442156420e+02 2.109088155761914152e+02
1.060337824610082862e+02 2.121650187958173888e+02 2.109085224679026851e+02
1.060528312509404145e+02 2.121872939474191071e+02 2.109082293596139550e+02
1.060718800408725571e+02 2.122095690990208539e+02 2.109079362513252249e+02
1.060909288308046854e+02 2.122318442506225722e+02 2.109076431430364948e+02
1.061099776207368137e+02 2.122541194022243189e+02 2.109073500347477648e+02
1.061290264106689563e+02 2.122763945538260373e+02 2.109070569264590347e+02
1.061480752006010846e+02 2.122986697054277556e+02 2.109067638181703046e+02
1.061671239905332129e+02 2.123209448570295024e+02 2.109064707098815745e+02
1.061861727804653555e+02 2.123432200086312207e+02 2.109061776015928444e+02
1.062052215703974838e+02 2.123654951602329675e+02 2.109058844933041144e+02
1.062242703603296121e+02 2.123877703118346858e+02 2.109055913850153843e+02
1.062433191502617547e+02 2.124100454634364326e+02 2.109052982767266542e+02
1.062623679401938830e+02 2.124323206150381509e+02 2.109050051684379241e+02
1.062623679401938830e+02 2.124323206150381509e+02 2.109050051684379241e+02
1.062848095307654290e+02 2.124545503561526800e+02 2.109003434032247242e+02
1.063072511213369609e+02 2.124767800972672092e+02 2.108956816380115242e+02
1.063296927119085069e+02 2.124990098383817383e+02 2.108910198727983243e+02
1.063521343024800387e+02 2.125212395794962958e+02 2.108863581075851528e+02
1.063745758930515848e+02 2.125434693206108250e+02 2.108816963423719528e+02
1.063970174836231166e+02 2.125656990617253541e+02 2.108770345771587529e+02
1.064194590741946627e+02 2.125879288028398832e+02 2.108723728119455529e+02
1.064419006647661945e+02 2.126101585439544124e+02 2.108677110467323530e+02
1.064643422553377405e+02 2.126323882850689415e+02 2.108630492815191531e+02
1.064867838459092724e+02 2.126546180261834991e+02 2.108583875163059815e+02
1.065092254364808184e+02 2.126768477672980282e+02 2.108537257510927816e+02
1.065316670270523502e+02 2.126990775084125573e+02 2.108490639858795817e+02
1.065541086176238963e+02 2.127213072495270865e+02 2.108444022206663817e+02
1.065765502081954423e+02 2.127435369906416156e+02 2.108397404554531818e+02
1.065989917987669742e+02 2.127657667317561447e+02 2.108350786902399818e+02
1.066214333893385202e+02 2.127879964728706739e+02 2.108304169250267819e+02
1.066438749799100520e+02 2.128102262139852314e+02 2.108257551598136104e+02
1.066663165704815981e+02 2.128324559550997606e+02 2.108210933946004104e+02
1.066887581610531299e+02 2.128546856962142897e+02 2.108164316293872105e+02
1.067111997516246760e+02 2.128769154373288188e+02 2.108117698641740105e+02
1.067336413421962078e+02 2.128991451784433480e+02 2.108071080989608106e+02
1.067560829327677538e+02 2.129213749195578771e+02 2.108024463337476107e+02
1.067785245233392857e+02 2.129436046606724346e+02 2.107977845685344391e+02
1.068009661139108317e+02 2.129658344017869638e+02 2.107931228033212392e+02
1.068234077044823636e+02 2.129880641429014929e+02 2.107884610381080392e+02
1.068458492950539096e+02 2.130102938840160220e+02 2.107837992728948393e+02
1.068458492950539096e+02 2.130102938840160220e+02 2.107837992728948393e+02
1.068629113513505047e+02 2.130278675758756606e+02 2.107582396065867556e+02
1.068799734076470997e+02 2.130454412677352707e+02 2.107326799402787003e+02
1.068970354639436948e+02 2.130630149595949092e+02 2.107071202739706166e+02
1.069140975202402757e+02 2.130805886514545193e+02 2.106815606076625613e+02
1.069311595765368708e+02 2.130981623433141579e+02 2.106560009413544776e+02
1.069482216328334658e+02 2.131157360351737680e+02 2.106304412750463939e+02
1.069652836891300609e+02 2.131333097270334065e+02 2.106048816087383386e+02
1.069823457454266560e+02 2.131508834188930450e+02 2.105793219424302549e+02
1.069994078017232511e+02 2.131684571107526551e+02 2.105537622761221712e+02
1.070164698580198319e+02 2.131860308026122937e+02 2.105282026098141159e+02
1.070335319143164270e+02 2.132036044944719038e+02 2.105026429435060322e+02
1.070505939706130221e+02 2.132211781863315423e+02 2.104770832771979769e+02
1.070676560269096171e+02 2.132387518781911808e+02 2.104515236108898932e+02
1.070847180832062122e+02 2.132563255700507909e+02 2.104259639445818095e+02
1.071017801395028073e+02 2.132738992619104295e+02 2.104004042782737542e+02
1.071188421957994024e+02 2.132914729537700396e+02 2.103748446119656705e+02
1.071359042520959832e+02 2.133090466456296781e+02 2.103492849456576153e+02
1.071529663083925783e+02 2.133266203374892882e+02 2.103237252793495315e+02
1.071700283646891734e+02 2.133441940293489267e+02 2.102981656130414478e+02
1.071870904209857684e+02 2.133617677212085653e+02 2.102726059467333926e+02
1.072041524772823635e+02 2.133793414130681754e+02 2.102470462804253089e+02
1.072212145335789586e+02 2.133969151049278139e+02 2.102214866141172251e+02
1.072382765898755395e+02 2.134144887967874240e+02 2.101959269478091699e+02
1.072553386461721345e+02 2.134320624886470625e+02 2.101703672815010862e+02
1.072724007024687296e+02 2.134496361805066726e+02 2.101448076151930309e+02
1.072894627587653247e+02 2.134672098723663112e+02 2.101192479488849472e+02
1.072894627587653247e+02 2.134672098723663112e+02 2.101192479488849472e+02
1.072967556889703928e+02 2.134693441530709492e+02 2.100924760221777206e+02
1.073040486191754468e+02 2.134714784337755873e+02 2.100657040954704655e+02
1.073113415493805149e+02 2.134736127144802253e+02 2.100389321687632389e+02
1.073186344795855831e+02 2.134757469951848634e+02 2.100121602420560123e+02
1.073259274097906371e+02 2.134778812758895015e+02 2.099853883153487857e+02
1.073332203399957052e+02 2.134800155565941395e+02 2.099586163886415306e+02
1.073405132702007734e+02 2.134821498372987776e+02 2.099318444619343040e+02
1.073478062004058273e+02 2.134842841180034441e+02 2.099050725352270774e+02
1.073550991306108955e+02 2.134864183987080821e+02 2.098783006085198508e+02
1.073623920608159636e+02 2.134885526794127202e+02 2.098515286818125958e+02
1.073696849910210176e+02 2.134906869601173582e+02 2.098247567551053692e+02
1.073769779212260858e+02 2.134928212408219963e+02 2.097979848283981426e+02
1.073842708514311539e+02 2.134949555215266344e+02 2.097712129016908875e+02
1.073915637816362079e+02 2.134970898022312724e+02 2.097444409749836609e+02
1.073988567118412760e+02 2.134992240829359105e+02 2.097176690482764343e+02
1.074061496420463300e+02 2.135013583636405485e+02 2.096908971215692077e+02
1.074134425722513981e+02 2.135034926443451866e+02 2.096641251948619527e+02
1.074207355024564663e+02 2.135056269250498246e+02 2.096373532681547260e+02
1.074280284326615202e+02 2.135077612057544627e+02 2.096105813414474994e+02
1.074353213628665884e+02 2.135098954864591008e+02 2.095838094147402444e+02
1.074426142930716566e+02 2.135120297671637388e+02 2.095570374880330178e+02
1.074499072232767105e+02 2.135141640478684053e+02 2.095302655613257912e+02
1.074572001534817787e+02 2.135162983285730434e+02 2.095034936346185646e+02
1.074644930836868468e+02 2.135184326092776814e+02 2.094767217079113095e+02
1.074717860138919008e+02 2.135205668899823195e+02 2.094499497812040829e+02
1.074790789440969689e+02 2.135227011706869575e+02 2.094231778544968563e+02
1.074863718743020371e+02 2.135248354513915956e+02 2.093964059277896297e+02
1.074936648045070910e+02 2.135269697320962337e+02 2.093696340010823747e+02
1.075009577347121592e+02 2.135291040128008717e+02 2.093428620743751480e+02
1.075009577347121592e+02 2.135291040128008717e+02 2.093428620743751480e+02
1.075022565460152606e+02 2.135375273766569535e+02 2.093225668080615947e+02
1.075035553573183478e+02 2.135459507405130637e+02 2.093022715417480413e+02
1.075048541686214492e+02 2.135543741043691455e+02 2.092819762754344879e+02
1.075061529799245506e+02 2.135627974682252272e+02 2.092616810091209345e+02
1.075074517912276377e+02 2.135712208320813090e+02 2.092413857428073811e+02
1.075087506025307391e+02 2.135796441959374192e+02 2.092210904764938277e+02
1.075100494138338263e+02 2.135880675597935010e+02 2.092007952101802744e+02
1.075113482251369277e+02 2.135964909236495828e+02 2.091804999438667210e+02
1.075126470364400291e+02 2.136049142875056930e+02 2.091602046775531676e+02
1.075139458477431162e+02 2.136133376513617748e+02 2.091399094112396142e+02
1.075152446590462176e+02 2.136217610152178565e+02 2.091196141449260608e+02
1.075165434703493190e+02 2.136301843790739383e+02 2.090993188786125074e+02
1.075178422816524062e+02 2.136386077429300485e+02 2.090790236122989540e+02
1.075191410929555076e+02 2.136470311067861303e+02 2.090587283459854007e+02
1.075204399042586090e+02 2.136554544706422121e+02 2.090384330796718473e+02
1.075217387155616962e+02 2.136638778344982939e+02 2.090181378133582939e+02
1.075230375268647975e+02 2.136723011983544041e+02 2.089978425470447405e+02
1.075243363381678989e+02 2.136807245622104858e+02 2.089775472807311871e+02
1.075256351494709861e+02 2.136891479260665676e+02 2.089572520144176337e+02
1.075269339607740875e+02 2.136975712899226778e+02 2.089369567481040804e+02
1.075282327720771747e+02 2.137059946537787596e+02 2.089166614817905270e+02
1.075295315833802761e+02 2.137144180176348414e+02 2.088963662154769736e+02
1.075308303946833774e+02 2.137228413814909231e+02 2.088760709491634202e+02
1.075321292059864646e+02 2.137312647453470333e+02 2.088557756828498668e+02
1.075334280172895660e+02 2.137396881092031151e+02 2.088354804165363134e+02
1.075334280172895660e+02 2.137396881092031151e+02 2.088354804165363134e+02
1.075223941343159026e+02 2.137780852559170910e+02 2.087786672479404899e+02
1.075113602513422251e+02 2.138164824026310384e+02 2.087218540793446664e+02
1.075003263683685617e+02 2.138548795493450143e+02 2.086650409107488713e+02
1.074892924853948841e+02 2.138932766960589902e+02 2.086082277421530478e+02
1.074782586024212208e+02 2.139316738427729376e+02 2.085514145735572242e+02
1.074672247194475574e+02 2.139700709894869135e+02 2.084946014049614007e+02
1.074561908364738798e+02 2.140084681362008894e+02 2.084377882363655772e+02
1.074451569535002164e+02 2.140468652829148368e+02 2.083809750677697537e+02
1.074341230705265389e+02 2.140852624296288127e+02 2.083241618991739585e+02
1.074230891875528755e+02 2.141236595763427601e+02 2.082673487305781350e+02
1.074120553045791979e+02 2.141620567230567360e+02 2.082105355619823115e+02
1.074010214216055346e+02 2.142004538697707119e+02 2.081537223933864880e+02
1.073899875386318712e+02 2.142388510164846593e+02 2.080969092247906644e+02
1.073789536556581936e+02 2.142772481631986352e+02 2.080400960561948409e+02
1.073679197726845302e+02 2.143156453099126111e+02 2.079832828875990458e+02
1.073568858897108527e+02 2.143540424566265585e+02 2.079264697190032223e+02
1.073458520067371893e+02 2.143924396033405344e+02 2.078696565504073988e+02
1.073458520067371893e+02 2.143924396033405344e+02 2.078696565504073988e+02
1.073255500483228388e+02 2.144029173776276878e+02 2.078599802776794547e+02
1.073052480899084884e+02 2.144133951519148695e+02 2.078503040049515107e+02
1.072849461314941522e+02 2.144238729262020229e+02 2.078406277322235667e+02
1.072646441730798017e+02 2.144343507004891762e+02 2.078309514594956227e+02
1.072443422146654513e+02 2.144448284747763296e+02 2.078212751867677071e+02
1.072240402562511008e+02 2.144553062490635114e+02 2.078115989140397630e+02
1.072037382978367646e+02 2.144657840233506647e+02 2.078019226413118190e+02
1.071834363394224141e+02 2.144762617976378181e+02 2.077922463685838750e+02
1.071631343810080637e+02 2.144867395719249714e+02 2.077825700958559310e+02
1.071428324225937132e+02 2.144972173462121532e+02 2.077728938231279869e+02
1.071225304641793770e+02 2.145076951204993065e+02 2.077632175504000429e+02
1.071022285057650265e+02 2.145181728947864599e+02 2.077535412776720989e+02
1.070819265473506761e+02 2.145286506690736132e+02 2.077438650049441549e+02
1.070616245889363256e+02 2.145391284433607950e+02 2.077341887322162108e+02
1.070413226305219894e+02 2.145496062176479484e+02 2.077245124594882952e+02
1.070210206721076389e+02 2.145600839919351017e+02 2.077148361867603512e+02
1.070007187136932885e+02 2.145705617662222551e+02 2.077051599140324072e+02
1.069804167552789380e+02 2.145810395405094368e+02 2.076954836413044632e+02
1.069601147968645876e+02 2.145915173147965902e+02 2.076858073685765191e+02
1.069398128384502513e+02 2.146019950890837436e+02 2.076761310958485751e+02
1.069195108800359009e+02 2.146124728633709253e+02 2.076664548231206311e+02
1.068992089216215504e+02 2.146229506376580787e+02 2.076567785503926871e+02
1.068789069632072000e+02 2.146334284119452320e+02 2.076471022776647430e+02
1.068586050047928637e+02 2.146439061862323854e+02 2.076374260049368274e+02
1.068383030463785133e+02 2.146543839605195672e+02 2.076277497322088834e+02
1.068180010879641628e+02 2.146648617348067205e+02 2.076180734594809394e+02
1.067976991295498124e+02 2.146753395090938739e+02 2.076083971867529954e+02
1.067773971711354761e+02 2.146858172833810272e+02 2.075987209140250513e+02
1.067570952127211257e+02 2.146962950576682090e+02 2.075890446412971073e+02
1.067367932543067752e+02 2.147067728319553623e+02 2.075793683685691633e+02
1.067164912958924248e+02 2.147172506062425157e+02 2.075696920958412193e+02
1.066961893374780885e+02 2.147277283805296690e+02 2.075600158231132752e+02
1.066758873790637381e+02 2.147382061548168508e+02 2.075503395503853312e+02
1.066555854206493876e+02 2.147486839291040042e+02 2.075406632776574156e+02
1.066352834622350372e+02 2.147591617033911575e+02 2.075309870049294716e+02
1.066149815038207009e+02 2.147696394776783109e+02 2.075213107322015276e+02
1.065946795454063505e+02 2.147801172519654926e+02 2.075116344594735835e+02
1.065743775869920000e+02 2.147905950262526460e+02 2.075019581867456395e+02
1.065743775869920000e+02 2.147905950262526460e+02 2.075019581867456395e+02
1.065721182582305744e+02 2.148059515509129653e+02 2.074851827511310489e+02
1.065698589294691487e+02 2.148213080755732847e+02 2.074684073155164583e+02
1.065675996007077373e+02 2.148366646002336040e+02 2.074516318799018677e+02
1.065653402719463116e+02 2.148520211248939233e+02 2.074348564442873055e+02
1.065630809431848860e+02 2.148673776495542711e+02 2.074180810086727149e+02
1.065608216144234603e+02 2.148827341742145904e+02 2.074013055730581243e+02
1.065585622856620489e+02 2.148980906988749098e+02 2.073845301374435337e+02
1.065563029569006233e+02 2.149134472235352291e+02 2.073677547018289431e+02
1.065540436281391976e+02 2.149288037481955485e+02 2.073509792662143809e+02
1.065517842993777720e+02 2.149441602728558678e+02 2.073342038305997903e+02
1.065495249706163605e+02 2.149595167975161871e+02 2.073174283949851997e+02
1.065472656418549349e+02 2.149748733221765065e+02 2.073006529593706091e+02
1.065450063130935092e+02 2.149902298468368258e+02 2.072838775237560185e+02
1.065427469843320836e+02 2.150055863714971451e+02 2.072671020881414279e+02
1.065404876555706721e+02 2.150209428961574645e+02 2.072503266525268373e+02
1.065382283268092465e+02 2.150362994208178122e+02 2.072335512169122751e+02
1.065359689980478208e+02 2.150516559454781316e+02 2.072167757812976845e+02
1.065337096692863952e+02 2.150670124701384509e+02 2.072000003456830939e+02
1.065314503405249695e+02 2.150823689947987702e+02 2.071832249100685033e+02
1.065291910117635581e+02 2.150977255194590896e+02 2.071664494744539127e+02
1.065269316830021324e+02 2.151130820441194089e+02 2.071496740388393505e+02
1.065246723542407068e+02 2.151284385687797283e+02 2.071328986032247599e+02
1.065224130254792811e+02 2.151437950934400476e+02 2.071161231676101693e+02
1.065201536967178697e+02 2.151591516181003669e+02 2.070993477319955787e+02
1.065178943679564441e+02 2.151745081427607147e+02 2.070825722963809881e+02
1.065156350391950184e+02 2.151898646674210340e+02 2.070657968607663975e+02
1.065133757104335928e+02 2.152052211920813534e+02 2.070490214251518069e+02
1.065111163816721813e+02 2.152205777167416727e+02 2.070322459895372447e+02
1.065088570529107557e+02 2.152359342414019920e+02 2.070154705539226541e+02
1.065065977241493300e+02 2.152512907660623114e+02 2.069986951183080635e+02
1.065065977241493300e+02 2.152512907660623114e+02 2.069986951183080635e+02
1.065266127681440622e+02 2.152719059961146399e+02 2.069687117542425767e+02
1.065466278121387802e+02 2.152925212261669969e+02 2.069387283901770900e+02
1.065666428561335124e+02 2.153131364562193255e+02 2.069087450261116032e+02
1.065866579001282304e+02 2.153337516862716541e+02 2.068787616620461165e+02
1.066066729441229626e+02 2.153543669163239827e+02 2.068487782979806298e+02
1.066266879881176806e+02 2.153749821463763396e+02 2.068187949339151430e+02
1.066467030321124128e+02 2.153955973764286682e+02 2.067888115698496563e+02
1.066667180761071450e+02 2.154162126064809968e+02 2.067588282057841695e+02
1.066867331201018629e+02 2.154368278365333538e+02 2.067288448417186828e+02
1.067067481640965951e+02 2.154574430665856823e+02 2.066988614776531961e+02
1.067267632080913131e+02 2.154780582966380109e+02 2.066688781135876809e+02
1.067467782520860453e+02 2.154986735266903395e+02 2.066388947495221942e+02
1.067667932960807633e+02 2.155192887567426965e+02 2.066089113854567074e+02
1.067868083400754955e+02 2.155399039867950250e+02 2.065789280213912207e+02
1.068068233840702277e+02 2.155605192168473536e+02 2.065489446573257339e+02
1.068268384280649457e+02 2.155811344468997106e+02 2.065189612932602472e+02
1.068468534720596779e+02 2.156017496769520392e+02 2.064889779291947605e+02
1.068668685160543959e+02 2.156223649070043678e+02 2.064589945651292737e+02
1.068868835600491281e+02 2.156429801370566963e+02 2.064290112010637870e+02
1.069068986040438460e+02 2.156635953671090533e+02 2.063990278369983002e+02
1.069269136480385782e+02 2.156842105971613819e+02 2.063690444729328135e+02
1.069269136480385782e+02 2.156842105971613819e+02 2.063690444729328135e+02
1.069456792110609626e+02 2.156921209559424426e+02 2.063582007399584484e+02
1.069644447740833328e+02 2.157000313147235033e+02 2.063473570069840832e+02
1.069832103371057030e+02 2.157079416735045641e+02 2.063365132740097465e+02
1.070019759001280875e+02 2.157158520322855964e+02 2.063256695410353814e+02
1.070207414631504719e+02 2.157237623910666571e+02 2.063148258080610162e+02
1.070395070261728421e+02 2.157316727498477178e+02 2.063039820750866511e+02
1.070582725891952123e+02 2.157395831086287785e+02 2.062931383421122860e+02
1.070770381522175967e+02 2.157474934674098392e+02 2.062822946091379492e+02
1.070958037152399811e+02 2.157554038261909000e+02 2.062714508761635841e+02
1.071145692782623513e+02 2.157633141849719607e+02 2.062606071431892190e+02
1.071333348412847215e+02 2.157712245437529930e+02 2.062497634102148538e+02
1.071521004043071059e+02 2.157791349025340537e+02 2.062389196772405171e+02
1.071708659673294903e+02 2.157870452613151144e+02 2.062280759442661520e+02
1.071896315303518605e+02 2.157949556200961752e+02 2.062172322112917868e+02
1.072083970933742307e+02 2.158028659788772359e+02 2.062063884783174217e+02
1.072271626563966151e+02 2.158107763376582966e+02 2.061955447453430565e+02
1.072459282194189996e+02 2.158186866964393573e+02 2.061847010123687198e+02
1.072646937824413698e+02 2.158265970552203896e+02 2.061738572793943547e+02
1.072834593454637400e+02 2.158345074140014503e+02 2.061630135464199896e+02
1.073022249084861244e+02 2.158424177727825111e+02 2.061521698134456244e+02
1.073209904715085088e+02 2.158503281315635718e+02 2.061413260804712877e+02
1.073397560345308790e+02 2.158582384903446325e+02 2.061304823474969226e+02
1.073585215975532492e+02 2.158661488491256932e+02 2.061196386145225574e+02
1.073772871605756336e+02 2.158740592079067540e+02 2.061087948815481923e+02
1.073960527235980180e+02 2.158819695666877863e+02 2.060979511485738271e+02
1.074148182866203882e+02 2.158898799254688470e+02 2.060871074155994904e+02
1.074335838496427584e+02 2.158977902842499077e+02 2.060762636826251253e+02
1.074523494126651428e+02 2.159057006430309684e+02 2.060654199496507601e+02
1.074523494126651428e+02 2.159057006430309684e+02 2.060654199496507601e+02
1.074771575305328923e+02 2.159161581556983265e+02 2.060510845094919148e+02
1.075019656484006418e+02 2.159266156683656845e+02 2.060367490693330694e+02
1.075267737662683913e+02 2.159370731810330426e+02 2.060224136291742241e+02
1.075515818841361408e+02 2.159475306937004007e+02 2.060080781890153787e+02
1.075763900020038903e+02 2.159579882063677587e+02 2.059937427488565334e+02
1.076011981198716398e+02 2.159684457190351168e+02 2.059794073086976880e+02
1.076260062377393893e+02 2.159789032317024748e+02 2.059650718685388426e+02
1.076508143556071389e+02 2.159893607443698329e+02 2.059507364283799973e+02
1.076756224734748884e+02 2.159998182570371910e+02 2.059364009882211519e+02
1.077004305913426379e+02 2.160102757697045490e+02 2.059220655480623350e+02
1.077252387092104016e+02 2.160207332823719355e+02 2.059077301079034896e+02
1.077500468270781511e+02 2.160311907950392936e+02 2.058933946677446443e+02
1.077748549449459006e+02 2.160416483077066516e+02 2.058790592275857989e+02
1.077996630628136501e+02 2.160521058203740097e+02 2.058647237874269535e+02
1.078244711806813996e+02 2.160625633330413677e+02 2.058503883472681082e+02
1.078492792985491491e+02 2.160730208457087258e+02 2.058360529071092628e+02
1.078740874164168986e+02 2.160834783583760839e+02 2.058217174669504175e+02
1.078988955342846481e+02 2.160939358710434419e+02 2.058073820267915721e+02
1.079237036521523976e+02 2.161043933837108000e+02 2.057930465866327268e+02
1.079485117700201471e+02 2.161148508963781580e+02 2.057787111464738814e+02
1.079485117700201471e+02 2.161148508963781580e+02 2.057787111464738814e+02
1.079823344565158010e+02 2.161432237150135904e+02 2.057657349388474017e+02
1.080161571430114549e+02 2.161715965336490228e+02 2.057527587312208937e+02
1.080499798295071088e+02 2.161999693522844268e+02 2.057397825235944140e+02
1.080838025160027627e+02 2.162283421709198592e+02 2.057268063159679059e+02
1.081176252024984166e+02 2.162567149895552916e+02 2.057138301083414262e+02
1.081514478889940705e+02 2.162850878081907240e+02 2.057008539007149182e+02
1.081852705754897244e+02 2.163134606268261564e+02 2.056878776930884385e+02
1.082190932619853783e+02 2.163418334454615604e+02 2.056749014854619304e+02
1.082529159484810322e+02 2.163702062640969928e+02 2.056619252778354507e+02
1.082867386349766861e+02 2.163985790827324251e+02 2.056489490702089427e+02
1.083205613214723400e+02 2.164269519013678575e+02 2.056359728625824630e+02
1.083543840079679939e+02 2.164553247200032615e+02 2.056229966549559549e+02
1.083882066944636478e+02 2.164836975386386939e+02 2.056100204473294752e+02
1.084220293809593016e+02 2.165120703572741263e+02 2.055970442397029672e+02
1.084558520674549555e+02 2.165404431759095587e+02 2.055840680320764875e+02
1.084896747539506094e+02 2.165688159945449911e+02 2.055710918244499794e+02
1.085234974404462633e+02 2.165971888131803951e+02 2.055581156168234997e+02
1.085573201269419172e+02 2.166255616318158275e+02 2.055451394091969917e+02
1.085911428134375711e+02 2.166539344504512599e+02 2.055321632015705120e+02
1.085911428134375711e+02 2.166539344504512599e+02 2.055321632015705120e+02
1.086059558386518944e+02 2.166691916701028617e+02 2.055099726768817163e+02
1.086207688638662034e+02 2.166844488897544920e+02 2.054877821521929491e+02
1.086355818890805267e+02 2.166997061094060939e+02 2.054655916275041534e+02
1.086503949142948500e+02 2.167149633290577242e+02 2.054434011028153577e+02
1.086652079395091590e+02 2.167302205487093261e+02 2.054212105781265620e+02
1.086800209647234823e+02 2.167454777683609279e+02 2.053990200534377664e+02
1.086948339899378055e+02 2.167607349880125582e+02 2.053768295287489991e+02
1.087096470151521146e+02 2.167759922076641601e+02 2.053546390040602034e+02
1.087244600403664379e+02 2.167912494273157904e+02 2.053324484793714078e+02
1.087392730655807611e+02 2.168065066469673923e+02 2.053102579546826405e+02
1.087540860907950702e+02 2.168217638666189941e+02 2.052880674299938448e+02
1.087688991160093934e+02 2.168370210862706244e+02 2.052658769053050491e+02
1.087837121412237167e+02 2.168522783059222263e+02 2.052436863806162535e+02
1.087985251664380257e+02 2.168675355255738282e+02 2.052214958559274578e+02
1.088133381916523490e+02 2.168827927452254585e+02 2.051993053312386905e+02
1.088281512168666723e+02 2.168980499648770603e+02 2.051771148065498949e+02
1.088429642420809955e+02 2.169133071845286906e+02 2.051549242818610992e+02
1.088577772672953046e+02 2.169285644041802925e+02 2.051327337571723319e+02
1.088725902925096278e+02 2.169438216238318944e+02 2.051105432324835363e+02
1.088874033177239511e+02 2.169590788434835247e+02 2.050883527077947406e+02
1.089022163429382601e+02 2.169743360631351266e+02 2.050661621831059449e+02
1.089170293681525834e+02 2.169895932827867568e+02 2.050439716584171492e+02
1.089318423933669067e+02 2.170048505024383587e+02 2.050217811337283820e+02
1.089466554185812157e+02 2.170201077220899606e+02 2.049995906090395863e+02
1.089614684437955390e+02 2.170353649417415909e+02 2.049774000843507906e+02
1.089762814690098622e+02 2.170506221613931928e+02 2.049552095596620234e+02
1.089910944942241713e+02 2.170658793810448230e+02 2.049330190349732277e+02
1.090059075194384945e+02 2.170811366006964249e+02 2.049108285102844320e+02
1.090059075194384945e+02 2.170811366006964249e+02 2.049108285102844320e+02
1.090296758629298353e+02 2.170803311109744129e+02 2.048941578466274223e+02
1.090534442064211902e+02 2.170795256212524293e+02 2.048774871829704125e+02
1.090772125499125309e+02 2.170787201315304173e+02 2.048608165193134028e+02
1.091009808934038858e+02 2.170779146418084053e+02 2.048441458556563930e+02
1.091247492368952265e+02 2.170771091520864218e+02 2.048274751919993832e+02
1.091485175803865673e+02 2.170763036623644098e+02 2.048108045283423735e+02
1.091722859238779222e+02 2.170754981726423978e+02 2.047941338646853353e+02
1.091960542673692629e+02 2.170746926829204142e+02 2.047774632010283256e+02
1.092198226108606178e+02 2.170738871931984022e+02 2.047607925373713158e+02
1.092435909543519585e+02 2.170730817034763902e+02 2.047441218737143060e+02
1.092673592978432993e+02 2.170722762137544066e+02 2.047274512100572963e+02
1.092911276413346542e+02 2.170714707240323946e+02 2.047107805464002865e+02
1.093148959848259949e+02 2.170706652343103826e+02 2.046941098827432768e+02
1.093386643283173498e+02 2.170698597445883991e+02 2.046774392190862670e+02
1.093624326718086905e+02 2.170690542548663871e+02 2.046607685554292573e+02
1.093862010153000455e+02 2.170682487651443751e+02 2.046440978917722475e+02
1.094099693587913862e+02 2.170674432754223915e+02 2.046274272281152378e+02
1.094337377022827269e+02 2.170666377857003795e+02 2.046107565644582280e+02
1.094575060457740818e+02 2.170658322959783675e+02 2.045940859008012183e+02
1.094812743892654225e+02 2.170650268062563839e+02 2.045774152371442085e+02
1.095050427327567775e+02 2.170642213165343719e+02 2.045607445734871703e+02
1.095288110762481182e+02 2.170634158268123599e+02 2.045440739098301606e+02
1.095525794197394589e+02 2.170626103370903763e+02 2.045274032461731508e+02
1.095763477632308138e+02 2.170618048473683643e+02 2.045107325825161411e+02
1.096001161067221545e+02 2.170609993576463523e+02 2.044940619188591313e+02
1.096238844502135095e+02 2.170601938679243688e+02 2.044773912552021216e+02
1.096476527937048502e+02 2.170593883782023568e+02 2.044607205915451118e+02
1.096476527937048502e+02 2.170593883782023568e+02 2.044607205915451118e+02
1.096740070621271030e+02 2.170584952535993466e+02 2.044422362093687013e+02
1.097003613305493559e+02 2.170576021289963364e+02 2.044237518271923193e+02
1.097267155989716088e+02 2.170567090043933263e+02 2.044052674450159088e+02
1.097530698673938616e+02 2.170558158797903161e+02 2.043867830628395268e+02
1.097794241358161145e+02 2.170549227551872775e+02 2.043682986806631163e+02
1.098057784042383673e+02 2.170540296305842674e+02 2.043498142984867059e+02
1.098321326726606202e+02 2.170531365059812572e+02 2.043313299163103238e+02
1.098584869410828730e+02 2.170522433813782470e+02 2.043128455341339134e+02
1.098848412095051259e+02 2.170513502567752369e+02 2.042943611519575313e+02
1.099111954779273788e+02 2.170504571321722267e+02 2.042758767697811209e+02
1.099375497463496316e+02 2.170495640075692165e+02 2.042573923876047104e+02
1.099639040147718845e+02 2.170486708829662064e+02 2.042389080054283284e+02
1.099902582831941231e+02 2.170477777583631678e+02 2.042204236232519179e+02
1.100166125516163760e+02 2.170468846337601576e+02 2.042019392410755358e+02
1.100429668200386288e+02 2.170459915091571474e+02 2.041834548588991254e+02
1.100693210884608817e+02 2.170450983845541373e+02 2.041649704767227149e+02
1.100956753568831346e+02 2.170442052599511271e+02 2.041464860945463329e+02
1.101220296253053874e+02 2.170433121353481170e+02 2.041280017123699224e+02
1.101483838937276403e+02 2.170424190107451068e+02 2.041095173301935404e+02
1.101747381621498931e+02 2.170415258861420966e+02 2.040910329480171299e+02
1.102010924305721460e+02 2.170406327615390580e+02 2.040725485658407194e+02
1.102274466989943988e+02 2.170397396369360479e+02 2.040540641836643374e+02
1.102538009674166517e+02 2.170388465123330377e+02 2.040355798014879269e+02
1.102801552358389046e+02 2.170379533877300275e+02 2.040170954193115449e+02
1.103065095042611574e+02 2.170370602631270174e+02 2.039986110371351344e+02
1.103065095042611574e+02 2.170370602631270174e+02 2.039986110371351344e+02
1.103342491240907179e+02 2.170355778526019321e+02 2.039986665956497234e+02
1.103619887439202643e+02 2.170340954420768469e+02 2.039987221541643123e+02
1.103897283637498248e+02 2.170326130315517617e+02 2.039987777126789297e+02
1.104174679835793711e+02 2.170311306210267048e+02 2.039988332711935186e+02
1.104452076034089316e+02 2.170296482105016196e+02 2.039988888297081076e+02
1.104729472232384779e+02 2.170281657999765343e+02 2.039989443882226965e+02
1.105006868430680385e+02 2.170266833894514491e+02 2.039989999467372854e+02
1.105284264628975848e+02 2.170252009789263639e+02 2.039990555052519028e+02
1.105561660827271453e+02 2.170237185684012786e+02 2.039991110637664917e+02
1.105839057025566916e+02 2.170222361578762218e+02 2.039991666222810807e+02
1.106116453223862521e+02 2.170207537473511366e+02 2.039992221807956696e+02
1.106393849422157984e+02 2.170192713368260513e+02 2.039992777393102585e+02
1.106671245620453590e+02 2.170177889263009661e+02 2.039993332978248759e+02
1.106948641818749053e+02 2.170163065157758808e+02 2.039993888563394648e+02
1.107226038017044658e+02 2.170148241052507956e+02 2.039994444148540538e+02
1.107503434215340121e+02 2.170133416947257388e+02 2.039994999733686427e+02
1.107780830413635726e+02 2.170118592842006535e+02 2.039995555318832317e+02
1.108058226611931190e+02 2.170103768736755683e+02 2.039996110903978490e+02
1.108335622810226795e+02 2.170088944631504830e+02 2.039996666489124379e+02
1.108613019008522258e+02 2.170074120526253978e+02 2.039997222074270269e+02
1.108890415206817863e+02 2.170059296421003125e+02 2.039997777659416158e+02
1.109167811405113326e+02 2.170044472315752557e+02 2.039998333244562048e+02
1.109445207603408932e+02 2.170029648210501705e+02 2.039998888829708221e+02
1.109722603801704395e+02 2.170014824105250852e+02 2.039999444414854111e+02
1.110000000000000000e+02 2.170000000000000000e+02 2.040000000000000000e+02
1.110000000000000000e+02 2.170000000000000000e+02 2.040000000000000000e+02
1.110000000000000000e+02 2.170000000000000000e+02 2.040000000000000000e+02
1.110000000000000000e+02 2.170000000000000000e+02 2.040000000000000000e+02
1.110000000000000000e+02 2.170000000000000000e+02 2.040000000000000000e+02
1.110000000000000000e+02 2.170000000000000000e+02 2.040000000000000000e+02
1.110000000000000000e+02 2.170000000000000000e+02 2.040000000000000000e+02
1.110000000000000000e+02 2.170000000000000000e+02 2.040000000000000000e+02
1.110000000000000000e+02 2.170000000000000000e+02 2.040000000000000000e+02
1.110000000000000000e+02 2.170000000000000000e+02 2.040000000000000000e+02
1.110000000000000000e+02 2.170000000000000000e+02 2.040000000000000000e+02
1.110000000000000000e+02 2.170000000000000000e+02 2.040000000000000000e+02
1.110000000000000000e+02 2.170000000000000000e+02 2.040000000000000000e+02
1.110000000000000000e+02 2.170000000000000000e+02 2.040000000000000000e+02
1.110000000000000000e+02 2.170000000000000000e+02 2.040000000000000000e+02
1.110000000000000000e+02 2.170000000000000000e+02 2.040000000000000000e+02
1.110000000000000000e+02 2.170000000000000000e+02 2.040000000000000000e+02
1.110000000000000000e+02 2.170000000000000000e+02 2.040000000000000000e+02
1.110000000000000000e+02 2.170000000000000000e+02 2.040000000000000000e+02
1.110000000000000000e+02 2.170000000000000000e+02 2.040000000000000000e+02
1.110000000000000000e+02 2.170000000000000000e+02 2.040000000000000000e+02
1.110000000000000000e+02 2.170000000000000000e+02 2.040000000000000000e+02
1.110000000000000000e+02 2.170000000000000000e+02 2.040000000000000000e+02
1.110000000000000000e+02 2.170000000000000000e+02 2.040000000000000000e+02
1.110000000000000000e+02 2.170000000000000000e+02 2.040000000000000000e+02
1.110314876129827297e+02 2.169996202468900890e+02 2.039977902863513464e+02
1.110629752259654595e+02 2.169992404937801780e+02 2.039955805727026643e+02
1.110944628389481892e+02 2.169988607406702670e+02 2.039933708590540107e+02
1.111259504519309331e+02 2.169984809875603560e+02 2.039911611454053286e+02
1.111574380649136629e+02 2.169981012344504450e+02 2.039889514317566750e+02
1.111889256778963926e+02 2.169977214813405340e+02 2.039867417181079929e+02
1.112204132908791223e+02 2.169973417282306229e+02 2.039845320044593393e+02
1.112519009038618520e+02 2.169969619751207119e+02 2.039823222908106573e+02
1.112833885168445818e+02 2.169965822220108009e+02 2.039801125771620036e+02
1.113148761298273115e+02 2.169962024689008899e+02 2.039779028635133216e+02
1.113463637428100412e+02 2.169958227157909505e+02 2.039756931498646679e+02
1.113778513557927852e+02 2.169954429626810395e+02 2.039734834362160143e+02
1.114093389687755149e+02 2.169950632095711285e+02 2.039712737225673322e+02
1.114408265817582446e+02 2.169946834564612175e+02 2.039690640089186786e+02
1.114723141947409744e+02 2.169943037033513065e+02 2.039668542952699966e+02
1.115038018077237041e+02 2.169939239502413955e+02 2.039646445816213429e+02
1.115352894207064338e+02 2.169935441971314845e+02 2.039624348679726609e+02
1.115667770336891635e+02 2.169931644440215734e+02 2.039602251543240072e+02
1.115982646466719075e+02 2.169927846909116624e+02 2.039580154406753252e+02
1.116297522596546372e+02 2.169924049378017514e+02 2.039558057270266715e+02
1.116612398726373669e+02 2.169920251846918404e+02 2.039535960133779895e+02
1.116927274856200967e+02 2.169916454315819294e+02 2.039513862997293359e+02
1.116927274856200967e+02 2.169916454315819294e+02 2.039513862997293359e+02
1.117259389480113612e+02 2.169912448881639477e+02 2.039490556110938257e+02
1.117591504104026257e+02 2.169908443447459945e+02 2.039467249224583156e+02
1.117923618727938901e+02 2.169904438013280128e+02 2.039443942338228055e+02
1.118255733351851546e+02 2.169900432579100595e+02 2.039420635451872954e+02
1.118587847975764191e+02 2.169896427144920779e+02 2.039397328565517853e+02
1.118919962599676836e+02 2.169892421710740962e+02 2.039374021679162752e+02
1.119252077223589481e+02 2.169888416276561429e+02 2.039350714792807651e+02
1.119584191847502126e+02 2.169884410842381612e+02 2.039327407906452549e+02
1.119916306471414771e+02 2.169880405408201796e+02 2.039304101020097733e+02
1.120248421095327274e+02 2.169876399974022263e+02 2.039280794133742631e+02
1.120580535719239919e+02 2.169872394539842446e+02 2.039257487247387530e+02
1.120912650343152563e+02 2.169868389105662914e+02 2.039234180361032429e+02
1.121244764967065208e+02 2.169864383671483097e+02 2.039210873474677328e+02
1.121576879590977853e+02 2.169860378237303280e+02 2.039187566588322227e+02
1.121908994214890498e+02 2.169856372803123747e+02 2.039164259701967126e+02
1.122241108838803143e+02 2.169852367368943931e+02 2.039140952815612025e+02
1.122573223462715788e+02 2.169848361934764398e+02 2.039117645929256923e+02
1.122905338086628433e+02 2.169844356500584581e+02 2.039094339042901822e+02
1.122905338086628433e+02 2.169844356500584581e+02 2.039094339042901822e+02
1.123217248742270584e+02 2.169840594734281183e+02 2.039072450015196978e+02
1.123529159397912736e+02 2.169836832967977784e+02 2.039050560987492133e+02
1.123841070053554887e+02 2.169833071201674102e+02 2.039028671959787289e+02
1.124152980709197038e+02 2.169829309435370703e+02 2.039006782932082729e+02
1.124464891364839332e+02 2.169825547669067305e+02 2.038984893904377884e+02
1.124776802020481483e+02 2.169821785902763622e+02 2.038963004876673040e+02
1.125088712676123635e+02 2.169818024136460224e+02 2.038941115848968195e+02
1.125400623331765786e+02 2.169814262370156825e+02 2.038919226821263351e+02
1.125712533987407937e+02 2.169810500603853427e+02 2.038897337793558791e+02
1.126024444643050089e+02 2.169806738837550029e+02 2.038875448765853946e+02
1.126336355298692240e+02 2.169802977071246346e+02 2.038853559738149102e+02
1.126648265954334533e+02 2.169799215304942948e+02 2.038831670710444257e+02
1.126960176609976685e+02 2.169795453538639549e+02 2.038809781682739413e+02
1.127272087265618836e+02 2.169791691772335867e+02 2.038787892655034568e+02
1.127583997921260988e+02 2.169787930006032468e+02 2.038766003627329724e+02
1.127895908576903139e+02 2.169784168239729070e+02 2.038744114599625163e+02
1.128207819232545290e+02 2.169780406473425671e+02 2.038722225571920319e+02
1.128519729888187442e+02 2.169776644707122273e+02 2.038700336544215475e+02
1.128831640543829593e+02 2.169772882940818590e+02 2.038678447516510630e+02
1.129143551199471744e+02 2.169769121174515192e+02 2.038656558488805786e+02
1.129455461855114038e+02 2.169765359408211793e+02 2.038634669461101225e+02
1.129767372510756189e+02 2.169761597641908111e+02 2.038612780433396381e+02
1.130079283166398341e+02 2.169757835875604712e+02 2.038590891405691536e+02
1.130391193822040492e+02 2.169754074109301314e+02 2.038569002377986692e+02
1.130391193822040492e+02 2.169754074109301314e+02 2.038569002377986692e+02
1.130707918378982981e+02 2.169750254285437450e+02 2.038546775523994086e+02
1.131024642935925471e+02 2.169746434461573870e+02 2.038524548670001479e+02
1.131341367492867960e+02 2.169742614637710005e+02 2.038502321816008873e+02
1.131658092049810449e+02 2.169738794813846141e+02 2.038480094962016267e+02
1.131974816606752938e+02 2.169734974989982561e+02 2.038457868108023661e+02
1.132291541163695570e+02 2.169731155166118697e+02 2.038435641254030770e+02
1.132608265720638059e+02 2.169727335342254833e+02 2.038413414400038164e+02
1.132924990277580548e+02 2.169723515518390968e+02 2.038391187546045558e+02
1.133241714834523037e+02 2.169719695694527388e+02 2.038368960692052951e+02
1.133558439391465527e+02 2.169715875870663524e+02 2.038346733838060345e+02
1.133875163948408016e+02 2.169712056046799660e+02 2.038324506984067739e+02
1.134191888505350505e+02 2.169708236222936080e+02 2.038302280130075133e+02
1.134508613062292994e+02 2.169704416399072215e+02 2.038280053276082526e+02
1.134825337619235484e+02 2.169700596575208351e+02 2.038257826422089920e+02
1.135142062176177973e+02 2.169696776751344771e+02 2.038235599568097314e+02
1.135458786733120462e+02 2.169692956927480907e+02 2.038213372714104707e+02
1.135775511290062951e+02 2.169689137103617043e+02 2.038191145860112101e+02
1.136092235847005583e+02 2.169685317279753178e+02 2.038168919006119211e+02
1.136408960403948072e+02 2.169681497455889598e+02 2.038146692152126604e+02
1.136725684960890561e+02 2.169677677632025734e+02 2.038124465298133998e+02
1.137042409517833050e+02 2.169673857808161870e+02 2.038102238444141392e+02
1.137359134074775540e+02 2.169670037984298290e+02 2.038080011590148786e+02
1.137675858631718029e+02 2.169666218160434425e+02 2.038057784736156179e+02
1.137675858631718029e+02 2.169666218160434425e+02 2.038057784736156179e+02
1.137881203409223758e+02 2.169676717576959959e+02 2.037799811129437160e+02
1.138086548186729487e+02 2.169687216993485208e+02 2.037541837522718424e+02
1.138291892964235217e+02 2.169697716410010742e+02 2.037283863915999405e+02
1.138497237741740946e+02 2.169708215826535991e+02 2.037025890309280669e+02
1.138702582519246818e+02 2.169718715243061524e+02 2.036767916702561649e+02
1.138907927296752547e+02 2.169729214659586773e+02 2.036509943095842630e+02
1.139113272074258276e+02 2.169739714076112307e+02 2.036251969489123894e+02
1.139318616851764006e+02 2.169750213492637556e+02 2.035993995882404874e+02
1.139523961629269735e+02 2.169760712909163090e+02 2.035736022275685855e+02
1.139729306406775464e+02 2.169771212325688623e+02 2.035478048668967119e+02
1.139934651184281194e+02 2.169781711742213872e+02 2.035220075062248100e+02
1.140139995961786923e+02 2.169792211158739406e+02 2.034962101455529364e+02
1.140345340739292652e+02 2.169802710575264655e+02 2.034704127848810344e+02
1.140550685516798524e+02 2.169813209991790188e+02 2.034446154242091325e+02
1.140756030294304253e+02 2.169823709408315437e+02 2.034188180635372589e+02
1.140961375071809982e+02 2.169834208824840971e+02 2.033930207028653570e+02
1.141166719849315712e+02 2.169844708241366220e+02 2.033672233421934834e+02
1.141372064626821441e+02 2.169855207657891754e+02 2.033414259815215814e+02
1.141372064626821441e+02 2.169855207657891754e+02 2.033414259815215814e+02
1.141565725394079465e+02 2.169865109663118119e+02 2.033170964771551610e+02
1.141759386161337488e+02 2.169875011668344484e+02 2.032927669727887121e+02
1.141953046928595512e+02 2.169884913673570850e+02 2.032684374684222917e+02
1.142146707695853536e+02 2.169894815678797215e+02 2.032441079640558428e+02
1.142340368463111560e+02 2.169904717684023581e+02 2.032197784596894223e+02
1.142534029230369583e+02 2.169914619689249946e+02 2.031954489553230019e+02
1.142727689997627465e+02 2.169924521694476311e+02 2.031711194509565530e+02
1.142921350764885489e+02 2.169934423699702961e+02 2.031467899465901326e+02
1.143115011532143512e+02 2.169944325704929327e+02 2.031224604422236837e+02
1.143308672299401536e+02 2.169954227710155692e+02 2.030981309378572632e+02
1.143502333066659560e+02 2.169964129715382057e+02 2.030738014334908428e+02
1.143695993833917584e+02 2.169974031720608423e+02 2.030494719291243939e+02
1.143889654601175607e+02 2.169983933725834788e+02 2.030251424247579735e+02
1.144083315368433631e+02 2.169993835731061154e+02 2.030008129203915246e+02
1.144276976135691655e+02 2.170003737736287519e+02 2.029764834160251041e+02
1.144470636902949678e+02 2.170013639741513884e+02 2.029521539116586837e+02
1.144664297670207702e+02 2.170023541746740250e+02 2.029278244072922348e+02
1.144857958437465726e+02 2.170033443751966615e+02 2.029034949029258144e+02
1.145051619204723750e+02 2.170043345757192981e+02 2.028791653985593939e+02
1.145245279971981773e+02 2.170053247762419346e+02 2.028548358941929450e+02
1.145438940739239655e+02 2.170063149767645996e+02 2.028305063898265246e+02
1.145632601506497679e+02 2.170073051772872361e+02 2.028061768854600757e+02
1.145826262273755702e+02 2.170082953778098727e+02 2.027818473810936553e+02
1.146019923041013726e+02 2.170092855783325092e+02 2.027575178767272348e+02
1.146213583808271750e+02 2.170102757788551457e+02 2.027331883723607859e+02
1.146407244575529774e+02 2.170112659793777823e+02 2.027088588679943655e+02
1.146600905342787797e+02 2.170122561799004188e+02 2.026845293636279166e+02
1.146794566110045821e+02 2.170132463804230554e+02 2.026601998592614962e+02
1.146794566110045821e+02 2.170132463804230554e+02 2.026601998592614962e+02
1.146822783283353573e+02 2.169930216977426483e+02 2.026352379444092264e+02
1.146851000456661467e+02 2.169727970150622696e+02 2.026102760295569851e+02
1.146879217629969219e+02 2.169525723323818625e+02 2.025853141147047154e+02
1.146907434803276971e+02 2.169323476497014838e+02 2.025603521998524457e+02
1.146935651976584865e+02 2.169121229670210766e+02 2.025353902850001759e+02
1.146963869149892616e+02 2.168918982843406980e+02 2.025104283701479346e+02
1.146992086323200368e+02 2.168716736016602908e+02 2.024854664552956649e+02
1.147020303496508262e+02 2.168514489189798837e+02 2.024605045404433952e+02
1.147048520669816014e+02 2.168312242362995050e+02 2.024355426255911539e+02
1.147076737843123766e+02 2.168109995536190979e+02 2.024105807107388841e+02
1.147104955016431660e+02 2.167907748709387192e+02 2.023856187958866144e+02
1.147133172189739412e+02 2.167705501882583121e+02 2.023606568810343447e+02
1.147161389363047164e+02 2.167503255055779050e+02 2.023356949661821034e+02
1.147189606536355058e+02 2.167301008228975263e+02 2.023107330513298336e+02
1.147217823709662810e+02 2.167098761402171192e+02 2.022857711364775639e+02
1.147246040882970561e+02 2.166896514575367405e+02 2.022608092216253226e+02
1.147274258056278455e+02 2.166694267748563334e+02 2.022358473067730529e+02
1.147302475229586207e+02 2.166492020921759263e+02 2.022108853919207831e+02
1.147330692402893959e+02 2.166289774094955476e+02 2.021859234770685418e+02
1.147358909576201853e+02 2.166087527268151405e+02 2.021609615622162721e+02
1.147387126749509605e+02 2.165885280441347618e+02 2.021359996473640024e+02
1.147415343922817357e+02 2.165683033614543547e+02 2.021110377325117327e+02
1.147443561096125251e+02 2.165480786787739760e+02 2.020860758176594913e+02
1.147471778269433003e+02 2.165278539960935689e+02 2.020611139028072216e+02
1.147471778269433003e+02 2.165278539960935689e+02 2.020611139028072216e+02
1.147701527085051509e+02 2.165044327391022421e+02 2.020611795200234724e+02
1.147931275900670158e+02 2.164810114821109153e+02 2.020612451372397516e+02
1.148161024716288665e+02 2.164575902251195600e+02 2.020613107544560023e+02
1.148390773531907314e+02 2.164341689681282332e+02 2.020613763716722531e+02
1.148620522347525821e+02 2.164107477111369064e+02 2.020614419888885323e+02
1.148850271163144470e+02 2.163873264541455796e+02 2.020615076061047830e+02
1.149080019978762977e+02 2.163639051971542528e+02 2.020615732233210622e+02
1.149309768794381483e+02 2.163404839401628976e+02 2.020616388405373129e+02
1.149539517610000132e+02 2.163170626831715708e+02 2.020617044577535637e+02
1.149769266425618639e+02 2.162936414261802440e+02 2.020617700749698429e+02
1.149999015241237288e+02 2.162702201691889172e+02 2.020618356921860936e+02
1.150228764056855795e+02 2.162467989121975620e+02 2.020619013094023444e+02
1.150458512872474302e+02 2.162233776552062352e+02 2.020619669266186236e+02
1.150688261688092950e+02 2.161999563982149084e+02 2.020620325438348743e+02
1.150918010503711457e+02 2.161765351412235816e+02 2.020620981610511535e+02
1.151147759319330106e+02 2.161531138842322548e+02 2.020621637782674043e+02
1.151377508134948613e+02 2.161296926272408996e+02 2.020622293954836550e+02
1.151607256950567262e+02 2.161062713702495728e+02 2.020622950126999342e+02
1.151837005766185769e+02 2.160828501132582460e+02 2.020623606299161850e+02
1.151837005766185769e+02 2.160828501132582460e+02 2.020623606299161850e+02
1.152041783648010949e+02 2.160606116919763906e+02 2.020739513901615112e+02
1.152246561529836271e+02 2.160383732706945352e+02 2.020855421504068374e+02
1.152451339411661451e+02 2.160161348494126798e+02 2.020971329106521637e+02
1.152656117293486773e+02 2.159938964281308245e+02 2.021087236708974899e+02
1.152860895175311953e+02 2.159716580068489691e+02 2.021203144311427877e+02
1.153065673057137275e+02 2.159494195855671137e+02 2.021319051913881140e+02
1.153270450938962455e+02 2.159271811642852867e+02 2.021434959516334402e+02
1.153475228820787777e+02 2.159049427430034314e+02 2.021550867118787664e+02
1.153680006702612957e+02 2.158827043217215760e+02 2.021666774721240927e+02
1.153884784584438137e+02 2.158604659004397206e+02 2.021782682323694189e+02
1.154089562466263459e+02 2.158382274791578652e+02 2.021898589926147451e+02
1.154294340348088639e+02 2.158159890578760098e+02 2.022014497528600714e+02
1.154499118229913961e+02 2.157937506365941545e+02 2.022130405131053692e+02
1.154703896111739141e+02 2.157715122153122991e+02 2.022246312733506954e+02
1.154908673993564463e+02 2.157492737940304437e+02 2.022362220335960217e+02
1.155113451875389643e+02 2.157270353727485883e+02 2.022478127938413479e+02
1.155318229757214823e+02 2.157047969514667329e+02 2.022594035540866741e+02
1.155523007639040145e+02 2.156825585301848776e+02 2.022709943143320004e+02
1.155727785520865325e+02 2.156603201089030506e+02 2.022825850745773266e+02
1.155932563402690647e+02 2.156380816876211952e+02 2.022941758348226529e+02
1.156137341284515827e+02 2.156158432663393398e+02 2.023057665950679507e+02
1.156342119166341149e+02 2.155936048450574845e+02 2.023173573553132769e+02
1.156546897048166329e+02 2.155713664237756291e+02 2.023289481155586031e+02
1.156751674929991651e+02 2.155491280024937737e+02 2.023405388758039294e+02
1.156956452811816831e+02 2.155268895812119183e+02 2.023521296360492556e+02
1.156956452811816831e+02 2.155268895812119183e+02 2.023521296360492556e+02
1.157100341580588179e+02 2.155102379986889787e+02 2.023745722653865755e+02
1.157244230349359384e+02 2.154935864161660675e+02 2.023970148947238670e+02
1.157388119118130589e+02 2.154769348336431278e+02 2.024194575240611869e+02
1.157532007886901937e+02 2.154602832511201882e+02 2.024419001533985067e+02
1.157675896655673284e+02 2.154436316685972770e+02 2.024643427827357982e+02
1.157819785424444490e+02 2.154269800860743374e+02 2.024867854120731181e+02
1.157963674193215695e+02 2.154103285035513977e+02 2.025092280414104380e+02
1.158107562961987043e+02 2.153936769210284865e+02 2.025316706707477294e+02
1.158251451730758390e+02 2.153770253385055469e+02 2.025541133000850493e+02
1.158395340499529595e+02 2.153603737559826357e+02 2.025765559294223692e+02
1.158539229268300801e+02 2.153437221734596960e+02 2.025989985587596607e+02
1.158683118037072148e+02 2.153270705909367564e+02 2.026214411880969806e+02
1.158827006805843496e+02 2.153104190084138452e+02 2.026438838174343005e+02
1.158970895574614701e+02 2.152937674258909055e+02 2.026663264467716203e+02
1.159114784343385907e+02 2.152771158433679659e+02 2.026887690761089118e+02
1.159258673112157254e+02 2.152604642608450547e+02 2.027112117054462317e+02
1.159402561880928602e+02 2.152438126783221151e+02 2.027336543347835516e+02
1.159546450649699807e+02 2.152271610957991754e+02 2.027560969641208430e+02
1.159690339418471012e+02 2.152105095132762642e+02 2.027785395934581629e+02
1.159834228187242360e+02 2.151938579307533246e+02 2.028009822227954828e+02
1.159978116956013707e+02 2.151772063482304134e+02 2.028234248521327743e+02
1.160122005724784913e+02 2.151605547657074737e+02 2.028458674814700942e+02
1.160265894493556118e+02 2.151439031831845341e+02 2.028683101108074140e+02
1.160409783262327466e+02 2.151272516006616229e+02 2.028907527401447055e+02
1.160553672031098813e+02 2.151106000181386833e+02 2.029131953694820254e+02
1.160697560799870018e+02 2.150939484356157436e+02 2.029356379988193453e+02
1.160841449568641224e+02 2.150772968530928324e+02 2.029580806281566367e+02
1.160985338337412571e+02 2.150606452705698928e+02 2.029805232574939566e+02
1.160985338337412571e+02 2.150606452705698928e+02 2.029805232574939566e+02
1.161267732768548484e+02 2.150471823343959556e+02 2.029815875441219077e+02
1.161550127199684539e+02 2.150337193982220185e+02 2.029826518307498304e+02
1.161832521630820452e+02 2.150202564620480814e+02 2.029837161173777815e+02
1.162114916061956507e+02 2.150067935258741443e+02 2.029847804040057042e+02
1.162397310493092419e+02 2.149933305897002072e+02 2.029858446906336553e+02
1.162679704924228474e+02 2.149798676535262700e+02 2.029869089772616064e+02
1.162962099355364387e+02 2.149664047173523329e+02 2.029879732638895291e+02
1.163244493786500442e+02 2.149529417811783958e+02 2.029890375505174802e+02
1.163526888217636355e+02 2.149394788450044587e+02 2.029901018371454029e+02
1.163809282648772410e+02 2.149260159088305215e+02 2.029911661237733540e+02
1.164091677079908322e+02 2.149125529726565844e+02 2.029922304104013051e+02
1.164374071511044377e+02 2.148990900364826473e+02 2.029932946970292278e+02
1.164656465942180290e+02 2.148856271003087102e+02 2.029943589836571789e+02
1.164938860373316345e+02 2.148721641641347446e+02 2.029954232702851016e+02
1.165221254804452258e+02 2.148587012279608075e+02 2.029964875569130527e+02
1.165503649235588171e+02 2.148452382917868704e+02 2.029975518435410038e+02
1.165786043666724225e+02 2.148317753556129333e+02 2.029986161301689265e+02
1.166068438097860138e+02 2.148183124194389961e+02 2.029996804167968776e+02
1.166350832528996193e+02 2.148048494832650590e+02 2.030007447034248287e+02
1.166633226960132106e+02 2.147913865470911219e+02 2.030018089900527514e+02
1.166915621391268161e+02 2.147779236109171848e+02 2.030028732766807025e+02
1.167198015822404074e+02 2.147644606747432476e+02 2.030039375633086252e+02
1.167480410253540128e+02 2.147509977385693105e+02 2.030050018499365763e+02
1.167762804684676041e+02 2.147375348023953734e+02 2.030060661365645274e+02
1.168045199115812096e+02 2.147240718662214363e+02 2.030071304231924501e+02
1.168327593546948009e+02 2.147106089300474991e+02 2.030081947098204012e+02
1.168609987978084064e+02 2.146971459938735620e+02 2.030092589964483238e+02
1.168892382409219977e+02 2.146836830576996249e+02 2.030103232830762749e+02
1.168892382409219977e+02 2.146836830576996249e+02 2.030103232830762749e+02
1.169077426656342169e+02 2.146655411692761390e+02 2.030286782943135790e+02
1.169262470903464504e+02 2.146473992808526816e+02 2.030470333055508547e+02
1.169447515150586696e+02 2.146292573924291958e+02 2.030653883167881588e+02
1.169632559397708889e+02 2.146111155040057383e+02 2.030837433280254629e+02
1.169817603644831081e+02 2.145929736155822525e+02 2.031020983392627386e+02
1.170002647891953416e+02 2.145748317271587950e+02 2.031204533505000427e+02
1.170187692139075608e+02 2.145566898387353092e+02 2.031388083617373468e+02
1.170372736386197801e+02 2.145385479503118518e+02 2.031571633729746225e+02
1.170557780633319993e+02 2.145204060618883659e+02 2.031755183842119266e+02
1.170742824880442328e+02 2.145022641734649085e+02 2.031938733954492307e+02
1.170927869127564520e+02 2.144841222850414226e+02 2.032122284066865348e+02
1.171112913374686713e+02 2.144659803966179652e+02 2.032305834179238104e+02
1.171297957621808905e+02 2.144478385081944793e+02 2.032489384291611145e+02
1.171483001868931240e+02 2.144296966197710219e+02 2.032672934403984186e+02
1.171668046116053432e+02 2.144115547313475361e+02 2.032856484516356943e+02
1.171853090363175625e+02 2.143934128429240786e+02 2.033040034628729984e+02
1.172038134610297817e+02 2.143752709545005928e+02 2.033223584741103025e+02
1.172223178857420152e+02 2.143571290660771353e+02 2.033407134853475782e+02
1.172408223104542344e+02 2.143389871776536495e+02 2.033590684965848823e+02
1.172408223104542344e+02 2.143389871776536495e+02 2.033590684965848823e+02
1.172692936440471527e+02 2.143254136894865383e+02 2.033601415226888491e+02
1.172977649776400852e+02 2.143118402013193986e+02 2.033612145487928160e+02
1.173262363112330036e+02 2.142982667131522874e+02 2.033622875748968113e+02
1.173547076448259361e+02 2.142846932249851761e+02 2.033633606010007782e+02
1.173831789784188544e+02 2.142711197368180649e+02 2.033644336271047450e+02
1.174116503120117869e+02 2.142575462486509252e+02 2.033655066532087119e+02
1.174401216456047052e+02 2.142439727604838140e+02 2.033665796793127072e+02
1.174685929791976378e+02 2.142303992723167028e+02 2.033676527054166741e+02
1.174970643127905561e+02 2.142168257841495631e+02 2.033687257315206409e+02
1.175255356463834744e+02 2.142032522959824519e+02 2.033697987576246078e+02
1.175540069799764069e+02 2.141896788078153406e+02 2.033708717837286031e+02
1.175824783135693252e+02 2.141761053196482294e+02 2.033719448098325699e+02
1.176109496471622577e+02 2.141625318314810897e+02 2.033730178359365368e+02
1.176394209807551761e+02 2.141489583433139785e+02 2.033740908620405037e+02
1.176678923143481086e+02 2.141353848551468673e+02 2.033751638881444990e+02
1.176963636479410269e+02 2.141218113669797560e+02 2.033762369142484658e+02
1.177248349815339452e+02 2.141082378788126164e+02 2.033773099403524327e+02
1.177533063151268777e+02 2.140946643906455051e+02 2.033783829664563996e+02
1.177817776487197960e+02 2.140810909024783939e+02 2.033794559925603949e+02
1.178102489823127286e+02 2.140675174143112542e+02 2.033805290186643617e+02
1.178387203159056469e+02 2.140539439261441430e+02 2.033816020447683286e+02
1.178671916494985794e+02 2.140403704379770318e+02 2.033826750708722955e+02
1.178956629830914977e+02 2.140267969498099205e+02 2.033837480969762908e+02
1.179241343166844302e+02 2.140132234616427809e+02 2.033848211230802576e+02
1.179526056502773486e+02 2.139996499734756696e+02 2.033858941491842245e+02
1.179526056502773486e+02 2.139996499734756696e+02 2.033858941491842245e+02
1.179824964211603771e+02 2.140101592530349421e+02 2.033846892705857670e+02
1.180123871920434055e+02 2.140206685325942146e+02 2.033834843919873094e+02
1.180422779629264198e+02 2.140311778121534871e+02 2.033822795133888803e+02
1.180721687338094483e+02 2.140416870917127312e+02 2.033810746347904228e+02
1.181020595046924768e+02 2.140521963712720037e+02 2.033798697561919653e+02
1.181319502755754911e+02 2.140627056508312762e+02 2.033786648775935078e+02
1.181618410464585196e+02 2.140732149303905487e+02 2.033774599989950502e+02
1.181917318173415481e+02 2.140837242099498212e+02 2.033762551203966211e+02
1.182216225882245766e+02 2.140942334895090937e+02 2.033750502417981636e+02
1.182515133591076051e+02 2.141047427690683662e+02 2.033738453631997061e+02
1.182814041299906194e+02 2.141152520486276103e+02 2.033726404846012485e+02
1.183112949008736479e+02 2.141257613281868828e+02 2.033714356060028194e+02
1.183411856717566764e+02 2.141362706077461553e+02 2.033702307274043619e+02
1.183710764426396906e+02 2.141467798873054278e+02 2.033690258488059044e+02
1.184009672135227191e+02 2.141572891668647003e+02 2.033678209702074469e+02
1.184308579844057476e+02 2.141677984464239728e+02 2.033666160916089893e+02
1.184607487552887761e+02 2.141783077259832453e+02 2.033654112130105602e+02
1.184906395261718046e+02 2.141888170055424894e+02 2.033642063344121027e+02
1.185205302970548189e+02 2.141993262851017619e+02 2.033630014558136452e+02
1.185504210679378474e+02 2.142098355646610344e+02 2.033617965772151877e+02
1.185803118388208759e+02 2.142203448442203069e+02 2.033605916986167585e+02
1.186102026097038902e+02 2.142308541237795794e+02 2.033593868200183010e+02
1.186400933805869187e+02 2.142413634033388519e+02 2.033581819414198435e+02
1.186699841514699472e+02 2.142518726828981244e+02 2.033569770628213860e+02
1.186998749223529757e+02 2.142623819624573684e+02 2.033557721842229284e+02
1.187297656932360042e+02 2.142728912420166409e+02 2.033545673056244993e+02
1.187596564641190184e+02 2.142834005215759134e+02 2.033533624270260418e+02
1.187895472350020469e+02 2.142939098011351859e+02 2.033521575484275843e+02
1.187895472350020469e+02 2.142939098011351859e+02 2.033521575484275843e+02
1.188202696508388811e+02 2.142850903857226399e+02 2.033443252362370401e+02
1.188509920666757012e+02 2.142762709703100938e+02 2.033364929240465244e+02
1.188817144825125354e+02 2.142674515548975194e+02 2.033286606118559803e+02
1.189124368983493696e+02 2.142586321394849733e+02 2.033208282996654646e+02
1.189431593141862038e+02 2.142498127240724273e+02 2.033129959874749204e+02
1.189738817300230238e+02 2.142409933086598812e+02 2.033051636752843763e+02
1.190046041458598580e+02 2.142321738932473352e+02 2.032973313630938605e+02
1.190353265616966922e+02 2.142233544778347607e+02 2.032894990509033164e+02
1.190660489775335122e+02 2.142145350624222147e+02 2.032816667387128007e+02
1.190967713933703465e+02 2.142057156470096686e+02 2.032738344265222565e+02
1.191274938092071807e+02 2.141968962315971226e+02 2.032660021143317124e+02
1.191582162250440007e+02 2.141880768161845765e+02 2.032581698021411967e+02
1.191889386408808349e+02 2.141792574007720020e+02 2.032503374899506525e+02
1.192196610567176691e+02 2.141704379853594560e+02 2.032425051777601368e+02
1.192503834725544891e+02 2.141616185699469099e+02 2.032346728655695927e+02
1.192811058883913233e+02 2.141527991545343639e+02 2.032268405533790485e+02
1.193118283042281575e+02 2.141439797391218178e+02 2.032190082411885328e+02
1.193425507200649918e+02 2.141351603237092434e+02 2.032111759289979886e+02
1.193732731359018118e+02 2.141263409082966973e+02 2.032033436168074729e+02
1.194039955517386460e+02 2.141175214928841513e+02 2.031955113046169288e+02
1.194039955517386460e+02 2.141175214928841513e+02 2.031955113046169288e+02
1.194198348725630012e+02 2.141323184075853590e+02 2.031731519140474802e+02
1.194356741933873565e+02 2.141471153222865667e+02 2.031507925234780316e+02
1.194515135142117117e+02 2.141619122369877743e+02 2.031284331329085546e+02
1.194673528350360669e+02 2.141767091516889820e+02 2.031060737423391060e+02
1.194831921558604222e+02 2.141915060663901897e+02 2.030837143517696575e+02
1.194990314766847774e+02 2.142063029810913974e+02 2.030613549612002089e+02
1.195148707975091327e+02 2.142210998957926051e+02 2.030389955706307319e+02
1.195307101183334879e+02 2.142358968104938128e+02 2.030166361800612833e+02
1.195465494391578574e+02 2.142506937251950490e+02 2.029942767894918347e+02
1.195623887599822126e+02 2.142654906398962567e+02 2.029719173989223862e+02
1.195782280808065678e+02 2.142802875545974644e+02 2.029495580083529092e+02
1.195940674016309231e+02 2.142950844692986720e+02 2.029271986177834606e+02
1.196099067224552783e+02 2.143098813839998797e+02 2.029048392272140120e+02
1.196257460432796336e+02 2.143246782987010874e+02 2.028824798366445634e+02
1.196415853641039888e+02 2.143394752134022951e+02 2.028601204460750864e+02
1.196574246849283440e+02 2.143542721281035028e+02 2.028377610555056378e+02
1.196732640057526993e+02 2.143690690428047105e+02 2.028154016649361893e+02
1.196891033265770545e+02 2.143838659575059182e+02 2.027930422743667407e+02
1.197049426474014098e+02 2.143986628722071259e+02 2.027706828837972637e+02
1.197207819682257650e+02 2.144134597869083336e+02 2.027483234932278151e+02
1.197366212890501203e+02 2.144282567016095413e+02 2.027259641026583665e+02
1.197524606098744755e+02 2.144430536163107490e+02 2.027036047120889179e+02
1.197682999306988307e+02 2.144578505310119567e+02 2.026812453215194409e+02
1.197841392515231860e+02 2.144726474457131644e+02 2.026588859309499924e+02
1.197999785723475554e+02 2.144874443604144005e+02 2.026365265403805438e+02
1.198158178931719107e+02 2.145022412751156082e+02 2.026141671498110952e+02
1.198316572139962659e+02 2.145170381898168159e+02 2.025918077592416182e+02
1.198474965348206212e+02 2.145318351045180236e+02 2.025694483686721696e+02
1.198633358556449764e+02 2.145466320192192313e+02 2.025470889781027211e+02
1.198791751764693316e+02 2.145614289339204390e+02 2.025247295875332725e+02
1.198950144972936869e+02 2.145762258486216467e+02 2.025023701969637955e+02
1.199108538181180421e+02 2.145910227633228544e+02 2.024800108063943469e+02
1.199266931389423974e+02 2.146058196780240621e+02 2.024576514158248983e+02
