3.026502626192875596e+02 2.059883548255768915e+02 7.687770593500135874e+01
3.026661964518243053e+02 2.059728049788842839e+02 7.689634867393492357e+01
3.026821302843611079e+02 2.059572551321916478e+02 7.691499141286848840e+01
3.026980641168978536e+02 2.059417052854990402e+02 7.693363415180205322e+01
3.027139979494345994e+02 2.059261554388064042e+02 7.695227689073561805e+01
3.027299317819714020e+02 2.059106055921137965e+02 7.697091962966916867e+01
3.027458656145081477e+02 2.058950557454211889e+02 7.698956236860273350e+01
3.027617994470449503e+02 2.058795058987285529e+02 7.700820510753629833e+01
3.027777332795816960e+02 2.058639560520359453e+02 7.702684784646986316e+01
3.027936671121184418e+02 2.058484062053433092e+02 7.704549058540342799e+01
3.028096009446552443e+02 2.058328563586507016e+02 7.706413332433699281e+01
3.028255347771919901e+02 2.058173065119580940e+02 7.708277606327055764e+01
3.028414686097287358e+02 2.058017566652654580e+02 7.710141880220412247e+01
3.028574024422655384e+02 2.057862068185728504e+02 7.712006154113767309e+01
3.028733362748022842e+02 2.057706569718802143e+02 7.713870428007123792e+01
3.028892701073390299e+02 2.057551071251876067e+02 7.715734701900480275e+01
3.029052039398758325e+02 2.057395572784949991e+02 7.717598975793836757e+01
3.029211377724125782e+02 2.057240074318023630e+02 7.719463249687193240e+01
3.029370716049493240e+02 2.057084575851097554e+02 7.721327523580549723e+01
3.029530054374861265e+02 2.056929077384171194e+02 7.723191797473906206e+01
3.029689392700228723e+02 2.056773578917245118e+02 7.725056071367262689e+01
3.029848731025596749e+02 2.056618080450319042e+02 7.726920345260617751e+01
3.030008069350964206e+02 2.056462581983392681e+02 7.728784619153974234e+01
3.030167407676331663e+02 2.056307083516466605e+02 7.730648893047330716e+01
3.030326746001699689e+02 2.056151585049540245e+02 7.732513166940687199e+01
3.030486084327067147e+02 2.055996086582614168e+02 7.734377440834043682e+01
3.030486084327067147e+02 2.055996086582614168e+02 7.734377440834043682e+01
3.030611195014875534e+02 2.055686716778739651e+02 7.734250539380569478e+01
3.030736305702683921e+02 2.055377346974865134e+02 7.734123637927095274e+01
3.030861416390492309e+02 2.055067977170990901e+02 7.733996736473621070e+01
3.030986527078301265e+02 2.054758607367116383e+02 7.733869835020146866e+01
3.031111637766109652e+02 2.054449237563241866e+02 7.733742933566672662e+01
3.031236748453918040e+02 2.054139867759367348e+02 7.733616032113198457e+01
3.031361859141726427e+02 2.053830497955493115e+02 7.733489130659724253e+01
3.031486969829534814e+02 2.053521128151618598e+02 7.733362229206250049e+01
3.031612080517343202e+02 2.053211758347744080e+02 7.733235327752775845e+01
3.031737191205151589e+02 2.052902388543869563e+02 7.733108426299301641e+01
3.031862301892959977e+02 2.052593018739995046e+02 7.732981524845827437e+01
3.031987412580768932e+02 2.052283648936120812e+02 7.732854623392351812e+01
3.032112523268577320e+02 2.051974279132246295e+02 7.732727721938877607e+01
3.032237633956385707e+02 2.051664909328371778e+02 7.732600820485403403e+01
3.032362744644194095e+02 2.051355539524497260e+02 7.732473919031929199e+01
3.032487855332002482e+02 2.051046169720622743e+02 7.732347017578454995e+01
3.032612966019810870e+02 2.050736799916748510e+02 7.732220116124980791e+01
3.032738076707619257e+02 2.050427430112873992e+02 7.732093214671506587e+01
3.032863187395427644e+02 2.050118060308999475e+02 7.731966313218032383e+01
3.032988298083236600e+02 2.049808690505124957e+02 7.731839411764558179e+01
3.033113408771044988e+02 2.049499320701250724e+02 7.731712510311083975e+01
3.033238519458853375e+02 2.049189950897376207e+02 7.731585608857609770e+01
3.033363630146661762e+02 2.048880581093501689e+02 7.731458707404135566e+01
3.033363630146661762e+02 2.048880581093501689e+02 7.731458707404135566e+01
3.033496858035845776e+02 2.048551139327419151e+02 7.731323572564123481e+01
3.033630085925029221e+02 2.048221697561336896e+02 7.731188437724112816e+01
3.033763313814213234e+02 2.047892255795254641e+02 7.731053302884100731e+01
3.033896541703396679e+02 2.047562814029172102e+02 7.730918168044088645e+01
3.034029769592580692e+02 2.047233372263089564e+02 7.730783033204077981e+01
3.034162997481764705e+02 2.046903930497007309e+02 7.730647898364065895e+01
3.034296225370948150e+02 2.046574488730925054e+02 7.730512763524053810e+01
3.034429453260132163e+02 2.046245046964842516e+02 7.730377628684043145e+01
3.034562681149316177e+02 2.045915605198759977e+02 7.730242493844031060e+01
3.034695909038499622e+02 2.045586163432677722e+02 7.730107359004018974e+01
3.034829136927683635e+02 2.045256721666595467e+02 7.729972224164008310e+01
3.034962364816867648e+02 2.044927279900512929e+02 7.729837089323996224e+01
3.035095592706051093e+02 2.044597838134430390e+02 7.729701954483984139e+01
3.035228820595235106e+02 2.044268396368348135e+02 7.729566819643973474e+01
3.035362048484418551e+02 2.043938954602265881e+02 7.729431684803961389e+01
3.035495276373602564e+02 2.043609512836183342e+02 7.729296549963949303e+01
3.035628504262786578e+02 2.043280071070100803e+02 7.729161415123938639e+01
3.035761732151970023e+02 2.042950629304018548e+02 7.729026280283926553e+01
3.035894960041154036e+02 2.042621187537936294e+02 7.728891145443914468e+01
3.036028187930337481e+02 2.042291745771853755e+02 7.728756010603903803e+01
3.036161415819521494e+02 2.041962304005771216e+02 7.728620875763891718e+01
3.036294643708705507e+02 2.041632862239688961e+02 7.728485740923879632e+01
3.036427871597888952e+02 2.041303420473606707e+02 7.728350606083868968e+01
3.036561099487072966e+02 2.040973978707524168e+02 7.728215471243856882e+01
3.036561099487072966e+02 2.040973978707524168e+02 7.728215471243856882e+01
3.036776764009021576e+02 2.040771575121555372e+02 7.728411104329425996e+01
3.036992428530970756e+02 2.040569171535586577e+02 7.728606737414993688e+01
3.037208093052919367e+02 2.040366767949617781e+02 7.728802370500562802e+01
3.037423757574868546e+02 2.040164364363648986e+02 7.728998003586131915e+01
3.037639422096817157e+02 2.039961960777680190e+02 7.729193636671701029e+01
3.037855086618766336e+02 2.039759557191711394e+02 7.729389269757268721e+01
3.038070751140714947e+02 2.039557153605742599e+02 7.729584902842837835e+01
3.038286415662664126e+02 2.039354750019773803e+02 7.729780535928406948e+01
3.038502080184612737e+02 2.039152346433805008e+02 7.729976169013976062e+01
3.038717744706561916e+02 2.038949942847836212e+02 7.730171802099543754e+01
3.038933409228510527e+02 2.038747539261867416e+02 7.730367435185112868e+01
3.039149073750459706e+02 2.038545135675898621e+02 7.730563068270681981e+01
3.039364738272408317e+02 2.038342732089929825e+02 7.730758701356251095e+01
3.039580402794357497e+02 2.038140328503961314e+02 7.730954334441818787e+01
3.039796067316306107e+02 2.037937924917992518e+02 7.731149967527387901e+01
3.040011731838255287e+02 2.037735521332023723e+02 7.731345600612957014e+01
3.040227396360203898e+02 2.037533117746054927e+02 7.731541233698526128e+01
3.040443060882153077e+02 2.037330714160086131e+02 7.731736866784093820e+01
3.040658725404101688e+02 2.037128310574117336e+02 7.731932499869662934e+01
3.040874389926050867e+02 2.036925906988148540e+02 7.732128132955232047e+01
3.041090054447999478e+02 2.036723503402179745e+02 7.732323766040801161e+01
3.041305718969948657e+02 2.036521099816210949e+02 7.732519399126368853e+01
3.041521383491897268e+02 2.036318696230242153e+02 7.732715032211937967e+01
3.041737048013846447e+02 2.036116292644273358e+02 7.732910665297507080e+01
3.041952712535795058e+02 2.035913889058304562e+02 7.733106298383076194e+01
3.042168377057744237e+02 2.035711485472335767e+02 7.733301931468643886e+01
3.042384041579692848e+02 2.035509081886366971e+02 7.733497564554213000e+01
3.042384041579692848e+02 2.035509081886366971e+02 7.733497564554213000e+01
3.042592223950161952e+02 2.035519245703505646e+02 7.732482047020434379e+01
3.042800406320631055e+02 2.035529409520644606e+02 7.731466529486654338e+01
3.043008588691099590e+02 2.035539573337783281e+02 7.730451011952875717e+01
3.043216771061568693e+02 2.035549737154921957e+02 7.729435494419097097e+01
3.043424953432037796e+02 2.035559900972060916e+02 7.728419976885317055e+01
3.043633135802506899e+02 2.035570064789199591e+02 7.727404459351538435e+01
3.043841318172975434e+02 2.035580228606338267e+02 7.726388941817758393e+01
3.044049500543444537e+02 2.035590392423477226e+02 7.725373424283979773e+01
3.044257682913913641e+02 2.035600556240615902e+02 7.724357906750201153e+01
3.044465865284382744e+02 2.035610720057754577e+02 7.723342389216421111e+01
3.044674047654851279e+02 2.035620883874893536e+02 7.722326871682642491e+01
3.044882230025320382e+02 2.035631047692032212e+02 7.721311354148863870e+01
3.045090412395789485e+02 2.035641211509170887e+02 7.720295836615083829e+01
3.045298594766258589e+02 2.035651375326309562e+02 7.719280319081305208e+01
3.045506777136727123e+02 2.035661539143448522e+02 7.718264801547526588e+01
3.045714959507196227e+02 2.035671702960587197e+02 7.717249284013746546e+01
3.045923141877665330e+02 2.035681866777725872e+02 7.716233766479967926e+01
3.046131324248134433e+02 2.035692030594864832e+02 7.715218248946189306e+01
3.046339506618602968e+02 2.035702194412003507e+02 7.714202731412409264e+01
3.046547688989072071e+02 2.035712358229142183e+02 7.713187213878630644e+01
3.046755871359541175e+02 2.035722522046281142e+02 7.712171696344850602e+01
3.046964053730010278e+02 2.035732685863419817e+02 7.711156178811071982e+01
3.047172236100478813e+02 2.035742849680558493e+02 7.710140661277293361e+01
3.047380418470947916e+02 2.035753013497697452e+02 7.709125143743513320e+01
3.047588600841417019e+02 2.035763177314836128e+02 7.708109626209734699e+01
3.047588600841417019e+02 2.035763177314836128e+02 7.708109626209734699e+01
3.047928428948368378e+02 2.035790543456921569e+02 7.707829120422070446e+01
3.048268257055319737e+02 2.035817909599007010e+02 7.707548614634406192e+01
3.048608085162271095e+02 2.035845275741092451e+02 7.707268108846741939e+01
3.048947913269222454e+02 2.035872641883177891e+02 7.706987603059079106e+01
3.049287741376173813e+02 2.035900008025263332e+02 7.706707097271414852e+01
3.049627569483125171e+02 2.035927374167348773e+02 7.706426591483750599e+01
3.049967397590076530e+02 2.035954740309434214e+02 7.706146085696086345e+01
3.050307225697027889e+02 2.035982106451519655e+02 7.705865579908422092e+01
3.050647053803978679e+02 2.036009472593605096e+02 7.705585074120759259e+01
3.050986881910930038e+02 2.036036838735690822e+02 7.705304568333095006e+01
3.051326710017881396e+02 2.036064204877776262e+02 7.705024062545430752e+01
3.051666538124832755e+02 2.036091571019861703e+02 7.704743556757766498e+01
3.052006366231784114e+02 2.036118937161947144e+02 7.704463050970102245e+01
3.052346194338735472e+02 2.036146303304032585e+02 7.704182545182437991e+01
3.052686022445686831e+02 2.036173669446118026e+02 7.703902039394773738e+01
3.053025850552638190e+02 2.036201035588203467e+02 7.703621533607110905e+01
3.053365678659589548e+02 2.036228401730288908e+02 7.703341027819446651e+01
3.053705506766540907e+02 2.036255767872374349e+02 7.703060522031782398e+01
3.053705506766540907e+02 2.036255767872374349e+02 7.703060522031782398e+01
3.053900348098701443e+02 2.036620112486835978e+02 7.703234207042265780e+01
3.054095189430861979e+02 2.036984457101297323e+02 7.703407892052749162e+01
3.054290030763022514e+02 2.037348801715758952e+02 7.703581577063232544e+01
3.054484872095183050e+02 2.037713146330220582e+02 7.703755262073715926e+01
3.054679713427343586e+02 2.038077490944681927e+02 7.703928947084199308e+01
3.054874554759504122e+02 2.038441835559143556e+02 7.704102632094682690e+01
3.055069396091664657e+02 2.038806180173605185e+02 7.704276317105166072e+01
3.055264237423825193e+02 2.039170524788066530e+02 7.704450002115649454e+01
3.055459078755985729e+02 2.039534869402528159e+02 7.704623687126132836e+01
3.055653920088145696e+02 2.039899214016989788e+02 7.704797372136616218e+01
3.055848761420306232e+02 2.040263558631451417e+02 7.704971057147099600e+01
3.056043602752466768e+02 2.040627903245912762e+02 7.705144742157582982e+01
3.056238444084627304e+02 2.040992247860374391e+02 7.705318427168066364e+01
3.056433285416787839e+02 2.041356592474836020e+02 7.705492112178549746e+01
3.056628126748948375e+02 2.041720937089297365e+02 7.705665797189033128e+01
3.056822968081108911e+02 2.042085281703758994e+02 7.705839482199516510e+01
3.057017809413269447e+02 2.042449626318220623e+02 7.706013167209999892e+01
3.057212650745429983e+02 2.042813970932681968e+02 7.706186852220483274e+01
3.057407492077590518e+02 2.043178315547143598e+02 7.706360537230966656e+01
3.057407492077590518e+02 2.043178315547143598e+02 7.706360537230966656e+01
3.057608518581344015e+02 2.043489380691518420e+02 7.706010842010972794e+01
3.057809545085098080e+02 2.043800445835892958e+02 7.705661146790978933e+01
3.058010571588851576e+02 2.044111510980267781e+02 7.705311451570986492e+01
3.058211598092605072e+02 2.044422576124642603e+02 7.704961756350992630e+01
3.058412624596359137e+02 2.044733641269017426e+02 7.704612061130998768e+01
3.058613651100112634e+02 2.045044706413391964e+02 7.704262365911004906e+01
3.058814677603866130e+02 2.045355771557766786e+02 7.703912670691011044e+01
3.059015704107620195e+02 2.045666836702141609e+02 7.703562975471018603e+01
3.059216730611373691e+02 2.045977901846516147e+02 7.703213280251024742e+01
3.059417757115127188e+02 2.046288966990890970e+02 7.702863585031030880e+01
3.059618783618881253e+02 2.046600032135265792e+02 7.702513889811037018e+01
3.059819810122634749e+02 2.046911097279640614e+02 7.702164194591043156e+01
3.060020836626388245e+02 2.047222162424015153e+02 7.701814499371050715e+01
3.060221863130141742e+02 2.047533227568389975e+02 7.701464804151056853e+01
3.060422889633895807e+02 2.047844292712764798e+02 7.701115108931062991e+01
3.060623916137649303e+02 2.048155357857139620e+02 7.700765413711069129e+01
3.060824942641402799e+02 2.048466423001514158e+02 7.700415718491075268e+01
3.061025969145156864e+02 2.048777488145888981e+02 7.700066023271082827e+01
3.061226995648910361e+02 2.049088553290263803e+02 7.699716328051088965e+01
3.061428022152663857e+02 2.049399618434638342e+02 7.699366632831095103e+01
3.061629048656417922e+02 2.049710683579013164e+02 7.699016937611101241e+01
3.061830075160171418e+02 2.050021748723387987e+02 7.698667242391107379e+01
3.062031101663924915e+02 2.050332813867762809e+02 7.698317547171114938e+01
3.062232128167678979e+02 2.050643879012137347e+02 7.697967851951121077e+01
3.062433154671432476e+02 2.050954944156512170e+02 7.697618156731127215e+01
3.062433154671432476e+02 2.050954944156512170e+02 7.697618156731127215e+01
3.062445445109167963e+02 2.051112638973173148e+02 7.699268714325427254e+01
3.062457735546903450e+02 2.051270333789834410e+02 7.700919271919725873e+01
3.062470025984638937e+02 2.051428028606495388e+02 7.702569829514024491e+01
3.062482316422374424e+02 2.051585723423156367e+02 7.704220387108324530e+01
3.062494606860109343e+02 2.051743418239817629e+02 7.705870944702624570e+01
3.062506897297844830e+02 2.051901113056478607e+02 7.707521502296923188e+01
3.062519187735580317e+02 2.052058807873139585e+02 7.709172059891221807e+01
3.062531478173315804e+02 2.052216502689800848e+02 7.710822617485521846e+01
3.062543768611051291e+02 2.052374197506461826e+02 7.712473175079821885e+01
3.062556059048786778e+02 2.052531892323122804e+02 7.714123732674120504e+01
3.062568349486522266e+02 2.052689587139784066e+02 7.715774290268419122e+01
3.062580639924257753e+02 2.052847281956445045e+02 7.717424847862719162e+01
3.062592930361993240e+02 2.053004976773106023e+02 7.719075405457019201e+01
3.062605220799728727e+02 2.053162671589767285e+02 7.720725963051317819e+01
3.062617511237464214e+02 2.053320366406428263e+02 7.722376520645616438e+01
3.062629801675199133e+02 2.053478061223089242e+02 7.724027078239916477e+01
3.062642092112934620e+02 2.053635756039750504e+02 7.725677635834216517e+01
3.062654382550670107e+02 2.053793450856411482e+02 7.727328193428515135e+01
3.062666672988405594e+02 2.053951145673072460e+02 7.728978751022813753e+01
3.062678963426141081e+02 2.054108840489733723e+02 7.730629308617113793e+01
3.062691253863876568e+02 2.054266535306394701e+02 7.732279866211413832e+01
3.062703544301612055e+02 2.054424230123055679e+02 7.733930423805712451e+01
3.062715834739347542e+02 2.054581924939716941e+02 7.735580981400011069e+01
3.062728125177083029e+02 2.054739619756377920e+02 7.737231538994311109e+01
3.062740415614818517e+02 2.054897314573038898e+02 7.738882096588611148e+01
3.062752706052553435e+02 2.055055009389700160e+02 7.740532654182909766e+01
3.062764996490288922e+02 2.055212704206361138e+02 7.742183211777208385e+01
3.062777286928024409e+02 2.055370399023022117e+02 7.743833769371508424e+01
3.062789577365759897e+02 2.055528093839683379e+02 7.745484326965808464e+01
3.062801867803495384e+02 2.055685788656344357e+02 7.747134884560107082e+01
3.062801867803495384e+02 2.055685788656344357e+02 7.747134884560107082e+01
3.062670996495448890e+02 2.055824516653092076e+02 7.748471765820184487e+01
3.062540125187402964e+02 2.055963244649840078e+02 7.749808647080261892e+01
3.062409253879356470e+02 2.056101972646587797e+02 7.751145528340337876e+01
3.062278382571310544e+02 2.056240700643335799e+02 7.752482409600415281e+01
3.062147511263264050e+02 2.056379428640083518e+02 7.753819290860492686e+01
3.062016639955218125e+02 2.056518156636831520e+02 7.755156172120570091e+01
3.061885768647171631e+02 2.056656884633579239e+02 7.756493053380647495e+01
3.061754897339125705e+02 2.056795612630326957e+02 7.757829934640723479e+01
3.061624026031079211e+02 2.056934340627074960e+02 7.759166815900800884e+01
3.061493154723033285e+02 2.057073068623822678e+02 7.760503697160878289e+01
3.061362283414986791e+02 2.057211796620570681e+02 7.761840578420955694e+01
3.061231412106940866e+02 2.057350524617318399e+02 7.763177459681033099e+01
3.061100540798894372e+02 2.057489252614066402e+02 7.764514340941110504e+01
3.060969669490848446e+02 2.057627980610814120e+02 7.765851222201186488e+01
3.060838798182801952e+02 2.057766708607561839e+02 7.767188103461263893e+01
3.060707926874756026e+02 2.057905436604309841e+02 7.768524984721341298e+01
3.060577055566709532e+02 2.058044164601057560e+02 7.769861865981418703e+01
3.060446184258663607e+02 2.058182892597805562e+02 7.771198747241496108e+01
3.060315312950617113e+02 2.058321620594553281e+02 7.772535628501572091e+01
3.060184441642571187e+02 2.058460348591301283e+02 7.773872509761649496e+01
3.060053570334524693e+02 2.058599076588049002e+02 7.775209391021726901e+01
3.060053570334524693e+02 2.058599076588049002e+02 7.775209391021726901e+01
3.059883067132245174e+02 2.058779815728235008e+02 7.776951121423242341e+01
3.059712563929966223e+02 2.058960554868421013e+02 7.778692851824759202e+01
3.059542060727686703e+02 2.059141294008607019e+02 7.780434582226274642e+01
3.059371557525407752e+02 2.059322033148793025e+02 7.782176312627791503e+01
3.059201054323128233e+02 2.059502772288979031e+02 7.783918043029306943e+01
3.059030551120849282e+02 2.059683511429165037e+02 7.785659773430822383e+01
3.058860047918569762e+02 2.059864250569351043e+02 7.787401503832339245e+01
3.058689544716290811e+02 2.060044989709537049e+02 7.789143234233854685e+01
3.058519041514011292e+02 2.060225728849723055e+02 7.790884964635371546e+01
3.058348538311732341e+02 2.060406467989909061e+02 7.792626695036886986e+01
3.058178035109452821e+02 2.060587207130095067e+02 7.794368425438402426e+01
3.058007531907173870e+02 2.060767946270281072e+02 7.796110155839919287e+01
3.057837028704894351e+02 2.060948685410467078e+02 7.797851886241434727e+01
3.057666525502615400e+02 2.061129424550653084e+02 7.799593616642951588e+01
3.057496022300335881e+02 2.061310163690839090e+02 7.801335347044467028e+01
3.057496022300335881e+02 2.061310163690839090e+02 7.801335347044467028e+01
3.057307544019105876e+02 2.061509957020453214e+02 7.803260697114467348e+01
3.057119065737876440e+02 2.061709750350067054e+02 7.805186047184466247e+01
3.056930587456646435e+02 2.061909543679681178e+02 7.807111397254466567e+01
3.056742109175416431e+02 2.062109337009295018e+02 7.809036747324465466e+01
3.056553630894186426e+02 2.062309130338909142e+02 7.810962097394465786e+01
3.056365152612956990e+02 2.062508923668522982e+02 7.812887447464464685e+01
3.056176674331726986e+02 2.062708716998137106e+02 7.814812797534465005e+01
3.055988196050496981e+02 2.062908510327751230e+02 7.816738147604465325e+01
3.055799717769267545e+02 2.063108303657365070e+02 7.818663497674464224e+01
3.055611239488037540e+02 2.063308096986979194e+02 7.820588847744464545e+01
3.055422761206807536e+02 2.063507890316593034e+02 7.822514197814463444e+01
3.055234282925577531e+02 2.063707683646207158e+02 7.824439547884463764e+01
3.055045804644348095e+02 2.063907476975820998e+02 7.826364897954462663e+01
3.054857326363118091e+02 2.064107270305435122e+02 7.828290248024462983e+01
3.054857326363118091e+02 2.064107270305435122e+02 7.828290248024462983e+01
3.054602350426072803e+02 2.064395247783450600e+02 7.829149415431703574e+01
3.054347374489027516e+02 2.064683225261466362e+02 7.830008582838942743e+01
3.054092398551982228e+02 2.064971202739481839e+02 7.830867750246183334e+01
3.053837422614937509e+02 2.065259180217497601e+02 7.831726917653423925e+01
3.053582446677892221e+02 2.065547157695513079e+02 7.832586085060664516e+01
3.053327470740846934e+02 2.065835135173528840e+02 7.833445252467903686e+01
3.053072494803801646e+02 2.066123112651544318e+02 7.834304419875144276e+01
3.052817518866756359e+02 2.066411090129559796e+02 7.835163587282384867e+01
3.052562542929711071e+02 2.066699067607575557e+02 7.836022754689624037e+01
3.052307566992665784e+02 2.066987045085591035e+02 7.836881922096864628e+01
3.052052591055621065e+02 2.067275022563606797e+02 7.837741089504105219e+01
3.051797615118575777e+02 2.067563000041622274e+02 7.838600256911345809e+01
3.051542639181530490e+02 2.067850977519638036e+02 7.839459424318584979e+01
3.051287663244485202e+02 2.068138954997653514e+02 7.840318591725825570e+01
3.051287663244485202e+02 2.068138954997653514e+02 7.840318591725825570e+01
3.051031232648724085e+02 2.068400367743899722e+02 7.840311267961473618e+01
3.050774802052962400e+02 2.068661780490145929e+02 7.840303944197121666e+01
3.050518371457201283e+02 2.068923193236392137e+02 7.840296620432768293e+01
3.050261940861439598e+02 2.069184605982638345e+02 7.840289296668416341e+01
3.050005510265678481e+02 2.069446018728884837e+02 7.840281972904064389e+01
3.049749079669917364e+02 2.069707431475131045e+02 7.840274649139712437e+01
3.049492649074155679e+02 2.069968844221377253e+02 7.840267325375360485e+01
3.049236218478394562e+02 2.070230256967623461e+02 7.840260001611008533e+01
3.048979787882632877e+02 2.070491669713869669e+02 7.840252677846655160e+01
3.048723357286871760e+02 2.070753082460115877e+02 7.840245354082303209e+01
3.048466926691110075e+02 2.071014495206362085e+02 7.840238030317951257e+01
3.048210496095348958e+02 2.071275907952608293e+02 7.840230706553599305e+01
3.047954065499587841e+02 2.071537320698854785e+02 7.840223382789247353e+01
3.047697634903826156e+02 2.071798733445100993e+02 7.840216059024895401e+01
3.047441204308065039e+02 2.072060146191347201e+02 7.840208735260542028e+01
3.047184773712303354e+02 2.072321558937593409e+02 7.840201411496190076e+01
3.046928343116542237e+02 2.072582971683839617e+02 7.840194087731838124e+01
3.046928343116542237e+02 2.072582971683839617e+02 7.840194087731838124e+01
3.046698905215071704e+02 2.072816867298901968e+02 7.840187534890048937e+01
3.046469467313600603e+02 2.073050762913964604e+02 7.840180982048261171e+01
3.046240029412130070e+02 2.073284658529026956e+02 7.840174429206471984e+01
3.046010591510659538e+02 2.073518554144089308e+02 7.840167876364682797e+01
3.045781153609189005e+02 2.073752449759151659e+02 7.840161323522893611e+01
3.045551715707717904e+02 2.073986345374214295e+02 7.840154770681105845e+01
3.045322277806247371e+02 2.074220240989276647e+02 7.840148217839316658e+01
3.045092839904776838e+02 2.074454136604338998e+02 7.840141664997527471e+01
3.044863402003306305e+02 2.074688032219401350e+02 7.840135112155738284e+01
3.044633964101835204e+02 2.074921927834463986e+02 7.840128559313950518e+01
3.044404526200364671e+02 2.075155823449526338e+02 7.840122006472161331e+01
3.044175088298894138e+02 2.075389719064588689e+02 7.840115453630372144e+01
3.043945650397423606e+02 2.075623614679651041e+02 7.840108900788582957e+01
3.043716212495952504e+02 2.075857510294713677e+02 7.840102347946795192e+01
3.043486774594481972e+02 2.076091405909776029e+02 7.840095795105006005e+01
3.043257336693011439e+02 2.076325301524838380e+02 7.840089242263216818e+01
3.043027898791540906e+02 2.076559197139900732e+02 7.840082689421427631e+01
3.042798460890069805e+02 2.076793092754963368e+02 7.840076136579639865e+01
3.042569022988599272e+02 2.077026988370025720e+02 7.840069583737850678e+01
3.042569022988599272e+02 2.077026988370025720e+02 7.840069583737850678e+01
3.042433811252357145e+02 2.077183462666340290e+02 7.837960658277964399e+01
3.042298599516115019e+02 2.077339936962654576e+02 7.835851732818076698e+01
3.042163387779872892e+02 2.077496411258969147e+02 7.833742807358190419e+01
3.042028176043630765e+02 2.077652885555283433e+02 7.831633881898302718e+01
3.041892964307389207e+02 2.077809359851598003e+02 7.829524956438416439e+01
3.041757752571147080e+02 2.077965834147912290e+02 7.827416030978528738e+01
3.041622540834904953e+02 2.078122308444226860e+02 7.825307105518642459e+01
3.041487329098662826e+02 2.078278782740541146e+02 7.823198180058756179e+01
3.041352117362420699e+02 2.078435257036855717e+02 7.821089254598868479e+01
3.041216905626178573e+02 2.078591731333170003e+02 7.818980329138982199e+01
3.041081693889936446e+02 2.078748205629484573e+02 7.816871403679094499e+01
3.040946482153694319e+02 2.078904679925798860e+02 7.814762478219208219e+01
3.040811270417452192e+02 2.079061154222113430e+02 7.812653552759321940e+01
3.040676058681210066e+02 2.079217628518427716e+02 7.810544627299434239e+01
3.040540846944968507e+02 2.079374102814742287e+02 7.808435701839547960e+01
3.040405635208726380e+02 2.079530577111056573e+02 7.806326776379660259e+01
3.040270423472484254e+02 2.079687051407371143e+02 7.804217850919773980e+01
3.040135211736242127e+02 2.079843525703685430e+02 7.802108925459886279e+01
3.040000000000000000e+02 2.080000000000000000e+02 7.800000000000000000e+01
3.040000000000000000e+02 2.080000000000000000e+02 7.800000000000000000e+01
3.040000000000000000e+02 2.080000000000000000e+02 7.800000000000000000e+01
3.040000000000000000e+02 2.080000000000000000e+02 7.800000000000000000e+01
3.040000000000000000e+02 2.080000000000000000e+02 7.800000000000000000e+01
3.040000000000000000e+02 2.080000000000000000e+02 7.800000000000000000e+01
3.040000000000000000e+02 2.080000000000000000e+02 7.800000000000000000e+01
3.040000000000000000e+02 2.080000000000000000e+02 7.800000000000000000e+01
3.040000000000000000e+02 2.080000000000000000e+02 7.800000000000000000e+01
3.040000000000000000e+02 2.080000000000000000e+02 7.800000000000000000e+01
3.040000000000000000e+02 2.080000000000000000e+02 7.800000000000000000e+01
3.040000000000000000e+02 2.080000000000000000e+02 7.800000000000000000e+01
3.040000000000000000e+02 2.080000000000000000e+02 7.800000000000000000e+01
3.040000000000000000e+02 2.080000000000000000e+02 7.800000000000000000e+01
3.040000000000000000e+02 2.080000000000000000e+02 7.800000000000000000e+01
3.040000000000000000e+02 2.080000000000000000e+02 7.800000000000000000e+01
3.040000000000000000e+02 2.080000000000000000e+02 7.800000000000000000e+01
3.040000000000000000e+02 2.080000000000000000e+02 7.800000000000000000e+01
3.040000000000000000e+02 2.080000000000000000e+02 7.800000000000000000e+01
3.040000000000000000e+02 2.080000000000000000e+02 7.800000000000000000e+01
3.039818860461780332e+02 2.080176774297256088e+02 7.797880649797355090e+01
3.039637720923561233e+02 2.080353548594512176e+02 7.795761299594710181e+01
3.039456581385341565e+02 2.080530322891768265e+02 7.793641949392066692e+01
3.039275441847122465e+02 2.080707097189024353e+02 7.791522599189421783e+01
3.039094302308902797e+02 2.080883871486280441e+02 7.789403248986776873e+01
3.038913162770683698e+02 2.081060645783536529e+02 7.787283898784131964e+01
3.038732023232464030e+02 2.081237420080792617e+02 7.785164548581488475e+01
3.038550883694244931e+02 2.081414194378048705e+02 7.783045198378843565e+01
3.038369744156025263e+02 2.081590968675304794e+02 7.780925848176198656e+01
3.038188604617806163e+02 2.081767742972560882e+02 7.778806497973553746e+01
3.038007465079586495e+02 2.081944517269816970e+02 7.776687147770910258e+01
3.037826325541367396e+02 2.082121291567073058e+02 7.774567797568265348e+01
3.037645186003147728e+02 2.082298065864329146e+02 7.772448447365620439e+01
3.037464046464928629e+02 2.082474840161585234e+02 7.770329097162975529e+01
3.037282906926708961e+02 2.082651614458841323e+02 7.768209746960332041e+01
3.037101767388489861e+02 2.082828388756097411e+02 7.766090396757687131e+01
3.036920627850270193e+02 2.083005163053353499e+02 7.763971046555042221e+01
3.036920627850270193e+02 2.083005163053353499e+02 7.763971046555042221e+01
3.037002693592921787e+02 2.083240511656497631e+02 7.762091935122012387e+01
3.037084759335573381e+02 2.083475860259641763e+02 7.760212823688983974e+01
3.037166825078225543e+02 2.083711208862785895e+02 7.758333712255954140e+01
3.037248890820877136e+02 2.083946557465930027e+02 7.756454600822925727e+01
3.037330956563528730e+02 2.084181906069074159e+02 7.754575489389895893e+01
3.037413022306180324e+02 2.084417254672218291e+02 7.752696377956867479e+01
3.037495088048832486e+02 2.084652603275362424e+02 7.750817266523837645e+01
3.037577153791484079e+02 2.084887951878506556e+02 7.748938155090809232e+01
3.037659219534135673e+02 2.085123300481650688e+02 7.747059043657779398e+01
3.037741285276787266e+02 2.085358649084794820e+02 7.745179932224750985e+01
3.037823351019439428e+02 2.085593997687938952e+02 7.743300820791721151e+01
3.037905416762091022e+02 2.085829346291083084e+02 7.741421709358692738e+01
3.037987482504742616e+02 2.086064694894227216e+02 7.739542597925662903e+01
3.038069548247394209e+02 2.086300043497371348e+02 7.737663486492634490e+01
3.038151613990046371e+02 2.086535392100515480e+02 7.735784375059604656e+01
3.038233679732697965e+02 2.086770740703659612e+02 7.733905263626576243e+01
3.038315745475349559e+02 2.087006089306803744e+02 7.732026152193546409e+01
3.038397811218001152e+02 2.087241437909947877e+02 7.730147040760517996e+01
3.038479876960653314e+02 2.087476786513092009e+02 7.728267929327488162e+01
3.038561942703304908e+02 2.087712135116236141e+02 7.726388817894459748e+01
3.038644008445956501e+02 2.087947483719380273e+02 7.724509706461429914e+01
3.038726074188608095e+02 2.088182832322524405e+02 7.722630595028401501e+01
3.038808139931260257e+02 2.088418180925668537e+02 7.720751483595371667e+01
3.038890205673911851e+02 2.088653529528812669e+02 7.718872372162343254e+01
3.038972271416563444e+02 2.088888878131956801e+02 7.716993260729313420e+01
3.038972271416563444e+02 2.088888878131956801e+02 7.716993260729313420e+01
3.039085073978100695e+02 2.089142718174803406e+02 7.715530268162488881e+01
3.039197876539638514e+02 2.089396558217649726e+02 7.714067275595665762e+01
3.039310679101175765e+02 2.089650398260496331e+02 7.712604283028841223e+01
3.039423481662713016e+02 2.089904238303342652e+02 7.711141290462018105e+01
3.039536284224250835e+02 2.090158078346189257e+02 7.709678297895193566e+01
3.039649086785788086e+02 2.090411918389035577e+02 7.708215305328369027e+01
3.039761889347325337e+02 2.090665758431882182e+02 7.706752312761545909e+01
3.039874691908862587e+02 2.090919598474728502e+02 7.705289320194721370e+01
3.039987494470400406e+02 2.091173438517575107e+02 7.703826327627898252e+01
3.040100297031937657e+02 2.091427278560421428e+02 7.702363335061073712e+01
3.040213099593474908e+02 2.091681118603268033e+02 7.700900342494249173e+01
3.040325902155012727e+02 2.091934958646114353e+02 7.699437349927426055e+01
3.040438704716549978e+02 2.092188798688960958e+02 7.697974357360601516e+01
3.040551507278087229e+02 2.092442638731807278e+02 7.696511364793778398e+01
3.040664309839625048e+02 2.092696478774653883e+02 7.695048372226953859e+01
3.040777112401162299e+02 2.092950318817500488e+02 7.693585379660129320e+01
3.040889914962699550e+02 2.093204158860346809e+02 7.692122387093306202e+01
3.041002717524237369e+02 2.093457998903193413e+02 7.690659394526481663e+01
3.041115520085774619e+02 2.093711838946039734e+02 7.689196401959658544e+01
3.041228322647311870e+02 2.093965678988886339e+02 7.687733409392834005e+01
3.041341125208849689e+02 2.094219519031732659e+02 7.686270416826010887e+01
3.041453927770386940e+02 2.094473359074579264e+02 7.684807424259186348e+01
3.041566730331924191e+02 2.094727199117425585e+02 7.683344431692361809e+01
3.041679532893462010e+02 2.094981039160272189e+02 7.681881439125538691e+01
3.041792335454999261e+02 2.095234879203118510e+02 7.680418446558714152e+01
3.041905138016536512e+02 2.095488719245965115e+02 7.678955453991891034e+01
3.042017940578073762e+02 2.095742559288811435e+02 7.677492461425066494e+01
3.042130743139611582e+02 2.095996399331658040e+02 7.676029468858241955e+01
3.042243545701148832e+02 2.096250239374504361e+02 7.674566476291418837e+01
3.042356348262686083e+02 2.096504079417350965e+02 7.673103483724594298e+01
3.042469150824223902e+02 2.096757919460197286e+02 7.671640491157771180e+01
3.042581953385761153e+02 2.097011759503043891e+02 7.670177498590946641e+01
3.042581953385761153e+02 2.097011759503043891e+02 7.670177498590946641e+01
3.042877565735103076e+02 2.097115693685021540e+02 7.670058339070251918e+01
3.043173178084444999e+02 2.097219627866999190e+02 7.669939179549558617e+01
3.043468790433786921e+02 2.097323562048976555e+02 7.669820020028863894e+01
3.043764402783128844e+02 2.097427496230954205e+02 7.669700860508169171e+01
3.044060015132470767e+02 2.097531430412931854e+02 7.669581700987475870e+01
3.044355627481812689e+02 2.097635364594909504e+02 7.669462541466781147e+01
3.044651239831154612e+02 2.097739298776886869e+02 7.669343381946087845e+01
3.044946852180496535e+02 2.097843232958864519e+02 7.669224222425393123e+01
3.045242464529838458e+02 2.097947167140842168e+02 7.669105062904698400e+01
3.045538076879180380e+02 2.098051101322819818e+02 7.668985903384005098e+01
3.045833689228522303e+02 2.098155035504797183e+02 7.668866743863310376e+01
3.046129301577864226e+02 2.098258969686774833e+02 7.668747584342615653e+01
3.046424913927206148e+02 2.098362903868752483e+02 7.668628424821922351e+01
3.046720526276548071e+02 2.098466838050730132e+02 7.668509265301227629e+01
3.047016138625889994e+02 2.098570772232707782e+02 7.668390105780534327e+01
3.047311750975231917e+02 2.098674706414685147e+02 7.668270946259839604e+01
3.047607363324573839e+02 2.098778640596662797e+02 7.668151786739144882e+01
3.047902975673916330e+02 2.098882574778640446e+02 7.668032627218451580e+01
3.048198588023258253e+02 2.098986508960618096e+02 7.667913467697756857e+01
3.048494200372600176e+02 2.099090443142595461e+02 7.667794308177062135e+01
3.048789812721942099e+02 2.099194377324573111e+02 7.667675148656368833e+01
3.049085425071284021e+02 2.099298311506550760e+02 7.667555989135674110e+01
3.049381037420625944e+02 2.099402245688528410e+02 7.667436829614980809e+01
3.049676649769967867e+02 2.099506179870506060e+02 7.667317670094286086e+01
3.049972262119309789e+02 2.099610114052483425e+02 7.667198510573591363e+01
3.050267874468651712e+02 2.099714048234461075e+02 7.667079351052898062e+01
3.050563486817993635e+02 2.099817982416438724e+02 7.666960191532203339e+01
3.050859099167335557e+02 2.099921916598416374e+02 7.666841032011508617e+01
3.051154711516677480e+02 2.100025850780393739e+02 7.666721872490815315e+01
3.051450323866019403e+02 2.100129784962371389e+02 7.666602712970120592e+01
3.051745936215361326e+02 2.100233719144349038e+02 7.666483553449427291e+01
3.052041548564703248e+02 2.100337653326326688e+02 7.666364393928732568e+01
3.052337160914045171e+02 2.100441587508304053e+02 7.666245234408037845e+01
3.052632773263387094e+02 2.100545521690281703e+02 7.666126074887344544e+01
3.052928385612729016e+02 2.100649455872259352e+02 7.666006915366649821e+01
3.052928385612729016e+02 2.100649455872259352e+02 7.666006915366649821e+01
3.053222503154030960e+02 2.100538006572129461e+02 7.665684417686860286e+01
3.053516620695332904e+02 2.100426557271999854e+02 7.665361920007070751e+01
3.053810738236634279e+02 2.100315107971869963e+02 7.665039422327279794e+01
3.054104855777936223e+02 2.100203658671740072e+02 7.664716924647490259e+01
3.054398973319238166e+02 2.100092209371610465e+02 7.664394426967700724e+01
3.054693090860540110e+02 2.099980760071480574e+02 7.664071929287911189e+01
3.054987208401842054e+02 2.099869310771350968e+02 7.663749431608120233e+01
3.055281325943143997e+02 2.099757861471221076e+02 7.663426933928330698e+01
3.055575443484445941e+02 2.099646412171091185e+02 7.663104436248541163e+01
3.055869561025747316e+02 2.099534962870961579e+02 7.662781938568751627e+01
3.056163678567049260e+02 2.099423513570831688e+02 7.662459440888962092e+01
3.056457796108351204e+02 2.099312064270701796e+02 7.662136943209171136e+01
3.056751913649653147e+02 2.099200614970572190e+02 7.661814445529381601e+01
3.057046031190955091e+02 2.099089165670442299e+02 7.661491947849592066e+01
3.057340148732256466e+02 2.098977716370312407e+02 7.661169450169802531e+01
3.057634266273558410e+02 2.098866267070182801e+02 7.660846952490011574e+01
3.057928383814860354e+02 2.098754817770052910e+02 7.660524454810222039e+01
3.058222501356162297e+02 2.098643368469923303e+02 7.660201957130432504e+01
3.058516618897464241e+02 2.098531919169793412e+02 7.659879459450642969e+01
3.058810736438766185e+02 2.098420469869663521e+02 7.659556961770853434e+01
3.059104853980068128e+02 2.098309020569533914e+02 7.659234464091062478e+01
3.059398971521369504e+02 2.098197571269404023e+02 7.658911966411272942e+01
3.059693089062671447e+02 2.098086121969274132e+02 7.658589468731483407e+01
3.059987206603973391e+02 2.097974672669144525e+02 7.658266971051693872e+01
3.060281324145275335e+02 2.097863223369014634e+02 7.657944473371902916e+01
3.060575441686577278e+02 2.097751774068884743e+02 7.657621975692113381e+01
3.060869559227878653e+02 2.097640324768755136e+02 7.657299478012323846e+01
3.061163676769180597e+02 2.097528875468625245e+02 7.656976980332534310e+01
3.061457794310482541e+02 2.097417426168495354e+02 7.656654482652744775e+01
3.061751911851784484e+02 2.097305976868365747e+02 7.656331984972953819e+01
3.062046029393086428e+02 2.097194527568235856e+02 7.656009487293164284e+01
3.062340146934388372e+02 2.097083078268106249e+02 7.655686989613374749e+01
3.062634264475690316e+02 2.096971628967976358e+02 7.655364491933585214e+01
3.062928382016991691e+02 2.096860179667846467e+02 7.655041994253794257e+01
3.063222499558293634e+02 2.096748730367716860e+02 7.654719496574004722e+01
3.063516617099595578e+02 2.096637281067586969e+02 7.654396998894215187e+01
3.063516617099595578e+02 2.096637281067586969e+02 7.654396998894215187e+01
3.063806000257949336e+02 2.096527625756567090e+02 7.654079692429846205e+01
3.064095383416302525e+02 2.096417970445547212e+02 7.653762385965477222e+01
3.064384766574656283e+02 2.096308315134527334e+02 7.653445079501109660e+01
3.064674149733010040e+02 2.096198659823507455e+02 7.653127773036740678e+01
3.064963532891363229e+02 2.096089004512487577e+02 7.652810466572371695e+01
3.065252916049716987e+02 2.095979349201467699e+02 7.652493160108002712e+01
3.065542299208070744e+02 2.095869693890447820e+02 7.652175853643635151e+01
3.065831682366424502e+02 2.095760038579427942e+02 7.651858547179266168e+01
3.066121065524777691e+02 2.095650383268408063e+02 7.651541240714897185e+01
3.066410448683131449e+02 2.095540727957388185e+02 7.651223934250528202e+01
3.066699831841485206e+02 2.095431072646368307e+02 7.650906627786160641e+01
3.066989214999838396e+02 2.095321417335348428e+02 7.650589321321791658e+01
3.067278598158192153e+02 2.095211762024328550e+02 7.650272014857422676e+01
3.067567981316545911e+02 2.095102106713308672e+02 7.649954708393053693e+01
3.067857364474899100e+02 2.094992451402288793e+02 7.649637401928686131e+01
3.068146747633252858e+02 2.094882796091268915e+02 7.649320095464317149e+01
3.068436130791606615e+02 2.094773140780249321e+02 7.649002788999948166e+01
3.068725513949960373e+02 2.094663485469229443e+02 7.648685482535579183e+01
3.069014897108313562e+02 2.094553830158209564e+02 7.648368176071211622e+01
3.069304280266667320e+02 2.094444174847189686e+02 7.648050869606842639e+01
3.069593663425021077e+02 2.094334519536169807e+02 7.647733563142473656e+01
3.069883046583374266e+02 2.094224864225149929e+02 7.647416256678104673e+01
3.070172429741728024e+02 2.094115208914130051e+02 7.647098950213737112e+01
3.070461812900081782e+02 2.094005553603110172e+02 7.646781643749368129e+01
3.070751196058434971e+02 2.093895898292090294e+02 7.646464337284999147e+01
3.071040579216788728e+02 2.093786242981070416e+02 7.646147030820630164e+01
3.071329962375142486e+02 2.093676587670050537e+02 7.645829724356262602e+01
3.071619345533496244e+02 2.093566932359030659e+02 7.645512417891893620e+01
3.071908728691849433e+02 2.093457277048010781e+02 7.645195111427524637e+01
3.072198111850203190e+02 2.093347621736990902e+02 7.644877804963155654e+01
3.072487495008556948e+02 2.093237966425971024e+02 7.644560498498788093e+01
3.072776878166910137e+02 2.093128311114951146e+02 7.644243192034419110e+01
3.073066261325263895e+02 2.093018655803931267e+02 7.643925885570050127e+01
3.073066261325263895e+02 2.093018655803931267e+02 7.643925885570050127e+01
3.073245968186446930e+02 2.092918603036678462e+02 7.646229958783879965e+01
3.073425675047629966e+02 2.092818550269425941e+02 7.648534031997709803e+01
3.073605381908813001e+02 2.092718497502173136e+02 7.650838105211539641e+01
3.073785088769996037e+02 2.092618444734920331e+02 7.653142178425369480e+01
3.073964795631179072e+02 2.092518391967667526e+02 7.655446251639199318e+01
3.074144502492362676e+02 2.092418339200415005e+02 7.657750324853027735e+01
3.074324209353545712e+02 2.092318286433162200e+02 7.660054398066857573e+01
3.074503916214728747e+02 2.092218233665909395e+02 7.662358471280687411e+01
3.074683623075911783e+02 2.092118180898656874e+02 7.664662544494517249e+01
3.074863329937094818e+02 2.092018128131404069e+02 7.666966617708347087e+01
3.075043036798277853e+02 2.091918075364151264e+02 7.669270690922176925e+01
3.075222743659460889e+02 2.091818022596898743e+02 7.671574764136006763e+01
3.075402450520643924e+02 2.091717969829645938e+02 7.673878837349836601e+01
3.075582157381826960e+02 2.091617917062393133e+02 7.676182910563666439e+01
3.075761864243009995e+02 2.091517864295140328e+02 7.678486983777496278e+01
3.075941571104193031e+02 2.091417811527887807e+02 7.680791056991326116e+01
3.076121277965376066e+02 2.091317758760635002e+02 7.683095130205154533e+01
3.076300984826559670e+02 2.091217705993382197e+02 7.685399203418984371e+01
3.076480691687742706e+02 2.091117653226129676e+02 7.687703276632814209e+01
3.076660398548925741e+02 2.091017600458876871e+02 7.690007349846644047e+01
3.076840105410108777e+02 2.090917547691624065e+02 7.692311423060473885e+01
3.077019812271291812e+02 2.090817494924371260e+02 7.694615496274303723e+01
3.077199519132474848e+02 2.090717442157118739e+02 7.696919569488133561e+01
3.077379225993657883e+02 2.090617389389865934e+02 7.699223642701963399e+01
3.077558932854840918e+02 2.090517336622613129e+02 7.701527715915793237e+01
3.077738639716023954e+02 2.090417283855360608e+02 7.703831789129623075e+01
3.077918346577206989e+02 2.090317231088107803e+02 7.706135862343452914e+01
3.078098053438390025e+02 2.090217178320854998e+02 7.708439935557282752e+01
3.078277760299573629e+02 2.090117125553602477e+02 7.710744008771111169e+01
3.078457467160756664e+02 2.090017072786349672e+02 7.713048081984941007e+01
3.078637174021939700e+02 2.089917020019096867e+02 7.715352155198770845e+01
3.078816880883122735e+02 2.089816967251844062e+02 7.717656228412600683e+01
3.078996587744305771e+02 2.089716914484591541e+02 7.719960301626430521e+01
3.079176294605488806e+02 2.089616861717338736e+02 7.722264374840260359e+01
3.079176294605488806e+02 2.089616861717338736e+02 7.722264374840260359e+01
3.079473619557795132e+02 2.089504197040152178e+02 7.721938360258342016e+01
3.079770944510102026e+02 2.089391532362965620e+02 7.721612345676422251e+01
3.080068269462408352e+02 2.089278867685779062e+02 7.721286331094503907e+01
3.080365594414714678e+02 2.089166203008592504e+02 7.720960316512585564e+01
3.080662919367021573e+02 2.089053538331405946e+02 7.720634301930667220e+01
3.080960244319327899e+02 2.088940873654219388e+02 7.720308287348747456e+01
3.081257569271634793e+02 2.088828208977032830e+02 7.719982272766829112e+01
3.081554894223941119e+02 2.088715544299845988e+02 7.719656258184910769e+01
3.081852219176247445e+02 2.088602879622659430e+02 7.719330243602992425e+01
3.082149544128554339e+02 2.088490214945472871e+02 7.719004229021072661e+01
3.082446869080860665e+02 2.088377550268286313e+02 7.718678214439154317e+01
3.082744194033166991e+02 2.088264885591099755e+02 7.718352199857235973e+01
3.083041518985473886e+02 2.088152220913913197e+02 7.718026185275317630e+01
3.083338843937780211e+02 2.088039556236726639e+02 7.717700170693397865e+01
3.083636168890086537e+02 2.087926891559540081e+02 7.717374156111479522e+01
3.083933493842393432e+02 2.087814226882353523e+02 7.717048141529561178e+01
3.084230818794699758e+02 2.087701562205166965e+02 7.716722126947641414e+01
3.084528143747006652e+02 2.087588897527980407e+02 7.716396112365723070e+01
3.084825468699312978e+02 2.087476232850793849e+02 7.716070097783804727e+01
3.085122793651619304e+02 2.087363568173607291e+02 7.715744083201886383e+01
3.085420118603926198e+02 2.087250903496420733e+02 7.715418068619966618e+01
3.085717443556232524e+02 2.087138238819234175e+02 7.715092054038048275e+01
3.086014768508538850e+02 2.087025574142047333e+02 7.714766039456129931e+01
3.086312093460845745e+02 2.086912909464860775e+02 7.714440024874211588e+01
3.086609418413152071e+02 2.086800244787674217e+02 7.714114010292291823e+01
3.086906743365458965e+02 2.086687580110487659e+02 7.713787995710373480e+01
3.087204068317765291e+02 2.086574915433301101e+02 7.713461981128455136e+01
3.087501393270071617e+02 2.086462250756114543e+02 7.713135966546536793e+01
3.087798718222378511e+02 2.086349586078927985e+02 7.712809951964617028e+01
3.088096043174684837e+02 2.086236921401741427e+02 7.712483937382698684e+01
3.088096043174684837e+02 2.086236921401741427e+02 7.712483937382698684e+01
3.088383738924734416e+02 2.086099764677196617e+02 7.712592364003741352e+01
3.088671434674783995e+02 2.085962607952651808e+02 7.712700790624784020e+01
3.088959130424833575e+02 2.085825451228106999e+02 7.712809217245826687e+01
3.089246826174882585e+02 2.085688294503562190e+02 7.712917643866867934e+01
3.089534521924932164e+02 2.085551137779017665e+02 7.713026070487910602e+01
3.089822217674981744e+02 2.085413981054472856e+02 7.713134497108953269e+01
3.090109913425031323e+02 2.085276824329928047e+02 7.713242923729995937e+01
3.090397609175080902e+02 2.085139667605383238e+02 7.713351350351038604e+01
3.090685304925130481e+02 2.085002510880838429e+02 7.713459776972081272e+01
3.090973000675180060e+02 2.084865354156293620e+02 7.713568203593123940e+01
3.091260696425229071e+02 2.084728197431748811e+02 7.713676630214165186e+01
3.091548392175278650e+02 2.084591040707204002e+02 7.713785056835207854e+01
3.091836087925328229e+02 2.084453883982659192e+02 7.713893483456250522e+01
3.092123783675377808e+02 2.084316727258114383e+02 7.714001910077293189e+01
3.092411479425427387e+02 2.084179570533569859e+02 7.714110336698335857e+01
3.092699175175476967e+02 2.084042413809025049e+02 7.714218763319378525e+01
3.092986870925526546e+02 2.083905257084480240e+02 7.714327189940421192e+01
3.093274566675576125e+02 2.083768100359935431e+02 7.714435616561463860e+01
3.093562262425625136e+02 2.083630943635390622e+02 7.714544043182505106e+01
3.093849958175674715e+02 2.083493786910845813e+02 7.714652469803547774e+01
3.094137653925724294e+02 2.083356630186301004e+02 7.714760896424590442e+01
3.094425349675773873e+02 2.083219473461756195e+02 7.714869323045633109e+01
3.094713045425823452e+02 2.083082316737211386e+02 7.714977749666675777e+01
3.095000741175873031e+02 2.082945160012666577e+02 7.715086176287718445e+01
3.095288436925922610e+02 2.082808003288122052e+02 7.715194602908761112e+01
3.095576132675971621e+02 2.082670846563577243e+02 7.715303029529802359e+01
3.095863828426021200e+02 2.082533689839032434e+02 7.715411456150845027e+01
3.096151524176070780e+02 2.082396533114487625e+02 7.715519882771887694e+01
3.096439219926120359e+02 2.082259376389942815e+02 7.715628309392930362e+01
3.096439219926120359e+02 2.082259376389942815e+02 7.715628309392930362e+01
3.096726897542011443e+02 2.082122228310717844e+02 7.715736729179580777e+01
3.097014575157903096e+02 2.081985080231492589e+02 7.715845148966231193e+01
3.097302252773794180e+02 2.081847932152267617e+02 7.715953568752881608e+01
3.097589930389685264e+02 2.081710784073042646e+02 7.716061988539532024e+01
3.097877608005576917e+02 2.081573635993817390e+02 7.716170408326183860e+01
3.098165285621468001e+02 2.081436487914592419e+02 7.716278828112834276e+01
3.098452963237359086e+02 2.081299339835367448e+02 7.716387247899484692e+01
3.098740640853250738e+02 2.081162191756142477e+02 7.716495667686135107e+01
3.099028318469141823e+02 2.081025043676917221e+02 7.716604087472785523e+01
3.099315996085032907e+02 2.080887895597692250e+02 7.716712507259435938e+01
3.099603673700924560e+02 2.080750747518467278e+02 7.716820927046086354e+01
3.099891351316815644e+02 2.080613599439242023e+02 7.716929346832736769e+01
3.100179028932706728e+02 2.080476451360017052e+02 7.717037766619387185e+01
3.100466706548598381e+02 2.080339303280792080e+02 7.717146186406037600e+01
3.100754384164489466e+02 2.080202155201566825e+02 7.717254606192689437e+01
3.101042061780381118e+02 2.080065007122341854e+02 7.717363025979339852e+01
3.101329739396272203e+02 2.079927859043116882e+02 7.717471445765990268e+01
3.101617417012163287e+02 2.079790710963891627e+02 7.717579865552640683e+01
3.101905094628054940e+02 2.079653562884666655e+02 7.717688285339291099e+01
3.102192772243946024e+02 2.079516414805441684e+02 7.717796705125941514e+01
3.102480449859837108e+02 2.079379266726216429e+02 7.717905124912591930e+01
3.102768127475728761e+02 2.079242118646991457e+02 7.718013544699242345e+01
3.103055805091619845e+02 2.079104970567766486e+02 7.718121964485892761e+01
3.103343482707510930e+02 2.078967822488541515e+02 7.718230384272543176e+01
3.103631160323402582e+02 2.078830674409316259e+02 7.718338804059195013e+01
3.103918837939293667e+02 2.078693526330091288e+02 7.718447223845845429e+01
3.104206515555184751e+02 2.078556378250866317e+02 7.718555643632495844e+01
3.104494193171076404e+02 2.078419230171641061e+02 7.718664063419146260e+01
3.104781870786967488e+02 2.078282082092416090e+02 7.718772483205796675e+01
3.104781870786967488e+02 2.078282082092416090e+02 7.718772483205796675e+01
3.105067448340014948e+02 2.078145935201915506e+02 7.718880111521880849e+01
3.105353025893062409e+02 2.078009788311414638e+02 7.718987739837966444e+01
3.105638603446109869e+02 2.077873641420914055e+02 7.719095368154050618e+01
3.105924180999157329e+02 2.077737494530413187e+02 7.719202996470134792e+01
3.106209758552204789e+02 2.077601347639912603e+02 7.719310624786218966e+01
3.106495336105252250e+02 2.077465200749412020e+02 7.719418253102304561e+01
3.106780913658299710e+02 2.077329053858911152e+02 7.719525881418388735e+01
3.107066491211347170e+02 2.077192906968410568e+02 7.719633509734472909e+01
3.107352068764394630e+02 2.077056760077909701e+02 7.719741138050557083e+01
3.107637646317442091e+02 2.076920613187409117e+02 7.719848766366642678e+01
3.107923223870489551e+02 2.076784466296908533e+02 7.719956394682726852e+01
3.108208801423537011e+02 2.076648319406407666e+02 7.720064022998811026e+01
3.108494378976584471e+02 2.076512172515907082e+02 7.720171651314895200e+01
3.108779956529631932e+02 2.076376025625406214e+02 7.720279279630980795e+01
3.109065534082679960e+02 2.076239878734905631e+02 7.720386907947064969e+01
3.109351111635727420e+02 2.076103731844405047e+02 7.720494536263149143e+01
3.109636689188774881e+02 2.075967584953904179e+02 7.720602164579234739e+01
3.109922266741822341e+02 2.075831438063403596e+02 7.720709792895318913e+01
3.110207844294869801e+02 2.075695291172902728e+02 7.720817421211403087e+01
3.110493421847917261e+02 2.075559144282402144e+02 7.720925049527487261e+01
3.110778999400964722e+02 2.075422997391901561e+02 7.721032677843572856e+01
3.111064576954012182e+02 2.075286850501400693e+02 7.721140306159657030e+01
3.111350154507059642e+02 2.075150703610900109e+02 7.721247934475741204e+01
3.111635732060107102e+02 2.075014556720399241e+02 7.721355562791825378e+01
3.111921309613154563e+02 2.074878409829898658e+02 7.721463191107910973e+01
3.112206887166202023e+02 2.074742262939398074e+02 7.721570819423995147e+01
3.112492464719249483e+02 2.074606116048897206e+02 7.721678447740079321e+01
3.112778042272296943e+02 2.074469969158396623e+02 7.721786076056163495e+01
3.113063619825344404e+02 2.074333822267895755e+02 7.721893704372249090e+01
3.113349197378391864e+02 2.074197675377395171e+02 7.722001332688333264e+01
