3.196528871369321791e+02 1.452056193870026277e+02 1.057991356695294343e+02
3.196351329401995258e+02 1.451890336168452507e+02 1.058241981721073302e+02
3.196173787434668156e+02 1.451724478466878736e+02 1.058492606746852402e+02
3.195996245467341623e+02 1.451558620765304966e+02 1.058743231772631361e+02
3.195818703500015090e+02 1.451392763063731195e+02 1.058993856798410320e+02
3.195641161532688557e+02 1.451226905362157424e+02 1.059244481824189421e+02
3.195463619565362023e+02 1.451061047660583654e+02 1.059495106849968380e+02
3.195286077598034922e+02 1.450895189959009599e+02 1.059745731875747339e+02
3.195108535630708388e+02 1.450729332257435829e+02 1.059996356901526440e+02
3.194930993663381855e+02 1.450563474555862058e+02 1.060246981927305399e+02
3.194753451696054753e+02 1.450397616854288287e+02 1.060497606953084357e+02
3.194575909728728220e+02 1.450231759152714517e+02 1.060748231978863458e+02
3.194398367761401687e+02 1.450065901451140746e+02 1.060998857004642417e+02
3.194398367761401687e+02 1.450065901451140746e+02 1.060998857004642417e+02
3.193624772595226773e+02 1.450114815920221076e+02 1.061233741390903731e+02
3.192851177429051859e+02 1.450163730389301406e+02 1.061468625777165045e+02
3.192077582262876945e+02 1.450212644858381736e+02 1.061703510163426358e+02
3.191303987096702031e+02 1.450261559327462066e+02 1.061938394549687672e+02
3.190530391930527117e+02 1.450310473796542396e+02 1.062173278935948986e+02
3.189756796764352202e+02 1.450359388265622727e+02 1.062408163322210157e+02
3.188983201598176720e+02 1.450408302734703057e+02 1.062643047708471471e+02
3.188209606432001806e+02 1.450457217203783387e+02 1.062877932094732785e+02
3.187436011265826892e+02 1.450506131672863717e+02 1.063112816480994098e+02
3.186662416099651978e+02 1.450555046141944047e+02 1.063347700867255412e+02
3.185888820933477064e+02 1.450603960611024377e+02 1.063582585253516726e+02
3.185115225767302150e+02 1.450652875080104707e+02 1.063817469639778039e+02
3.185115225767302150e+02 1.450652875080104707e+02 1.063817469639778039e+02
3.185033679791873169e+02 1.450806210646107104e+02 1.064009688831529274e+02
3.184952133816444189e+02 1.450959546212109501e+02 1.064201908023280367e+02
3.184870587841015208e+02 1.451112881778111614e+02 1.064394127215031602e+02
3.184789041865586228e+02 1.451266217344114011e+02 1.064586346406782695e+02
3.184707495890157247e+02 1.451419552910116408e+02 1.064778565598533930e+02
3.184625949914728267e+02 1.451572888476118806e+02 1.064970784790285023e+02
3.184544403939299286e+02 1.451726224042121203e+02 1.065163003982036258e+02
3.184462857963870306e+02 1.451879559608123316e+02 1.065355223173787351e+02
3.184381311988441325e+02 1.452032895174125713e+02 1.065547442365538586e+02
3.184299766013012345e+02 1.452186230740128110e+02 1.065739661557289679e+02
3.184218220037583365e+02 1.452339566306130507e+02 1.065931880749040914e+02
3.184136674062154384e+02 1.452492901872132904e+02 1.066124099940792149e+02
3.184055128086725404e+02 1.452646237438135017e+02 1.066316319132543242e+02
3.183973582111296423e+02 1.452799573004137415e+02 1.066508538324294477e+02
3.183892036135867443e+02 1.452952908570139812e+02 1.066700757516045570e+02
3.183810490160439031e+02 1.453106244136142209e+02 1.066892976707796805e+02
3.183728944185010050e+02 1.453259579702144606e+02 1.067085195899547898e+02
3.183647398209581070e+02 1.453412915268147003e+02 1.067277415091299133e+02
3.183565852234152089e+02 1.453566250834149116e+02 1.067469634283050226e+02
3.183484306258723109e+02 1.453719586400151513e+02 1.067661853474801461e+02
3.183402760283294128e+02 1.453872921966153910e+02 1.067854072666552696e+02
3.183321214307865148e+02 1.454026257532156308e+02 1.068046291858303789e+02
3.183239668332436167e+02 1.454179593098158705e+02 1.068238511050055024e+02
3.183158122357007187e+02 1.454332928664160818e+02 1.068430730241806117e+02
3.183076576381578207e+02 1.454486264230163215e+02 1.068622949433557352e+02
3.182995030406149226e+02 1.454639599796165612e+02 1.068815168625308445e+02
3.182913484430720246e+02 1.454792935362168009e+02 1.069007387817059680e+02
3.182831938455291265e+02 1.454946270928170406e+02 1.069199607008810773e+02
3.182750392479862285e+02 1.455099606494172519e+02 1.069391826200562008e+02
3.182668846504433304e+02 1.455252942060174917e+02 1.069584045392313101e+02
3.182587300529004324e+02 1.455406277626177314e+02 1.069776264584064336e+02
3.182587300529004324e+02 1.455406277626177314e+02 1.069776264584064336e+02
3.182570917650977549e+02 1.455523702042107743e+02 1.069921193348503010e+02
3.182554534772950205e+02 1.455641126458038173e+02 1.070066122112941542e+02
3.182538151894923431e+02 1.455758550873968602e+02 1.070211050877380217e+02
3.182521769016896087e+02 1.455875975289899316e+02 1.070355979641818891e+02
3.182505386138869312e+02 1.455993399705829745e+02 1.070500908406257423e+02
3.182489003260842537e+02 1.456110824121760174e+02 1.070645837170696097e+02
3.182472620382815194e+02 1.456228248537690604e+02 1.070790765935134772e+02
3.182456237504788419e+02 1.456345672953621033e+02 1.070935694699573304e+02
3.182439854626761075e+02 1.456463097369551463e+02 1.071080623464011978e+02
3.182423471748734300e+02 1.456580521785482176e+02 1.071225552228450653e+02
3.182407088870707526e+02 1.456697946201412606e+02 1.071370480992889185e+02
3.182390705992680182e+02 1.456815370617343035e+02 1.071515409757327859e+02
3.182374323114653407e+02 1.456932795033273464e+02 1.071660338521766533e+02
3.182357940236626064e+02 1.457050219449203894e+02 1.071805267286205208e+02
3.182341557358599289e+02 1.457167643865134323e+02 1.071950196050643740e+02
3.182325174480572514e+02 1.457285068281065037e+02 1.072095124815082414e+02
3.182308791602545170e+02 1.457402492696995466e+02 1.072240053579521089e+02
3.182292408724518396e+02 1.457519917112925896e+02 1.072384982343959621e+02
3.182276025846491052e+02 1.457637341528856325e+02 1.072529911108398295e+02
3.182259642968464277e+02 1.457754765944786755e+02 1.072674839872836969e+02
3.182243260090437502e+02 1.457872190360717184e+02 1.072819768637275502e+02
3.182226877212410159e+02 1.457989614776647898e+02 1.072964697401714176e+02
3.182210494334383384e+02 1.458107039192578327e+02 1.073109626166152850e+02
3.182194111456356040e+02 1.458224463608508756e+02 1.073254554930591382e+02
3.182177728578329265e+02 1.458341888024439186e+02 1.073399483695030057e+02
3.182177728578329265e+02 1.458341888024439186e+02 1.073399483695030057e+02
3.182383336004894545e+02 1.458757398491471520e+02 1.073600611935172537e+02
3.182588943431459825e+02 1.459172908958503854e+02 1.073801740175315160e+02
3.182794550858025104e+02 1.459588419425536188e+02 1.074002868415457783e+02
3.183000158284589816e+02 1.460003929892568522e+02 1.074203996655600264e+02
3.183205765711155095e+02 1.460419440359600856e+02 1.074405124895742745e+02
3.183411373137720375e+02 1.460834950826633190e+02 1.074606253135885368e+02
3.183616980564285655e+02 1.461250461293665239e+02 1.074807381376027990e+02
3.183822587990850934e+02 1.461665971760697573e+02 1.075008509616170471e+02
3.184028195417416214e+02 1.462081482227729907e+02 1.075209637856312952e+02
3.184233802843981493e+02 1.462496992694762241e+02 1.075410766096455575e+02
3.184439410270546205e+02 1.462912503161794575e+02 1.075611894336598198e+02
3.184645017697111484e+02 1.463328013628826909e+02 1.075813022576740678e+02
3.184850625123676764e+02 1.463743524095859243e+02 1.076014150816883159e+02
3.185056232550242044e+02 1.464159034562891577e+02 1.076215279057025782e+02
3.185056232550242044e+02 1.464159034562891577e+02 1.076215279057025782e+02
3.185333128085881640e+02 1.464482828885585377e+02 1.076211018399162640e+02
3.185610023621520668e+02 1.464806623208278893e+02 1.076206757741299356e+02
3.185886919157160264e+02 1.465130417530972409e+02 1.076202497083436214e+02
3.186163814692799292e+02 1.465454211853666209e+02 1.076198236425573072e+02
3.186440710228438888e+02 1.465778006176360009e+02 1.076193975767709929e+02
3.186717605764077916e+02 1.466101800499053525e+02 1.076189715109846645e+02
3.186994501299717513e+02 1.466425594821747040e+02 1.076185454451983503e+02
3.187271396835356541e+02 1.466749389144440840e+02 1.076181193794120361e+02
3.187548292370996137e+02 1.467073183467134641e+02 1.076176933136257219e+02
3.187825187906635165e+02 1.467396977789828156e+02 1.076172672478393935e+02
3.188102083442274761e+02 1.467720772112521672e+02 1.076168411820530793e+02
3.188378978977914358e+02 1.468044566435215472e+02 1.076164151162667650e+02
3.188655874513553385e+02 1.468368360757909272e+02 1.076159890504804366e+02
3.188932770049192982e+02 1.468692155080602788e+02 1.076155629846941224e+02
3.189209665584832010e+02 1.469015949403296304e+02 1.076151369189078082e+02
3.189486561120471606e+02 1.469339743725990104e+02 1.076147108531214940e+02
3.189763456656110634e+02 1.469663538048683904e+02 1.076142847873351656e+02
3.190040352191750230e+02 1.469987332371377420e+02 1.076138587215488513e+02
3.190317247727389258e+02 1.470311126694070936e+02 1.076134326557625371e+02
3.190594143263028855e+02 1.470634921016764736e+02 1.076130065899762229e+02
3.190871038798667882e+02 1.470958715339458536e+02 1.076125805241898945e+02
3.191147934334307479e+02 1.471282509662152052e+02 1.076121544584035803e+02
3.191147934334307479e+02 1.471282509662152052e+02 1.076121544584035803e+02
3.191345503505305601e+02 1.471513541830152860e+02 1.076118504539926732e+02
3.191543072676303723e+02 1.471744573998153669e+02 1.076115464495817804e+02
3.191740641847301845e+02 1.471975606166154478e+02 1.076112424451708733e+02
3.191938211018300535e+02 1.472206638334155571e+02 1.076109384407599663e+02
3.192135780189298657e+02 1.472437670502156379e+02 1.076106344363490734e+02
3.192333349360296779e+02 1.472668702670157188e+02 1.076103304319381664e+02
3.192530918531294901e+02 1.472899734838157997e+02 1.076100264275272593e+02
3.192728487702293023e+02 1.473130767006158806e+02 1.076097224231163523e+02
3.192926056873291145e+02 1.473361799174159614e+02 1.076094184187054594e+02
3.193123626044289267e+02 1.473592831342160423e+02 1.076091144142945524e+02
3.193321195215287389e+02 1.473823863510161232e+02 1.076088104098836453e+02
3.193518764386286080e+02 1.474054895678162325e+02 1.076085064054727525e+02
3.193716333557284202e+02 1.474285927846163133e+02 1.076082024010618454e+02
3.193913902728282324e+02 1.474516960014163942e+02 1.076078983966509384e+02
3.194111471899280446e+02 1.474747992182164751e+02 1.076075943922400313e+02
3.194309041070278568e+02 1.474979024350165560e+02 1.076072903878291385e+02
3.194506610241276690e+02 1.475210056518166368e+02 1.076069863834182314e+02
3.194704179412274812e+02 1.475441088686167177e+02 1.076066823790073244e+02
3.194901748583273502e+02 1.475672120854168270e+02 1.076063783745964315e+02
3.195099317754271624e+02 1.475903153022169079e+02 1.076060743701855245e+02
3.195296886925269746e+02 1.476134185190169887e+02 1.076057703657746174e+02
3.195494456096267868e+02 1.476365217358170696e+02 1.076054663613637246e+02
3.195692025267265990e+02 1.476596249526171505e+02 1.076051623569528175e+02
3.195889594438264112e+02 1.476827281694172314e+02 1.076048583525419104e+02
3.196087163609262234e+02 1.477058313862173122e+02 1.076045543481310176e+02
3.196284732780260356e+02 1.477289346030173931e+02 1.076042503437201105e+02
3.196482301951259046e+02 1.477520378198175024e+02 1.076039463393092035e+02
3.196679871122257168e+02 1.477751410366175833e+02 1.076036423348982964e+02
3.196877440293255290e+02 1.477982442534176641e+02 1.076033383304874036e+02
3.197075009464253412e+02 1.478213474702177450e+02 1.076030343260764965e+02
3.197075009464253412e+02 1.478213474702177450e+02 1.076030343260764965e+02
3.197424598055046090e+02 1.478320375509341602e+02 1.076019371282149848e+02
3.197774186645838768e+02 1.478427276316506038e+02 1.076008399303534873e+02
3.198123775236631445e+02 1.478534177123670190e+02 1.075997427324919755e+02
3.198473363827424123e+02 1.478641077930834626e+02 1.075986455346304638e+02
3.198822952418216801e+02 1.478747978737998778e+02 1.075975483367689662e+02
3.199172541009009478e+02 1.478854879545163215e+02 1.075964511389074545e+02
3.199522129599802156e+02 1.478961780352327366e+02 1.075953539410459427e+02
3.199871718190594834e+02 1.479068681159491803e+02 1.075942567431844452e+02
3.200221306781387511e+02 1.479175581966655955e+02 1.075931595453229335e+02
3.200570895372180189e+02 1.479282482773820391e+02 1.075920623474614217e+02
3.200920483962972867e+02 1.479389383580984543e+02 1.075909651495999242e+02
3.201270072553765544e+02 1.479496284388148979e+02 1.075898679517384124e+02
3.201619661144558222e+02 1.479603185195313131e+02 1.075887707538769007e+02
3.201969249735350900e+02 1.479710086002477567e+02 1.075876735560154032e+02
3.202318838326143009e+02 1.479816986809641719e+02 1.075865763581538914e+02
3.202668426916935687e+02 1.479923887616806155e+02 1.075854791602923939e+02
3.203018015507728364e+02 1.480030788423970307e+02 1.075843819624308821e+02
3.203367604098521042e+02 1.480137689231134743e+02 1.075832847645693704e+02
3.203717192689313720e+02 1.480244590038298895e+02 1.075821875667078729e+02
3.204066781280106397e+02 1.480351490845463331e+02 1.075810903688463611e+02
3.204416369870899075e+02 1.480458391652627483e+02 1.075799931709848494e+02
3.204765958461691753e+02 1.480565292459791920e+02 1.075788959731233518e+02
3.205115547052484430e+02 1.480672193266956072e+02 1.075777987752618401e+02
3.205465135643277108e+02 1.480779094074120508e+02 1.075767015774003283e+02
3.205814724234069786e+02 1.480885994881284660e+02 1.075756043795388308e+02
3.206164312824862463e+02 1.480992895688449096e+02 1.075745071816773191e+02
3.206513901415655141e+02 1.481099796495613248e+02 1.075734099838158073e+02
3.206863490006447819e+02 1.481206697302777684e+02 1.075723127859543098e+02
3.207213078597240496e+02 1.481313598109941836e+02 1.075712155880927980e+02
3.207213078597240496e+02 1.481313598109941836e+02 1.075712155880927980e+02
3.207430578357078161e+02 1.481436163890644195e+02 1.075717649660110453e+02
3.207648078116915826e+02 1.481558729671346555e+02 1.075723143439292784e+02
3.207865577876753491e+02 1.481681295452048914e+02 1.075728637218475257e+02
3.208083077636591156e+02 1.481803861232750990e+02 1.075734130997657729e+02
3.208300577396428821e+02 1.481926427013453349e+02 1.075739624776840202e+02
3.208518077156266486e+02 1.482048992794155708e+02 1.075745118556022533e+02
3.208735576916104151e+02 1.482171558574858068e+02 1.075750612335205005e+02
3.208953076675941816e+02 1.482294124355560427e+02 1.075756106114387478e+02
3.209170576435779481e+02 1.482416690136262787e+02 1.075761599893569951e+02
3.209388076195617145e+02 1.482539255916965146e+02 1.075767093672752281e+02
3.209605575955454810e+02 1.482661821697667222e+02 1.075772587451934754e+02
3.209823075715292475e+02 1.482784387478369581e+02 1.075778081231117227e+02
3.210040575475130140e+02 1.482906953259071940e+02 1.075783575010299700e+02
3.210258075234967805e+02 1.483029519039774300e+02 1.075789068789482030e+02
3.210475574994805470e+02 1.483152084820476659e+02 1.075794562568664503e+02
3.210693074754643135e+02 1.483274650601179019e+02 1.075800056347846976e+02
3.210910574514480800e+02 1.483397216381881094e+02 1.075805550127029449e+02
3.211128074274318465e+02 1.483519782162583454e+02 1.075811043906211779e+02
3.211345574034156130e+02 1.483642347943285813e+02 1.075816537685394252e+02
3.211563073793993794e+02 1.483764913723988172e+02 1.075822031464576725e+02
3.211780573553831459e+02 1.483887479504690532e+02 1.075827525243759055e+02
3.211998073313669124e+02 1.484010045285392891e+02 1.075833019022941528e+02
3.212215573073506789e+02 1.484132611066095251e+02 1.075838512802124001e+02
3.212433072833344454e+02 1.484255176846797326e+02 1.075844006581306473e+02
3.212650572593182119e+02 1.484377742627499686e+02 1.075849500360488804e+02
3.212868072353019784e+02 1.484500308408202045e+02 1.075854994139671277e+02
3.213085572112857449e+02 1.484622874188904404e+02 1.075860487918853750e+02
3.213303071872695114e+02 1.484745439969606764e+02 1.075865981698036222e+02
3.213520571632532778e+02 1.484868005750309123e+02 1.075871475477218553e+02
3.213738071392370443e+02 1.484990571531011483e+02 1.075876969256401026e+02
3.213955571152208108e+02 1.485113137311713558e+02 1.075882463035583498e+02
3.214173070912045773e+02 1.485235703092415918e+02 1.075887956814765971e+02
3.214390570671883438e+02 1.485358268873118277e+02 1.075893450593948302e+02
3.214608070431721103e+02 1.485480834653820637e+02 1.075898944373130774e+02
3.214608070431721103e+02 1.485480834653820637e+02 1.075898944373130774e+02
3.214823196046811518e+02 1.485643327795090443e+02 1.075882197081336216e+02
3.215038321661901932e+02 1.485805820936360249e+02 1.075865449789541657e+02
3.215253447276991778e+02 1.485968314077630055e+02 1.075848702497747240e+02
3.215468572892082193e+02 1.486130807218899861e+02 1.075831955205952681e+02
3.215683698507172608e+02 1.486293300360169951e+02 1.075815207914158123e+02
3.215898824122263022e+02 1.486455793501439757e+02 1.075798460622363564e+02
3.216113949737353437e+02 1.486618286642709563e+02 1.075781713330569147e+02
3.216329075352443851e+02 1.486780779783979369e+02 1.075764966038774588e+02
3.216544200967533698e+02 1.486943272925249175e+02 1.075748218746980029e+02
3.216759326582624112e+02 1.487105766066518981e+02 1.075731471455185471e+02
3.216974452197714527e+02 1.487268259207788788e+02 1.075714724163390912e+02
3.217189577812804941e+02 1.487430752349058594e+02 1.075697976871596495e+02
3.217404703427895356e+02 1.487593245490328400e+02 1.075681229579801936e+02
3.217619829042985202e+02 1.487755738631598490e+02 1.075664482288007378e+02
3.217834954658075617e+02 1.487918231772868296e+02 1.075647734996212819e+02
3.218050080273166031e+02 1.488080724914138102e+02 1.075630987704418402e+02
3.218265205888256446e+02 1.488243218055407908e+02 1.075614240412623843e+02
3.218480331503346861e+02 1.488405711196677714e+02 1.075597493120829284e+02
3.218695457118436707e+02 1.488568204337947520e+02 1.075580745829034726e+02
3.218910582733527121e+02 1.488730697479217326e+02 1.075563998537240167e+02
3.219125708348617536e+02 1.488893190620487132e+02 1.075547251245445750e+02
3.219340833963707951e+02 1.489055683761756939e+02 1.075530503953651191e+02
3.219555959578798365e+02 1.489218176903027029e+02 1.075513756661856632e+02
3.219771085193888780e+02 1.489380670044296835e+02 1.075497009370062074e+02
3.219986210808978626e+02 1.489543163185566641e+02 1.075480262078267657e+02
3.220201336424069041e+02 1.489705656326836447e+02 1.075463514786473098e+02
3.220416462039159455e+02 1.489868149468106253e+02 1.075446767494678539e+02
3.220416462039159455e+02 1.489868149468106253e+02 1.075446767494678539e+02
3.220671829190924313e+02 1.489880616926459993e+02 1.075322198915896195e+02
3.220927196342689172e+02 1.489893084384813449e+02 1.075197630337113992e+02
3.221182563494454030e+02 1.489905551843167189e+02 1.075073061758331647e+02
3.221437930646218888e+02 1.489918019301520928e+02 1.074948493179549445e+02
3.221693297797983746e+02 1.489930486759874384e+02 1.074823924600767100e+02
3.221948664949748604e+02 1.489942954218228124e+02 1.074699356021984755e+02
3.222204032101513462e+02 1.489955421676581864e+02 1.074574787443202553e+02
3.222459399253278320e+02 1.489967889134935604e+02 1.074450218864420208e+02
3.222714766405043179e+02 1.489980356593289059e+02 1.074325650285638005e+02
3.222970133556808037e+02 1.489992824051642799e+02 1.074201081706855661e+02
3.223225500708572895e+02 1.490005291509996539e+02 1.074076513128073316e+02
3.223480867860338321e+02 1.490017758968349995e+02 1.073951944549291113e+02
3.223736235012103180e+02 1.490030226426703734e+02 1.073827375970508768e+02
3.223991602163868038e+02 1.490042693885057474e+02 1.073702807391726424e+02
3.224246969315632896e+02 1.490055161343410930e+02 1.073578238812944221e+02
3.224502336467397754e+02 1.490067628801764670e+02 1.073453670234161876e+02
3.224757703619162612e+02 1.490080096260118410e+02 1.073329101655379674e+02
3.225013070770927470e+02 1.490092563718472150e+02 1.073204533076597329e+02
3.225268437922692328e+02 1.490105031176825605e+02 1.073079964497814984e+02
3.225523805074457186e+02 1.490117498635179345e+02 1.072955395919032782e+02
3.225779172226222045e+02 1.490129966093533085e+02 1.072830827340250437e+02
3.226034539377986903e+02 1.490142433551886540e+02 1.072706258761468234e+02
3.226289906529751761e+02 1.490154901010240280e+02 1.072581690182685890e+02
3.226289906529751761e+02 1.490154901010240280e+02 1.072581690182685890e+02
3.226485521454914647e+02 1.489995712591873200e+02 1.072312308856844965e+02
3.226681136380076964e+02 1.489836524173506120e+02 1.072042927531004040e+02
3.226876751305239850e+02 1.489677335755139040e+02 1.071773546205162972e+02
3.227072366230402736e+02 1.489518147336771676e+02 1.071504164879322047e+02
3.227267981155565622e+02 1.489358958918404596e+02 1.071234783553481122e+02
3.227463596080727939e+02 1.489199770500037516e+02 1.070965402227640197e+02
3.227659211005890825e+02 1.489040582081670436e+02 1.070696020901799272e+02
3.227854825931053711e+02 1.488881393663303356e+02 1.070426639575958205e+02
3.228050440856216028e+02 1.488722205244936276e+02 1.070157258250117280e+02
3.228246055781378914e+02 1.488563016826569196e+02 1.069887876924276355e+02
3.228441670706541800e+02 1.488403828408201832e+02 1.069618495598435430e+02
3.228637285631704117e+02 1.488244639989834752e+02 1.069349114272594505e+02
3.228832900556867003e+02 1.488085451571467672e+02 1.069079732946753438e+02
3.229028515482029889e+02 1.487926263153100592e+02 1.068810351620912513e+02
3.229224130407192206e+02 1.487767074734733512e+02 1.068540970295071588e+02
3.229419745332355092e+02 1.487607886316366432e+02 1.068271588969230663e+02
3.229615360257517978e+02 1.487448697897999068e+02 1.068002207643389738e+02
3.229810975182680863e+02 1.487289509479631988e+02 1.067732826317548671e+02
3.230006590107843181e+02 1.487130321061264908e+02 1.067463444991707746e+02
3.230202205033006067e+02 1.486971132642897828e+02 1.067194063665866821e+02
3.230202205033006067e+02 1.486971132642897828e+02 1.067194063665866821e+02
3.230193413509832112e+02 1.486668039919293562e+02 1.066881278289090034e+02
3.230184621986657589e+02 1.486364947195689297e+02 1.066568492912313246e+02
3.230175830463483635e+02 1.486061854472085031e+02 1.066255707535536317e+02
3.230167038940309112e+02 1.485758761748480765e+02 1.065942922158759529e+02
3.230158247417135158e+02 1.485455669024876499e+02 1.065630136781982742e+02
3.230149455893961203e+02 1.485152576301272234e+02 1.065317351405205955e+02
3.230140664370786681e+02 1.484849483577667968e+02 1.065004566028429025e+02
3.230131872847612726e+02 1.484546390854063702e+02 1.064691780651652238e+02
3.230123081324438203e+02 1.484243298130459436e+02 1.064378995274875450e+02
3.230114289801264249e+02 1.483940205406855171e+02 1.064066209898098663e+02
3.230105498278090295e+02 1.483637112683250905e+02 1.063753424521321875e+02
3.230096706754915772e+02 1.483334019959646923e+02 1.063440639144544946e+02
3.230087915231741817e+02 1.483030927236042658e+02 1.063127853767768158e+02
3.230079123708567863e+02 1.482727834512438392e+02 1.062815068390991371e+02
3.230070332185393340e+02 1.482424741788834126e+02 1.062502283014214584e+02
3.230061540662219386e+02 1.482121649065229860e+02 1.062189497637437796e+02
3.230052749139044863e+02 1.481818556341625595e+02 1.061876712260660867e+02
3.230043957615870909e+02 1.481515463618021329e+02 1.061563926883884079e+02
3.230035166092696954e+02 1.481212370894417063e+02 1.061251141507107292e+02
3.230026374569522432e+02 1.480909278170812797e+02 1.060938356130330504e+02
3.230017583046348477e+02 1.480606185447208532e+02 1.060625570753553575e+02
3.230008791523173954e+02 1.480303092723604266e+02 1.060312785376776787e+02
3.230000000000000000e+02 1.480000000000000000e+02 1.060000000000000000e+02
3.230000000000000000e+02 1.480000000000000000e+02 1.060000000000000000e+02
3.230000000000000000e+02 1.480000000000000000e+02 1.060000000000000000e+02
3.230000000000000000e+02 1.480000000000000000e+02 1.060000000000000000e+02
3.230000000000000000e+02 1.480000000000000000e+02 1.060000000000000000e+02
3.230000000000000000e+02 1.480000000000000000e+02 1.060000000000000000e+02
3.230000000000000000e+02 1.480000000000000000e+02 1.060000000000000000e+02
3.230000000000000000e+02 1.480000000000000000e+02 1.060000000000000000e+02
3.230000000000000000e+02 1.480000000000000000e+02 1.060000000000000000e+02
3.230000000000000000e+02 1.480000000000000000e+02 1.060000000000000000e+02
3.230000000000000000e+02 1.480000000000000000e+02 1.060000000000000000e+02
3.230000000000000000e+02 1.480000000000000000e+02 1.060000000000000000e+02
3.230000000000000000e+02 1.480000000000000000e+02 1.060000000000000000e+02
3.230000000000000000e+02 1.480000000000000000e+02 1.060000000000000000e+02
3.230000000000000000e+02 1.480000000000000000e+02 1.060000000000000000e+02
3.230000000000000000e+02 1.480000000000000000e+02 1.060000000000000000e+02
3.230000000000000000e+02 1.480000000000000000e+02 1.060000000000000000e+02
3.230000000000000000e+02 1.480000000000000000e+02 1.060000000000000000e+02
3.230000000000000000e+02 1.480000000000000000e+02 1.060000000000000000e+02
3.230000000000000000e+02 1.480000000000000000e+02 1.060000000000000000e+02
3.230000000000000000e+02 1.480000000000000000e+02 1.060000000000000000e+02
3.230000000000000000e+02 1.480000000000000000e+02 1.060000000000000000e+02
3.230000000000000000e+02 1.480000000000000000e+02 1.060000000000000000e+02
3.230000000000000000e+02 1.480000000000000000e+02 1.060000000000000000e+02
3.230000000000000000e+02 1.480000000000000000e+02 1.060000000000000000e+02
3.230000000000000000e+02 1.480000000000000000e+02 1.060000000000000000e+02
3.230000000000000000e+02 1.480000000000000000e+02 1.060000000000000000e+02
3.230000000000000000e+02 1.480000000000000000e+02 1.060000000000000000e+02
3.230000000000000000e+02 1.480000000000000000e+02 1.060000000000000000e+02
3.230000000000000000e+02 1.480000000000000000e+02 1.060000000000000000e+02
3.230000000000000000e+02 1.480000000000000000e+02 1.060000000000000000e+02
3.230000000000000000e+02 1.480000000000000000e+02 1.060000000000000000e+02
3.230000000000000000e+02 1.480000000000000000e+02 1.060000000000000000e+02
3.230000000000000000e+02 1.480000000000000000e+02 1.060000000000000000e+02
3.230000000000000000e+02 1.480000000000000000e+02 1.060000000000000000e+02
3.229983166527271123e+02 1.479784014902242006e+02 1.059773933062031830e+02
3.229966333054541678e+02 1.479568029804483729e+02 1.059547866124063660e+02
3.229949499581812802e+02 1.479352044706725735e+02 1.059321799186095632e+02
3.229932666109083925e+02 1.479136059608967457e+02 1.059095732248127462e+02
3.229915832636355049e+02 1.478920074511209464e+02 1.058869665310159291e+02
3.229898999163625604e+02 1.478704089413451186e+02 1.058643598372191263e+02
3.229882165690896727e+02 1.478488104315693192e+02 1.058417531434223093e+02
3.229865332218167850e+02 1.478272119217934915e+02 1.058191464496254923e+02
3.229848498745438405e+02 1.478056134120176921e+02 1.057965397558286753e+02
3.229831665272709529e+02 1.477840149022418643e+02 1.057739330620318583e+02
3.229814831799980652e+02 1.477624163924660650e+02 1.057513263682350555e+02
3.229797998327251776e+02 1.477408178826902372e+02 1.057287196744382385e+02
3.229781164854522331e+02 1.477192193729144378e+02 1.057061129806414215e+02
3.229764331381793454e+02 1.476976208631386100e+02 1.056835062868446187e+02
3.229747497909064577e+02 1.476760223533628107e+02 1.056608995930478017e+02
3.229730664436335701e+02 1.476544238435869829e+02 1.056382928992509846e+02
3.229713830963606256e+02 1.476328253338111836e+02 1.056156862054541676e+02
3.229696997490877379e+02 1.476112268240353842e+02 1.055930795116573506e+02
3.229680164018148503e+02 1.475896283142595564e+02 1.055704728178605478e+02
3.229663330545419058e+02 1.475680298044837571e+02 1.055478661240637308e+02
3.229646497072690181e+02 1.475464312947079293e+02 1.055252594302669138e+02
3.229629663599961304e+02 1.475248327849321299e+02 1.055026527364701110e+02
3.229612830127232428e+02 1.475032342751563021e+02 1.054800460426732940e+02
3.229595996654502983e+02 1.474816357653805028e+02 1.054574393488764770e+02
3.229579163181774106e+02 1.474600372556046750e+02 1.054348326550796600e+02
3.229562329709045230e+02 1.474384387458288757e+02 1.054122259612828429e+02
3.229545496236315785e+02 1.474168402360530479e+02 1.053896192674860401e+02
3.229528662763586908e+02 1.473952417262772485e+02 1.053670125736892231e+02
3.229511829290858032e+02 1.473736432165014207e+02 1.053444058798924061e+02
3.229494995818129155e+02 1.473520447067256214e+02 1.053217991860956033e+02
3.229478162345399710e+02 1.473304461969497936e+02 1.052991924922987863e+02
3.229461328872670833e+02 1.473088476871739942e+02 1.052765857985019693e+02
3.229461328872670833e+02 1.473088476871739942e+02 1.052765857985019693e+02
3.229339071662981269e+02 1.472993794016777827e+02 1.052493003113269765e+02
3.229216814453291704e+02 1.472899111161815711e+02 1.052220148241519979e+02
3.229094557243601571e+02 1.472804428306853310e+02 1.051947293369770051e+02
3.228972300033912006e+02 1.472709745451891195e+02 1.051674438498020123e+02
3.228850042824222442e+02 1.472615062596929079e+02 1.051401583626270337e+02
3.228727785614532877e+02 1.472520379741966963e+02 1.051128728754520409e+02
3.228605528404843312e+02 1.472425696887004847e+02 1.050855873882770624e+02
3.228483271195153179e+02 1.472331014032042447e+02 1.050583019011020696e+02
3.228361013985463615e+02 1.472236331177080331e+02 1.050310164139270768e+02
3.228238756775774050e+02 1.472141648322118215e+02 1.050037309267520982e+02
3.228116499566084485e+02 1.472046965467156099e+02 1.049764454395771054e+02
3.227994242356394921e+02 1.471952282612193983e+02 1.049491599524021126e+02
3.227871985146704787e+02 1.471857599757231583e+02 1.049218744652271340e+02
3.227749727937015223e+02 1.471762916902269467e+02 1.048945889780521412e+02
3.227627470727325658e+02 1.471668234047307351e+02 1.048673034908771484e+02
3.227505213517636093e+02 1.471573551192345235e+02 1.048400180037021698e+02
3.227382956307946529e+02 1.471478868337383119e+02 1.048127325165271770e+02
3.227260699098256396e+02 1.471384185482420719e+02 1.047854470293521842e+02
3.227138441888566831e+02 1.471289502627458603e+02 1.047581615421772057e+02
3.227016184678877266e+02 1.471194819772496487e+02 1.047308760550022129e+02
3.226893927469187702e+02 1.471100136917534371e+02 1.047035905678272343e+02
3.226771670259498137e+02 1.471005454062572255e+02 1.046763050806522415e+02
3.226649413049808004e+02 1.470910771207609855e+02 1.046490195934772487e+02
3.226527155840118439e+02 1.470816088352647739e+02 1.046217341063022701e+02
3.226404898630428875e+02 1.470721405497685623e+02 1.045944486191272773e+02
3.226404898630428875e+02 1.470721405497685623e+02 1.045944486191272773e+02
3.226221310548203860e+02 1.470563588265307260e+02 1.045737411787509927e+02
3.226037722465978277e+02 1.470405771032928612e+02 1.045530337383747082e+02
3.225854134383753262e+02 1.470247953800550249e+02 1.045323262979984378e+02
3.225670546301528248e+02 1.470090136568171602e+02 1.045116188576221532e+02
3.225486958219303233e+02 1.469932319335793238e+02 1.044909114172458686e+02
3.225303370137077650e+02 1.469774502103414591e+02 1.044702039768695840e+02
3.225119782054852635e+02 1.469616684871036227e+02 1.044494965364932995e+02
3.224936193972627620e+02 1.469458867638657864e+02 1.044287890961170291e+02
3.224752605890402606e+02 1.469301050406279217e+02 1.044080816557407445e+02
3.224569017808177023e+02 1.469143233173900853e+02 1.043873742153644599e+02
3.224385429725952008e+02 1.468985415941522206e+02 1.043666667749881753e+02
3.224201841643726993e+02 1.468827598709143842e+02 1.043459593346118908e+02
3.224018253561501979e+02 1.468669781476765479e+02 1.043252518942356062e+02
3.223834665479276396e+02 1.468511964244386832e+02 1.043045444538593358e+02
3.223651077397051381e+02 1.468354147012008468e+02 1.042838370134830512e+02
3.223467489314826366e+02 1.468196329779629821e+02 1.042631295731067667e+02
3.223283901232600783e+02 1.468038512547251457e+02 1.042424221327304821e+02
3.223100313150375769e+02 1.467880695314872810e+02 1.042217146923541975e+02
3.222916725068150754e+02 1.467722878082494447e+02 1.042010072519779271e+02
3.222733136985925739e+02 1.467565060850116083e+02 1.041802998116016425e+02
3.222549548903700156e+02 1.467407243617737436e+02 1.041595923712253580e+02
3.222365960821475142e+02 1.467249426385359072e+02 1.041388849308490734e+02
3.222182372739250127e+02 1.467091609152980425e+02 1.041181774904727888e+02
3.221998784657025112e+02 1.466933791920602062e+02 1.040974700500965184e+02
3.221815196574799529e+02 1.466775974688223414e+02 1.040767626097202339e+02
3.221631608492574514e+02 1.466618157455845051e+02 1.040560551693439493e+02
3.221631608492574514e+02 1.466618157455845051e+02 1.040560551693439493e+02
3.221681154369492219e+02 1.466307463366171362e+02 1.040496998755534435e+02
3.221730700246410493e+02 1.465996769276497673e+02 1.040433445817629519e+02
3.221780246123328197e+02 1.465686075186823984e+02 1.040369892879724460e+02
3.221829792000246471e+02 1.465375381097150580e+02 1.040306339941819544e+02
3.221879337877164176e+02 1.465064687007476891e+02 1.040242787003914486e+02
3.221928883754081880e+02 1.464753992917803203e+02 1.040179234066009570e+02
3.221978429631000154e+02 1.464443298828129514e+02 1.040115681128104512e+02
3.222027975507917859e+02 1.464132604738455825e+02 1.040052128190199596e+02
3.222077521384836132e+02 1.463821910648782136e+02 1.039988575252294538e+02
3.222127067261753837e+02 1.463511216559108448e+02 1.039925022314389480e+02
3.222176613138671541e+02 1.463200522469435043e+02 1.039861469376484564e+02
3.222226159015589815e+02 1.462889828379761354e+02 1.039797916438579506e+02
3.222275704892507520e+02 1.462579134290087666e+02 1.039734363500674590e+02
3.222325250769425793e+02 1.462268440200413977e+02 1.039670810562769532e+02
3.222374796646343498e+02 1.461957746110740288e+02 1.039607257624864616e+02
3.222424342523261771e+02 1.461647052021066600e+02 1.039543704686959558e+02
3.222473888400179476e+02 1.461336357931393195e+02 1.039480151749054642e+02
3.222523434277097181e+02 1.461025663841719506e+02 1.039416598811149584e+02
3.222572980154015454e+02 1.460714969752045818e+02 1.039353045873244525e+02
3.222622526030933159e+02 1.460404275662372129e+02 1.039289492935339609e+02
3.222672071907851432e+02 1.460093581572698440e+02 1.039225939997434551e+02
3.222721617784769137e+02 1.459782887483024751e+02 1.039162387059529635e+02
3.222771163661686842e+02 1.459472193393351063e+02 1.039098834121624577e+02
3.222820709538605115e+02 1.459161499303677658e+02 1.039035281183719661e+02
3.222870255415522820e+02 1.458850805214003969e+02 1.038971728245814603e+02
3.222919801292441093e+02 1.458540111124330281e+02 1.038908175307909687e+02
3.222969347169358798e+02 1.458229417034656592e+02 1.038844622370004629e+02
3.222969347169358798e+02 1.458229417034656592e+02 1.038844622370004629e+02
3.223187567065727421e+02 1.458006957377587014e+02 1.038845245615094939e+02
3.223405786962095476e+02 1.457784497720517436e+02 1.038845868860185107e+02
3.223624006858464099e+02 1.457562038063447858e+02 1.038846492105275416e+02
3.223842226754832154e+02 1.457339578406377996e+02 1.038847115350365584e+02
3.224060446651200778e+02 1.457117118749308418e+02 1.038847738595455894e+02
3.224278666547568832e+02 1.456894659092238840e+02 1.038848361840546062e+02
3.224496886443937456e+02 1.456672199435169262e+02 1.038848985085636372e+02
3.224715106340305510e+02 1.456449739778099683e+02 1.038849608330726539e+02
3.224933326236674134e+02 1.456227280121030105e+02 1.038850231575816849e+02
3.225151546133042757e+02 1.456004820463960243e+02 1.038850854820907159e+02
3.225369766029410812e+02 1.455782360806890665e+02 1.038851478065997327e+02
3.225587985925779435e+02 1.455559901149821087e+02 1.038852101311087637e+02
3.225806205822147490e+02 1.455337441492751509e+02 1.038852724556177805e+02
3.226024425718516113e+02 1.455114981835681931e+02 1.038853347801268114e+02
3.226242645614884168e+02 1.454892522178612353e+02 1.038853971046358282e+02
3.226460865511252791e+02 1.454670062521542491e+02 1.038854594291448592e+02
3.226679085407621415e+02 1.454447602864472913e+02 1.038855217536538902e+02
3.226897305303989469e+02 1.454225143207403335e+02 1.038855840781629070e+02
3.227115525200358093e+02 1.454002683550333757e+02 1.038856464026719379e+02
3.227333745096726147e+02 1.453780223893264179e+02 1.038857087271809547e+02
3.227551964993094771e+02 1.453557764236194600e+02 1.038857710516899857e+02
3.227770184889462826e+02 1.453335304579125022e+02 1.038858333761990025e+02
3.227988404785831449e+02 1.453112844922055160e+02 1.038858957007080335e+02
3.228206624682200072e+02 1.452890385264985582e+02 1.038859580252170645e+02
3.228424844578568127e+02 1.452667925607916004e+02 1.038860203497260812e+02
3.228643064474936750e+02 1.452445465950846426e+02 1.038860826742351122e+02
3.228861284371304805e+02 1.452223006293776848e+02 1.038861449987441290e+02
3.229079504267673428e+02 1.452000546636707270e+02 1.038862073232531600e+02
3.229297724164041483e+02 1.451778086979637408e+02 1.038862696477621768e+02
3.229515944060410106e+02 1.451555627322567830e+02 1.038863319722712077e+02
3.229734163956778161e+02 1.451333167665498252e+02 1.038863942967802245e+02
3.229952383853146785e+02 1.451110708008428674e+02 1.038864566212892555e+02
3.229952383853146785e+02 1.451110708008428674e+02 1.038864566212892555e+02
3.230123606169586878e+02 1.450837223289360054e+02 1.038882015437754802e+02
3.230294828486026972e+02 1.450563738570291150e+02 1.038899464662616907e+02
3.230466050802467066e+02 1.450290253851222531e+02 1.038916913887479154e+02
3.230637273118907160e+02 1.450016769132153911e+02 1.038934363112341259e+02
3.230808495435347254e+02 1.449743284413085007e+02 1.038951812337203506e+02
3.230979717751787348e+02 1.449469799694016388e+02 1.038969261562065611e+02
3.231150940068227442e+02 1.449196314974947484e+02 1.038986710786927858e+02
3.231322162384667536e+02 1.448922830255878864e+02 1.039004160011789963e+02
3.231493384701107630e+02 1.448649345536810245e+02 1.039021609236652210e+02
3.231664607017547723e+02 1.448375860817741341e+02 1.039039058461514315e+02
3.231835829333987817e+02 1.448102376098672721e+02 1.039056507686376563e+02
3.232007051650427911e+02 1.447828891379604102e+02 1.039073956911238810e+02
3.232178273966868005e+02 1.447555406660535198e+02 1.039091406136100915e+02
3.232349496283308099e+02 1.447281921941466578e+02 1.039108855360963162e+02
3.232520718599748193e+02 1.447008437222397959e+02 1.039126304585825267e+02
3.232691940916188287e+02 1.446734952503329055e+02 1.039143753810687514e+02
3.232863163232628381e+02 1.446461467784260435e+02 1.039161203035549619e+02
3.233034385549068475e+02 1.446187983065191531e+02 1.039178652260411866e+02
3.233205607865508568e+02 1.445914498346122912e+02 1.039196101485273971e+02
3.233376830181948662e+02 1.445641013627054292e+02 1.039213550710136218e+02
3.233548052498388756e+02 1.445367528907985388e+02 1.039230999934998323e+02
3.233719274814828850e+02 1.445094044188916769e+02 1.039248449159860570e+02
3.233719274814828850e+02 1.445094044188916769e+02 1.039248449159860570e+02
3.234023264717221195e+02 1.445006778485442851e+02 1.039170950572804344e+02
3.234327254619614109e+02 1.444919512781968933e+02 1.039093451985748118e+02
3.234631244522006455e+02 1.444832247078495016e+02 1.039015953398691892e+02
3.234935234424398800e+02 1.444744981375020814e+02 1.038938454811635665e+02
3.235239224326791145e+02 1.444657715671546896e+02 1.038860956224579581e+02
3.235543214229184059e+02 1.444570449968072978e+02 1.038783457637523355e+02
3.235847204131576405e+02 1.444483184264599060e+02 1.038705959050467129e+02
3.236151194033968750e+02 1.444395918561125143e+02 1.038628460463410903e+02
3.236455183936361095e+02 1.444308652857651225e+02 1.038550961876354677e+02
3.236759173838754009e+02 1.444221387154177023e+02 1.038473463289298451e+02
3.237063163741146354e+02 1.444134121450703105e+02 1.038395964702242225e+02
3.237367153643538700e+02 1.444046855747229188e+02 1.038318466115185998e+02
3.237671143545931045e+02 1.443959590043755270e+02 1.038240967528129772e+02
3.237975133448323959e+02 1.443872324340281352e+02 1.038163468941073546e+02
3.238279123350716304e+02 1.443785058636807435e+02 1.038085970354017462e+02
3.238583113253108650e+02 1.443697792933333233e+02 1.038008471766961236e+02
3.238887103155500995e+02 1.443610527229859315e+02 1.037930973179905010e+02
3.239191093057893909e+02 1.443523261526385397e+02 1.037853474592848784e+02
3.239495082960286254e+02 1.443435995822911480e+02 1.037775976005792558e+02
3.239495082960286254e+02 1.443435995822911480e+02 1.037775976005792558e+02
3.239788840860900336e+02 1.443351667397373603e+02 1.037701085945119388e+02
3.240082598761514419e+02 1.443267338971836011e+02 1.037626195884446219e+02
3.240376356662129069e+02 1.443183010546298135e+02 1.037551305823773049e+02
3.240670114562743152e+02 1.443098682120760543e+02 1.037476415763099880e+02
3.240963872463357234e+02 1.443014353695222667e+02 1.037401525702426710e+02
3.241257630363971884e+02 1.442930025269685075e+02 1.037326635641753683e+02
3.241551388264585967e+02 1.442845696844147199e+02 1.037251745581080513e+02
3.241845146165200049e+02 1.442761368418609322e+02 1.037176855520407344e+02
3.242138904065814131e+02 1.442677039993071730e+02 1.037101965459734174e+02
3.242432661966428213e+02 1.442592711567533854e+02 1.037027075399061005e+02
3.242726419867042864e+02 1.442508383141996262e+02 1.036952185338387835e+02
3.243020177767656946e+02 1.442424054716458386e+02 1.036877295277714666e+02
3.243313935668271029e+02 1.442339726290920510e+02 1.036802405217041496e+02
3.243607693568885679e+02 1.442255397865382918e+02 1.036727515156368327e+02
3.243901451469499762e+02 1.442171069439845041e+02 1.036652625095695157e+02
3.244195209370113844e+02 1.442086741014307449e+02 1.036577735035021988e+02
3.244488967270727926e+02 1.442002412588769573e+02 1.036502844974348818e+02
3.244782725171342008e+02 1.441918084163231697e+02 1.036427954913675649e+02
3.245076483071956659e+02 1.441833755737694105e+02 1.036353064853002621e+02
3.245370240972570741e+02 1.441749427312156229e+02 1.036278174792329452e+02
3.245663998873184823e+02 1.441665098886618637e+02 1.036203284731656282e+02
3.245957756773799474e+02 1.441580770461080760e+02 1.036128394670983113e+02
3.246251514674413556e+02 1.441496442035543168e+02 1.036053504610309943e+02
3.246545272575027639e+02 1.441412113610005292e+02 1.035978614549636774e+02
3.246545272575027639e+02 1.441412113610005292e+02 1.035978614549636774e+02
3.246706252620894020e+02 1.441562499351521467e+02 1.035751368965098607e+02
3.246867232666760401e+02 1.441712885093037642e+02 1.035524123380560582e+02
3.247028212712626782e+02 1.441863270834553816e+02 1.035296877796022414e+02
3.247189192758493732e+02 1.442013656576069991e+02 1.035069632211484389e+02
3.247350172804360113e+02 1.442164042317586166e+02 1.034842386626946222e+02
3.247511152850226495e+02 1.442314428059102340e+02 1.034615141042408197e+02
3.247672132896092876e+02 1.442464813800618515e+02 1.034387895457870030e+02
3.247833112941959257e+02 1.442615199542134690e+02 1.034160649873331863e+02
3.247994092987825638e+02 1.442765585283650864e+02 1.033933404288793838e+02
3.248155073033692588e+02 1.442915971025166755e+02 1.033706158704255671e+02
3.248316053079558969e+02 1.443066356766682929e+02 1.033478913119717646e+02
3.248477033125425351e+02 1.443216742508199104e+02 1.033251667535179479e+02
3.248638013171291732e+02 1.443367128249715279e+02 1.033024421950641312e+02
3.248798993217158113e+02 1.443517513991231453e+02 1.032797176366103287e+02
3.248959973263024494e+02 1.443667899732747628e+02 1.032569930781565120e+02
3.249120953308891444e+02 1.443818285474263803e+02 1.032342685197027095e+02
3.249281933354757825e+02 1.443968671215779978e+02 1.032115439612488927e+02
3.249442913400624207e+02 1.444119056957296152e+02 1.031888194027950902e+02
3.249603893446490588e+02 1.444269442698812327e+02 1.031660948443412735e+02
3.249603893446490588e+02 1.444269442698812327e+02 1.031660948443412735e+02
3.249802524883440924e+02 1.444279598857721680e+02 1.031411408772522691e+02
3.250001156320390692e+02 1.444289755016631318e+02 1.031161869101632647e+02
3.250199787757341028e+02 1.444299911175540672e+02 1.030912329430742602e+02
3.250398419194290796e+02 1.444310067334450309e+02 1.030662789759852700e+02
3.250597050631241132e+02 1.444320223493359663e+02 1.030413250088962656e+02
3.250795682068190899e+02 1.444330379652269016e+02 1.030163710418072611e+02
3.250994313505141236e+02 1.444340535811178654e+02 1.029914170747182567e+02
3.251192944942091003e+02 1.444350691970088008e+02 1.029664631076292522e+02
3.251391576379041339e+02 1.444360848128997645e+02 1.029415091405402478e+02
3.251590207815991107e+02 1.444371004287906999e+02 1.029165551734512434e+02
3.251788839252941443e+02 1.444381160446816352e+02 1.028916012063622532e+02
3.251987470689891779e+02 1.444391316605725990e+02 1.028666472392732487e+02
3.252186102126841547e+02 1.444401472764635344e+02 1.028416932721842443e+02
3.252384733563791883e+02 1.444411628923544981e+02 1.028167393050952398e+02
3.252583365000741651e+02 1.444421785082454335e+02 1.027917853380062354e+02
3.252781996437691987e+02 1.444431941241363972e+02 1.027668313709172310e+02
3.252980627874641755e+02 1.444442097400273326e+02 1.027418774038282265e+02
3.253179259311592091e+02 1.444452253559182680e+02 1.027169234367392221e+02
3.253377890748541859e+02 1.444462409718092317e+02 1.026919694696502319e+02
3.253576522185492195e+02 1.444472565877001671e+02 1.026670155025612274e+02
3.253775153622441962e+02 1.444482722035911308e+02 1.026420615354722230e+02
3.253973785059392299e+02 1.444492878194820662e+02 1.026171075683832186e+02
3.253973785059392299e+02 1.444492878194820662e+02 1.026171075683832186e+02
3.254245650811100745e+02 1.444661246429802759e+02 1.026142178267469802e+02
3.254517516562809760e+02 1.444829614664784856e+02 1.026113280851107419e+02
3.254789382314518207e+02 1.444997982899766953e+02 1.026084383434745035e+02
3.255061248066226653e+02 1.445166351134749050e+02 1.026055486018382652e+02
3.255333113817935669e+02 1.445334719369731147e+02 1.026026588602020269e+02
3.255604979569644115e+02 1.445503087604713244e+02 1.025997691185657885e+02
3.255876845321352562e+02 1.445671455839695341e+02 1.025968793769295360e+02
3.256148711073061577e+02 1.445839824074677438e+02 1.025939896352932976e+02
3.256420576824770023e+02 1.446008192309659535e+02 1.025910998936570593e+02
3.256692442576478470e+02 1.446176560544641632e+02 1.025882101520208209e+02
3.256964308328187485e+02 1.446344928779623729e+02 1.025853204103845826e+02
3.257236174079895932e+02 1.446513297014605826e+02 1.025824306687483443e+02
3.257508039831604947e+02 1.446681665249587923e+02 1.025795409271121059e+02
3.257779905583313393e+02 1.446850033484570304e+02 1.025766511854758676e+02
3.258051771335021840e+02 1.447018401719552401e+02 1.025737614438396292e+02
3.258323637086730855e+02 1.447186769954534498e+02 1.025708717022033909e+02
3.258595502838439302e+02 1.447355138189516595e+02 1.025679819605671526e+02
3.258867368590147748e+02 1.447523506424498692e+02 1.025650922189309142e+02
3.259139234341856763e+02 1.447691874659480789e+02 1.025622024772946759e+02
3.259411100093565210e+02 1.447860242894462885e+02 1.025593127356584233e+02
3.259682965845273657e+02 1.448028611129444982e+02 1.025564229940221850e+02
3.259954831596982672e+02 1.448196979364427079e+02 1.025535332523859466e+02
3.260226697348691118e+02 1.448365347599409176e+02 1.025506435107497083e+02
3.260498563100399565e+02 1.448533715834391273e+02 1.025477537691134700e+02
3.260770428852108580e+02 1.448702084069373370e+02 1.025448640274772316e+02
3.261042294603817027e+02 1.448870452304355467e+02 1.025419742858409933e+02
3.261042294603817027e+02 1.448870452304355467e+02 1.025419742858409933e+02
3.261119106182537735e+02 1.449121887074093138e+02 1.025592880205313406e+02
3.261195917761258443e+02 1.449373321843830809e+02 1.025766017552216880e+02
3.261272729339979151e+02 1.449624756613568195e+02 1.025939154899120354e+02
3.261349540918699290e+02 1.449876191383305866e+02 1.026112292246023827e+02
3.261426352497419998e+02 1.450127626153043536e+02 1.026285429592927301e+02
3.261503164076140706e+02 1.450379060922781207e+02 1.026458566939830774e+02
3.261579975654861414e+02 1.450630495692518593e+02 1.026631704286734248e+02
3.261656787233582122e+02 1.450881930462256264e+02 1.026804841633637864e+02
3.261733598812302262e+02 1.451133365231993935e+02 1.026977978980541337e+02
3.261810410391022970e+02 1.451384800001731605e+02 1.027151116327444811e+02
3.261887221969743678e+02 1.451636234771468992e+02 1.027324253674348284e+02
3.261964033548464386e+02 1.451887669541206662e+02 1.027497391021251758e+02
3.262040845127185094e+02 1.452139104310944333e+02 1.027670528368155232e+02
3.262117656705905802e+02 1.452390539080682004e+02 1.027843665715058705e+02
3.262194468284626510e+02 1.452641973850419390e+02 1.028016803061962179e+02
3.262271279863346649e+02 1.452893408620157061e+02 1.028189940408865652e+02
3.262348091442067357e+02 1.453144843389894731e+02 1.028363077755769126e+02
3.262424903020788065e+02 1.453396278159632402e+02 1.028536215102672600e+02
3.262501714599508773e+02 1.453647712929370073e+02 1.028709352449576073e+02
3.262578526178229481e+02 1.453899147699107459e+02 1.028882489796479547e+02
3.262655337756949621e+02 1.454150582468845130e+02 1.029055627143383020e+02
3.262732149335670329e+02 1.454402017238582800e+02 1.029228764490286494e+02
3.262808960914391037e+02 1.454653452008320471e+02 1.029401901837190110e+02
3.262885772493111745e+02 1.454904886778057858e+02 1.029575039184093583e+02
3.262962584071832453e+02 1.455156321547795528e+02 1.029748176530997057e+02
3.263039395650553161e+02 1.455407756317533199e+02 1.029921313877900531e+02
3.263116207229273869e+02 1.455659191087270870e+02 1.030094451224804004e+02
3.263193018807994008e+02 1.455910625857008256e+02 1.030267588571707478e+02
3.263269830386714716e+02 1.456162060626745927e+02 1.030440725918610951e+02
3.263346641965435424e+02 1.456413495396483597e+02 1.030613863265514425e+02
3.263346641965435424e+02 1.456413495396483597e+02 1.030613863265514425e+02
3.263538553380305416e+02 1.456382945095027139e+02 1.030854505731989406e+02
3.263730464795174839e+02 1.456352394793570681e+02 1.031095148198464386e+02
3.263922376210044831e+02 1.456321844492113939e+02 1.031335790664939367e+02
3.264114287624914255e+02 1.456291294190657482e+02 1.031576433131414348e+02
3.264306199039784246e+02 1.456260743889201024e+02 1.031817075597889328e+02
3.264498110454654238e+02 1.456230193587744566e+02 1.032057718064364309e+02
3.264690021869523662e+02 1.456199643286288108e+02 1.032298360530839290e+02
3.264881933284393654e+02 1.456169092984831650e+02 1.032539002997314270e+02
3.265073844699263645e+02 1.456138542683374908e+02 1.032779645463789251e+02
3.265265756114133069e+02 1.456107992381918450e+02 1.033020287930264232e+02
3.265457667529003061e+02 1.456077442080461992e+02 1.033260930396739212e+02
3.265649578943872484e+02 1.456046891779005534e+02 1.033501572863214193e+02
3.265841490358742476e+02 1.456016341477549076e+02 1.033742215329689174e+02
3.266033401773612468e+02 1.455985791176092619e+02 1.033982857796164154e+02
3.266225313188481891e+02 1.455955240874635876e+02 1.034223500262639135e+02
3.266417224603351883e+02 1.455924690573179419e+02 1.034464142729114116e+02
3.266609136018221307e+02 1.455894140271722961e+02 1.034704785195589096e+02
3.266801047433091298e+02 1.455863589970266503e+02 1.034945427662064077e+02
3.266992958847961290e+02 1.455833039668810045e+02 1.035186070128539058e+02
3.267184870262830714e+02 1.455802489367353303e+02 1.035426712595014038e+02
3.267376781677700706e+02 1.455771939065896845e+02 1.035667355061489019e+02
3.267568693092570697e+02 1.455741388764440387e+02 1.035907997527964000e+02
3.267760604507440121e+02 1.455710838462983929e+02 1.036148639994438980e+02
3.267952515922310113e+02 1.455680288161527471e+02 1.036389282460913961e+02
3.268144427337179536e+02 1.455649737860071014e+02 1.036629924927388942e+02
3.268336338752049528e+02 1.455619187558614271e+02 1.036870567393863922e+02
3.268528250166919520e+02 1.455588637257157814e+02 1.037111209860338903e+02
3.268720161581788943e+02 1.455558086955701356e+02 1.037351852326813884e+02
3.268912072996658935e+02 1.455527536654244898e+02 1.037592494793288864e+02
3.269103984411528927e+02 1.455496986352788440e+02 1.037833137259763845e+02
3.269295895826398350e+02 1.455466436051331982e+02 1.038073779726238826e+02
3.269487807241268342e+02 1.455435885749875240e+02 1.038314422192713806e+02
3.269679718656137766e+02 1.455405335448418782e+02 1.038555064659188787e+02
3.269871630071007758e+02 1.455374785146962324e+02 1.038795707125663768e+02
3.269871630071007758e+02 1.455374785146962324e+02 1.038795707125663768e+02
3.270193572504661006e+02 1.455370902393434562e+02 1.038773114095505576e+02
3.270515514938314823e+02 1.455367019639906516e+02 1.038750521065347385e+02
3.270837457371968071e+02 1.455363136886378754e+02 1.038727928035189194e+02
3.271159399805621888e+02 1.455359254132850992e+02 1.038705335005031003e+02
3.271481342239275136e+02 1.455355371379322946e+02 1.038682741974872670e+02
3.271803284672928953e+02 1.455351488625795184e+02 1.038660148944714479e+02
3.272125227106582201e+02 1.455347605872267422e+02 1.038637555914556287e+02
3.272447169540236018e+02 1.455343723118739376e+02 1.038614962884398096e+02
3.272769111973889267e+02 1.455339840365211614e+02 1.038592369854239905e+02
3.273091054407543083e+02 1.455335957611683568e+02 1.038569776824081714e+02
3.273412996841196332e+02 1.455332074858155806e+02 1.038547183793923523e+02
3.273734939274850149e+02 1.455328192104628044e+02 1.038524590763765332e+02
3.274056881708503397e+02 1.455324309351099998e+02 1.038501997733606999e+02
3.274378824142157214e+02 1.455320426597572236e+02 1.038479404703448807e+02
3.274700766575810462e+02 1.455316543844044475e+02 1.038456811673290616e+02
3.275022709009464279e+02 1.455312661090516428e+02 1.038434218643132425e+02
3.275344651443117527e+02 1.455308778336988667e+02 1.038411625612974234e+02
3.275344651443117527e+02 1.455308778336988667e+02 1.038411625612974234e+02
3.275671142104553724e+02 1.455304840730028673e+02 1.038388713400761389e+02
3.275997632765989920e+02 1.455300903123068395e+02 1.038365801188548403e+02
3.276324123427426116e+02 1.455296965516108401e+02 1.038342888976335558e+02
3.276650614088861744e+02 1.455293027909148122e+02 1.038319976764122714e+02
3.276977104750297940e+02 1.455289090302188129e+02 1.038297064551909870e+02
3.277303595411734136e+02 1.455285152695228135e+02 1.038274152339696883e+02
3.277630086073170332e+02 1.455281215088267857e+02 1.038251240127484039e+02
3.277956576734606529e+02 1.455277277481307863e+02 1.038228327915271194e+02
3.278283067396042725e+02 1.455273339874347585e+02 1.038205415703058350e+02
3.278609558057478921e+02 1.455269402267387591e+02 1.038182503490845363e+02
3.278936048718915117e+02 1.455265464660427597e+02 1.038159591278632519e+02
3.279262539380350745e+02 1.455261527053467319e+02 1.038136679066419674e+02
3.279589030041786941e+02 1.455257589446507325e+02 1.038113766854206830e+02
3.279915520703223137e+02 1.455253651839547047e+02 1.038090854641993843e+02
3.280242011364659334e+02 1.455249714232587053e+02 1.038067942429780999e+02
3.280242011364659334e+02 1.455249714232587053e+02 1.038067942429780999e+02
3.280547658712559382e+02 1.455230388132319206e+02 1.037975139639816859e+02
3.280853306060458863e+02 1.455211062032051075e+02 1.037882336849852578e+02
3.281158953408358911e+02 1.455191735931783228e+02 1.037789534059888439e+02
3.281464600756258392e+02 1.455172409831515097e+02 1.037696731269924300e+02
3.281770248104158441e+02 1.455153083731247250e+02 1.037603928479960160e+02
3.282075895452057921e+02 1.455133757630979119e+02 1.037511125689995879e+02
3.282381542799957970e+02 1.455114431530711272e+02 1.037418322900031740e+02
3.282687190147857450e+02 1.455095105430443141e+02 1.037325520110067600e+02
3.282992837495757499e+02 1.455075779330175294e+02 1.037232717320103461e+02
3.283298484843656979e+02 1.455056453229907163e+02 1.037139914530139180e+02
3.283604132191557028e+02 1.455037127129639316e+02 1.037047111740175040e+02
3.283909779539456508e+02 1.455017801029371185e+02 1.036954308950210901e+02
3.284215426887356557e+02 1.454998474929103338e+02 1.036861506160246762e+02
3.284521074235256037e+02 1.454979148828835207e+02 1.036768703370282481e+02
3.284826721583156086e+02 1.454959822728567360e+02 1.036675900580318341e+02
3.285132368931055566e+02 1.454940496628299229e+02 1.036583097790354202e+02
3.285438016278955615e+02 1.454921170528031382e+02 1.036490295000390063e+02
3.285743663626855096e+02 1.454901844427763251e+02 1.036397492210425781e+02
3.286049310974755144e+02 1.454882518327495404e+02 1.036304689420461642e+02
3.286049310974755144e+02 1.454882518327495404e+02 1.036304689420461642e+02
3.286347800565615103e+02 1.454888343549779961e+02 1.036164115172750115e+02
3.286646290156475629e+02 1.454894168772064802e+02 1.036023540925038446e+02
3.286944779747335588e+02 1.454899993994349359e+02 1.035882966677326920e+02
3.287243269338195546e+02 1.454905819216633915e+02 1.035742392429615251e+02
3.287541758929056073e+02 1.454911644438918756e+02 1.035601818181903724e+02
3.287840248519916031e+02 1.454917469661203313e+02 1.035461243934192055e+02
3.288138738110775989e+02 1.454923294883488154e+02 1.035320669686480528e+02
3.288437227701636516e+02 1.454929120105772711e+02 1.035180095438769001e+02
3.288735717292496474e+02 1.454934945328057267e+02 1.035039521191057332e+02
3.289034206883356433e+02 1.454940770550342108e+02 1.034898946943345805e+02
3.289332696474216391e+02 1.454946595772626665e+02 1.034758372695634137e+02
3.289631186065076918e+02 1.454952420994911222e+02 1.034617798447922610e+02
3.289929675655936876e+02 1.454958246217196063e+02 1.034477224200211083e+02
3.290228165246796834e+02 1.454964071439480620e+02 1.034336649952499414e+02
3.290526654837657361e+02 1.454969896661765461e+02 1.034196075704787887e+02
3.290825144428517319e+02 1.454975721884050017e+02 1.034055501457076218e+02
3.291123634019377278e+02 1.454981547106334574e+02 1.033914927209364691e+02
3.291422123610237804e+02 1.454987372328619415e+02 1.033774352961653022e+02
3.291720613201097763e+02 1.454993197550903972e+02 1.033633778713941496e+02
3.291720613201097763e+02 1.454993197550903972e+02 1.033633778713941496e+02
3.292012122436789241e+02 1.454998886546929100e+02 1.033496491877940855e+02
3.292303631672480719e+02 1.455004575542954228e+02 1.033359205041940356e+02
3.292595140908172198e+02 1.455010264538979357e+02 1.033221918205939716e+02
3.292886650143863676e+02 1.455015953535004201e+02 1.033084631369939075e+02
3.293178159379554586e+02 1.455021642531029329e+02 1.032947344533938576e+02
3.293469668615246064e+02 1.455027331527054457e+02 1.032810057697937935e+02
3.293761177850937543e+02 1.455033020523079585e+02 1.032672770861937295e+02
3.294052687086629021e+02 1.455038709519104714e+02 1.032535484025936796e+02
3.294344196322320499e+02 1.455044398515129842e+02 1.032398197189936155e+02
3.294635705558011978e+02 1.455050087511154686e+02 1.032260910353935515e+02
3.294927214793703456e+02 1.455055776507179814e+02 1.032123623517935016e+02
3.295218724029394934e+02 1.455061465503204943e+02 1.031986336681934375e+02
3.295510233265085844e+02 1.455067154499230071e+02 1.031849049845933735e+02
3.295801742500777323e+02 1.455072843495255199e+02 1.031711763009933236e+02
3.296093251736468801e+02 1.455078532491280328e+02 1.031574476173932595e+02
3.296384760972160279e+02 1.455084221487305456e+02 1.031437189337932097e+02
3.296676270207851758e+02 1.455089910483330300e+02 1.031299902501931456e+02
3.296967779443543236e+02 1.455095599479355428e+02 1.031162615665930815e+02
3.297259288679234714e+02 1.455101288475380557e+02 1.031025328829930316e+02
3.297550797914926193e+02 1.455106977471405685e+02 1.030888041993929676e+02
3.297842307150617671e+02 1.455112666467430813e+02 1.030750755157929035e+02
3.298133816386308581e+02 1.455118355463455941e+02 1.030613468321928536e+02
3.298425325622000059e+02 1.455124044459480785e+02 1.030476181485927896e+02
3.298716834857691538e+02 1.455129733455505914e+02 1.030338894649927255e+02
3.299008344093383016e+02 1.455135422451531042e+02 1.030201607813926756e+02
3.299299853329074494e+02 1.455141111447556170e+02 1.030064320977926116e+02
3.299299853329074494e+02 1.455141111447556170e+02 1.030064320977926116e+02
3.299489644761649174e+02 1.455337497123479409e+02 1.029907481129991424e+02
3.299679436194224422e+02 1.455533882799402647e+02 1.029750641282056733e+02
3.299869227626799102e+02 1.455730268475325886e+02 1.029593801434122184e+02
3.300059019059374350e+02 1.455926654151248840e+02 1.029436961586187493e+02
3.300248810491949030e+02 1.456123039827172079e+02 1.029280121738252802e+02
3.300438601924523709e+02 1.456319425503095317e+02 1.029123281890318111e+02
3.300628393357098957e+02 1.456515811179018556e+02 1.028966442042383562e+02
3.300818184789673637e+02 1.456712196854941794e+02 1.028809602194448871e+02
3.301007976222248317e+02 1.456908582530865033e+02 1.028652762346514180e+02
3.301197767654823565e+02 1.457104968206788271e+02 1.028495922498579489e+02
3.301387559087398245e+02 1.457301353882711226e+02 1.028339082650644940e+02
3.301577350519973493e+02 1.457497739558634464e+02 1.028182242802710249e+02
3.301767141952548172e+02 1.457694125234557703e+02 1.028025402954775558e+02
3.301956933385122852e+02 1.457890510910480941e+02 1.027868563106840867e+02
3.302146724817698100e+02 1.458086896586404180e+02 1.027711723258906318e+02
3.302336516250272780e+02 1.458283282262327418e+02 1.027554883410971627e+02
3.302526307682847460e+02 1.458479667938250657e+02 1.027398043563036936e+02
3.302716099115422708e+02 1.458676053614173895e+02 1.027241203715102245e+02
3.302905890547997387e+02 1.458872439290096850e+02 1.027084363867167696e+02
3.303095681980572635e+02 1.459068824966020088e+02 1.026927524019233005e+02
3.303285473413147315e+02 1.459265210641943327e+02 1.026770684171298313e+02
3.303475264845721995e+02 1.459461596317866565e+02 1.026613844323363622e+02
3.303665056278297243e+02 1.459657981993789804e+02 1.026457004475429073e+02
3.303854847710871923e+02 1.459854367669713042e+02 1.026300164627494382e+02
3.304044639143446602e+02 1.460050753345636281e+02 1.026143324779559691e+02
3.304234430576021850e+02 1.460247139021559235e+02 1.025986484931625000e+02
3.304424222008596530e+02 1.460443524697482474e+02 1.025829645083690451e+02
3.304614013441171778e+02 1.460639910373405712e+02 1.025672805235755760e+02
3.304803804873746458e+02 1.460836296049328951e+02 1.025515965387821069e+02
3.304803804873746458e+02 1.460836296049328951e+02 1.025515965387821069e+02
3.304708756373864276e+02 1.461085195256573286e+02 1.025345919351386925e+02
3.304613707873981525e+02 1.461334094463817337e+02 1.025175873314952781e+02
3.304518659374099343e+02 1.461582993671061672e+02 1.025005827278518495e+02
3.304423610874217161e+02 1.461831892878305723e+02 1.024835781242084352e+02
3.304328562374334979e+02 1.462080792085550058e+02 1.024665735205650208e+02
3.304233513874452228e+02 1.462329691292794109e+02 1.024495689169216064e+02
3.304138465374570046e+02 1.462578590500038445e+02 1.024325643132781920e+02
3.304043416874687864e+02 1.462827489707282496e+02 1.024155597096347634e+02
3.303948368374805113e+02 1.463076388914526831e+02 1.023985551059913490e+02
3.303853319874922931e+02 1.463325288121770882e+02 1.023815505023479346e+02
3.303758271375040749e+02 1.463574187329015217e+02 1.023645458987045203e+02
3.303663222875158567e+02 1.463823086536259268e+02 1.023475412950611059e+02
3.303568174375275817e+02 1.464071985743503603e+02 1.023305366914176773e+02
3.303473125875393634e+02 1.464320884950747654e+02 1.023135320877742629e+02
3.303378077375511452e+02 1.464569784157991990e+02 1.022965274841308485e+02
3.303283028875629270e+02 1.464818683365236041e+02 1.022795228804874341e+02
3.303187980375746520e+02 1.465067582572480376e+02 1.022625182768440197e+02
3.303092931875864338e+02 1.465316481779724427e+02 1.022455136732005911e+02
3.302997883375982155e+02 1.465565380986968762e+02 1.022285090695571768e+02
3.302902834876099405e+02 1.465814280194212813e+02 1.022115044659137624e+02
3.302807786376217223e+02 1.466063179401457148e+02 1.021944998622703480e+02
3.302712737876335041e+02 1.466312078608701199e+02 1.021774952586269336e+02
3.302617689376452859e+02 1.466560977815945535e+02 1.021604906549835050e+02
3.302522640876570108e+02 1.466809877023189586e+02 1.021434860513400906e+02
3.302427592376687926e+02 1.467058776230433921e+02 1.021264814476966762e+02
3.302427592376687926e+02 1.467058776230433921e+02 1.021264814476966762e+02
3.302416709959917966e+02 1.467377335513548644e+02 1.021266726982040041e+02
3.302405827543148007e+02 1.467695894796663083e+02 1.021268639487113177e+02
3.302394945126377479e+02 1.468014454079777806e+02 1.021270551992186313e+02
3.302384062709607520e+02 1.468333013362892530e+02 1.021272464497259591e+02
3.302373180292837560e+02 1.468651572646007253e+02 1.021274377002332869e+02
3.302362297876067601e+02 1.468970131929121976e+02 1.021276289507406005e+02
3.302351415459297641e+02 1.469288691212236415e+02 1.021278202012479142e+02
3.302340533042527113e+02 1.469607250495351138e+02 1.021280114517552420e+02
3.302329650625757154e+02 1.469925809778465862e+02 1.021282027022625698e+02
3.302318768208987194e+02 1.470244369061580301e+02 1.021283939527698834e+02
3.302307885792217235e+02 1.470562928344695024e+02 1.021285852032771970e+02
3.302297003375446707e+02 1.470881487627809747e+02 1.021287764537845248e+02
3.302286120958676747e+02 1.471200046910924470e+02 1.021289677042918527e+02
3.302275238541906788e+02 1.471518606194039194e+02 1.021291589547991663e+02
3.302264356125136828e+02 1.471837165477153633e+02 1.021293502053064799e+02
3.302253473708366869e+02 1.472155724760268356e+02 1.021295414558138077e+02
3.302242591291596341e+02 1.472474284043383079e+02 1.021297327063211355e+02
3.302231708874826381e+02 1.472792843326497518e+02 1.021299239568284491e+02
3.302220826458056422e+02 1.473111402609612242e+02 1.021301152073357628e+02
3.302209944041286462e+02 1.473429961892726965e+02 1.021303064578430906e+02
3.302199061624515934e+02 1.473748521175841688e+02 1.021304977083504184e+02
3.302188179207745975e+02 1.474067080458956411e+02 1.021306889588577320e+02
3.302177296790976015e+02 1.474385639742070850e+02 1.021308802093650456e+02
3.302166414374206056e+02 1.474704199025185574e+02 1.021310714598723735e+02
3.302155531957436096e+02 1.475022758308300297e+02 1.021312627103797013e+02
3.302144649540665569e+02 1.475341317591414736e+02 1.021314539608870149e+02
3.302133767123895609e+02 1.475659876874529459e+02 1.021316452113943285e+02
3.302122884707125650e+02 1.475978436157644182e+02 1.021318364619016563e+02
3.302122884707125650e+02 1.475978436157644182e+02 1.021318364619016563e+02
3.302112321299382529e+02 1.476287657139436078e+02 1.021320221060588835e+02
3.302101757891639409e+02 1.476596878121227974e+02 1.021322077502161108e+02
3.302091194483896288e+02 1.476906099103019585e+02 1.021323933943733522e+02
3.302080631076153168e+02 1.477215320084811481e+02 1.021325790385305794e+02
3.302070067668410047e+02 1.477524541066603376e+02 1.021327646826878066e+02
3.302059504260666358e+02 1.477833762048394988e+02 1.021329503268450480e+02
3.302048940852923238e+02 1.478142983030186883e+02 1.021331359710022753e+02
3.302038377445180117e+02 1.478452204011978779e+02 1.021333216151595025e+02
3.302027814037436997e+02 1.478761424993770675e+02 1.021335072593167297e+02
3.302017250629693876e+02 1.479070645975562570e+02 1.021336929034739569e+02
3.302006687221950756e+02 1.479379866957354182e+02 1.021338785476311983e+02
3.301996123814207635e+02 1.479689087939146077e+02 1.021340641917884255e+02
3.301985560406464515e+02 1.479998308920937973e+02 1.021342498359456528e+02
3.301974996998721394e+02 1.480307529902729584e+02 1.021344354801028942e+02
3.301964433590978274e+02 1.480616750884521480e+02 1.021346211242601214e+02
3.301953870183234585e+02 1.480925971866313375e+02 1.021348067684173486e+02
3.301943306775491465e+02 1.481235192848105271e+02 1.021349924125745758e+02
3.301932743367748344e+02 1.481544413829897167e+02 1.021351780567318031e+02
3.301922179960005224e+02 1.481853634811688778e+02 1.021353637008890445e+02
3.301911616552262103e+02 1.482162855793480674e+02 1.021355493450462717e+02
3.301901053144518983e+02 1.482472076775272569e+02 1.021357349892034989e+02
3.301890489736775862e+02 1.482781297757064181e+02 1.021359206333607403e+02
3.301879926329032742e+02 1.483090518738856076e+02 1.021361062775179676e+02
3.301869362921289621e+02 1.483399739720647972e+02 1.021362919216751948e+02
3.301858799513546501e+02 1.483708960702439867e+02 1.021364775658324220e+02
3.301848236105803380e+02 1.484018181684231763e+02 1.021366632099896492e+02
3.301837672698059691e+02 1.484327402666023374e+02 1.021368488541468906e+02
3.301827109290316571e+02 1.484636623647815270e+02 1.021370344983041178e+02
3.301816545882573450e+02 1.484945844629607166e+02 1.021372201424613451e+02
3.301805982474830330e+02 1.485255065611398777e+02 1.021374057866185865e+02
3.301795419067087209e+02 1.485564286593190673e+02 1.021375914307758137e+02
3.301784855659344089e+02 1.485873507574982568e+02 1.021377770749330409e+02
3.301784855659344089e+02 1.485873507574982568e+02 1.021377770749330409e+02
3.301865146241465254e+02 1.486034830380076244e+02 1.021637870323777122e+02
3.301945436823586988e+02 1.486196153185169919e+02 1.021897969898223835e+02
3.302025727405708153e+02 1.486357475990263595e+02 1.022158069472670405e+02
3.302106017987829318e+02 1.486518798795357270e+02 1.022418169047117118e+02
3.302186308569951052e+02 1.486680121600450661e+02 1.022678268621563831e+02
3.302266599152072217e+02 1.486841444405544337e+02 1.022938368196010543e+02
3.302346889734193383e+02 1.487002767210638012e+02 1.023198467770457114e+02
3.302427180316315116e+02 1.487164090015731688e+02 1.023458567344903827e+02
3.302507470898436281e+02 1.487325412820825363e+02 1.023718666919350540e+02
3.302587761480557447e+02 1.487486735625919039e+02 1.023978766493797252e+02
3.302668052062679180e+02 1.487648058431012714e+02 1.024238866068243823e+02
3.302748342644800346e+02 1.487809381236106390e+02 1.024498965642690536e+02
3.302828633226921511e+02 1.487970704041200065e+02 1.024759065217137248e+02
3.302908923809043245e+02 1.488132026846293741e+02 1.025019164791583961e+02
3.302989214391164410e+02 1.488293349651387416e+02 1.025279264366030532e+02
3.303069504973285575e+02 1.488454672456480807e+02 1.025539363940477244e+02
3.303149795555407309e+02 1.488615995261574483e+02 1.025799463514923957e+02
3.303230086137528474e+02 1.488777318066668158e+02 1.026059563089370670e+02
3.303310376719649639e+02 1.488938640871761834e+02 1.026319662663817383e+02
3.303390667301771373e+02 1.489099963676855509e+02 1.026579762238263953e+02
3.303470957883892538e+02 1.489261286481949185e+02 1.026839861812710666e+02
3.303551248466013703e+02 1.489422609287042860e+02 1.027099961387157379e+02
3.303631539048135437e+02 1.489583932092136536e+02 1.027360060961604091e+02
3.303711829630256602e+02 1.489745254897230211e+02 1.027620160536050662e+02
3.303792120212377768e+02 1.489906577702323602e+02 1.027880260110497375e+02
3.303872410794499501e+02 1.490067900507417278e+02 1.028140359684944087e+02
3.303952701376620666e+02 1.490229223312510953e+02 1.028400459259390800e+02
3.304032991958741832e+02 1.490390546117604629e+02 1.028660558833837371e+02
3.304113282540863565e+02 1.490551868922698304e+02 1.028920658408284083e+02
3.304193573122984731e+02 1.490713191727791980e+02 1.029180757982730796e+02
3.304193573122984731e+02 1.490713191727791980e+02 1.029180757982730796e+02
3.304291748642949074e+02 1.491013461223997183e+02 1.029172541500854408e+02
3.304389924162913985e+02 1.491313730720202386e+02 1.029164325018978019e+02
3.304488099682878328e+02 1.491614000216407874e+02 1.029156108537101630e+02
3.304586275202843240e+02 1.491914269712613077e+02 1.029147892055225242e+02
3.304684450722807583e+02 1.492214539208818280e+02 1.029139675573348995e+02
3.304782626242772494e+02 1.492514808705023484e+02 1.029131459091472607e+02
3.304880801762736837e+02 1.492815078201228971e+02 1.029123242609596218e+02
3.304978977282701749e+02 1.493115347697434174e+02 1.029115026127719830e+02
3.305077152802666092e+02 1.493415617193639378e+02 1.029106809645843441e+02
3.305175328322630435e+02 1.493715886689844581e+02 1.029098593163967053e+02
3.305273503842595346e+02 1.494016156186050068e+02 1.029090376682090664e+02
3.305371679362559689e+02 1.494316425682255272e+02 1.029082160200214275e+02
3.305469854882524601e+02 1.494616695178460475e+02 1.029073943718338029e+02
3.305568030402488944e+02 1.494916964674665678e+02 1.029065727236461640e+02
3.305666205922453855e+02 1.495217234170871166e+02 1.029057510754585252e+02
3.305764381442418198e+02 1.495517503667076369e+02 1.029049294272708863e+02
3.305862556962382541e+02 1.495817773163281572e+02 1.029041077790832475e+02
3.305960732482347453e+02 1.496118042659486775e+02 1.029032861308956086e+02
3.306058908002311796e+02 1.496418312155692263e+02 1.029024644827079698e+02
3.306157083522276707e+02 1.496718581651897466e+02 1.029016428345203309e+02
3.306255259042241050e+02 1.497018851148102669e+02 1.029008211863327062e+02
3.306353434562205962e+02 1.497319120644307873e+02 1.028999995381450674e+02
3.306451610082170305e+02 1.497619390140513360e+02 1.028991778899574285e+02
3.306549785602135216e+02 1.497919659636718563e+02 1.028983562417697897e+02
3.306647961122099559e+02 1.498219929132923767e+02 1.028975345935821508e+02
3.306647961122099559e+02 1.498219929132923767e+02 1.028975345935821508e+02
3.306835167880670383e+02 1.498413640331161218e+02 1.028820642010843471e+02
3.307022374639240638e+02 1.498607351529398670e+02 1.028665938085865292e+02
3.307209581397811462e+02 1.498801062727636122e+02 1.028511234160887255e+02
3.307396788156381717e+02 1.498994773925873289e+02 1.028356530235909077e+02
3.307583994914952541e+02 1.499188485124110741e+02 1.028201826310931040e+02
3.307771201673523365e+02 1.499382196322348193e+02 1.028047122385952861e+02
3.307958408432093620e+02 1.499575907520585645e+02 1.027892418460974824e+02
3.308145615190664444e+02 1.499769618718823097e+02 1.027737714535996645e+02
3.308332821949234699e+02 1.499963329917060548e+02 1.027583010611018608e+02
3.308520028707805523e+02 1.500157041115298000e+02 1.027428306686040429e+02
3.308707235466376346e+02 1.500350752313535452e+02 1.027273602761062392e+02
3.308894442224946602e+02 1.500544463511772619e+02 1.027118898836084213e+02
3.309081648983517425e+02 1.500738174710010071e+02 1.026964194911106176e+02
3.309268855742087680e+02 1.500931885908247523e+02 1.026809490986128139e+02
3.309456062500658504e+02 1.501125597106484975e+02 1.026654787061149960e+02
3.309643269259229328e+02 1.501319308304722426e+02 1.026500083136171924e+02
3.309830476017799583e+02 1.501513019502959878e+02 1.026345379211193745e+02
3.310017682776370407e+02 1.501706730701197330e+02 1.026190675286215708e+02
3.310204889534940662e+02 1.501900441899434497e+02 1.026035971361237529e+02
3.310392096293511486e+02 1.502094153097671949e+02 1.025881267436259492e+02
3.310579303052081741e+02 1.502287864295909401e+02 1.025726563511281313e+02
3.310766509810652565e+02 1.502481575494146853e+02 1.025571859586303276e+02
3.310953716569223388e+02 1.502675286692384304e+02 1.025417155661325097e+02
3.311140923327793644e+02 1.502868997890621756e+02 1.025262451736347060e+02
3.311328130086364467e+02 1.503062709088859208e+02 1.025107747811369023e+02
3.311515336844934723e+02 1.503256420287096375e+02 1.024953043886390844e+02
3.311702543603505546e+02 1.503450131485333827e+02 1.024798339961412807e+02
3.311889750362076370e+02 1.503643842683571279e+02 1.024643636036434629e+02
3.312076957120646625e+02 1.503837553881808731e+02 1.024488932111456592e+02
3.312264163879217449e+02 1.504031265080046182e+02 1.024334228186478413e+02
3.312451370637787704e+02 1.504224976278283634e+02 1.024179524261500376e+02
3.312638577396358528e+02 1.504418687476521086e+02 1.024024820336522197e+02
3.312825784154929352e+02 1.504612398674758538e+02 1.023870116411544160e+02
3.313012990913499607e+02 1.504806109872995705e+02 1.023715412486565981e+02
3.313200197672070431e+02 1.504999821071233157e+02 1.023560708561587944e+02
3.313387404430640686e+02 1.505193532269470609e+02 1.023406004636609765e+02
3.313574611189211510e+02 1.505387243467708061e+02 1.023251300711631728e+02
3.313574611189211510e+02 1.505387243467708061e+02 1.023251300711631728e+02
3.313770601231977935e+02 1.505585208908696018e+02 1.023385498250211896e+02
3.313966591274744360e+02 1.505783174349683975e+02 1.023519695788792205e+02
3.314162581317510217e+02 1.505981139790672216e+02 1.023653893327372373e+02
3.314358571360276642e+02 1.506179105231660174e+02 1.023788090865952540e+02
3.314554561403043067e+02 1.506377070672648131e+02 1.023922288404532850e+02
3.314750551445809492e+02 1.506575036113636088e+02 1.024056485943113017e+02
3.314946541488575349e+02 1.506773001554624045e+02 1.024190683481693185e+02
3.315142531531341774e+02 1.506970966995612287e+02 1.024324881020273494e+02
3.315338521574108199e+02 1.507168932436600244e+02 1.024459078558853662e+02
3.315534511616874624e+02 1.507366897877588201e+02 1.024593276097433829e+02
3.315730501659640481e+02 1.507564863318576158e+02 1.024727473636014139e+02
3.315926491702406906e+02 1.507762828759564115e+02 1.024861671174594306e+02
3.316122481745173332e+02 1.507960794200552357e+02 1.024995868713174474e+02
3.316318471787939757e+02 1.508158759641540314e+02 1.025130066251754783e+02
3.316514461830705613e+02 1.508356725082528271e+02 1.025264263790334951e+02
3.316710451873472039e+02 1.508554690523516228e+02 1.025398461328915118e+02
3.316906441916238464e+02 1.508752655964504186e+02 1.025532658867495428e+02
3.317102431959004889e+02 1.508950621405492427e+02 1.025666856406075595e+02
3.317298422001770746e+02 1.509148586846480384e+02 1.025801053944655763e+02
3.317494412044537171e+02 1.509346552287468342e+02 1.025935251483236073e+02
3.317690402087303596e+02 1.509544517728456299e+02 1.026069449021816240e+02
3.317886392130070021e+02 1.509742483169444256e+02 1.026203646560396407e+02
3.318082382172835878e+02 1.509940448610432497e+02 1.026337844098976717e+02
3.318278372215602303e+02 1.510138414051420455e+02 1.026472041637556885e+02
3.318474362258368728e+02 1.510336379492408412e+02 1.026606239176137052e+02
3.318670352301135154e+02 1.510534344933396369e+02 1.026740436714717220e+02
3.318866342343901010e+02 1.510732310374384610e+02 1.026874634253297529e+02
3.319062332386667435e+02 1.510930275815372568e+02 1.027008831791877697e+02
3.319258322429433861e+02 1.511128241256360525e+02 1.027143029330457864e+02
3.319454312472200286e+02 1.511326206697348482e+02 1.027277226869038174e+02
3.319650302514966143e+02 1.511524172138336439e+02 1.027411424407618341e+02
3.319846292557732568e+02 1.511722137579324681e+02 1.027545621946198509e+02
3.320042282600498993e+02 1.511920103020312638e+02 1.027679819484778818e+02
3.320238272643265418e+02 1.512118068461300595e+02 1.027814017023358986e+02
3.320434262686031275e+02 1.512316033902288552e+02 1.027948214561939153e+02
3.320630252728797700e+02 1.512513999343276510e+02 1.028082412100519463e+02
3.320826242771564125e+02 1.512711964784264751e+02 1.028216609639099630e+02
3.321022232814330550e+02 1.512909930225252708e+02 1.028350807177679798e+02
3.321218222857096407e+02 1.513107895666240665e+02 1.028485004716260107e+02
3.321414212899862832e+02 1.513305861107228623e+02 1.028619202254840275e+02
3.321610202942629257e+02 1.513503826548216580e+02 1.028753399793420442e+02
3.321806192985395683e+02 1.513701791989204821e+02 1.028887597332000752e+02
3.322002183028161539e+02 1.513899757430192778e+02 1.029021794870580919e+02
3.322198173070927965e+02 1.514097722871180736e+02 1.029155992409161087e+02
3.322394163113694390e+02 1.514295688312168693e+02 1.029290189947741396e+02
3.322590153156460815e+02 1.514493653753156650e+02 1.029424387486321564e+02
3.322786143199226672e+02 1.514691619194144891e+02 1.029558585024901731e+02
3.322982133241993097e+02 1.514889584635132849e+02 1.029692782563482041e+02
3.323178123284759522e+02 1.515087550076120806e+02 1.029826980102062208e+02
3.323178123284759522e+02 1.515087550076120806e+02 1.029826980102062208e+02
3.323474600687266047e+02 1.515191788401660915e+02 1.029815029280231471e+02
3.323771078089772573e+02 1.515296026727200740e+02 1.029803078458400876e+02
3.324067555492279098e+02 1.515400265052740849e+02 1.029791127636570138e+02
3.324364032894785623e+02 1.515504503378280958e+02 1.029779176814739543e+02
3.324660510297292149e+02 1.515608741703820783e+02 1.029767225992908806e+02
3.324956987699798674e+02 1.515712980029360892e+02 1.029755275171078210e+02
3.325253465102304631e+02 1.515817218354901001e+02 1.029743324349247473e+02
3.325549942504811156e+02 1.515921456680440826e+02 1.029731373527416736e+02
3.325846419907317681e+02 1.516025695005980936e+02 1.029719422705586140e+02
3.326142897309824207e+02 1.516129933331521045e+02 1.029707471883755403e+02
3.326439374712330732e+02 1.516234171657060870e+02 1.029695521061924808e+02
3.326735852114837257e+02 1.516338409982600979e+02 1.029683570240094070e+02
3.327032329517343783e+02 1.516442648308141088e+02 1.029671619418263333e+02
3.327328806919850308e+02 1.516546886633680913e+02 1.029659668596432738e+02
3.327625284322356833e+02 1.516651124959221022e+02 1.029647717774602000e+02
3.327921761724863359e+02 1.516755363284760847e+02 1.029635766952771405e+02
3.328218239127369884e+02 1.516859601610300956e+02 1.029623816130940668e+02
3.328514716529876409e+02 1.516963839935841065e+02 1.029611865309110073e+02
3.328811193932382935e+02 1.517068078261380890e+02 1.029599914487279335e+02
3.329107671334888892e+02 1.517172316586920999e+02 1.029587963665448598e+02
3.329404148737395417e+02 1.517276554912461108e+02 1.029576012843618003e+02
3.329700626139901942e+02 1.517380793238000933e+02 1.029564062021787265e+02
3.329997103542408468e+02 1.517485031563541042e+02 1.029552111199956670e+02
3.330293580944914993e+02 1.517589269889081152e+02 1.029540160378125933e+02
3.330590058347421518e+02 1.517693508214620977e+02 1.029528209556295337e+02
3.330886535749928044e+02 1.517797746540161086e+02 1.029516258734464600e+02
3.330886535749928044e+02 1.517797746540161086e+02 1.029516258734464600e+02
3.331182880040515215e+02 1.517901938064955232e+02 1.029504313278293495e+02
3.331479224331102387e+02 1.518006129589749094e+02 1.029492367822122532e+02
3.331775568621688990e+02 1.518110321114543240e+02 1.029480422365951426e+02
3.332071912912276161e+02 1.518214512639337386e+02 1.029468476909780463e+02
3.332368257202863333e+02 1.518318704164131532e+02 1.029456531453609358e+02
3.332664601493450505e+02 1.518422895688925394e+02 1.029444585997438395e+02
3.332960945784037108e+02 1.518527087213719540e+02 1.029432640541267290e+02
3.333257290074624279e+02 1.518631278738513686e+02 1.029420695085096327e+02
3.333553634365211451e+02 1.518735470263307548e+02 1.029408749628925221e+02
3.333849978655798623e+02 1.518839661788101694e+02 1.029396804172754258e+02
3.334146322946385226e+02 1.518943853312895840e+02 1.029384858716583153e+02
3.334442667236972397e+02 1.519048044837689986e+02 1.029372913260412190e+02
3.334739011527559569e+02 1.519152236362483848e+02 1.029360967804241085e+02
3.335035355818146741e+02 1.519256427887277994e+02 1.029349022348070122e+02
3.335331700108733344e+02 1.519360619412072140e+02 1.029337076891899017e+02
3.335628044399320515e+02 1.519464810936866286e+02 1.029325131435728053e+02
3.335924388689907687e+02 1.519569002461660148e+02 1.029313185979556948e+02
3.336220732980494859e+02 1.519673193986454294e+02 1.029301240523385985e+02
3.336517077271081462e+02 1.519777385511248440e+02 1.029289295067214880e+02
3.336813421561668633e+02 1.519881577036042302e+02 1.029277349611043917e+02
3.337109765852255805e+02 1.519985768560836448e+02 1.029265404154872812e+02
3.337406110142842977e+02 1.520089960085630594e+02 1.029253458698701849e+02
3.337702454433429580e+02 1.520194151610424740e+02 1.029241513242530743e+02
3.337998798724016751e+02 1.520298343135218602e+02 1.029229567786359780e+02
3.338295143014603923e+02 1.520402534660012748e+02 1.029217622330188675e+02
3.338295143014603923e+02 1.520402534660012748e+02 1.029217622330188675e+02
3.338455608907777901e+02 1.520674901257463318e+02 1.029225844271286547e+02
3.338616074800951878e+02 1.520947267854913605e+02 1.029234066212384562e+02
3.338776540694125856e+02 1.521219634452364176e+02 1.029242288153482434e+02
3.338937006587299834e+02 1.521492001049814462e+02 1.029250510094580306e+02
3.339097472480473812e+02 1.521764367647265033e+02 1.029258732035678321e+02
3.339257938373647221e+02 1.522036734244715319e+02 1.029266953976776193e+02
3.339418404266821199e+02 1.522309100842165890e+02 1.029275175917874066e+02
3.339578870159995176e+02 1.522581467439616176e+02 1.029283397858972080e+02
3.339739336053169154e+02 1.522853834037066747e+02 1.029291619800069952e+02
3.339899801946343132e+02 1.523126200634517033e+02 1.029299841741167825e+02
3.340060267839517110e+02 1.523398567231967604e+02 1.029308063682265839e+02
3.340220733732691087e+02 1.523670933829417891e+02 1.029316285623363711e+02
3.340381199625865065e+02 1.523943300426868461e+02 1.029324507564461726e+02
3.340541665519039043e+02 1.524215667024318748e+02 1.029332729505559598e+02
3.340702131412213021e+02 1.524488033621769318e+02 1.029340951446657471e+02
3.340862597305386998e+02 1.524760400219219605e+02 1.029349173387755485e+02
3.341023063198560976e+02 1.525032766816670176e+02 1.029357395328853357e+02
3.341183529091734385e+02 1.525305133414120462e+02 1.029365617269951230e+02
3.341343994984908363e+02 1.525577500011571033e+02 1.029373839211049244e+02
3.341504460878082341e+02 1.525849866609021319e+02 1.029382061152147116e+02
3.341664926771256319e+02 1.526122233206471890e+02 1.029390283093244989e+02
3.341825392664430296e+02 1.526394599803922176e+02 1.029398505034343003e+02
3.341985858557604274e+02 1.526666966401372747e+02 1.029406726975440876e+02
3.341985858557604274e+02 1.526666966401372747e+02 1.029406726975440876e+02
3.342146777072371719e+02 1.526940101255559341e+02 1.029414972107934858e+02
3.342307695587139165e+02 1.527213236109745935e+02 1.029423217240428841e+02
3.342468614101906610e+02 1.527486370963932245e+02 1.029431462372922823e+02
3.342629532616674055e+02 1.527759505818118839e+02 1.029439707505416806e+02
3.342790451131441500e+02 1.528032640672305433e+02 1.029447952637910788e+02
3.342951369646208946e+02 1.528305775526492027e+02 1.029456197770404771e+02
3.343112288160975822e+02 1.528578910380678337e+02 1.029464442902898611e+02
3.343273206675743268e+02 1.528852045234864931e+02 1.029472688035392594e+02
3.343434125190510713e+02 1.529125180089051526e+02 1.029480933167886576e+02
3.343595043705278158e+02 1.529398314943238120e+02 1.029489178300380559e+02
3.343755962220045603e+02 1.529671449797424430e+02 1.029497423432874541e+02
3.343916880734813049e+02 1.529944584651611024e+02 1.029505668565368524e+02
3.344077799249580494e+02 1.530217719505797618e+02 1.029513913697862506e+02
3.344238717764347939e+02 1.530490854359984212e+02 1.029522158830356489e+02
3.344399636279115384e+02 1.530763989214170522e+02 1.029530403962850471e+02
3.344560554793882829e+02 1.531037124068357116e+02 1.029538649095344454e+02
3.344721473308650275e+02 1.531310258922543710e+02 1.029546894227838436e+02
3.344882391823417720e+02 1.531583393776730304e+02 1.029555139360332419e+02
3.345043310338184597e+02 1.531856528630916614e+02 1.029563384492826259e+02
3.345204228852952042e+02 1.532129663485103208e+02 1.029571629625320242e+02
3.345365147367719487e+02 1.532402798339289802e+02 1.029579874757814224e+02
3.345526065882486932e+02 1.532675933193476396e+02 1.029588119890308207e+02
3.345686984397254378e+02 1.532949068047662706e+02 1.029596365022802189e+02
3.345847902912021823e+02 1.533222202901849300e+02 1.029604610155296172e+02
3.346008821426789268e+02 1.533495337756035894e+02 1.029612855287790154e+02
3.346008821426789268e+02 1.533495337756035894e+02 1.029612855287790154e+02
3.346171324901485491e+02 1.533647146667566403e+02 1.029383459172898938e+02
3.346333828376181145e+02 1.533798955579096912e+02 1.029154063058007722e+02
3.346496331850877368e+02 1.533950764490627421e+02 1.028924666943116506e+02
3.346658835325573591e+02 1.534102573402157930e+02 1.028695270828225290e+02
3.346821338800269814e+02 1.534254382313688438e+02 1.028465874713334074e+02
3.346983842274965468e+02 1.534406191225218947e+02 1.028236478598442858e+02
3.347146345749661691e+02 1.534558000136749456e+02 1.028007082483551642e+02
3.347308849224357914e+02 1.534709809048279965e+02 1.027777686368660426e+02
3.347471352699054137e+02 1.534861617959810474e+02 1.027548290253769210e+02
3.347633856173749791e+02 1.535013426871340982e+02 1.027318894138877994e+02
3.347796359648446014e+02 1.535165235782871491e+02 1.027089498023986778e+02
3.347958863123142237e+02 1.535317044694401716e+02 1.026860101909095420e+02
3.348121366597837891e+02 1.535468853605932225e+02 1.026630705794204204e+02
3.348283870072534114e+02 1.535620662517462733e+02 1.026401309679312988e+02
3.348446373547230337e+02 1.535772471428993242e+02 1.026171913564421772e+02
3.348608877021926560e+02 1.535924280340523751e+02 1.025942517449530555e+02
3.348771380496622214e+02 1.536076089252054260e+02 1.025713121334639339e+02
3.348933883971318437e+02 1.536227898163584769e+02 1.025483725219748123e+02
3.349096387446014660e+02 1.536379707075115277e+02 1.025254329104856907e+02
3.349258890920710883e+02 1.536531515986645786e+02 1.025024932989965691e+02
3.349421394395406537e+02 1.536683324898176295e+02 1.024795536875074475e+02
3.349583897870102760e+02 1.536835133809706804e+02 1.024566140760183259e+02
3.349583897870102760e+02 1.536835133809706804e+02 1.024566140760183259e+02
3.349745461639038808e+02 1.536986064858724887e+02 1.024338071169853066e+02
3.349907025407975425e+02 1.537136995907743255e+02 1.024110001579523015e+02
3.350068589176911473e+02 1.537287926956761339e+02 1.023881931989192822e+02
3.350230152945847522e+02 1.537438858005779423e+02 1.023653862398862771e+02
3.350391716714783570e+02 1.537589789054797507e+02 1.023425792808532577e+02
3.350553280483720187e+02 1.537740720103815875e+02 1.023197723218202526e+02
3.350714844252656235e+02 1.537891651152833958e+02 1.022969653627872333e+02
3.350876408021592283e+02 1.538042582201852042e+02 1.022741584037542282e+02
3.351037971790528900e+02 1.538193513250870410e+02 1.022513514447212088e+02
3.351199535559464948e+02 1.538344444299888494e+02 1.022285444856882037e+02
3.351361099328400996e+02 1.538495375348906578e+02 1.022057375266551844e+02
3.351522663097337045e+02 1.538646306397924661e+02 1.021829305676221793e+02
3.351684226866273661e+02 1.538797237446943029e+02 1.021601236085891600e+02
3.351845790635209710e+02 1.538948168495961113e+02 1.021373166495561549e+02
3.352007354404145758e+02 1.539099099544979197e+02 1.021145096905231355e+02
3.352168918173082375e+02 1.539250030593997565e+02 1.020917027314901304e+02
3.352330481942018423e+02 1.539400961643015648e+02 1.020688957724571111e+02
3.352492045710954471e+02 1.539551892692033732e+02 1.020460888134241060e+02
3.352653609479890520e+02 1.539702823741051816e+02 1.020232818543910867e+02
3.352815173248827136e+02 1.539853754790070184e+02 1.020004748953580815e+02
3.352976737017763185e+02 1.540004685839088268e+02 1.019776679363250622e+02
3.352976737017763185e+02 1.540004685839088268e+02 1.019776679363250622e+02
3.353140201503751427e+02 1.540282142094569906e+02 1.019785054946054004e+02
3.353303665989739670e+02 1.540559598350051544e+02 1.019793430528857385e+02
3.353467130475727345e+02 1.540837054605533467e+02 1.019801806111660767e+02
3.353630594961715587e+02 1.541114510861015106e+02 1.019810181694464148e+02
3.353794059447703830e+02 1.541391967116496744e+02 1.019818557277267530e+02
3.353957523933692073e+02 1.541669423371978382e+02 1.019826932860070912e+02
3.354120988419679747e+02 1.541946879627460305e+02 1.019835308442874293e+02
3.354284452905667990e+02 1.542224335882941944e+02 1.019843684025677675e+02
3.354447917391656233e+02 1.542501792138423582e+02 1.019852059608481056e+02
3.354611381877644476e+02 1.542779248393905220e+02 1.019860435191284438e+02
3.354774846363632150e+02 1.543056704649387143e+02 1.019868810774087819e+02
3.354938310849620393e+02 1.543334160904868781e+02 1.019877186356891201e+02
3.355101775335608636e+02 1.543611617160350420e+02 1.019885561939694583e+02
3.355265239821596879e+02 1.543889073415832058e+02 1.019893937522497964e+02
3.355428704307585122e+02 1.544166529671313697e+02 1.019902313105301346e+02
3.355592168793572796e+02 1.544443985926795619e+02 1.019910688688104727e+02
3.355755633279561039e+02 1.544721442182277258e+02 1.019919064270908109e+02
3.355919097765549282e+02 1.544998898437758896e+02 1.019927439853711491e+02
3.356082562251537524e+02 1.545276354693240535e+02 1.019935815436514872e+02
3.356246026737525199e+02 1.545553810948722457e+02 1.019944191019318254e+02
3.356409491223513442e+02 1.545831267204204096e+02 1.019952566602121635e+02
3.356572955709501684e+02 1.546108723459685734e+02 1.019960942184925017e+02
3.356572955709501684e+02 1.546108723459685734e+02 1.019960942184925017e+02
3.356816052965716608e+02 1.546226849876286451e+02 1.019792018047204323e+02
3.357059150221930963e+02 1.546344976292886884e+02 1.019623093909483629e+02
3.357302247478145887e+02 1.546463102709487600e+02 1.019454169771762935e+02
3.357545344734360810e+02 1.546581229126088033e+02 1.019285245634042241e+02
3.357788441990575166e+02 1.546699355542688750e+02 1.019116321496321547e+02
3.358031539246790089e+02 1.546817481959289182e+02 1.018947397358600853e+02
3.358274636503005013e+02 1.546935608375889899e+02 1.018778473220880159e+02
3.358517733759219368e+02 1.547053734792490332e+02 1.018609549083159465e+02
3.358760831015434292e+02 1.547171861209091048e+02 1.018440624945438771e+02
3.359003928271649215e+02 1.547289987625691481e+02 1.018271700807718076e+02
3.359247025527863570e+02 1.547408114042292198e+02 1.018102776669997382e+02
3.359490122784078494e+02 1.547526240458892630e+02 1.017933852532276688e+02
3.359733220040293418e+02 1.547644366875493347e+02 1.017764928394555994e+02
3.359976317296507773e+02 1.547762493292094064e+02 1.017596004256835300e+02
3.360219414552722696e+02 1.547880619708694496e+02 1.017427080119114606e+02
3.360462511808937052e+02 1.547998746125295213e+02 1.017258155981393912e+02
3.360705609065151975e+02 1.548116872541895646e+02 1.017089231843673218e+02
3.360948706321366899e+02 1.548234998958496362e+02 1.016920307705952524e+02
3.361191803577581254e+02 1.548353125375096795e+02 1.016751383568231830e+02
3.361434900833796178e+02 1.548471251791697512e+02 1.016582459430511136e+02
3.361677998090011101e+02 1.548589378208297944e+02 1.016413535292790442e+02
3.361921095346225457e+02 1.548707504624898661e+02 1.016244611155069748e+02
3.362164192602440380e+02 1.548825631041499093e+02 1.016075687017349054e+02
3.362407289858655304e+02 1.548943757458099810e+02 1.015906762879628360e+02
3.362650387114869659e+02 1.549061883874700243e+02 1.015737838741907666e+02
3.362893484371084583e+02 1.549180010291300960e+02 1.015568914604186972e+02
