2.582533592224565382e+02 2.203904126830805126e+02 1.768416616600155749e+02
2.582762097528662366e+02 2.204052634423605639e+02 1.768711150309506195e+02
2.582990602832759350e+02 2.204201142016406152e+02 1.769005684018856641e+02
2.583219108136856335e+02 2.204349649609206665e+02 1.769300217728206803e+02
2.583447613440953319e+02 2.204498157202006894e+02 1.769594751437557250e+02
2.583676118745050303e+02 2.204646664794807407e+02 1.769889285146907696e+02
2.583904624049147287e+02 2.204795172387607920e+02 1.770183818856258142e+02
2.584133129353244271e+02 2.204943679980408433e+02 1.770478352565608589e+02
2.584361634657341256e+02 2.205092187573208946e+02 1.770772886274958751e+02
2.584590139961438240e+02 2.205240695166009459e+02 1.771067419984309197e+02
2.584818645265535793e+02 2.205389202758809688e+02 1.771361953693659643e+02
2.585047150569632777e+02 2.205537710351610201e+02 1.771656487403010090e+02
2.585275655873729761e+02 2.205686217944410714e+02 1.771951021112360252e+02
2.585504161177826745e+02 2.205834725537211227e+02 1.772245554821710698e+02
2.585732666481923729e+02 2.205983233130011740e+02 1.772540088531061144e+02
2.585961171786020714e+02 2.206131740722812253e+02 1.772834622240411591e+02
2.586189677090117698e+02 2.206280248315612482e+02 1.773129155949762037e+02
2.586418182394214682e+02 2.206428755908412995e+02 1.773423689659112199e+02
2.586646687698311666e+02 2.206577263501213508e+02 1.773718223368462645e+02
2.586875193002408651e+02 2.206725771094014021e+02 1.774012757077813092e+02
2.586875193002408651e+02 2.206725771094014021e+02 1.774012757077813092e+02
2.586853603228356064e+02 2.206880515980961661e+02 1.774203747895955985e+02
2.586832013454304047e+02 2.207035260867909301e+02 1.774394738714098878e+02
2.586810423680251461e+02 2.207190005754856941e+02 1.774585729532241771e+02
2.586788833906199443e+02 2.207344750641804580e+02 1.774776720350384664e+02
2.586767244132146857e+02 2.207499495528752220e+02 1.774967711168527558e+02
2.586745654358094839e+02 2.207654240415699860e+02 1.775158701986670451e+02
2.586724064584042253e+02 2.207808985302647216e+02 1.775349692804813344e+02
2.586702474809990235e+02 2.207963730189594855e+02 1.775540683622956237e+02
2.586680885035937649e+02 2.208118475076542495e+02 1.775731674441099130e+02
2.586659295261885632e+02 2.208273219963490135e+02 1.775922665259242024e+02
2.586637705487833045e+02 2.208427964850437775e+02 1.776113656077384917e+02
2.586616115713781028e+02 2.208582709737385414e+02 1.776304646895527810e+02
2.586594525939728442e+02 2.208737454624333054e+02 1.776495637713670703e+02
2.586572936165675856e+02 2.208892199511280694e+02 1.776686628531813597e+02
2.586551346391623838e+02 2.209046944398228334e+02 1.776877619349956490e+02
2.586529756617571252e+02 2.209201689285175974e+02 1.777068610168099383e+02
2.586508166843519234e+02 2.209356434172123613e+02 1.777259600986242276e+02
2.586486577069466648e+02 2.209511179059070969e+02 1.777450591804385169e+02
2.586464987295414630e+02 2.209665923946018609e+02 1.777641582622528063e+02
2.586443397521362044e+02 2.209820668832966248e+02 1.777832573440670956e+02
2.586421807747310027e+02 2.209975413719913888e+02 1.778023564258813849e+02
2.586400217973257440e+02 2.210130158606861528e+02 1.778214555076956742e+02
2.586378628199205423e+02 2.210284903493809168e+02 1.778405545895099635e+02
2.586357038425152837e+02 2.210439648380756807e+02 1.778596536713242529e+02
2.586357038425152837e+02 2.210439648380756807e+02 1.778596536713242529e+02
2.586374686785280232e+02 2.210666089047443847e+02 1.778833547269437076e+02
2.586392335145408197e+02 2.210892529714130603e+02 1.779070557825631624e+02
2.586409983505535592e+02 2.211118970380817643e+02 1.779307568381826172e+02
2.586427631865662988e+02 2.211345411047504683e+02 1.779544578938020720e+02
2.586445280225790384e+02 2.211571851714191439e+02 1.779781589494214984e+02
2.586462928585918348e+02 2.211798292380878479e+02 1.780018600050409532e+02
2.586480576946045744e+02 2.212024733047565519e+02 1.780255610606604080e+02
2.586498225306173140e+02 2.212251173714252275e+02 1.780492621162798628e+02
2.586515873666301104e+02 2.212477614380939315e+02 1.780729631718993176e+02
2.586533522026428500e+02 2.212704055047626355e+02 1.780966642275187723e+02
2.586551170386555896e+02 2.212930495714313111e+02 1.781203652831382271e+02
2.586568818746683291e+02 2.213156936381000151e+02 1.781440663387576819e+02
2.586586467106811256e+02 2.213383377047687190e+02 1.781677673943771367e+02
2.586604115466938651e+02 2.213609817714373946e+02 1.781914684499965631e+02
2.586621763827066047e+02 2.213836258381060986e+02 1.782151695056160179e+02
2.586639412187193443e+02 2.214062699047748026e+02 1.782388705612354727e+02
2.586657060547321407e+02 2.214289139714434782e+02 1.782625716168549275e+02
2.586674708907448803e+02 2.214515580381121822e+02 1.782862726724743823e+02
2.586674708907448803e+02 2.214515580381121822e+02 1.782862726724743823e+02
2.586676772759363416e+02 2.214802959330308454e+02 1.782841401665939145e+02
2.586678836611278030e+02 2.215090338279495370e+02 1.782820076607134467e+02
2.586680900463192643e+02 2.215377717228682002e+02 1.782798751548330074e+02
2.586682964315107256e+02 2.215665096177868634e+02 1.782777426489525396e+02
2.586685028167021301e+02 2.215952475127055266e+02 1.782756101430720719e+02
2.586687092018935914e+02 2.216239854076242182e+02 1.782734776371916041e+02
2.586689155870850527e+02 2.216527233025428814e+02 1.782713451313111648e+02
2.586691219722765140e+02 2.216814611974615445e+02 1.782692126254306970e+02
2.586693283574679754e+02 2.217101990923802077e+02 1.782670801195502293e+02
2.586695347426594367e+02 2.217389369872988993e+02 1.782649476136697615e+02
2.586697411278508980e+02 2.217676748822175625e+02 1.782628151077892937e+02
2.586699475130423593e+02 2.217964127771362257e+02 1.782606826019088544e+02
2.586701538982338207e+02 2.218251506720549173e+02 1.782585500960283866e+02
2.586703602834252251e+02 2.218538885669735805e+02 1.782564175901479189e+02
2.586705666686166865e+02 2.218826264618922437e+02 1.782542850842674511e+02
2.586707730538081478e+02 2.219113643568109069e+02 1.782521525783870118e+02
2.586709794389996091e+02 2.219401022517295985e+02 1.782500200725065440e+02
2.586711858241910704e+02 2.219688401466482617e+02 1.782478875666260763e+02
2.586711858241910704e+02 2.219688401466482617e+02 1.782478875666260763e+02
2.586714212456139421e+02 2.220016211619184219e+02 1.782454550395384558e+02
2.586716566670368707e+02 2.220344021771885537e+02 1.782430225124508070e+02
2.586718920884597424e+02 2.220671831924587138e+02 1.782405899853631865e+02
2.586721275098826140e+02 2.220999642077288456e+02 1.782381574582755661e+02
2.586723629313055426e+02 2.221327452229990058e+02 1.782357249311879173e+02
2.586725983527284143e+02 2.221655262382691376e+02 1.782332924041002968e+02
2.586728337741512860e+02 2.221983072535392978e+02 1.782308598770126764e+02
2.586730691955741577e+02 2.222310882688094580e+02 1.782284273499250276e+02
2.586733046169970862e+02 2.222638692840795898e+02 1.782259948228374071e+02
2.586735400384199579e+02 2.222966502993497500e+02 1.782235622957497867e+02
2.586737754598428296e+02 2.223294313146198817e+02 1.782211297686621663e+02
2.586740108812657581e+02 2.223622123298900419e+02 1.782186972415745174e+02
2.586742463026886298e+02 2.223949933451601737e+02 1.782162647144868970e+02
2.586744817241115015e+02 2.224277743604303339e+02 1.782138321873992766e+02
2.586747171455344301e+02 2.224605553757004657e+02 1.782113996603116277e+02
2.586749525669573018e+02 2.224933363909706259e+02 1.782089671332240073e+02
2.586749525669573018e+02 2.224933363909706259e+02 1.782089671332240073e+02
2.586752008790535342e+02 2.225279123548670555e+02 1.782064014113247481e+02
2.586754491911497666e+02 2.225624883187634850e+02 1.782038356894254605e+02
2.586756975032459991e+02 2.225970642826599430e+02 1.782012699675262013e+02
2.586759458153422315e+02 2.226316402465563726e+02 1.781987042456269137e+02
2.586761941274384640e+02 2.226662162104528022e+02 1.781961385237276545e+02
2.586764424395346964e+02 2.227007921743492318e+02 1.781935728018283669e+02
2.586766907516309288e+02 2.227353681382456614e+02 1.781910070799291077e+02
2.586769390637271044e+02 2.227699441021421194e+02 1.781884413580298201e+02
2.586771873758233369e+02 2.228045200660385490e+02 1.781858756361305609e+02
2.586774356879195693e+02 2.228390960299349786e+02 1.781833099142313017e+02
2.586776840000158018e+02 2.228736719938314081e+02 1.781807441923320141e+02
2.586779323121120342e+02 2.229082479577278377e+02 1.781781784704327549e+02
2.586781806242082666e+02 2.229428239216242673e+02 1.781756127485334673e+02
2.586784289363044991e+02 2.229773998855207253e+02 1.781730470266342081e+02
2.586786772484007315e+02 2.230119758494171549e+02 1.781704813047349205e+02
2.586789255604969640e+02 2.230465518133135845e+02 1.781679155828356613e+02
2.586789255604969640e+02 2.230465518133135845e+02 1.781679155828356613e+02
2.586807856906935399e+02 2.230704185702696236e+02 1.781928964019768387e+02
2.586826458208901158e+02 2.230942853272256627e+02 1.782178772211179876e+02
2.586845059510866918e+02 2.231181520841817019e+02 1.782428580402591649e+02
2.586863660812832677e+02 2.231420188411377410e+02 1.782678388594003138e+02
2.586882262114798436e+02 2.231658855980938085e+02 1.782928196785414912e+02
2.586900863416764196e+02 2.231897523550498477e+02 1.783178004976826401e+02
2.586919464718729955e+02 2.232136191120058868e+02 1.783427813168238174e+02
2.586938066020695715e+02 2.232374858689619259e+02 1.783677621359649663e+02
2.586956667322661474e+02 2.232613526259179650e+02 1.783927429551061437e+02
2.586975268624627233e+02 2.232852193828740042e+02 1.784177237742472926e+02
2.586993869926592993e+02 2.233090861398300433e+02 1.784427045933884699e+02
2.587012471228558752e+02 2.233329528967860824e+02 1.784676854125296188e+02
2.587031072530524511e+02 2.233568196537421500e+02 1.784926662316707962e+02
2.587049673832490271e+02 2.233806864106981891e+02 1.785176470508119451e+02
2.587068275134456030e+02 2.234045531676542282e+02 1.785426278699531224e+02
2.587086876436421790e+02 2.234284199246102673e+02 1.785676086890942713e+02
2.587105477738387549e+02 2.234522866815663065e+02 1.785925895082354486e+02
2.587105477738387549e+02 2.234522866815663065e+02 1.785925895082354486e+02
2.586955791999859002e+02 2.234791548603367914e+02 1.785977669060826258e+02
2.586806106261330456e+02 2.235060230391073048e+02 1.786029443039298030e+02
2.586656420522801909e+02 2.235328912178777898e+02 1.786081217017769802e+02
2.586506734784273362e+02 2.235597593966483032e+02 1.786132990996241574e+02
2.586357049045744816e+02 2.235866275754187882e+02 1.786184764974713346e+02
2.586207363307216269e+02 2.236134957541893016e+02 1.786236538953185118e+02
2.586057677568687723e+02 2.236403639329597866e+02 1.786288312931656890e+02
2.585907991830159176e+02 2.236672321117302999e+02 1.786340086910128662e+02
2.585758306091630629e+02 2.236941002905007849e+02 1.786391860888600149e+02
2.585608620353102651e+02 2.237209684692712699e+02 1.786443634867071921e+02
2.585458934614574105e+02 2.237478366480417833e+02 1.786495408845543693e+02
2.585309248876045558e+02 2.237747048268122683e+02 1.786547182824015465e+02
2.585159563137517011e+02 2.238015730055827817e+02 1.786598956802487237e+02
2.585009877398988465e+02 2.238284411843532666e+02 1.786650730780959009e+02
2.584860191660459918e+02 2.238553093631237800e+02 1.786702504759430781e+02
2.584710505921931372e+02 2.238821775418942650e+02 1.786754278737902553e+02
2.584560820183402825e+02 2.239090457206647784e+02 1.786806052716374325e+02
2.584411134444874278e+02 2.239359138994352634e+02 1.786857826694846096e+02
2.584411134444874278e+02 2.239359138994352634e+02 1.786857826694846096e+02
2.584144704884780595e+02 2.239375985351528868e+02 1.786938721905210343e+02
2.583878275324686342e+02 2.239392831708705387e+02 1.787019617115574590e+02
2.583611845764592658e+02 2.239409678065881621e+02 1.787100512325938837e+02
2.583345416204498974e+02 2.239426524423058140e+02 1.787181407536303084e+02
2.583078986644405290e+02 2.239443370780234375e+02 1.787262302746667615e+02
2.582812557084311038e+02 2.239460217137410893e+02 1.787343197957031862e+02
2.582546127524217354e+02 2.239477063494587128e+02 1.787424093167396109e+02
2.582279697964123670e+02 2.239493909851763647e+02 1.787504988377760355e+02
2.582013268404029418e+02 2.239510756208939881e+02 1.787585883588124602e+02
2.581746838843935734e+02 2.239527602566116400e+02 1.787666778798488849e+02
2.581480409283842050e+02 2.239544448923292634e+02 1.787747674008853096e+02
2.581213979723747798e+02 2.239561295280469153e+02 1.787828569219217343e+02
2.580947550163654114e+02 2.239578141637645388e+02 1.787909464429581874e+02
2.580681120603560430e+02 2.239594987994821906e+02 1.787990359639946121e+02
2.580414691043466746e+02 2.239611834351998141e+02 1.788071254850310368e+02
2.580148261483372494e+02 2.239628680709174660e+02 1.788152150060674614e+02
2.579881831923278810e+02 2.239645527066350894e+02 1.788233045271038861e+02
2.579881831923278810e+02 2.239645527066350894e+02 1.788233045271038861e+02
2.579553381009077953e+02 2.239666295037493455e+02 1.788332771839627071e+02
2.579224930094877095e+02 2.239687063008635732e+02 1.788432498408215281e+02
2.578896479180676238e+02 2.239707830979778294e+02 1.788532224976803491e+02
2.578568028266475380e+02 2.239728598950920855e+02 1.788631951545391701e+02
2.578239577352274523e+02 2.239749366922063416e+02 1.788731678113979910e+02
2.577911126438073666e+02 2.239770134893205693e+02 1.788831404682568120e+02
2.577582675523872240e+02 2.239790902864348254e+02 1.788931131251156330e+02
2.577254224609671382e+02 2.239811670835490816e+02 1.789030857819744256e+02
2.576925773695470525e+02 2.239832438806633093e+02 1.789130584388332466e+02
2.576597322781269668e+02 2.239853206777775654e+02 1.789230310956920675e+02
2.576268871867068810e+02 2.239873974748918215e+02 1.789330037525508885e+02
2.575940420952867953e+02 2.239894742720060776e+02 1.789429764094097095e+02
2.575611970038667096e+02 2.239915510691203053e+02 1.789529490662685305e+02
2.575283519124466238e+02 2.239936278662345615e+02 1.789629217231273515e+02
2.575283519124466238e+02 2.239936278662345615e+02 1.789629217231273515e+02
2.574931284516168262e+02 2.239940526751522611e+02 1.789653936082521852e+02
2.574579049907870854e+02 2.239944774840699608e+02 1.789678654933770474e+02
2.574226815299572877e+02 2.239949022929876605e+02 1.789703373785018812e+02
2.573874580691275469e+02 2.239953271019053318e+02 1.789728092636267149e+02
2.573522346082977492e+02 2.239957519108230315e+02 1.789752811487515771e+02
2.573170111474679516e+02 2.239961767197407312e+02 1.789777530338764109e+02
2.572817876866382107e+02 2.239966015286584309e+02 1.789802249190012446e+02
2.572465642258084131e+02 2.239970263375761306e+02 1.789826968041261068e+02
2.572113407649786723e+02 2.239974511464938303e+02 1.789851686892509406e+02
2.571761173041488746e+02 2.239978759554115300e+02 1.789876405743757743e+02
2.571408938433190770e+02 2.239983007643292297e+02 1.789901124595006365e+02
2.571056703824893361e+02 2.239987255732469009e+02 1.789925843446254703e+02
2.570704469216595385e+02 2.239991503821646006e+02 1.789950562297503041e+02
2.570352234608297977e+02 2.239995751910823003e+02 1.789975281148751662e+02
2.570000000000000000e+02 2.240000000000000000e+02 1.790000000000000000e+02
2.570000000000000000e+02 2.240000000000000000e+02 1.790000000000000000e+02
2.570000000000000000e+02 2.240000000000000000e+02 1.790000000000000000e+02
2.570000000000000000e+02 2.240000000000000000e+02 1.790000000000000000e+02
2.570000000000000000e+02 2.240000000000000000e+02 1.790000000000000000e+02
2.570000000000000000e+02 2.240000000000000000e+02 1.790000000000000000e+02
2.570000000000000000e+02 2.240000000000000000e+02 1.790000000000000000e+02
2.570000000000000000e+02 2.240000000000000000e+02 1.790000000000000000e+02
2.570000000000000000e+02 2.240000000000000000e+02 1.790000000000000000e+02
2.570000000000000000e+02 2.240000000000000000e+02 1.790000000000000000e+02
2.570000000000000000e+02 2.240000000000000000e+02 1.790000000000000000e+02
2.570000000000000000e+02 2.240000000000000000e+02 1.790000000000000000e+02
2.570000000000000000e+02 2.240000000000000000e+02 1.790000000000000000e+02
2.570000000000000000e+02 2.240000000000000000e+02 1.790000000000000000e+02
2.570000000000000000e+02 2.240000000000000000e+02 1.790000000000000000e+02
2.570000000000000000e+02 2.240000000000000000e+02 1.790000000000000000e+02
2.570000000000000000e+02 2.240000000000000000e+02 1.790000000000000000e+02
2.570000000000000000e+02 2.240000000000000000e+02 1.790000000000000000e+02
2.570000000000000000e+02 2.240000000000000000e+02 1.790000000000000000e+02
2.569669416331373668e+02 2.240017666453715037e+02 1.789999337887913100e+02
2.569338832662747336e+02 2.240035332907430075e+02 1.789998675775825916e+02
2.569008248994121573e+02 2.240052999361145112e+02 1.789998013663739016e+02
2.568677665325495241e+02 2.240070665814860149e+02 1.789997351551651832e+02
2.568347081656868909e+02 2.240088332268575186e+02 1.789996689439564932e+02
2.568016497988243145e+02 2.240105998722290224e+02 1.789996027327478032e+02
2.567685914319616813e+02 2.240123665176005261e+02 1.789995365215390848e+02
2.567355330650990481e+02 2.240141331629720298e+02 1.789994703103303948e+02
2.567024746982364150e+02 2.240158998083435051e+02 1.789994040991217048e+02
2.566694163313737818e+02 2.240176664537150089e+02 1.789993378879129864e+02
2.566363579645112054e+02 2.240194330990865126e+02 1.789992716767042964e+02
2.566032995976485722e+02 2.240211997444580163e+02 1.789992054654956064e+02
2.565702412307859390e+02 2.240229663898295200e+02 1.789991392542868880e+02
2.565371828639233627e+02 2.240247330352010238e+02 1.789990730430781980e+02
2.565041244970607295e+02 2.240264996805725275e+02 1.789990068318694796e+02
2.564710661301980963e+02 2.240282663259440312e+02 1.789989406206607896e+02
2.564710661301980963e+02 2.240282663259440312e+02 1.789989406206607896e+02
2.564486021498682931e+02 2.240436489690455915e+02 1.790190437383890298e+02
2.564261381695385467e+02 2.240590316121471801e+02 1.790391468561172417e+02
2.564036741892087434e+02 2.240744142552487403e+02 1.790592499738454819e+02
2.563812102088789402e+02 2.240897968983503290e+02 1.790793530915737222e+02
2.563587462285491938e+02 2.241051795414518892e+02 1.790994562093019624e+02
2.563362822482193906e+02 2.241205621845534495e+02 1.791195593270301742e+02
2.563138182678895873e+02 2.241359448276550381e+02 1.791396624447584145e+02
2.562913542875598409e+02 2.241513274707565984e+02 1.791597655624866547e+02
2.562688903072300377e+02 2.241667101138581870e+02 1.791798686802148950e+02
2.562464263269002345e+02 2.241820927569597472e+02 1.791999717979431068e+02
2.562239623465704881e+02 2.241974754000613075e+02 1.792200749156713471e+02
2.562014983662406848e+02 2.242128580431628961e+02 1.792401780333995873e+02
2.561790343859108816e+02 2.242282406862644564e+02 1.792602811511278276e+02
2.561565704055811352e+02 2.242436233293660450e+02 1.792803842688560394e+02
2.561341064252513320e+02 2.242590059724676053e+02 1.793004873865842796e+02
2.561341064252513320e+02 2.242590059724676053e+02 1.793004873865842796e+02
2.561213777899602064e+02 2.242750294226100323e+02 1.793261624766853117e+02
2.561086491546691377e+02 2.242910528727524877e+02 1.793518375667863438e+02
2.560959205193780122e+02 2.243070763228949147e+02 1.793775126568873759e+02
2.560831918840869434e+02 2.243230997730373417e+02 1.794031877469884080e+02
2.560704632487958179e+02 2.243391232231797687e+02 1.794288628370894401e+02
2.560577346135047492e+02 2.243551466733222242e+02 1.794545379271904721e+02
2.560450059782136236e+02 2.243711701234646512e+02 1.794802130172915042e+02
2.560322773429225549e+02 2.243871935736070782e+02 1.795058881073925363e+02
2.560195487076314294e+02 2.244032170237495052e+02 1.795315631974935400e+02
2.560068200723403606e+02 2.244192404738919606e+02 1.795572382875945721e+02
2.559940914370492351e+02 2.244352639240343876e+02 1.795829133776956041e+02
2.559813628017581379e+02 2.244512873741768146e+02 1.796085884677966362e+02
2.559686341664670408e+02 2.244673108243192701e+02 1.796342635578976683e+02
2.559559055311759437e+02 2.244833342744616971e+02 1.796599386479987004e+02
2.559431768958848465e+02 2.244993577246041241e+02 1.796856137380997325e+02
2.559304482605937494e+02 2.245153811747465511e+02 1.797112888282007646e+02
2.559177196253026523e+02 2.245314046248890065e+02 1.797369639183017966e+02
2.559049909900115551e+02 2.245474280750314335e+02 1.797626390084028287e+02
2.559049909900115551e+02 2.245474280750314335e+02 1.797626390084028287e+02
2.558937404219403504e+02 2.245582449809537025e+02 1.797896680808305803e+02
2.558824898538691741e+02 2.245690618868759714e+02 1.798166971532583318e+02
2.558712392857979694e+02 2.245798787927982119e+02 1.798437262256860834e+02
2.558599887177267647e+02 2.245906956987204808e+02 1.798707552981138349e+02
2.558487381496555884e+02 2.246015126046427497e+02 1.798977843705415864e+02
2.558374875815843836e+02 2.246123295105650186e+02 1.799248134429693380e+02
2.558262370135131789e+02 2.246231464164872875e+02 1.799518425153970611e+02
2.558149864454420026e+02 2.246339633224095280e+02 1.799788715878248127e+02
2.558037358773707979e+02 2.246447802283317969e+02 1.800059006602525642e+02
2.557924853092995932e+02 2.246555971342540658e+02 1.800329297326803157e+02
2.557812347412284169e+02 2.246664140401763348e+02 1.800599588051080673e+02
2.557699841731572121e+02 2.246772309460986037e+02 1.800869878775358188e+02
2.557587336050860074e+02 2.246880478520208442e+02 1.801140169499635704e+02
2.557474830370148027e+02 2.246988647579431131e+02 1.801410460223913219e+02
2.557362324689436264e+02 2.247096816638653820e+02 1.801680750948190735e+02
2.557249819008724216e+02 2.247204985697876509e+02 1.801951041672468250e+02
2.557137313328012169e+02 2.247313154757099198e+02 1.802221332396745765e+02
2.557024807647300406e+02 2.247421323816321603e+02 1.802491623121023281e+02
2.556912301966588359e+02 2.247529492875544292e+02 1.802761913845300512e+02
2.556799796285876312e+02 2.247637661934766982e+02 1.803032204569578028e+02
2.556687290605164549e+02 2.247745830993989671e+02 1.803302495293855543e+02
2.556574784924452501e+02 2.247854000053212360e+02 1.803572786018133058e+02
2.556462279243740454e+02 2.247962169112434765e+02 1.803843076742410574e+02
2.556349773563028691e+02 2.248070338171657454e+02 1.804113367466688089e+02
2.556237267882316644e+02 2.248178507230880143e+02 1.804383658190965605e+02
2.556237267882316644e+02 2.248178507230880143e+02 1.804383658190965605e+02
2.556125024972124606e+02 2.248286423648282835e+02 1.804653317618817141e+02
2.556012782061932569e+02 2.248394340065685526e+02 1.804922977046668393e+02
2.555900539151740531e+02 2.248502256483088217e+02 1.805192636474519929e+02
2.555788296241548494e+02 2.248610172900490909e+02 1.805462295902371466e+02
2.555676053331356457e+02 2.248718089317893600e+02 1.805731955330222718e+02
2.555563810421164419e+02 2.248826005735296292e+02 1.806001614758074254e+02
2.555451567510972382e+02 2.248933922152698983e+02 1.806271274185925790e+02
2.555339324600780060e+02 2.249041838570101675e+02 1.806540933613777042e+02
2.555227081690588022e+02 2.249149754987504366e+02 1.806810593041628579e+02
2.555114838780395985e+02 2.249257671404907057e+02 1.807080252469480115e+02
2.555002595870203947e+02 2.249365587822309749e+02 1.807349911897331367e+02
2.554890352960011910e+02 2.249473504239712440e+02 1.807619571325182903e+02
2.554778110049819873e+02 2.249581420657115132e+02 1.807889230753034440e+02
2.554665867139627835e+02 2.249689337074517823e+02 1.808158890180885692e+02
2.554553624229435798e+02 2.249797253491920515e+02 1.808428549608737228e+02
2.554441381319243760e+02 2.249905169909322922e+02 1.808698209036588764e+02
2.554329138409051723e+02 2.250013086326725613e+02 1.808967868464440016e+02
2.554216895498859685e+02 2.250121002744128305e+02 1.809237527892291553e+02
2.554104652588667648e+02 2.250228919161530996e+02 1.809507187320142805e+02
2.553992409678475610e+02 2.250336835578933687e+02 1.809776846747994341e+02
2.553880166768283573e+02 2.250444751996336379e+02 1.810046506175845877e+02
2.553767923858091535e+02 2.250552668413739070e+02 1.810316165603697129e+02
2.553655680947899498e+02 2.250660584831141762e+02 1.810585825031548666e+02
2.553543438037707460e+02 2.250768501248544453e+02 1.810855484459400202e+02
2.553431195127515139e+02 2.250876417665947145e+02 1.811125143887251454e+02
2.553318952217323101e+02 2.250984334083349836e+02 1.811394803315102990e+02
2.553206709307131064e+02 2.251092250500752527e+02 1.811664462742954527e+02
2.553094466396939026e+02 2.251200166918155219e+02 1.811934122170805779e+02
2.552982223486746989e+02 2.251308083335557910e+02 1.812203781598657315e+02
2.552869980576554951e+02 2.251415999752960602e+02 1.812473441026508851e+02
2.552757737666362914e+02 2.251523916170363293e+02 1.812743100454360103e+02
2.552645494756170876e+02 2.251631832587765984e+02 1.813012759882211640e+02
2.552645494756170876e+02 2.251631832587765984e+02 1.813012759882211640e+02
2.552488738601670661e+02 2.251727799281278237e+02 1.813270328294966021e+02
2.552331982447170446e+02 2.251823765974790490e+02 1.813527896707720117e+02
2.552175226292670231e+02 2.251919732668302743e+02 1.813785465120474498e+02
2.552018470138170017e+02 2.252015699361814995e+02 1.814043033533228879e+02
2.551861713983670086e+02 2.252111666055327248e+02 1.814300601945982976e+02
2.551704957829169871e+02 2.252207632748839501e+02 1.814558170358737357e+02
2.551548201674669656e+02 2.252303599442351754e+02 1.814815738771491453e+02
2.551391445520169441e+02 2.252399566135864006e+02 1.815073307184245834e+02
2.551234689365669226e+02 2.252495532829376259e+02 1.815330875597000215e+02
2.551077933211169011e+02 2.252591499522888512e+02 1.815588444009754312e+02
2.550921177056668796e+02 2.252687466216400765e+02 1.815846012422508693e+02
2.550764420902168581e+02 2.252783432909913017e+02 1.816103580835263074e+02
2.550607664747668366e+02 2.252879399603425270e+02 1.816361149248017171e+02
2.550450908593168435e+02 2.252975366296937239e+02 1.816618717660771551e+02
2.550294152438668220e+02 2.253071332990449491e+02 1.816876286073525648e+02
2.550137396284168005e+02 2.253167299683961744e+02 1.817133854486280029e+02
2.549980640129667790e+02 2.253263266377473997e+02 1.817391422899034410e+02
2.549823883975167575e+02 2.253359233070986249e+02 1.817648991311788507e+02
2.549667127820667361e+02 2.253455199764498502e+02 1.817906559724542888e+02
2.549510371666167146e+02 2.253551166458010755e+02 1.818164128137297268e+02
2.549353615511666931e+02 2.253647133151523008e+02 1.818421696550051365e+02
2.549196859357166716e+02 2.253743099845035260e+02 1.818679264962805746e+02
2.549040103202666785e+02 2.253839066538547513e+02 1.818936833375559843e+02
2.548883347048166570e+02 2.253935033232059766e+02 1.819194401788314224e+02
2.548726590893666355e+02 2.254030999925572019e+02 1.819451970201068605e+02
2.548569834739166140e+02 2.254126966619084271e+02 1.819709538613822701e+02
2.548413078584665925e+02 2.254222933312596524e+02 1.819967107026577082e+02
2.548413078584665925e+02 2.254222933312596524e+02 1.819967107026577082e+02
2.548152812172990593e+02 2.254408717794253505e+02 1.819972863865017985e+02
2.547892545761314977e+02 2.254594502275910202e+02 1.819978620703458887e+02
2.547632279349639361e+02 2.254780286757567183e+02 1.819984377541899789e+02
2.547372012937964030e+02 2.254966071239223879e+02 1.819990134380340692e+02
2.547111746526288698e+02 2.255151855720880860e+02 1.819995891218781594e+02
2.546851480114613082e+02 2.255337640202537841e+02 1.820001648057222496e+02
2.546591213702937466e+02 2.255523424684194538e+02 1.820007404895663399e+02
2.546330947291262135e+02 2.255709209165851519e+02 1.820013161734104301e+02
2.546070680879586803e+02 2.255894993647508215e+02 1.820018918572545203e+02
2.545810414467911187e+02 2.256080778129165196e+02 1.820024675410986106e+02
2.545550148056235571e+02 2.256266562610822177e+02 1.820030432249427008e+02
2.545289881644560239e+02 2.256452347092478874e+02 1.820036189087867911e+02
2.545029615232884908e+02 2.256638131574135855e+02 1.820041945926308813e+02
2.544769348821209292e+02 2.256823916055792552e+02 1.820047702764749715e+02
2.544509082409533676e+02 2.257009700537449532e+02 1.820053459603190618e+02
2.544248815997858344e+02 2.257195485019106513e+02 1.820059216441631236e+02
2.543988549586183012e+02 2.257381269500763210e+02 1.820064973280072138e+02
2.543728283174507396e+02 2.257567053982420191e+02 1.820070730118513040e+02
2.543468016762831780e+02 2.257752838464076888e+02 1.820076486956953943e+02
2.543207750351156449e+02 2.257938622945733869e+02 1.820082243795394845e+02
2.542947483939481117e+02 2.258124407427390850e+02 1.820088000633835748e+02
2.542687217527805501e+02 2.258310191909047546e+02 1.820093757472276650e+02
2.542426951116129885e+02 2.258495976390704527e+02 1.820099514310717552e+02
2.542166684704454553e+02 2.258681760872361224e+02 1.820105271149158455e+02
2.541906418292779222e+02 2.258867545354018205e+02 1.820111027987599357e+02
2.541646151881103606e+02 2.259053329835675186e+02 1.820116784826040259e+02
2.541385885469427990e+02 2.259239114317331882e+02 1.820122541664481162e+02
2.541125619057752658e+02 2.259424898798988863e+02 1.820128298502922064e+02
2.540865352646077326e+02 2.259610683280645560e+02 1.820134055341362966e+02
2.540605086234401710e+02 2.259796467762302541e+02 1.820139812179803869e+02
2.540605086234401710e+02 2.259796467762302541e+02 1.820139812179803869e+02
2.540593917843139025e+02 2.260123398331986095e+02 1.820141774942800339e+02
2.540582749451876339e+02 2.260450328901669650e+02 1.820143737705797093e+02
2.540571581060613653e+02 2.260777259471353489e+02 1.820145700468793564e+02
2.540560412669350967e+02 2.261104190041037043e+02 1.820147663231790034e+02
2.540549244278088281e+02 2.261431120610720598e+02 1.820149625994786788e+02
2.540538075886825595e+02 2.261758051180404436e+02 1.820151588757783259e+02
2.540526907495562909e+02 2.262084981750087991e+02 1.820153551520779729e+02
2.540515739104300224e+02 2.262411912319771545e+02 1.820155514283776483e+02
2.540504570713037822e+02 2.262738842889455100e+02 1.820157477046772954e+02
2.540493402321775136e+02 2.263065773459138654e+02 1.820159439809769424e+02
2.540482233930512450e+02 2.263392704028822493e+02 1.820161402572765894e+02
2.540471065539249764e+02 2.263719634598506047e+02 1.820163365335762649e+02
2.540459897147987078e+02 2.264046565168189602e+02 1.820165328098759119e+02
2.540448728756724392e+02 2.264373495737873441e+02 1.820167290861755589e+02
2.540437560365461707e+02 2.264700426307556995e+02 1.820169253624752344e+02
2.540426391974199021e+02 2.265027356877240550e+02 1.820171216387748814e+02
2.540426391974199021e+02 2.265027356877240550e+02 1.820171216387748814e+02
2.540414772496848741e+02 2.265367492019379370e+02 1.820173258425822667e+02
2.540403153019498177e+02 2.265707627161518189e+02 1.820175300463896519e+02
2.540391533542147897e+02 2.266047762303657009e+02 1.820177342501970372e+02
2.540379914064797333e+02 2.266387897445796114e+02 1.820179384540044509e+02
2.540368294587447053e+02 2.266728032587934933e+02 1.820181426578118362e+02
2.540356675110096774e+02 2.267068167730073753e+02 1.820183468616192215e+02
2.540345055632746210e+02 2.267408302872212573e+02 1.820185510654266068e+02
2.540333436155395930e+02 2.267748438014351393e+02 1.820187552692339921e+02
2.540321816678045650e+02 2.268088573156490213e+02 1.820189594730413774e+02
2.540310197200695086e+02 2.268428708298629317e+02 1.820191636768487911e+02
2.540298577723344806e+02 2.268768843440768137e+02 1.820193678806561763e+02
2.540286958245994242e+02 2.269108978582906957e+02 1.820195720844635616e+02
2.540275338768643962e+02 2.269449113725045777e+02 1.820197762882709469e+02
2.540275338768643962e+02 2.269449113725045777e+02 1.820197762882709469e+02
2.540263417832304356e+02 2.269798073428997895e+02 1.820199857899993674e+02
2.540251496895965033e+02 2.270147033132950014e+02 1.820201952917277879e+02
2.540239575959625427e+02 2.270495992836902133e+02 1.820204047934561800e+02
2.540227655023285820e+02 2.270844952540854251e+02 1.820206142951846005e+02
2.540215734086946497e+02 2.271193912244806370e+02 1.820208237969130209e+02
2.540203813150606891e+02 2.271542871948758489e+02 1.820210332986414414e+02
2.540191892214267284e+02 2.271891831652710891e+02 1.820212428003698619e+02
2.540179971277927962e+02 2.272240791356663010e+02 1.820214523020982824e+02
2.540168050341588355e+02 2.272589751060615129e+02 1.820216618038267029e+02
2.540156129405248748e+02 2.272938710764567247e+02 1.820218713055550950e+02
2.540144208468909426e+02 2.273287670468519366e+02 1.820220808072835155e+02
2.540132287532569819e+02 2.273636630172471484e+02 1.820222903090119360e+02
2.540132287532569819e+02 2.273636630172471484e+02 1.820222903090119360e+02
2.540121078481190864e+02 2.273964750979374685e+02 1.820224872998833519e+02
2.540109869429811909e+02 2.274292871786277601e+02 1.820226842907547962e+02
2.540098660378433237e+02 2.274620992593180802e+02 1.820228812816262121e+02
2.540087451327054282e+02 2.274949113400084002e+02 1.820230782724976564e+02
2.540076242275675327e+02 2.275277234206987202e+02 1.820232752633690723e+02
2.540065033224296371e+02 2.275605355013890119e+02 1.820234722542405166e+02
2.540053824172917416e+02 2.275933475820793319e+02 1.820236692451119325e+02
2.540042615121538745e+02 2.276261596627696520e+02 1.820238662359833768e+02
2.540031406070159790e+02 2.276589717434599720e+02 1.820240632268547927e+02
2.540020197018780834e+02 2.276917838241502636e+02 1.820242602177262370e+02
2.540008987967401879e+02 2.277245959048405837e+02 1.820244572085976529e+02
2.539997778916022924e+02 2.277574079855309037e+02 1.820246541994690972e+02
2.539986569864644252e+02 2.277902200662212238e+02 1.820248511903405131e+02
2.539975360813265297e+02 2.278230321469115154e+02 1.820250481812119574e+02
2.539964151761886342e+02 2.278558442276018354e+02 1.820252451720833733e+02
2.539964151761886342e+02 2.278558442276018354e+02 1.820252451720833733e+02
2.539950295067453681e+02 2.278816419654799574e+02 1.820437352530300643e+02
2.539936438373020735e+02 2.279074397033580794e+02 1.820622253339767553e+02
2.539922581678588074e+02 2.279332374412362014e+02 1.820807154149234179e+02
2.539908724984155128e+02 2.279590351791143235e+02 1.820992054958701090e+02
2.539894868289722467e+02 2.279848329169924455e+02 1.821176955768168000e+02
2.539881011595289522e+02 2.280106306548705675e+02 1.821361856577634626e+02
2.539867154900856860e+02 2.280364283927486895e+02 1.821546757387101536e+02
2.539853298206423915e+02 2.280622261306268115e+02 1.821731658196568446e+02
2.539839441511991254e+02 2.280880238685049335e+02 1.821916559006035357e+02
2.539825584817558592e+02 2.281138216063830555e+02 1.822101459815502267e+02
2.539811728123125647e+02 2.281396193442612059e+02 1.822286360624968893e+02
2.539797871428692986e+02 2.281654170821393279e+02 1.822471261434435803e+02
2.539784014734260040e+02 2.281912148200174499e+02 1.822656162243902713e+02
2.539770158039827379e+02 2.282170125578955719e+02 1.822841063053369339e+02
2.539756301345394434e+02 2.282428102957736940e+02 1.823025963862836250e+02
2.539742444650961772e+02 2.282686080336518160e+02 1.823210864672303160e+02
2.539728587956528827e+02 2.282944057715299380e+02 1.823395765481770070e+02
2.539714731262096166e+02 2.283202035094080600e+02 1.823580666291236980e+02
2.539700874567663220e+02 2.283460012472861820e+02 1.823765567100703606e+02
2.539687017873230559e+02 2.283717989851643040e+02 1.823950467910170516e+02
2.539687017873230559e+02 2.283717989851643040e+02 1.823950467910170516e+02
2.539566697378701861e+02 2.284015514615086602e+02 1.823962672179770550e+02
2.539446376884172878e+02 2.284313039378529879e+02 1.823974876449370299e+02
2.539326056389644179e+02 2.284610564141973441e+02 1.823987080718970333e+02
2.539205735895115481e+02 2.284908088905416719e+02 1.823999284988570082e+02
2.539085415400586498e+02 2.285205613668860281e+02 1.824011489258170116e+02
2.538965094906057800e+02 2.285503138432303558e+02 1.824023693527770149e+02
2.538844774411528817e+02 2.285800663195747120e+02 1.824035897797369898e+02
2.538724453917000119e+02 2.286098187959190398e+02 1.824048102066969932e+02
2.538604133422471421e+02 2.286395712722633959e+02 1.824060306336569681e+02
2.538483812927942438e+02 2.286693237486077237e+02 1.824072510606169715e+02
2.538363492433413739e+02 2.286990762249520799e+02 1.824084714875769748e+02
2.538243171938885041e+02 2.287288287012964076e+02 1.824096919145369498e+02
2.538122851444356058e+02 2.287585811776407638e+02 1.824109123414969531e+02
2.538002530949827360e+02 2.287883336539850916e+02 1.824121327684569280e+02
2.537882210455298662e+02 2.288180861303294478e+02 1.824133531954169314e+02
2.537761889960769679e+02 2.288478386066737755e+02 1.824145736223769347e+02
2.537641569466240981e+02 2.288775910830181317e+02 1.824157940493369097e+02
2.537521248971712282e+02 2.289073435593624595e+02 1.824170144762969130e+02
2.537400928477183299e+02 2.289370960357068157e+02 1.824182349032568879e+02
2.537280607982654601e+02 2.289668485120511434e+02 1.824194553302168913e+02
2.537160287488125618e+02 2.289966009883954996e+02 1.824206757571768946e+02
2.537039966993596920e+02 2.290263534647398274e+02 1.824218961841368696e+02
2.536919646499068222e+02 2.290561059410841835e+02 1.824231166110968729e+02
2.536799326004539239e+02 2.290858584174285113e+02 1.824243370380568479e+02
2.536679005510010541e+02 2.291156108937728675e+02 1.824255574650168512e+02
2.536679005510010541e+02 2.291156108937728675e+02 1.824255574650168512e+02
2.536562072229666853e+02 2.291445257903656625e+02 1.824267435350077449e+02
2.536445138949323166e+02 2.291734406869584575e+02 1.824279296049986669e+02
2.536328205668979194e+02 2.292023555835512241e+02 1.824291156749895890e+02
2.536211272388635507e+02 2.292312704801440191e+02 1.824303017449804827e+02
2.536094339108291820e+02 2.292601853767368141e+02 1.824314878149713763e+02
2.535977405827948132e+02 2.292891002733296091e+02 1.824326738849622984e+02
2.535860472547604445e+02 2.293180151699224041e+02 1.824338599549532205e+02
2.535743539267260473e+02 2.293469300665151991e+02 1.824350460249441142e+02
2.535626605986916786e+02 2.293758449631079657e+02 1.824362320949350078e+02
2.535509672706573099e+02 2.294047598597007607e+02 1.824374181649259299e+02
2.535392739426229411e+02 2.294336747562935557e+02 1.824386042349168520e+02
2.535275806145885440e+02 2.294625896528863507e+02 1.824397903049077456e+02
2.535158872865541753e+02 2.294915045494791457e+02 1.824409763748986393e+02
2.535041939585198065e+02 2.295204194460719123e+02 1.824421624448895614e+02
2.534925006304854378e+02 2.295493343426647073e+02 1.824433485148804834e+02
2.534808073024510691e+02 2.295782492392575023e+02 1.824445345848713771e+02
2.534691139744166719e+02 2.296071641358502973e+02 1.824457206548622707e+02
2.534574206463823032e+02 2.296360790324430923e+02 1.824469067248531928e+02
2.534457273183479344e+02 2.296649939290358873e+02 1.824480927948441149e+02
2.534340339903135657e+02 2.296939088256286539e+02 1.824492788648350086e+02
2.534223406622791686e+02 2.297228237222214489e+02 1.824504649348259022e+02
2.534106473342447998e+02 2.297517386188142439e+02 1.824516510048168243e+02
2.533989540062104311e+02 2.297806535154070389e+02 1.824528370748077464e+02
2.533872606781760624e+02 2.298095684119998339e+02 1.824540231447986400e+02
2.533755673501416936e+02 2.298384833085926289e+02 1.824552092147895337e+02
2.533638740221072965e+02 2.298673982051853955e+02 1.824563952847804558e+02
2.533521806940729277e+02 2.298963131017781905e+02 1.824575813547713778e+02
2.533404873660385590e+02 2.299252279983709855e+02 1.824587674247622715e+02
2.533404873660385590e+02 2.299252279983709855e+02 1.824587674247622715e+02
2.533196468766305429e+02 2.299407270753334558e+02 1.824413033505082353e+02
2.532988063872225553e+02 2.299562261522959545e+02 1.824238392762541991e+02
2.532779658978145392e+02 2.299717252292584249e+02 1.824063752020001630e+02
2.532571254084065515e+02 2.299872243062208952e+02 1.823889111277461268e+02
2.532362849189985354e+02 2.300027233831833655e+02 1.823714470534920906e+02
2.532154444295905193e+02 2.300182224601458643e+02 1.823539829792380544e+02
2.531946039401825317e+02 2.300337215371083346e+02 1.823365189049840183e+02
2.531737634507745156e+02 2.300492206140708049e+02 1.823190548307299821e+02
2.531529229613665279e+02 2.300647196910332752e+02 1.823015907564759459e+02
2.531320824719585119e+02 2.300802187679957740e+02 1.822841266822219097e+02
2.531112419825505242e+02 2.300957178449582443e+02 1.822666626079678736e+02
2.530904014931425081e+02 2.301112169219207146e+02 1.822491985337138374e+02
2.530695610037344920e+02 2.301267159988831850e+02 1.822317344594598012e+02
2.530487205143265044e+02 2.301422150758456837e+02 1.822142703852057650e+02
2.530278800249184883e+02 2.301577141528081540e+02 1.821968063109517288e+02
2.530070395355105006e+02 2.301732132297706244e+02 1.821793422366976927e+02
2.529861990461024845e+02 2.301887123067331231e+02 1.821618781624436565e+02
2.529653585566944685e+02 2.302042113836955934e+02 1.821444140881896203e+02
2.529445180672864808e+02 2.302197104606580638e+02 1.821269500139355841e+02
2.529236775778784647e+02 2.302352095376205341e+02 1.821094859396815480e+02
2.529028370884704771e+02 2.302507086145830328e+02 1.820920218654275118e+02
2.528819965990624610e+02 2.302662076915455032e+02 1.820745577911734756e+02
2.528611561096544449e+02 2.302817067685079735e+02 1.820570937169194394e+02
2.528403156202464572e+02 2.302972058454704438e+02 1.820396296426654033e+02
2.528194751308384411e+02 2.303127049224329426e+02 1.820221655684113671e+02
2.527986346414304535e+02 2.303282039993954129e+02 1.820047014941573309e+02
2.527777941520224374e+02 2.303437030763578832e+02 1.819872374199032947e+02
2.527569536626144497e+02 2.303592021533203535e+02 1.819697733456492585e+02
2.527361131732064337e+02 2.303747012302828523e+02 1.819523092713952224e+02
2.527152726837984176e+02 2.303902003072453226e+02 1.819348451971411862e+02
2.526944321943904299e+02 2.304056993842077929e+02 1.819173811228871500e+02
2.526735917049824138e+02 2.304211984611702633e+02 1.818999170486331138e+02
2.526527512155744262e+02 2.304366975381327620e+02 1.818824529743790777e+02
2.526319107261664101e+02 2.304521966150952323e+02 1.818649889001250415e+02
2.526319107261664101e+02 2.304521966150952323e+02 1.818649889001250415e+02
2.526011675512340844e+02 2.304538395361725236e+02 1.818649273259165966e+02
2.525704243763017871e+02 2.304554824572498148e+02 1.818648657517081801e+02
2.525396812013694614e+02 2.304571253783271061e+02 1.818648041774997353e+02
2.525089380264371357e+02 2.304587682994043973e+02 1.818647426032913188e+02
2.524781948515048100e+02 2.304604112204816886e+02 1.818646810290828739e+02
2.524474516765725127e+02 2.304620541415589798e+02 1.818646194548744575e+02
2.524167085016401870e+02 2.304636970626362711e+02 1.818645578806660126e+02
2.523859653267078613e+02 2.304653399837135623e+02 1.818644963064575961e+02
2.523552221517755356e+02 2.304669829047908536e+02 1.818644347322491512e+02
2.523244789768432383e+02 2.304686258258681733e+02 1.818643731580407348e+02
2.522937358019109126e+02 2.304702687469454645e+02 1.818643115838322899e+02
2.522629926269785869e+02 2.304719116680227557e+02 1.818642500096238734e+02
2.522322494520462612e+02 2.304735545891000470e+02 1.818641884354154286e+02
2.522015062771139640e+02 2.304751975101773382e+02 1.818641268612070121e+02
2.521707631021816383e+02 2.304768404312546295e+02 1.818640652869985672e+02
2.521400199272493126e+02 2.304784833523319207e+02 1.818640037127901508e+02
2.521092767523169869e+02 2.304801262734092120e+02 1.818639421385817059e+02
2.520785335773846896e+02 2.304817691944865032e+02 1.818638805643732894e+02
2.520477904024523639e+02 2.304834121155637945e+02 1.818638189901648445e+02
2.520170472275200382e+02 2.304850550366410857e+02 1.818637574159564281e+02
2.519863040525877125e+02 2.304866979577183770e+02 1.818636958417479832e+02
2.519555608776554152e+02 2.304883408787956682e+02 1.818636342675395667e+02
2.519248177027230895e+02 2.304899837998729595e+02 1.818635726933311219e+02
2.518940745277907638e+02 2.304916267209502507e+02 1.818635111191227054e+02
2.518633313528584381e+02 2.304932696420275420e+02 1.818634495449142605e+02
2.518325881779261408e+02 2.304949125631048332e+02 1.818633879707058441e+02
2.518018450029938151e+02 2.304965554841821245e+02 1.818633263964973992e+02
2.517711018280614894e+02 2.304981984052594157e+02 1.818632648222889827e+02
2.517403586531291637e+02 2.304998413263367070e+02 1.818632032480805378e+02
2.517096154781968664e+02 2.305014842474140266e+02 1.818631416738721214e+02
2.516788723032645407e+02 2.305031271684913179e+02 1.818630800996636765e+02
2.516481291283322150e+02 2.305047700895686091e+02 1.818630185254552600e+02
2.516173859533998893e+02 2.305064130106459004e+02 1.818629569512468152e+02
2.515866427784675921e+02 2.305080559317231916e+02 1.818628953770383987e+02
2.515558996035352664e+02 2.305096988528004829e+02 1.818628338028299538e+02
2.515251564286029407e+02 2.305113417738777741e+02 1.818627722286215374e+02
2.514944132536706149e+02 2.305129846949550654e+02 1.818627106544130925e+02
2.514636700787383177e+02 2.305146276160323566e+02 1.818626490802046760e+02
2.514329269038059920e+02 2.305162705371096479e+02 1.818625875059962311e+02
2.514329269038059920e+02 2.305162705371096479e+02 1.818625875059962311e+02
2.514124421173277426e+02 2.305265908323916904e+02 1.818837445195731846e+02
2.513919573308494648e+02 2.305369111276737328e+02 1.819049015331501664e+02
2.513714725443712155e+02 2.305472314229557469e+02 1.819260585467271198e+02
2.513509877578929377e+02 2.305575517182377894e+02 1.819472155603040733e+02
2.513305029714146883e+02 2.305678720135198319e+02 1.819683725738810551e+02
2.513100181849364390e+02 2.305781923088018743e+02 1.819895295874580086e+02
2.512895333984581612e+02 2.305885126040838884e+02 1.820106866010349904e+02
2.512690486119799118e+02 2.305988328993659309e+02 1.820318436146119438e+02
2.512485638255016340e+02 2.306091531946479734e+02 1.820530006281888973e+02
2.512280790390233847e+02 2.306194734899300158e+02 1.820741576417658791e+02
2.512075942525451069e+02 2.306297937852120583e+02 1.820953146553428326e+02
2.511871094660668575e+02 2.306401140804940724e+02 1.821164716689197860e+02
2.511666246795886082e+02 2.306504343757761148e+02 1.821376286824967679e+02
2.511461398931103304e+02 2.306607546710581573e+02 1.821587856960737213e+02
2.511256551066320810e+02 2.306710749663401998e+02 1.821799427096507031e+02
2.511051703201538032e+02 2.306813952616222423e+02 1.822010997232276566e+02
2.510846855336755539e+02 2.306917155569042563e+02 1.822222567368046100e+02
2.510642007471973045e+02 2.307020358521862988e+02 1.822434137503815919e+02
2.510437159607190267e+02 2.307123561474683413e+02 1.822645707639585453e+02
2.510232311742407774e+02 2.307226764427503838e+02 1.822857277775354987e+02
2.510027463877624996e+02 2.307329967380323978e+02 1.823068847911124806e+02
2.509822616012842502e+02 2.307433170333144403e+02 1.823280418046894340e+02
2.509617768148060009e+02 2.307536373285964828e+02 1.823491988182663874e+02
2.509412920283277231e+02 2.307639576238785253e+02 1.823703558318433693e+02
2.509208072418494737e+02 2.307742779191605678e+02 1.823915128454203227e+02
2.509003224553711959e+02 2.307845982144425818e+02 1.824126698589973046e+02
2.508798376688929466e+02 2.307949185097246243e+02 1.824338268725742580e+02
2.508593528824146688e+02 2.308052388050066668e+02 1.824549838861512114e+02
2.508388680959364194e+02 2.308155591002887093e+02 1.824761408997281933e+02
2.508183833094581701e+02 2.308258793955707233e+02 1.824972979133051467e+02
2.507978985229798923e+02 2.308361996908527658e+02 1.825184549268821002e+02
2.507774137365016429e+02 2.308465199861348083e+02 1.825396119404590820e+02
2.507569289500233651e+02 2.308568402814168508e+02 1.825607689540360354e+02
2.507364441635451158e+02 2.308671605766988932e+02 1.825819259676130173e+02
2.507159593770668664e+02 2.308774808719809073e+02 1.826030829811899707e+02
2.506954745905885886e+02 2.308878011672629498e+02 1.826242399947669242e+02
2.506749898041103393e+02 2.308981214625449923e+02 1.826453970083439060e+02
2.506545050176320615e+02 2.309084417578270347e+02 1.826665540219208594e+02
2.506340202311538121e+02 2.309187620531090772e+02 1.826877110354978129e+02
2.506135354446755343e+02 2.309290823483910913e+02 1.827088680490747947e+02
2.505930506581972850e+02 2.309394026436731338e+02 1.827300250626517482e+02
2.505725658717190356e+02 2.309497229389551762e+02 1.827511820762287300e+02
2.505520810852407578e+02 2.309600432342372187e+02 1.827723390898056834e+02
2.505315962987625085e+02 2.309703635295192328e+02 1.827934961033826369e+02
2.505111115122842307e+02 2.309806838248012753e+02 1.828146531169596187e+02
2.504906267258059813e+02 2.309910041200833177e+02 1.828358101305365722e+02
2.504906267258059813e+02 2.309910041200833177e+02 1.828358101305365722e+02
2.504691070591813684e+02 2.309935233374562245e+02 1.828576551532537735e+02
2.504475873925567271e+02 2.309960425548291312e+02 1.828795001759709464e+02
2.504260677259321142e+02 2.309985617722020379e+02 1.829013451986881478e+02
2.504045480593075013e+02 2.310010809895749162e+02 1.829231902214053207e+02
2.503830283926828599e+02 2.310036002069478229e+02 1.829450352441225220e+02
2.503615087260582470e+02 2.310061194243207296e+02 1.829668802668396950e+02
2.503399890594336341e+02 2.310086386416936364e+02 1.829887252895568963e+02
2.503184693928089928e+02 2.310111578590665431e+02 1.830105703122740692e+02
2.502969497261843799e+02 2.310136770764394498e+02 1.830324153349912706e+02
2.502754300595597670e+02 2.310161962938123565e+02 1.830542603577084435e+02
2.502539103929351256e+02 2.310187155111852348e+02 1.830761053804256449e+02
2.502323907263105127e+02 2.310212347285581416e+02 1.830979504031428178e+02
2.502108710596858998e+02 2.310237539459310483e+02 1.831197954258600191e+02
2.501893513930612585e+02 2.310262731633039550e+02 1.831416404485771920e+02
2.501678317264366456e+02 2.310287923806768617e+02 1.831634854712943934e+02
2.501463120598120327e+02 2.310313115980497685e+02 1.831853304940115663e+02
2.501247923931873913e+02 2.310338308154226752e+02 1.832071755167287677e+02
2.501032727265627784e+02 2.310363500327955535e+02 1.832290205394459406e+02
2.500817530599381655e+02 2.310388692501684602e+02 1.832508655621631419e+02
2.500602333933135242e+02 2.310413884675413669e+02 1.832727105848803149e+02
2.500387137266889113e+02 2.310439076849142737e+02 1.832945556075975162e+02
2.500171940600642984e+02 2.310464269022871804e+02 1.833164006303146891e+02
2.499956743934396854e+02 2.310489461196600871e+02 1.833382456530318905e+02
2.499741547268150441e+02 2.310514653370329938e+02 1.833600906757490634e+02
2.499526350601904312e+02 2.310539845544059006e+02 1.833819356984662647e+02
2.499311153935658183e+02 2.310565037717787789e+02 1.834037807211834377e+02
2.499095957269411770e+02 2.310590229891516856e+02 1.834256257439006390e+02
2.498880760603165641e+02 2.310615422065245923e+02 1.834474707666178119e+02
2.498665563936919511e+02 2.310640614238974990e+02 1.834693157893350133e+02
2.498450367270673098e+02 2.310665806412704057e+02 1.834911608120521862e+02
2.498235170604426969e+02 2.310690998586433125e+02 1.835130058347693875e+02
2.498019973938180840e+02 2.310716190760162192e+02 1.835348508574865605e+02
2.497804777271934427e+02 2.310741382933890975e+02 1.835566958802037618e+02
2.497589580605688298e+02 2.310766575107620042e+02 1.835785409029209347e+02
2.497374383939442168e+02 2.310791767281349109e+02 1.836003859256381361e+02
2.497159187273195755e+02 2.310816959455078177e+02 1.836222309483553090e+02
2.496943990606949626e+02 2.310842151628807244e+02 1.836440759710725104e+02
2.496728793940703497e+02 2.310867343802536311e+02 1.836659209937896833e+02
2.496513597274457084e+02 2.310892535976265378e+02 1.836877660165068846e+02
2.496298400608210954e+02 2.310917728149994161e+02 1.837096110392240575e+02
2.496083203941964825e+02 2.310942920323723229e+02 1.837314560619412589e+02
2.495868007275718412e+02 2.310968112497452296e+02 1.837533010846584318e+02
2.495652810609472283e+02 2.310993304671181363e+02 1.837751461073756332e+02
2.495652810609472283e+02 2.310993304671181363e+02 1.837751461073756332e+02
2.495377796587697503e+02 2.310838328370020918e+02 1.837744514554326543e+02
2.495102782565922723e+02 2.310683352068860756e+02 1.837737568034896469e+02
2.494827768544147943e+02 2.310528375767700311e+02 1.837730621515466680e+02
2.494552754522373164e+02 2.310373399466539865e+02 1.837723674996036891e+02
2.494277740500598384e+02 2.310218423165379420e+02 1.837716728476607102e+02
2.494002726478823604e+02 2.310063446864219259e+02 1.837709781957177029e+02
2.493727712457048824e+02 2.309908470563058813e+02 1.837702835437747240e+02
2.493452698435274044e+02 2.309753494261898368e+02 1.837695888918317451e+02
2.493177684413499264e+02 2.309598517960737922e+02 1.837688942398887662e+02
2.492902670391724484e+02 2.309443541659577761e+02 1.837681995879457588e+02
2.492627656369949705e+02 2.309288565358417316e+02 1.837675049360027799e+02
2.492352642348174925e+02 2.309133589057256870e+02 1.837668102840598010e+02
2.492077628326400145e+02 2.308978612756096709e+02 1.837661156321167937e+02
2.491802614304625081e+02 2.308823636454936263e+02 1.837654209801738148e+02
2.491527600282850301e+02 2.308668660153775818e+02 1.837647263282308359e+02
2.491252586261075521e+02 2.308513683852615372e+02 1.837640316762878570e+02
2.490977572239300741e+02 2.308358707551455211e+02 1.837633370243448496e+02
2.490702558217525961e+02 2.308203731250294766e+02 1.837626423724018707e+02
2.490427544195751182e+02 2.308048754949134320e+02 1.837619477204588918e+02
2.490152530173976402e+02 2.307893778647973875e+02 1.837612530685159129e+02
2.489877516152201622e+02 2.307738802346813713e+02 1.837605584165729056e+02
2.489602502130426842e+02 2.307583826045653268e+02 1.837598637646299267e+02
2.489327488108652062e+02 2.307428849744492823e+02 1.837591691126869478e+02
2.489052474086877282e+02 2.307273873443332377e+02 1.837584744607439688e+02
2.488777460065102503e+02 2.307118897142172216e+02 1.837577798088009615e+02
2.488502446043327723e+02 2.306963920841011770e+02 1.837570851568579826e+02
2.488502446043327723e+02 2.306963920841011770e+02 1.837570851568579826e+02
2.488223654540094856e+02 2.306806815848011354e+02 1.837563809634566496e+02
2.487944863036861989e+02 2.306649710855010937e+02 1.837556767700553166e+02
2.487666071533629122e+02 2.306492605862010237e+02 1.837549725766539837e+02
2.487387280030396539e+02 2.306335500869009820e+02 1.837542683832526507e+02
2.487108488527163672e+02 2.306178395876009404e+02 1.837535641898512893e+02
2.486829697023930805e+02 2.306021290883008987e+02 1.837528599964499563e+02
2.486550905520697938e+02 2.305864185890008571e+02 1.837521558030486233e+02
2.486272114017465071e+02 2.305707080897007870e+02 1.837514516096472903e+02
2.485993322514232204e+02 2.305549975904007454e+02 1.837507474162459573e+02
2.485714531010999622e+02 2.305392870911007037e+02 1.837500432228446243e+02
2.485435739507766755e+02 2.305235765918006621e+02 1.837493390294432913e+02
2.485156948004533888e+02 2.305078660925006204e+02 1.837486348360419584e+02
2.484878156501301021e+02 2.304921555932005504e+02 1.837479306426405969e+02
2.484599364998068154e+02 2.304764450939005087e+02 1.837472264492392640e+02
2.484320573494835287e+02 2.304607345946004671e+02 1.837465222558379310e+02
2.484041781991602704e+02 2.304450240953004254e+02 1.837458180624365980e+02
2.483762990488369837e+02 2.304293135960003838e+02 1.837451138690352650e+02
2.483484198985136970e+02 2.304136030967003137e+02 1.837444096756339320e+02
2.483205407481904103e+02 2.303978925974002721e+02 1.837437054822325990e+02
2.482926615978671236e+02 2.303821820981002304e+02 1.837430012888312660e+02
2.482647824475438370e+02 2.303664715988001888e+02 1.837422970954299046e+02
2.482369032972205787e+02 2.303507610995001471e+02 1.837415929020285716e+02
2.482090241468972920e+02 2.303350506002000770e+02 1.837408887086272387e+02
2.481811449965740053e+02 2.303193401009000354e+02 1.837401845152259057e+02
2.481532658462507186e+02 2.303036296015999937e+02 1.837394803218245727e+02
2.481532658462507186e+02 2.303036296015999937e+02 1.837394803218245727e+02
2.481368738561979228e+02 2.302836862108911475e+02 1.837581494971459790e+02
2.481204818661450986e+02 2.302637428201822729e+02 1.837768186724673853e+02
2.481040898760923028e+02 2.302437994294734267e+02 1.837954878477887917e+02
2.480876978860394786e+02 2.302238560387645805e+02 1.838141570231101980e+02
2.480713058959866828e+02 2.302039126480557343e+02 1.838328261984316043e+02
2.480549139059338870e+02 2.301839692573468596e+02 1.838514953737530107e+02
2.480385219158810628e+02 2.301640258666380134e+02 1.838701645490744170e+02
2.480221299258282670e+02 2.301440824759291672e+02 1.838888337243958233e+02
2.480057379357754428e+02 2.301241390852203210e+02 1.839075028997172296e+02
2.479893459457226470e+02 2.301041956945114464e+02 1.839261720750386360e+02
2.479729539556698228e+02 2.300842523038026002e+02 1.839448412503600139e+02
2.479565619656170270e+02 2.300643089130937540e+02 1.839635104256814202e+02
2.479401699755642312e+02 2.300443655223848793e+02 1.839821796010028265e+02
2.479237779855114070e+02 2.300244221316760331e+02 1.840008487763242329e+02
2.479073859954586112e+02 2.300044787409671869e+02 1.840195179516456392e+02
2.478909940054057870e+02 2.299845353502583407e+02 1.840381871269670455e+02
2.478746020153529912e+02 2.299645919595494661e+02 1.840568563022884518e+02
2.478582100253001954e+02 2.299446485688406199e+02 1.840755254776098582e+02
2.478418180352473712e+02 2.299247051781317737e+02 1.840941946529312645e+02
2.478254260451945754e+02 2.299047617874229275e+02 1.841128638282526708e+02
2.478090340551417512e+02 2.298848183967140528e+02 1.841315330035740772e+02
2.477926420650889554e+02 2.298648750060052066e+02 1.841502021788954835e+02
2.477926420650889554e+02 2.298648750060052066e+02 1.841502021788954835e+02
2.477672830616504882e+02 2.298541852752846921e+02 1.841648559498190991e+02
2.477419240582120210e+02 2.298434955445641492e+02 1.841795097207427148e+02
2.477165650547735538e+02 2.298328058138436347e+02 1.841941634916663304e+02
2.476912060513350866e+02 2.298221160831230918e+02 1.842088172625899460e+02
2.476658470478966194e+02 2.298114263524025773e+02 1.842234710335135617e+02
2.476404880444581522e+02 2.298007366216820344e+02 1.842381248044371773e+02
2.476151290410196850e+02 2.297900468909615199e+02 1.842527785753607930e+02
2.475897700375812462e+02 2.297793571602409770e+02 1.842674323462844086e+02
2.475644110341427790e+02 2.297686674295204625e+02 1.842820861172080242e+02
2.475390520307043118e+02 2.297579776987999480e+02 1.842967398881316399e+02
2.475136930272658446e+02 2.297472879680794051e+02 1.843113936590552555e+02
2.474883340238273775e+02 2.297365982373588906e+02 1.843260474299788712e+02
2.474629750203889103e+02 2.297259085066383477e+02 1.843407012009024868e+02
2.474376160169504431e+02 2.297152187759178332e+02 1.843553549718261024e+02
2.474122570135119759e+02 2.297045290451972903e+02 1.843700087427496896e+02
2.473868980100735087e+02 2.296938393144767758e+02 1.843846625136733053e+02
2.473615390066350415e+02 2.296831495837562329e+02 1.843993162845969209e+02
2.473361800031965743e+02 2.296724598530357184e+02 1.844139700555205366e+02
2.473108209997581071e+02 2.296617701223151755e+02 1.844286238264441522e+02
2.472854619963196399e+02 2.296510803915946610e+02 1.844432775973677678e+02
2.472601029928811727e+02 2.296403906608741465e+02 1.844579313682913835e+02
2.472347439894427339e+02 2.296297009301536036e+02 1.844725851392149991e+02
2.472093849860042667e+02 2.296190111994330891e+02 1.844872389101386148e+02
2.471840259825657995e+02 2.296083214687125462e+02 1.845018926810622304e+02
2.471586669791273323e+02 2.295976317379920317e+02 1.845165464519858460e+02
2.471333079756888651e+02 2.295869420072714888e+02 1.845312002229094617e+02
2.471079489722503979e+02 2.295762522765509743e+02 1.845458539938330773e+02
2.470825899688119307e+02 2.295655625458304314e+02 1.845605077647566929e+02
2.470572309653734635e+02 2.295548728151099169e+02 1.845751615356803086e+02
2.470572309653734635e+02 2.295548728151099169e+02 1.845751615356803086e+02
2.470271407964586956e+02 2.295555293785967592e+02 1.845636218597149991e+02
2.469970506275438993e+02 2.295561859420836015e+02 1.845520821837496896e+02
2.469669604586291314e+02 2.295568425055704438e+02 1.845405425077843802e+02
2.469368702897143351e+02 2.295574990690572861e+02 1.845290028318190707e+02
2.469067801207995672e+02 2.295581556325441284e+02 1.845174631558537612e+02
2.468766899518847993e+02 2.295588121960309707e+02 1.845059234798884518e+02
2.468465997829700029e+02 2.295594687595178129e+02 1.844943838039231423e+02
2.468165096140552350e+02 2.295601253230046552e+02 1.844828441279578328e+02
2.467864194451404387e+02 2.295607818864914975e+02 1.844713044519925234e+02
2.467563292762256708e+02 2.295614384499783398e+02 1.844597647760272139e+02
2.467262391073109029e+02 2.295620950134651821e+02 1.844482251000619044e+02
2.466961489383961066e+02 2.295627515769520244e+02 1.844366854240965949e+02
2.466660587694813387e+02 2.295634081404388382e+02 1.844251457481312855e+02
2.466359686005665424e+02 2.295640647039256805e+02 1.844136060721659760e+02
2.466058784316517745e+02 2.295647212674125228e+02 1.844020663962006665e+02
2.465757882627370066e+02 2.295653778308993651e+02 1.843905267202353571e+02
2.465456980938222102e+02 2.295660343943862074e+02 1.843789870442700476e+02
2.465156079249074423e+02 2.295666909578730497e+02 1.843674473683047381e+02
2.464855177559926460e+02 2.295673475213598920e+02 1.843559076923394286e+02
2.464554275870778781e+02 2.295680040848467343e+02 1.843443680163741192e+02
2.464253374181631102e+02 2.295686606483335765e+02 1.843328283404088097e+02
2.463952472492483139e+02 2.295693172118204188e+02 1.843212886644435002e+02
2.463651570803335460e+02 2.295699737753072611e+02 1.843097489884781908e+02
2.463350669114187497e+02 2.295706303387941034e+02 1.842982093125128813e+02
2.463049767425039818e+02 2.295712869022809457e+02 1.842866696365475718e+02
2.463049767425039818e+02 2.295712869022809457e+02 1.842866696365475718e+02
2.462755948586648742e+02 2.295719280110815532e+02 1.842754015901728906e+02
2.462462129748257951e+02 2.295725691198821892e+02 1.842641335437982377e+02
2.462168310909866875e+02 2.295732102286827967e+02 1.842528654974235565e+02
2.461874492071476084e+02 2.295738513374834042e+02 1.842415974510488752e+02
2.461580673233085008e+02 2.295744924462840402e+02 1.842303294046741939e+02
2.461286854394694217e+02 2.295751335550846477e+02 1.842190613582995411e+02
2.460993035556303141e+02 2.295757746638852836e+02 1.842077933119248598e+02
2.460699216717912350e+02 2.295764157726858912e+02 1.841965252655501786e+02
2.460405397879521274e+02 2.295770568814864987e+02 1.841852572191754973e+02
2.460111579041130199e+02 2.295776979902871346e+02 1.841739891728008445e+02
2.459817760202739407e+02 2.295783390990877422e+02 1.841627211264261632e+02
2.459523941364348332e+02 2.295789802078883497e+02 1.841514530800514819e+02
2.459230122525957540e+02 2.295796213166889856e+02 1.841401850336768007e+02
2.458936303687566465e+02 2.295802624254895932e+02 1.841289169873021478e+02
2.458642484849175673e+02 2.295809035342902291e+02 1.841176489409274666e+02
2.458348666010784598e+02 2.295815446430908366e+02 1.841063808945527853e+02
2.458054847172393806e+02 2.295821857518914442e+02 1.840951128481781041e+02
2.457761028334002731e+02 2.295828268606920801e+02 1.840838448018034512e+02
2.457467209495611655e+02 2.295834679694926876e+02 1.840725767554287700e+02
2.457173390657220864e+02 2.295841090782932952e+02 1.840613087090540887e+02
2.456879571818829788e+02 2.295847501870939311e+02 1.840500406626794074e+02
2.456585752980438997e+02 2.295853912958945386e+02 1.840387726163047546e+02
2.456291934142047921e+02 2.295860324046951746e+02 1.840275045699300733e+02
2.455998115303657130e+02 2.295866735134957821e+02 1.840162365235553921e+02
2.455704296465266054e+02 2.295873146222963896e+02 1.840049684771807108e+02
2.455410477626875263e+02 2.295879557310970256e+02 1.839937004308060580e+02
2.455116658788484187e+02 2.295885968398976331e+02 1.839824323844313767e+02
