1.070667873694750796e+02 2.612072245070690428e+02 1.631434954372644484e+02
1.070818903846484460e+02 2.612086242511206819e+02 1.631679696268981274e+02
1.070969933998218124e+02 2.612100239951723211e+02 1.631924438165318065e+02
1.071120964149951647e+02 2.612114237392239602e+02 1.632169180061654572e+02
1.071271994301685311e+02 2.612128234832755993e+02 1.632413921957991363e+02
1.071423024453418975e+02 2.612142232273272384e+02 1.632658663854328154e+02
1.071574054605152639e+02 2.612156229713788775e+02 1.632903405750664945e+02
1.071725084756886162e+02 2.612170227154305167e+02 1.633148147647001451e+02
1.071876114908619826e+02 2.612184224594820989e+02 1.633392889543338242e+02
1.072027145060353490e+02 2.612198222035337380e+02 1.633637631439675033e+02
1.072178175212087154e+02 2.612212219475853772e+02 1.633882373336011824e+02
1.072329205363820677e+02 2.612226216916370163e+02 1.634127115232348615e+02
1.072480235515554341e+02 2.612240214356886554e+02 1.634371857128685122e+02
1.072631265667288005e+02 2.612254211797402945e+02 1.634616599025021912e+02
1.072782295819021670e+02 2.612268209237919336e+02 1.634861340921358703e+02
1.072933325970755334e+02 2.612282206678435728e+02 1.635106082817695494e+02
1.073084356122488856e+02 2.612296204118952119e+02 1.635350824714032001e+02
1.073235386274222520e+02 2.612310201559468510e+02 1.635595566610368792e+02
1.073386416425956185e+02 2.612324198999984901e+02 1.635840308506705583e+02
1.073537446577689849e+02 2.612338196440501292e+02 1.636085050403042374e+02
1.073688476729423371e+02 2.612352193881017683e+02 1.636329792299378880e+02
1.073839506881157035e+02 2.612366191321534075e+02 1.636574534195715671e+02
1.073990537032890700e+02 2.612380188762050466e+02 1.636819276092052462e+02
1.074141567184624364e+02 2.612394186202566289e+02 1.637064017988389253e+02
1.074292597336358028e+02 2.612408183643082680e+02 1.637308759884726044e+02
1.074443627488091551e+02 2.612422181083599071e+02 1.637553501781062550e+02
1.074594657639825215e+02 2.612436178524115462e+02 1.637798243677399341e+02
1.074745687791558879e+02 2.612450175964631853e+02 1.638042985573736132e+02
1.074896717943292543e+02 2.612464173405148244e+02 1.638287727470072923e+02
1.075047748095026066e+02 2.612478170845664636e+02 1.638532469366409430e+02
1.075198778246759730e+02 2.612492168286181027e+02 1.638777211262746221e+02
1.075349808398493394e+02 2.612506165726697418e+02 1.639021953159083012e+02
1.075500838550227058e+02 2.612520163167213809e+02 1.639266695055419802e+02
1.075651868701960723e+02 2.612534160607730200e+02 1.639511436951756309e+02
1.075802898853694245e+02 2.612548158048246592e+02 1.639756178848093100e+02
1.075953929005427909e+02 2.612562155488762983e+02 1.640000920744429891e+02
1.076104959157161574e+02 2.612576152929279374e+02 1.640245662640766682e+02
1.076255989308895238e+02 2.612590150369795197e+02 1.640490404537103473e+02
1.076407019460628760e+02 2.612604147810311588e+02 1.640735146433439979e+02
1.076558049612362424e+02 2.612618145250827979e+02 1.640979888329776770e+02
1.076709079764096089e+02 2.612632142691344370e+02 1.641224630226113561e+02
1.076860109915829753e+02 2.612646140131860761e+02 1.641469372122450352e+02
1.077011140067563275e+02 2.612660137572377153e+02 1.641714114018786859e+02
1.077162170219296939e+02 2.612674135012893544e+02 1.641958855915123650e+02
1.077313200371030604e+02 2.612688132453409935e+02 1.642203597811460440e+02
1.077313200371030604e+02 2.612688132453409935e+02 1.642203597811460440e+02
1.077509320848568848e+02 2.612587486662361584e+02 1.642531628235171297e+02
1.077705441326106950e+02 2.612486840871313234e+02 1.642859658658882438e+02
1.077901561803645194e+02 2.612386195080264883e+02 1.643187689082593295e+02
1.078097682281183438e+02 2.612285549289216533e+02 1.643515719506304436e+02
1.078293802758721682e+02 2.612184903498168183e+02 1.643843749930015292e+02
1.078489923236259784e+02 2.612084257707119832e+02 1.644171780353726433e+02
1.078686043713798028e+02 2.611983611916072050e+02 1.644499810777437290e+02
1.078882164191336273e+02 2.611882966125023700e+02 1.644827841201148431e+02
1.079078284668874517e+02 2.611782320333975349e+02 1.645155871624859287e+02
1.079274405146412619e+02 2.611681674542926999e+02 1.645483902048570428e+02
1.079470525623950863e+02 2.611581028751878648e+02 1.645811932472281285e+02
1.079666646101489107e+02 2.611480382960830298e+02 1.646139962895992426e+02
1.079862766579027351e+02 2.611379737169781947e+02 1.646467993319703282e+02
1.080058887056565453e+02 2.611279091378733597e+02 1.646796023743414139e+02
1.080255007534103697e+02 2.611178445587685246e+02 1.647124054167125280e+02
1.080451128011641941e+02 2.611077799796636896e+02 1.647452084590836137e+02
1.080647248489180043e+02 2.610977154005588545e+02 1.647780115014547277e+02
1.080843368966718288e+02 2.610876508214540195e+02 1.648108145438258134e+02
1.081039489444256532e+02 2.610775862423491844e+02 1.648436175861969275e+02
1.081235609921794776e+02 2.610675216632443494e+02 1.648764206285680132e+02
1.081431730399332878e+02 2.610574570841395712e+02 1.649092236709391273e+02
1.081627850876871122e+02 2.610473925050347361e+02 1.649420267133102129e+02
1.081823971354409366e+02 2.610373279259299011e+02 1.649748297556813270e+02
1.082020091831947610e+02 2.610272633468250660e+02 1.650076327980524127e+02
1.082216212309485712e+02 2.610171987677202310e+02 1.650404358404235268e+02
1.082412332787023956e+02 2.610071341886153959e+02 1.650732388827946124e+02
1.082608453264562201e+02 2.609970696095105609e+02 1.651060419251657265e+02
1.082804573742100303e+02 2.609870050304057258e+02 1.651388449675368122e+02
1.083000694219638547e+02 2.609769404513008908e+02 1.651716480099078979e+02
1.083196814697176791e+02 2.609668758721960558e+02 1.652044510522790119e+02
1.083392935174715035e+02 2.609568112930912207e+02 1.652372540946500976e+02
1.083589055652253137e+02 2.609467467139863857e+02 1.652700571370212117e+02
1.083785176129791381e+02 2.609366821348815506e+02 1.653028601793922974e+02
1.083981296607329625e+02 2.609266175557767156e+02 1.653356632217634115e+02
1.084177417084867869e+02 2.609165529766719374e+02 1.653684662641344971e+02
1.084373537562405971e+02 2.609064883975671023e+02 1.654012693065056112e+02
1.084569658039944215e+02 2.608964238184622673e+02 1.654340723488766969e+02
1.084765778517482460e+02 2.608863592393574322e+02 1.654668753912478110e+02
1.084961898995020704e+02 2.608762946602525972e+02 1.654996784336188966e+02
1.085158019472558806e+02 2.608662300811477621e+02 1.655324814759900107e+02
1.085354139950097050e+02 2.608561655020429271e+02 1.655652845183610964e+02
1.085354139950097050e+02 2.608561655020429271e+02 1.655652845183610964e+02
1.085384387104245718e+02 2.608619894075160914e+02 1.655934988587194994e+02
1.085414634258394386e+02 2.608678133129891989e+02 1.656217131990779308e+02
1.085444881412543054e+02 2.608736372184623633e+02 1.656499275394363337e+02
1.085475128566691723e+02 2.608794611239354708e+02 1.656781418797947367e+02
1.085505375720840391e+02 2.608852850294086352e+02 1.657063562201531397e+02
1.085535622874989059e+02 2.608911089348817427e+02 1.657345705605115711e+02
1.085565870029137727e+02 2.608969328403549071e+02 1.657627849008699741e+02
1.085596117183286395e+02 2.609027567458280714e+02 1.657909992412283771e+02
1.085626364337434921e+02 2.609085806513011789e+02 1.658192135815867800e+02
1.085656611491583590e+02 2.609144045567743433e+02 1.658474279219452114e+02
1.085686858645732258e+02 2.609202284622474508e+02 1.658756422623036144e+02
1.085717105799880926e+02 2.609260523677206152e+02 1.659038566026620174e+02
1.085747352954029594e+02 2.609318762731937227e+02 1.659320709430204204e+02
1.085777600108178262e+02 2.609377001786668870e+02 1.659602852833788518e+02
1.085807847262326931e+02 2.609435240841399946e+02 1.659884996237372548e+02
1.085838094416475599e+02 2.609493479896131589e+02 1.660167139640956577e+02
1.085868341570624267e+02 2.609551718950863233e+02 1.660449283044540607e+02
1.085898588724772935e+02 2.609609958005594308e+02 1.660731426448124921e+02
1.085928835878921603e+02 2.609668197060325951e+02 1.661013569851708951e+02
1.085959083033070272e+02 2.609726436115057027e+02 1.661295713255292981e+02
1.085989330187218940e+02 2.609784675169788670e+02 1.661577856658877295e+02
1.086019577341367608e+02 2.609842914224519745e+02 1.661860000062461324e+02
1.086049824495516276e+02 2.609901153279251389e+02 1.662142143466045354e+02
1.086080071649664944e+02 2.609959392333983033e+02 1.662424286869629384e+02
1.086110318803813612e+02 2.610017631388714108e+02 1.662706430273213698e+02
1.086140565957962281e+02 2.610075870443445751e+02 1.662988573676797728e+02
1.086170813112110807e+02 2.610134109498176826e+02 1.663270717080381758e+02
1.086201060266259475e+02 2.610192348552908470e+02 1.663552860483965787e+02
1.086231307420408143e+02 2.610250587607639545e+02 1.663835003887550101e+02
1.086261554574556811e+02 2.610308826662371189e+02 1.664117147291134131e+02
1.086291801728705479e+02 2.610367065717102832e+02 1.664399290694718161e+02
1.086322048882854148e+02 2.610425304771833908e+02 1.664681434098302191e+02
1.086352296037002816e+02 2.610483543826565551e+02 1.664963577501886505e+02
1.086382543191151484e+02 2.610541782881296626e+02 1.665245720905470534e+02
1.086412790345300152e+02 2.610600021936028270e+02 1.665527864309054564e+02
1.086443037499448820e+02 2.610658260990759345e+02 1.665810007712638878e+02
1.086473284653597489e+02 2.610716500045490989e+02 1.666092151116222908e+02
1.086503531807746157e+02 2.610774739100222632e+02 1.666374294519806938e+02
1.086533778961894825e+02 2.610832978154953707e+02 1.666656437923390968e+02
1.086564026116043493e+02 2.610891217209685351e+02 1.666938581326975282e+02
1.086594273270192161e+02 2.610949456264416426e+02 1.667220724730559311e+02
1.086624520424340830e+02 2.611007695319148070e+02 1.667502868134143341e+02
1.086654767578489498e+02 2.611065934373879145e+02 1.667785011537727371e+02
1.086685014732638166e+02 2.611124173428610789e+02 1.668067154941311685e+02
1.086715261886786692e+02 2.611182412483341864e+02 1.668349298344895715e+02
1.086745509040935360e+02 2.611240651538073507e+02 1.668631441748479745e+02
1.086775756195084028e+02 2.611298890592805151e+02 1.668913585152063774e+02
1.086806003349232697e+02 2.611357129647536226e+02 1.669195728555648088e+02
1.086836250503381365e+02 2.611415368702267870e+02 1.669477871959232118e+02
1.086866497657530033e+02 2.611473607756998945e+02 1.669760015362816148e+02
1.086896744811678701e+02 2.611531846811730588e+02 1.670042158766400178e+02
1.086926991965827369e+02 2.611590085866461663e+02 1.670324302169984492e+02
1.086957239119976038e+02 2.611648324921193307e+02 1.670606445573568521e+02
1.086957239119976038e+02 2.611648324921193307e+02 1.670606445573568521e+02
1.086817117347120956e+02 2.611727712316110228e+02 1.670795949831295104e+02
1.086676995574266016e+02 2.611807099711027149e+02 1.670985454089021971e+02
1.086536873801410934e+02 2.611886487105944070e+02 1.671174958346748554e+02
1.086396752028555994e+02 2.611965874500860991e+02 1.671364462604475136e+02
1.086256630255700912e+02 2.612045261895777912e+02 1.671553966862201719e+02
1.086116508482845973e+02 2.612124649290694833e+02 1.671743471119928586e+02
1.085976386709990891e+02 2.612204036685611186e+02 1.671932975377655168e+02
1.085836264937135951e+02 2.612283424080528107e+02 1.672122479635381751e+02
1.085696143164280869e+02 2.612362811475445028e+02 1.672311983893108618e+02
1.085556021391425929e+02 2.612442198870361949e+02 1.672501488150835200e+02
1.085415899618570847e+02 2.612521586265278870e+02 1.672690992408561783e+02
1.085275777845715908e+02 2.612600973660195791e+02 1.672880496666288650e+02
1.085135656072860826e+02 2.612680361055112712e+02 1.673070000924015233e+02
1.084995534300005744e+02 2.612759748450029633e+02 1.673259505181741815e+02
1.084855412527150804e+02 2.612839135844946554e+02 1.673449009439468682e+02
1.084715290754295722e+02 2.612918523239863475e+02 1.673638513697195265e+02
1.084575168981440783e+02 2.612997910634780396e+02 1.673828017954921847e+02
1.084435047208585701e+02 2.613077298029697317e+02 1.674017522212648430e+02
1.084294925435730761e+02 2.613156685424613670e+02 1.674207026470375297e+02
1.084154803662875679e+02 2.613236072819530591e+02 1.674396530728101880e+02
1.084014681890020739e+02 2.613315460214447512e+02 1.674586034985828462e+02
1.083874560117165657e+02 2.613394847609364433e+02 1.674775539243555329e+02
1.083734438344310718e+02 2.613474235004281354e+02 1.674965043501281912e+02
1.083594316571455636e+02 2.613553622399198275e+02 1.675154547759008494e+02
1.083454194798600554e+02 2.613633009794115196e+02 1.675344052016735361e+02
1.083314073025745614e+02 2.613712397189032117e+02 1.675533556274461944e+02
1.083173951252890532e+02 2.613791784583949038e+02 1.675723060532188526e+02
1.083033829480035592e+02 2.613871171978865959e+02 1.675912564789915109e+02
1.082893707707180511e+02 2.613950559373782880e+02 1.676102069047641976e+02
1.082753585934325571e+02 2.614029946768699801e+02 1.676291573305368559e+02
1.082613464161470489e+02 2.614109334163616722e+02 1.676481077563095141e+02
1.082473342388615549e+02 2.614188721558533075e+02 1.676670581820822008e+02
1.082333220615760467e+02 2.614268108953449996e+02 1.676860086078548591e+02
1.082193098842905528e+02 2.614347496348366917e+02 1.677049590336275173e+02
1.082052977070050446e+02 2.614426883743283838e+02 1.677239094594002040e+02
1.081912855297195506e+02 2.614506271138200759e+02 1.677428598851728623e+02
1.081772733524340424e+02 2.614585658533117680e+02 1.677618103109455205e+02
1.081632611751485342e+02 2.614665045928034601e+02 1.677807607367181788e+02
1.081492489978630402e+02 2.614744433322951522e+02 1.677997111624908655e+02
1.081352368205775321e+02 2.614823820717868443e+02 1.678186615882635238e+02
1.081212246432920381e+02 2.614903208112785364e+02 1.678376120140361820e+02
1.081072124660065299e+02 2.614982595507702285e+02 1.678565624398088687e+02
1.080932002887210359e+02 2.615061982902619206e+02 1.678755128655815270e+02
1.080791881114355277e+02 2.615141370297535559e+02 1.678944632913541852e+02
1.080651759341500338e+02 2.615220757692452480e+02 1.679134137171268719e+02
1.080511637568645256e+02 2.615300145087369401e+02 1.679323641428995302e+02
1.080371515795790316e+02 2.615379532482286322e+02 1.679513145686721884e+02
1.080231394022935234e+02 2.615458919877203243e+02 1.679702649944448467e+02
1.080091272250080294e+02 2.615538307272120164e+02 1.679892154202175334e+02
1.079951150477225212e+02 2.615617694667037085e+02 1.680081658459901917e+02
1.079951150477225212e+02 2.615617694667037085e+02 1.680081658459901917e+02
1.079703177173618798e+02 2.615646145055703187e+02 1.680229647082090594e+02
1.079455203870012241e+02 2.615674595444369288e+02 1.680377635704278987e+02
1.079207230566405826e+02 2.615703045833035389e+02 1.680525624326467664e+02
1.078959257262799269e+02 2.615731496221701491e+02 1.680673612948656341e+02
1.078711283959192855e+02 2.615759946610367592e+02 1.680821601570844734e+02
1.078463310655586298e+02 2.615788396999033694e+02 1.680969590193033412e+02
1.078215337351979883e+02 2.615816847387700363e+02 1.681117578815221805e+02
1.077967364048373327e+02 2.615845297776366465e+02 1.681265567437410482e+02
1.077719390744766912e+02 2.615873748165032566e+02 1.681413556059599159e+02
1.077471417441160497e+02 2.615902198553698668e+02 1.681561544681787552e+02
1.077223444137553940e+02 2.615930648942364769e+02 1.681709533303976229e+02
1.076975470833947526e+02 2.615959099331030870e+02 1.681857521926164623e+02
1.076727497530340969e+02 2.615987549719696972e+02 1.682005510548353300e+02
1.076479524226734554e+02 2.616016000108363073e+02 1.682153499170541977e+02
1.076231550923127998e+02 2.616044450497029175e+02 1.682301487792730370e+02
1.075983577619521583e+02 2.616072900885695276e+02 1.682449476414919047e+02
1.075735604315915026e+02 2.616101351274361377e+02 1.682597465037107725e+02
1.075487631012308611e+02 2.616129801663027479e+02 1.682745453659296118e+02
1.075239657708702055e+02 2.616158252051693580e+02 1.682893442281484795e+02
1.074991684405095640e+02 2.616186702440360250e+02 1.683041430903673472e+02
1.074743711101489225e+02 2.616215152829026351e+02 1.683189419525861865e+02
1.074495737797882668e+02 2.616243603217692453e+02 1.683337408148050542e+02
1.074247764494276254e+02 2.616272053606358554e+02 1.683485396770238935e+02
1.073999791190669697e+02 2.616300503995024656e+02 1.683633385392427613e+02
1.073751817887063282e+02 2.616328954383690757e+02 1.683781374014616290e+02
1.073503844583456726e+02 2.616357404772356858e+02 1.683929362636804683e+02
1.073255871279850311e+02 2.616385855161022960e+02 1.684077351258993360e+02
1.073007897976243754e+02 2.616414305549689061e+02 1.684225339881181753e+02
1.072759924672637339e+02 2.616442755938355162e+02 1.684373328503370431e+02
1.072511951369030783e+02 2.616471206327021264e+02 1.684521317125559108e+02
1.072263978065424368e+02 2.616499656715687365e+02 1.684669305747747501e+02
1.072016004761817953e+02 2.616528107104353467e+02 1.684817294369936178e+02
1.071768031458211397e+02 2.616556557493019568e+02 1.684965282992124855e+02
1.071520058154604982e+02 2.616585007881686238e+02 1.685113271614313248e+02
1.071272084850998425e+02 2.616613458270352339e+02 1.685261260236501926e+02
1.071024111547392010e+02 2.616641908659018441e+02 1.685409248858690603e+02
1.070776138243785454e+02 2.616670359047684542e+02 1.685557237480878996e+02
1.070528164940179039e+02 2.616698809436350643e+02 1.685705226103067673e+02
1.070280191636572482e+02 2.616727259825016745e+02 1.685853214725256066e+02
1.070032218332966067e+02 2.616755710213682846e+02 1.686001203347444743e+02
1.070032218332966067e+02 2.616755710213682846e+02 1.686001203347444743e+02
1.069867703516334529e+02 2.616831720231722898e+02 1.686371071746768280e+02
1.069703188699702991e+02 2.616907730249762949e+02 1.686740940146092100e+02
1.069538673883071596e+02 2.616983740267803000e+02 1.687110808545415637e+02
1.069374159066440058e+02 2.617059750285843052e+02 1.687480676944739457e+02
1.069209644249808520e+02 2.617135760303883103e+02 1.687850545344062994e+02
1.069045129433176982e+02 2.617211770321923154e+02 1.688220413743386530e+02
1.068880614616545586e+02 2.617287780339962637e+02 1.688590282142710350e+02
1.068716099799914048e+02 2.617363790358002689e+02 1.688960150542033887e+02
1.068551584983282510e+02 2.617439800376042740e+02 1.689330018941357423e+02
1.068387070166650972e+02 2.617515810394082791e+02 1.689699887340681244e+02
1.068222555350019434e+02 2.617591820412122843e+02 1.690069755740004780e+02
1.068058040533388038e+02 2.617667830430162894e+02 1.690439624139328600e+02
1.067893525716756500e+02 2.617743840448202945e+02 1.690809492538652137e+02
1.067729010900124962e+02 2.617819850466242997e+02 1.691179360937975673e+02
1.067564496083493424e+02 2.617895860484283048e+02 1.691549229337299494e+02
1.067399981266861886e+02 2.617971870502323100e+02 1.691919097736623030e+02
1.067235466450230490e+02 2.618047880520363151e+02 1.692288966135946566e+02
1.067070951633598952e+02 2.618123890538403202e+02 1.692658834535270387e+02
1.066906436816967414e+02 2.618199900556442685e+02 1.693028702934593923e+02
1.066741922000335876e+02 2.618275910574482737e+02 1.693398571333917744e+02
1.066577407183704480e+02 2.618351920592522788e+02 1.693768439733241280e+02
1.066412892367072942e+02 2.618427930610562839e+02 1.694138308132564816e+02
1.066248377550441404e+02 2.618503940628602891e+02 1.694508176531888637e+02
1.066083862733809866e+02 2.618579950646642942e+02 1.694878044931212173e+02
1.065919347917178328e+02 2.618655960664682993e+02 1.695247913330535710e+02
1.065754833100546932e+02 2.618731970682723045e+02 1.695617781729859530e+02
1.065590318283915394e+02 2.618807980700763096e+02 1.695987650129183066e+02
1.065425803467283856e+02 2.618883990718803148e+02 1.696357518528506887e+02
1.065261288650652318e+02 2.618960000736843199e+02 1.696727386927830423e+02
1.065096773834020780e+02 2.619036010754883250e+02 1.697097255327153960e+02
1.064932259017389384e+02 2.619112020772922733e+02 1.697467123726477780e+02
1.064767744200757846e+02 2.619188030790962785e+02 1.697836992125801316e+02
1.064603229384126308e+02 2.619264040809002836e+02 1.698206860525124853e+02
1.064438714567494770e+02 2.619340050827042887e+02 1.698576728924448673e+02
1.064274199750863374e+02 2.619416060845082939e+02 1.698946597323772210e+02
1.064109684934231836e+02 2.619492070863122990e+02 1.699316465723096030e+02
1.063945170117600298e+02 2.619568080881163041e+02 1.699686334122419566e+02
1.063945170117600298e+02 2.619568080881163041e+02 1.699686334122419566e+02
1.063959368953823201e+02 2.619677652320327184e+02 1.699996451275421805e+02
1.063973567790045962e+02 2.619787223759491326e+02 1.700306568428424043e+02
1.063987766626268865e+02 2.619896795198655468e+02 1.700616685581426566e+02
1.064001965462491768e+02 2.620006366637819610e+02 1.700926802734428804e+02
1.064016164298714529e+02 2.620115938076983753e+02 1.701236919887431043e+02
1.064030363134937431e+02 2.620225509516147895e+02 1.701547037040433281e+02
1.064044561971160334e+02 2.620335080955312037e+02 1.701857154193435520e+02
1.064058760807383095e+02 2.620444652394476179e+02 1.702167271346437758e+02
1.064072959643605998e+02 2.620554223833640322e+02 1.702477388499440281e+02
1.064087158479828901e+02 2.620663795272804464e+02 1.702787505652442519e+02
1.064101357316051661e+02 2.620773366711968606e+02 1.703097622805444757e+02
1.064115556152274564e+02 2.620882938151132748e+02 1.703407739958446996e+02
1.064129754988497325e+02 2.620992509590296891e+02 1.703717857111449234e+02
1.064143953824720228e+02 2.621102081029461033e+02 1.704027974264451757e+02
1.064158152660943131e+02 2.621211652468625175e+02 1.704338091417453995e+02
1.064172351497165891e+02 2.621321223907789317e+02 1.704648208570456234e+02
1.064186550333388794e+02 2.621430795346953460e+02 1.704958325723458472e+02
1.064200749169611697e+02 2.621540366786117602e+02 1.705268442876460711e+02
1.064214948005834458e+02 2.621649938225281744e+02 1.705578560029462949e+02
1.064229146842057361e+02 2.621759509664445886e+02 1.705888677182465472e+02
1.064243345678280264e+02 2.621869081103610029e+02 1.706198794335467710e+02
1.064257544514503024e+02 2.621978652542774171e+02 1.706508911488469948e+02
1.064271743350725927e+02 2.622088223981938313e+02 1.706819028641472187e+02
1.064285942186948830e+02 2.622197795421102455e+02 1.707129145794474425e+02
1.064300141023171591e+02 2.622307366860266598e+02 1.707439262947476948e+02
1.064314339859394494e+02 2.622416938299430740e+02 1.707749380100479186e+02
1.064328538695617397e+02 2.622526509738594882e+02 1.708059497253481425e+02
1.064342737531840157e+02 2.622636081177759024e+02 1.708369614406483663e+02
1.064356936368063060e+02 2.622745652616923167e+02 1.708679731559485901e+02
1.064371135204285963e+02 2.622855224056087309e+02 1.708989848712488424e+02
1.064385334040508724e+02 2.622964795495251451e+02 1.709299965865490663e+02
1.064399532876731627e+02 2.623074366934415593e+02 1.709610083018492901e+02
1.064413731712954529e+02 2.623183938373579736e+02 1.709920200171495139e+02
1.064427930549177290e+02 2.623293509812743878e+02 1.710230317324497378e+02
1.064442129385400193e+02 2.623403081251908020e+02 1.710540434477499616e+02
1.064456328221623096e+02 2.623512652691072162e+02 1.710850551630502139e+02
1.064470527057845857e+02 2.623622224130236305e+02 1.711160668783504377e+02
1.064484725894068760e+02 2.623731795569400447e+02 1.711470785936506616e+02
1.064498924730291520e+02 2.623841367008564589e+02 1.711780903089508854e+02
1.064513123566514423e+02 2.623950938447728731e+02 1.712091020242511092e+02
1.064527322402737326e+02 2.624060509886892874e+02 1.712401137395513615e+02
1.064541521238960087e+02 2.624170081326057016e+02 1.712711254548515853e+02
1.064555720075182990e+02 2.624279652765221158e+02 1.713021371701518092e+02
1.064569918911405892e+02 2.624389224204385300e+02 1.713331488854520330e+02
1.064584117747628653e+02 2.624498795643549443e+02 1.713641606007522569e+02
1.064598316583851556e+02 2.624608367082713585e+02 1.713951723160524807e+02
1.064612515420074459e+02 2.624717938521877727e+02 1.714261840313527330e+02
1.064626714256297220e+02 2.624827509961041869e+02 1.714571957466529568e+02
1.064640913092520123e+02 2.624937081400206011e+02 1.714882074619531807e+02
1.064640913092520123e+02 2.624937081400206011e+02 1.714882074619531807e+02
1.064811286560624382e+02 2.625001192275040580e+02 1.715051827256266961e+02
1.064981660028728641e+02 2.625065303149874580e+02 1.715221579893002399e+02
1.065152033496832900e+02 2.625129414024709149e+02 1.715391332529737554e+02
1.065322406964937301e+02 2.625193524899543149e+02 1.715561085166472708e+02
1.065492780433041560e+02 2.625257635774377718e+02 1.715730837803208146e+02
1.065663153901145819e+02 2.625321746649211718e+02 1.715900590439943301e+02
1.065833527369250078e+02 2.625385857524046287e+02 1.716070343076678739e+02
1.066003900837354337e+02 2.625449968398880287e+02 1.716240095713413893e+02
1.066174274305458596e+02 2.625514079273714856e+02 1.716409848350149048e+02
1.066344647773562997e+02 2.625578190148548856e+02 1.716579600986884486e+02
1.066515021241667256e+02 2.625642301023383425e+02 1.716749353623619641e+02
1.066685394709771515e+02 2.625706411898217425e+02 1.716919106260354795e+02
1.066855768177875774e+02 2.625770522773051994e+02 1.717088858897090233e+02
1.067026141645980033e+02 2.625834633647886562e+02 1.717258611533825388e+02
1.067196515114084292e+02 2.625898744522720563e+02 1.717428364170560542e+02
1.067366888582188551e+02 2.625962855397555131e+02 1.717598116807295980e+02
1.067537262050292952e+02 2.626026966272389132e+02 1.717767869444031135e+02
1.067707635518397211e+02 2.626091077147223700e+02 1.717937622080766573e+02
1.067878008986501470e+02 2.626155188022057700e+02 1.718107374717501727e+02
1.068048382454605729e+02 2.626219298896892269e+02 1.718277127354236882e+02
1.068218755922709988e+02 2.626283409771726269e+02 1.718446879990972320e+02
1.068389129390814247e+02 2.626347520646560838e+02 1.718616632627707475e+02
1.068559502858918648e+02 2.626411631521394838e+02 1.718786385264442629e+02
1.068729876327022907e+02 2.626475742396229407e+02 1.718956137901178067e+02
1.068900249795127166e+02 2.626539853271063407e+02 1.719125890537913222e+02
1.069070623263231425e+02 2.626603964145897976e+02 1.719295643174648376e+02
1.069240996731335684e+02 2.626668075020732545e+02 1.719465395811383814e+02
1.069411370199439943e+02 2.626732185895566545e+02 1.719635148448118969e+02
1.069581743667544202e+02 2.626796296770401113e+02 1.719804901084854407e+02
1.069752117135648604e+02 2.626860407645235114e+02 1.719974653721589561e+02
1.069922490603752863e+02 2.626924518520069682e+02 1.720144406358324716e+02
1.070092864071857122e+02 2.626988629394903683e+02 1.720314158995060154e+02
1.070263237539961381e+02 2.627052740269738251e+02 1.720483911631795308e+02
1.070433611008065640e+02 2.627116851144572252e+02 1.720653664268530463e+02
1.070603984476169899e+02 2.627180962019406820e+02 1.720823416905265901e+02
1.070774357944274300e+02 2.627245072894240820e+02 1.720993169542001056e+02
1.070944731412378559e+02 2.627309183769075389e+02 1.721162922178736494e+02
1.071115104880482818e+02 2.627373294643909389e+02 1.721332674815471648e+02
1.071285478348587077e+02 2.627437405518743958e+02 1.721502427452206803e+02
1.071455851816691336e+02 2.627501516393578527e+02 1.721672180088942241e+02
1.071626225284795595e+02 2.627565627268412527e+02 1.721841932725677395e+02
1.071796598752899854e+02 2.627629738143247096e+02 1.722011685362412550e+02
1.071966972221004255e+02 2.627693849018081096e+02 1.722181437999147988e+02
1.072137345689108514e+02 2.627757959892915665e+02 1.722351190635883142e+02
1.072307719157212773e+02 2.627822070767749665e+02 1.722520943272618297e+02
1.072478092625317032e+02 2.627886181642584233e+02 1.722690695909353735e+02
1.072648466093421291e+02 2.627950292517418234e+02 1.722860448546088890e+02
1.072818839561525550e+02 2.628014403392252802e+02 1.723030201182824328e+02
1.072989213029629951e+02 2.628078514267086803e+02 1.723199953819559482e+02
1.073159586497734210e+02 2.628142625141921371e+02 1.723369706456294637e+02
1.073329959965838469e+02 2.628206736016755372e+02 1.723539459093030075e+02
1.073500333433942728e+02 2.628270846891589940e+02 1.723709211729765229e+02
1.073500333433942728e+02 2.628270846891589940e+02 1.723709211729765229e+02
1.073644172423164491e+02 2.628413328035356358e+02 1.723679332225720486e+02
1.073788011412386254e+02 2.628555809179123344e+02 1.723649452721675459e+02
1.073931850401608017e+02 2.628698290322889761e+02 1.723619573217630716e+02
1.074075689390829638e+02 2.628840771466656747e+02 1.723589693713585689e+02
1.074219528380051401e+02 2.628983252610423165e+02 1.723559814209540946e+02
1.074363367369273163e+02 2.629125733754189582e+02 1.723529934705496203e+02
1.074507206358494926e+02 2.629268214897956568e+02 1.723500055201451175e+02
1.074651045347716689e+02 2.629410696041722986e+02 1.723470175697406432e+02
1.074794884336938310e+02 2.629553177185489403e+02 1.723440296193361689e+02
1.074938723326160073e+02 2.629695658329256389e+02 1.723410416689316662e+02
1.075082562315381836e+02 2.629838139473022807e+02 1.723380537185271919e+02
1.075226401304603598e+02 2.629980620616789793e+02 1.723350657681226892e+02
1.075370240293825361e+02 2.630123101760556210e+02 1.723320778177182149e+02
1.075514079283047124e+02 2.630265582904322628e+02 1.723290898673137406e+02
1.075657918272268887e+02 2.630408064048089614e+02 1.723261019169092378e+02
1.075801757261490508e+02 2.630550545191856031e+02 1.723231139665047635e+02
1.075945596250712271e+02 2.630693026335622449e+02 1.723201260161002892e+02
1.076089435239934033e+02 2.630835507479389435e+02 1.723171380656957865e+02
1.076233274229155796e+02 2.630977988623155852e+02 1.723141501152913122e+02
1.076377113218377559e+02 2.631120469766922838e+02 1.723111621648868095e+02
1.076520952207599180e+02 2.631262950910689256e+02 1.723081742144823352e+02
1.076664791196820943e+02 2.631405432054455673e+02 1.723051862640778609e+02
1.076808630186042706e+02 2.631547913198222659e+02 1.723021983136733581e+02
1.076952469175264469e+02 2.631690394341989077e+02 1.722992103632688838e+02
1.077096308164486231e+02 2.631832875485756063e+02 1.722962224128643811e+02
1.077240147153707994e+02 2.631975356629522480e+02 1.722932344624599068e+02
1.077383986142929757e+02 2.632117837773288898e+02 1.722902465120554325e+02
1.077527825132151378e+02 2.632260318917055884e+02 1.722872585616509298e+02
1.077671664121373141e+02 2.632402800060822301e+02 1.722842706112464555e+02
1.077815503110594904e+02 2.632545281204588719e+02 1.722812826608419812e+02
1.077959342099816666e+02 2.632687762348355704e+02 1.722782947104374784e+02
1.078103181089038429e+02 2.632830243492122122e+02 1.722753067600330041e+02
1.078247020078260050e+02 2.632972724635889108e+02 1.722723188096285014e+02
1.078390859067481813e+02 2.633115205779655525e+02 1.722693308592240271e+02
1.078534698056703576e+02 2.633257686923421943e+02 1.722663429088195528e+02
1.078678537045925339e+02 2.633400168067188929e+02 1.722633549584150501e+02
1.078822376035147101e+02 2.633542649210955346e+02 1.722603670080105758e+02
1.078966215024368864e+02 2.633685130354721764e+02 1.722573790576061015e+02
1.079110054013590627e+02 2.633827611498488750e+02 1.722543911072015987e+02
1.079253893002812248e+02 2.633970092642255167e+02 1.722514031567971244e+02
1.079397731992034011e+02 2.634112573786022153e+02 1.722484152063926217e+02
1.079541570981255774e+02 2.634255054929788571e+02 1.722454272559881474e+02
1.079541570981255774e+02 2.634255054929788571e+02 1.722454272559881474e+02
1.079700394737875797e+02 2.634429326663873780e+02 1.722361540179650206e+02
1.079859218494495678e+02 2.634603598397958990e+02 1.722268807799418937e+02
1.080018042251115702e+02 2.634777870132044200e+02 1.722176075419187669e+02
1.080176866007735583e+02 2.634952141866128841e+02 1.722083343038956684e+02
1.080335689764355607e+02 2.635126413600214050e+02 1.721990610658725416e+02
1.080494513520975630e+02 2.635300685334299260e+02 1.721897878278494147e+02
1.080653337277595512e+02 2.635474957068384469e+02 1.721805145898262879e+02
1.080812161034215535e+02 2.635649228802469679e+02 1.721712413518031610e+02
1.080970984790835416e+02 2.635823500536554889e+02 1.721619681137800342e+02
1.081129808547455440e+02 2.635997772270640098e+02 1.721526948757569073e+02
1.081288632304075463e+02 2.636172044004724739e+02 1.721434216377338089e+02
1.081447456060695345e+02 2.636346315738809949e+02 1.721341483997106820e+02
1.081606279817315368e+02 2.636520587472895158e+02 1.721248751616875552e+02
1.081765103573935249e+02 2.636694859206980368e+02 1.721156019236644283e+02
1.081923927330555273e+02 2.636869130941065578e+02 1.721063286856413015e+02
1.082082751087175154e+02 2.637043402675150787e+02 1.720970554476181746e+02
1.082241574843795178e+02 2.637217674409235428e+02 1.720877822095950762e+02
1.082400398600415201e+02 2.637391946143320638e+02 1.720785089715719494e+02
1.082559222357035082e+02 2.637566217877405848e+02 1.720692357335488225e+02
1.082718046113655106e+02 2.637740489611491057e+02 1.720599624955256957e+02
1.082876869870274987e+02 2.637914761345576267e+02 1.720506892575025688e+02
1.083035693626895011e+02 2.638089033079661476e+02 1.720414160194794420e+02
1.083194517383515034e+02 2.638263304813746686e+02 1.720321427814563151e+02
1.083353341140134916e+02 2.638437576547831327e+02 1.720228695434332167e+02
1.083512164896754939e+02 2.638611848281916537e+02 1.720135963054100898e+02
1.083670988653374820e+02 2.638786120016001746e+02 1.720043230673869630e+02
1.083829812409994844e+02 2.638960391750086956e+02 1.719950498293638361e+02
1.083829812409994844e+02 2.638960391750086956e+02 1.719950498293638361e+02
1.083871925572975812e+02 2.639257240710551855e+02 1.719953496656758603e+02
1.083914038735956638e+02 2.639554089671016754e+02 1.719956495019878844e+02
1.083956151898937605e+02 2.639850938631481085e+02 1.719959493382999085e+02
1.083998265061918431e+02 2.640147787591945985e+02 1.719962491746119326e+02
1.084040378224899399e+02 2.640444636552410884e+02 1.719965490109239568e+02
1.084082491387880225e+02 2.640741485512875784e+02 1.719968488472359525e+02
1.084124604550861193e+02 2.641038334473340115e+02 1.719971486835479766e+02
1.084166717713842019e+02 2.641335183433805014e+02 1.719974485198600007e+02
1.084208830876822987e+02 2.641632032394269913e+02 1.719977483561720248e+02
1.084250944039803812e+02 2.641928881354734813e+02 1.719980481924840490e+02
1.084293057202784780e+02 2.642225730315199144e+02 1.719983480287960731e+02
1.084335170365765606e+02 2.642522579275664043e+02 1.719986478651080972e+02
1.084377283528746574e+02 2.642819428236128942e+02 1.719989477014201213e+02
1.084419396691727400e+02 2.643116277196593842e+02 1.719992475377321455e+02
1.084461509854708368e+02 2.643413126157058173e+02 1.719995473740441696e+02
1.084503623017689193e+02 2.643709975117523072e+02 1.719998472103561653e+02
1.084545736180670161e+02 2.644006824077987972e+02 1.720001470466681894e+02
1.084587849343650987e+02 2.644303673038452871e+02 1.720004468829802136e+02
1.084629962506631955e+02 2.644600521998917202e+02 1.720007467192922377e+02
1.084672075669612781e+02 2.644897370959382101e+02 1.720010465556042618e+02
1.084714188832593749e+02 2.645194219919847001e+02 1.720013463919162859e+02
1.084714188832593749e+02 2.645194219919847001e+02 1.720013463919162859e+02
1.084466073630878356e+02 2.645447155713539473e+02 1.720012755291838573e+02
1.084217958429162820e+02 2.645700091507231377e+02 1.720012046664514003e+02
1.083969843227447427e+02 2.645953027300923850e+02 1.720011338037189716e+02
1.083721728025731892e+02 2.646205963094616322e+02 1.720010629409865430e+02
1.083473612824016499e+02 2.646458898888308227e+02 1.720009920782541144e+02
1.083225497622300963e+02 2.646711834682000699e+02 1.720009212155216574e+02
1.082977382420585570e+02 2.646964770475692603e+02 1.720008503527892287e+02
1.082729267218870035e+02 2.647217706269385076e+02 1.720007794900568001e+02
1.082481152017154642e+02 2.647470642063077548e+02 1.720007086273243715e+02
1.082233036815439107e+02 2.647723577856769452e+02 1.720006377645919144e+02
1.081984921613723714e+02 2.647976513650461925e+02 1.720005669018594858e+02
1.081736806412008178e+02 2.648229449444154397e+02 1.720004960391270572e+02
1.081488691210292785e+02 2.648482385237846302e+02 1.720004251763946286e+02
1.081240576008577250e+02 2.648735321031538774e+02 1.720003543136621715e+02
1.080992460806861857e+02 2.648988256825230678e+02 1.720002834509297429e+02
1.080744345605146322e+02 2.649241192618923151e+02 1.720002125881973143e+02
1.080496230403430928e+02 2.649494128412615623e+02 1.720001417254648857e+02
1.080248115201715393e+02 2.649747064206307527e+02 1.720000708627324286e+02
1.080000000000000000e+02 2.650000000000000000e+02 1.720000000000000000e+02
1.080000000000000000e+02 2.650000000000000000e+02 1.720000000000000000e+02
1.080000000000000000e+02 2.650000000000000000e+02 1.720000000000000000e+02
1.080000000000000000e+02 2.650000000000000000e+02 1.720000000000000000e+02
1.080000000000000000e+02 2.650000000000000000e+02 1.720000000000000000e+02
1.080000000000000000e+02 2.650000000000000000e+02 1.720000000000000000e+02
1.080000000000000000e+02 2.650000000000000000e+02 1.720000000000000000e+02
1.080000000000000000e+02 2.650000000000000000e+02 1.720000000000000000e+02
1.080000000000000000e+02 2.650000000000000000e+02 1.720000000000000000e+02
1.080000000000000000e+02 2.650000000000000000e+02 1.720000000000000000e+02
1.080000000000000000e+02 2.650000000000000000e+02 1.720000000000000000e+02
1.080000000000000000e+02 2.650000000000000000e+02 1.720000000000000000e+02
1.080000000000000000e+02 2.650000000000000000e+02 1.720000000000000000e+02
1.080000000000000000e+02 2.650000000000000000e+02 1.720000000000000000e+02
1.080000000000000000e+02 2.650000000000000000e+02 1.720000000000000000e+02
1.080000000000000000e+02 2.650000000000000000e+02 1.720000000000000000e+02
1.080000000000000000e+02 2.650000000000000000e+02 1.720000000000000000e+02
1.080000000000000000e+02 2.650000000000000000e+02 1.720000000000000000e+02
1.080000000000000000e+02 2.650000000000000000e+02 1.720000000000000000e+02
1.080000000000000000e+02 2.650000000000000000e+02 1.720000000000000000e+02
1.080000000000000000e+02 2.650000000000000000e+02 1.720000000000000000e+02
1.080000000000000000e+02 2.650000000000000000e+02 1.720000000000000000e+02
1.080000000000000000e+02 2.650000000000000000e+02 1.720000000000000000e+02
1.080000000000000000e+02 2.650000000000000000e+02 1.720000000000000000e+02
1.079766760263079277e+02 2.650218898123421241e+02 1.719978842412744200e+02
1.079533520526158696e+02 2.650437796246842481e+02 1.719957684825488400e+02
1.079300280789237974e+02 2.650656694370263722e+02 1.719936527238232884e+02
1.079067041052317393e+02 2.650875592493684962e+02 1.719915369650977084e+02
1.078833801315396670e+02 2.651094490617106203e+02 1.719894212063721284e+02
1.078600561578475947e+02 2.651313388740528012e+02 1.719873054476465484e+02
1.078367321841555366e+02 2.651532286863949253e+02 1.719851896889209684e+02
1.078134082104634643e+02 2.651751184987370493e+02 1.719830739301954168e+02
1.077900842367713921e+02 2.651970083110791734e+02 1.719809581714698368e+02
1.077667602630793340e+02 2.652188981234212974e+02 1.719788424127442568e+02
1.077434362893872617e+02 2.652407879357634215e+02 1.719767266540186768e+02
1.077201123156952036e+02 2.652626777481055456e+02 1.719746108952930967e+02
1.076967883420031313e+02 2.652845675604476696e+02 1.719724951365675167e+02
1.076734643683110590e+02 2.653064573727897937e+02 1.719703793778419652e+02
1.076501403946190010e+02 2.653283471851319177e+02 1.719682636191163851e+02
1.076268164209269287e+02 2.653502369974740986e+02 1.719661478603908051e+02
1.076034924472348564e+02 2.653721268098162227e+02 1.719640321016652251e+02
1.075801684735427983e+02 2.653940166221583468e+02 1.719619163429396451e+02
1.075568444998507260e+02 2.654159064345004708e+02 1.719598005842140935e+02
1.075335205261586680e+02 2.654377962468425949e+02 1.719576848254885135e+02
1.075101965524665957e+02 2.654596860591847189e+02 1.719555690667629335e+02
1.075101965524665957e+02 2.654596860591847189e+02 1.719555690667629335e+02
1.074865962449171803e+02 2.654818352139682816e+02 1.719534282413065398e+02
1.074629959373677650e+02 2.655039843687518442e+02 1.719512874158501745e+02
1.074393956298183497e+02 2.655261335235354068e+02 1.719491465903937808e+02
1.074157953222689201e+02 2.655482826783189694e+02 1.719470057649374155e+02
1.073921950147195048e+02 2.655704318331025320e+02 1.719448649394810218e+02
1.073685947071700895e+02 2.655925809878860946e+02 1.719427241140246565e+02
1.073449943996206741e+02 2.656147301426696572e+02 1.719405832885682628e+02
1.073213940920712588e+02 2.656368792974532198e+02 1.719384424631118975e+02
1.072977937845218435e+02 2.656590284522367824e+02 1.719363016376555038e+02
1.072741934769724139e+02 2.656811776070203450e+02 1.719341608121991385e+02
1.072505931694229986e+02 2.657033267618038508e+02 1.719320199867427448e+02
1.072269928618735833e+02 2.657254759165874134e+02 1.719298791612863511e+02
1.072033925543241679e+02 2.657476250713709760e+02 1.719277383358299858e+02
1.071797922467747526e+02 2.657697742261545386e+02 1.719255975103735921e+02
1.071561919392253373e+02 2.657919233809381012e+02 1.719234566849172268e+02
1.071325916316759219e+02 2.658140725357216638e+02 1.719213158594608331e+02
1.071089913241264924e+02 2.658362216905052264e+02 1.719191750340044678e+02
1.070853910165770770e+02 2.658583708452887890e+02 1.719170342085480740e+02
1.070617907090276617e+02 2.658805200000723516e+02 1.719148933830917088e+02
1.070381904014782464e+02 2.659026691548559143e+02 1.719127525576353150e+02
1.070381904014782464e+02 2.659026691548559143e+02 1.719127525576353150e+02
1.070139291810578044e+02 2.659164885045396431e+02 1.719271378192034661e+02
1.069896679606373766e+02 2.659303078542233720e+02 1.719415230807716171e+02
1.069654067402169346e+02 2.659441272039071009e+02 1.719559083423397965e+02
1.069411455197964926e+02 2.659579465535908298e+02 1.719702936039079475e+02
1.069168842993760649e+02 2.659717659032745587e+02 1.719846788654760985e+02
1.068926230789556229e+02 2.659855852529583444e+02 1.719990641270442495e+02
1.068683618585351951e+02 2.659994046026420733e+02 1.720134493886124005e+02
1.068441006381147531e+02 2.660132239523258022e+02 1.720278346501805515e+02
1.068198394176943111e+02 2.660270433020095311e+02 1.720422199117487310e+02
1.067955781972738833e+02 2.660408626516932600e+02 1.720566051733168820e+02
1.067713169768534414e+02 2.660546820013769889e+02 1.720709904348850330e+02
1.067470557564329994e+02 2.660685013510607178e+02 1.720853756964531840e+02
1.067227945360125716e+02 2.660823207007444466e+02 1.720997609580213350e+02
1.066985333155921296e+02 2.660961400504281755e+02 1.721141462195895144e+02
1.066742720951716876e+02 2.661099594001119044e+02 1.721285314811576654e+02
1.066500108747512598e+02 2.661237787497956333e+02 1.721429167427258164e+02
1.066257496543308179e+02 2.661375980994794190e+02 1.721573020042939675e+02
1.066014884339103901e+02 2.661514174491631479e+02 1.721716872658621185e+02
1.065772272134899481e+02 2.661652367988468768e+02 1.721860725274302695e+02
1.065529659930695061e+02 2.661790561485306057e+02 1.722004577889984489e+02
1.065287047726490783e+02 2.661928754982143346e+02 1.722148430505665999e+02
1.065044435522286363e+02 2.662066948478980635e+02 1.722292283121347509e+02
1.065044435522286363e+02 2.662066948478980635e+02 1.722292283121347509e+02
1.064846498876925267e+02 2.662063541659518364e+02 1.722550846013504611e+02
1.064648562231564028e+02 2.662060134840056094e+02 1.722809408905661712e+02
1.064450625586202932e+02 2.662056728020593823e+02 1.723067971797818814e+02
1.064252688940841693e+02 2.662053321201131553e+02 1.723326534689975915e+02
1.064054752295480597e+02 2.662049914381669282e+02 1.723585097582133017e+02
1.063856815650119358e+02 2.662046507562207580e+02 1.723843660474290118e+02
1.063658879004758262e+02 2.662043100742745310e+02 1.724102223366447220e+02
1.063460942359397166e+02 2.662039693923283039e+02 1.724360786258604321e+02
1.063263005714035927e+02 2.662036287103820769e+02 1.724619349150761423e+02
1.063065069068674831e+02 2.662032880284358498e+02 1.724877912042918524e+02
1.062867132423313592e+02 2.662029473464896228e+02 1.725136474935075626e+02
1.062669195777952496e+02 2.662026066645433957e+02 1.725395037827232727e+02
1.062471259132591257e+02 2.662022659825971687e+02 1.725653600719389829e+02
1.062273322487230161e+02 2.662019253006509416e+02 1.725912163611546930e+02
1.062075385841868922e+02 2.662015846187047146e+02 1.726170726503704032e+02
1.061877449196507825e+02 2.662012439367584875e+02 1.726429289395861133e+02
1.061679512551146729e+02 2.662009032548122605e+02 1.726687852288018235e+02
1.061481575905785490e+02 2.662005625728660902e+02 1.726946415180175336e+02
1.061283639260424394e+02 2.662002218909198632e+02 1.727204978072332437e+02
1.061085702615063155e+02 2.661998812089736361e+02 1.727463540964489539e+02
1.060887765969702059e+02 2.661995405270274091e+02 1.727722103856646640e+02
1.060689829324340820e+02 2.661991998450811820e+02 1.727980666748803742e+02
1.060491892678979724e+02 2.661988591631349550e+02 1.728239229640960843e+02
1.060491892678979724e+02 2.661988591631349550e+02 1.728239229640960843e+02
1.060231479340977785e+02 2.662174480992584336e+02 1.728244989729268468e+02
1.059971066002975846e+02 2.662360370353819121e+02 1.728250749817575809e+02
1.059710652664973907e+02 2.662546259715053907e+02 1.728256509905883433e+02
1.059450239326971968e+02 2.662732149076288692e+02 1.728262269994190774e+02
1.059189825988970028e+02 2.662918038437523478e+02 1.728268030082498399e+02
1.058929412650968231e+02 2.663103927798758264e+02 1.728273790170806024e+02
1.058668999312966292e+02 2.663289817159993049e+02 1.728279550259113364e+02
1.058408585974964353e+02 2.663475706521227835e+02 1.728285310347420989e+02
1.058148172636962414e+02 2.663661595882462620e+02 1.728291070435728614e+02
1.057887759298960475e+02 2.663847485243697406e+02 1.728296830524035954e+02
1.057627345960958536e+02 2.664033374604932192e+02 1.728302590612343579e+02
1.057366932622956597e+02 2.664219263966166977e+02 1.728308350700650919e+02
1.057106519284954658e+02 2.664405153327401763e+02 1.728314110788958544e+02
1.056846105946952719e+02 2.664591042688636549e+02 1.728319870877266169e+02
1.056585692608950779e+02 2.664776932049871334e+02 1.728325630965573509e+02
1.056325279270948982e+02 2.664962821411106120e+02 1.728331391053881134e+02
1.056064865932947043e+02 2.665148710772340905e+02 1.728337151142188759e+02
1.055804452594945104e+02 2.665334600133575691e+02 1.728342911230496100e+02
1.055544039256943165e+02 2.665520489494810477e+02 1.728348671318803724e+02
1.055283625918941226e+02 2.665706378856045262e+02 1.728354431407111065e+02
1.055023212580939287e+02 2.665892268217280048e+02 1.728360191495418690e+02
1.055023212580939287e+02 2.665892268217280048e+02 1.728360191495418690e+02
1.054828626905876092e+02 2.665888919073599936e+02 1.728614377044663115e+02
1.054634041230812755e+02 2.665885569929919825e+02 1.728868562593907257e+02
1.054439455555749561e+02 2.665882220786239714e+02 1.729122748143151398e+02
1.054244869880686224e+02 2.665878871642559602e+02 1.729376933692395824e+02
1.054050284205623029e+02 2.665875522498879491e+02 1.729631119241640249e+02
1.053855698530559692e+02 2.665872173355199379e+02 1.729885304790884391e+02
1.053661112855496498e+02 2.665868824211519268e+02 1.730139490340128532e+02
1.053466527180433161e+02 2.665865475067839157e+02 1.730393675889372957e+02
1.053271941505369966e+02 2.665862125924159045e+02 1.730647861438617383e+02
1.053077355830306772e+02 2.665858776780478934e+02 1.730902046987861524e+02
1.052882770155243435e+02 2.665855427636798822e+02 1.731156232537105666e+02
1.052688184480180240e+02 2.665852078493118711e+02 1.731410418086350091e+02
1.052493598805116903e+02 2.665848729349438599e+02 1.731664603635594517e+02
1.052299013130053709e+02 2.665845380205758488e+02 1.731918789184838658e+02
1.052104427454990372e+02 2.665842031062078377e+02 1.732172974734082800e+02
1.051909841779927177e+02 2.665838681918398265e+02 1.732427160283327225e+02
1.051909841779927177e+02 2.665838681918398265e+02 1.732427160283327225e+02
1.051712419776506948e+02 2.665835283956781154e+02 1.732685050903260731e+02
1.051514997773086861e+02 2.665831885995164612e+02 1.732942941523194520e+02
1.051317575769666632e+02 2.665828488033547501e+02 1.733200832143128025e+02
1.051120153766246546e+02 2.665825090071930390e+02 1.733458722763061530e+02
1.050922731762826317e+02 2.665821692110313847e+02 1.733716613382995320e+02
1.050725309759406230e+02 2.665818294148696737e+02 1.733974504002928825e+02
1.050527887755986001e+02 2.665814896187080194e+02 1.734232394622862330e+02
1.050330465752565772e+02 2.665811498225463083e+02 1.734490285242796119e+02
1.050133043749145685e+02 2.665808100263845972e+02 1.734748175862729624e+02
1.049935621745725456e+02 2.665804702302229430e+02 1.735006066482663414e+02
1.049738199742305369e+02 2.665801304340612319e+02 1.735263957102596919e+02
1.049540777738885140e+02 2.665797906378995208e+02 1.735521847722530424e+02
1.049343355735465053e+02 2.665794508417378665e+02 1.735779738342464213e+02
1.049145933732044824e+02 2.665791110455761554e+02 1.736037628962397719e+02
1.049145933732044824e+02 2.665791110455761554e+02 1.736037628962397719e+02
1.048977489473816149e+02 2.665928187803147580e+02 1.736269593561081592e+02
1.048809045215587616e+02 2.666065265150533605e+02 1.736501558159765182e+02
1.048640600957358942e+02 2.666202342497919631e+02 1.736733522758449055e+02
1.048472156699130409e+02 2.666339419845305656e+02 1.736965487357132645e+02
1.048303712440901734e+02 2.666476497192692250e+02 1.737197451955816518e+02
1.048135268182673059e+02 2.666613574540078275e+02 1.737429416554500392e+02
1.047966823924444526e+02 2.666750651887464301e+02 1.737661381153183981e+02
1.047798379666215851e+02 2.666887729234850326e+02 1.737893345751867855e+02
1.047629935407987318e+02 2.667024806582236351e+02 1.738125310350551445e+02
1.047461491149758643e+02 2.667161883929622377e+02 1.738357274949235318e+02
1.047293046891530111e+02 2.667298961277008402e+02 1.738589239547918908e+02
1.047124602633301436e+02 2.667436038624394428e+02 1.738821204146602781e+02
1.046956158375072761e+02 2.667573115971781021e+02 1.739053168745286655e+02
1.046787714116844228e+02 2.667710193319167047e+02 1.739285133343970244e+02
1.046619269858615553e+02 2.667847270666553072e+02 1.739517097942654118e+02
1.046450825600387020e+02 2.667984348013939098e+02 1.739749062541337707e+02
1.046282381342158345e+02 2.668121425361325123e+02 1.739981027140021581e+02
1.046282381342158345e+02 2.668121425361325123e+02 1.739981027140021581e+02
1.046168595614492460e+02 2.668230825127067760e+02 1.740254393129619928e+02
1.046054809886826575e+02 2.668340224892809829e+02 1.740527759119218274e+02
1.045941024159160548e+02 2.668449624658552466e+02 1.740801125108816620e+02
1.045827238431494663e+02 2.668559024424295103e+02 1.741074491098414967e+02
1.045713452703828779e+02 2.668668424190037172e+02 1.741347857088013313e+02
1.045599666976162894e+02 2.668777823955779809e+02 1.741621223077611660e+02
1.045485881248496867e+02 2.668887223721522446e+02 1.741894589067210006e+02
1.045372095520830982e+02 2.668996623487264515e+02 1.742167955056808353e+02
1.045258309793165097e+02 2.669106023253007152e+02 1.742441321046406699e+02
1.045144524065499212e+02 2.669215423018749789e+02 1.742714687036005046e+02
1.045030738337833327e+02 2.669324822784492426e+02 1.742988053025603676e+02
1.044916952610167300e+02 2.669434222550234495e+02 1.743261419015202023e+02
1.044803166882501415e+02 2.669543622315977132e+02 1.743534785004800369e+02
1.044689381154835530e+02 2.669653022081719769e+02 1.743808150994398716e+02
1.044575595427169645e+02 2.669762421847461837e+02 1.744081516983997062e+02
1.044461809699503618e+02 2.669871821613204474e+02 1.744354882973595409e+02
1.044348023971837733e+02 2.669981221378947112e+02 1.744628248963193755e+02
1.044234238244171848e+02 2.670090621144689180e+02 1.744901614952792102e+02
1.044120452516505964e+02 2.670200020910431817e+02 1.745174980942390448e+02
1.044006666788839937e+02 2.670309420676174454e+02 1.745448346931988794e+02
1.043892881061174052e+02 2.670418820441916523e+02 1.745721712921587141e+02
1.043779095333508167e+02 2.670528220207659160e+02 1.745995078911185487e+02
1.043779095333508167e+02 2.670528220207659160e+02 1.745995078911185487e+02
1.043577296753428385e+02 2.670524746917865855e+02 1.746258686614566500e+02
1.043375498173348603e+02 2.670521273628072549e+02 1.746522294317947797e+02
1.043173699593268964e+02 2.670517800338279244e+02 1.746785902021328809e+02
1.042971901013189182e+02 2.670514327048485939e+02 1.747049509724709822e+02
1.042770102433109400e+02 2.670510853758692633e+02 1.747313117428091118e+02
1.042568303853029619e+02 2.670507380468899328e+02 1.747576725131472131e+02
1.042366505272949979e+02 2.670503907179106022e+02 1.747840332834853143e+02
1.042164706692870197e+02 2.670500433889312717e+02 1.748103940538234440e+02
1.041962908112790416e+02 2.670496960599518843e+02 1.748367548241615452e+02
1.041761109532710634e+02 2.670493487309725538e+02 1.748631155944996465e+02
1.041559310952630852e+02 2.670490014019932232e+02 1.748894763648377761e+02
1.041357512372551213e+02 2.670486540730138927e+02 1.749158371351758774e+02
1.041155713792471431e+02 2.670483067440345621e+02 1.749421979055139786e+02
1.040953915212391649e+02 2.670479594150552316e+02 1.749685586758521083e+02
1.040752116632311868e+02 2.670476120860759011e+02 1.749949194461902096e+02
1.040550318052232228e+02 2.670472647570965705e+02 1.750212802165283108e+02
1.040348519472152446e+02 2.670469174281172400e+02 1.750476409868664405e+02
1.040146720892072665e+02 2.670465700991379094e+02 1.750740017572045417e+02
1.040146720892072665e+02 2.670465700991379094e+02 1.750740017572045417e+02
1.039943906527278159e+02 2.670462210218238397e+02 1.751004952186030721e+02
1.039741092162483653e+02 2.670458719445097699e+02 1.751269886800015740e+02
1.039538277797689005e+02 2.670455228671957002e+02 1.751534821414001044e+02
1.039335463432894500e+02 2.670451737898816305e+02 1.751799756027986064e+02
1.039132649068099994e+02 2.670448247125675039e+02 1.752064690641971367e+02
1.038929834703305488e+02 2.670444756352534341e+02 1.752329625255956387e+02
1.038727020338510982e+02 2.670441265579393644e+02 1.752594559869941691e+02
1.038524205973716477e+02 2.670437774806252946e+02 1.752859494483926710e+02
1.038321391608921829e+02 2.670434284033112249e+02 1.753124429097912014e+02
1.038118577244127323e+02 2.670430793259971551e+02 1.753389363711897033e+02
1.037915762879332817e+02 2.670427302486830854e+02 1.753654298325882337e+02
1.037712948514538311e+02 2.670423811713690156e+02 1.753919232939867356e+02
1.037510134149743806e+02 2.670420320940548891e+02 1.754184167553852660e+02
1.037307319784949300e+02 2.670416830167408193e+02 1.754449102167837680e+02
1.037104505420154652e+02 2.670413339394267496e+02 1.754714036781822983e+02
1.036901691055360146e+02 2.670409848621126798e+02 1.754978971395808003e+02
1.036698876690565641e+02 2.670406357847986101e+02 1.755243906009793307e+02
1.036698876690565641e+02 2.670406357847986101e+02 1.755243906009793307e+02
1.036504620517591775e+02 2.670403014375585826e+02 1.755497661133367444e+02
1.036310364344618051e+02 2.670399670903185552e+02 1.755751416256941582e+02
1.036116108171644186e+02 2.670396327430785846e+02 1.756005171380515719e+02
1.035921851998670462e+02 2.670392983958385571e+02 1.756258926504089857e+02
1.035727595825696596e+02 2.670389640485985296e+02 1.756512681627663994e+02
1.035533339652722873e+02 2.670386297013585022e+02 1.756766436751238132e+02
1.035339083479749007e+02 2.670382953541185316e+02 1.757020191874812269e+02
1.035144827306775284e+02 2.670379610068785041e+02 1.757273946998386691e+02
1.034950571133801418e+02 2.670376266596384767e+02 1.757527702121960829e+02
1.034756314960827694e+02 2.670372923123984492e+02 1.757781457245534966e+02
1.034562058787853829e+02 2.670369579651584786e+02 1.758035212369109104e+02
1.034367802614880105e+02 2.670366236179184511e+02 1.758288967492683241e+02
1.034173546441906240e+02 2.670362892706784237e+02 1.758542722616257379e+02
1.033979290268932516e+02 2.670359549234383962e+02 1.758796477739831516e+02
1.033785034095958650e+02 2.670356205761984256e+02 1.759050232863405654e+02
1.033590777922984927e+02 2.670352862289583982e+02 1.759303987986979791e+02
1.033396521750011061e+02 2.670349518817183707e+02 1.759557743110553929e+02
1.033202265577037338e+02 2.670346175344783433e+02 1.759811498234128067e+02
1.033008009404063472e+02 2.670342831872383726e+02 1.760065253357702204e+02
1.032813753231089748e+02 2.670339488399983452e+02 1.760319008481276342e+02
1.032619497058115883e+02 2.670336144927583177e+02 1.760572763604850479e+02
1.032425240885142159e+02 2.670332801455182903e+02 1.760826518728424901e+02
1.032230984712168294e+02 2.670329457982783197e+02 1.761080273851999038e+02
1.032036728539194570e+02 2.670326114510382922e+02 1.761334028975573176e+02
1.031842472366220704e+02 2.670322771037982648e+02 1.761587784099147314e+02
1.031648216193246981e+02 2.670319427565582373e+02 1.761841539222721451e+02
1.031453960020273115e+02 2.670316084093182667e+02 1.762095294346295589e+02
1.031259703847299392e+02 2.670312740620782392e+02 1.762349049469869726e+02
1.031065447674325526e+02 2.670309397148382118e+02 1.762602804593443864e+02
1.031065447674325526e+02 2.670309397148382118e+02 1.762602804593443864e+02
1.031001268358811274e+02 2.670502319937112929e+02 1.762833345473786721e+02
1.030937089043297021e+02 2.670695242725844309e+02 1.763063886354129579e+02
1.030872909727782769e+02 2.670888165514575121e+02 1.763294427234472153e+02
1.030808730412268375e+02 2.671081088303305933e+02 1.763524968114815010e+02
1.030744551096754122e+02 2.671274011092037313e+02 1.763755508995157868e+02
1.030680371781239870e+02 2.671466933880768124e+02 1.763986049875500726e+02
1.030616192465725618e+02 2.671659856669498936e+02 1.764216590755843583e+02
1.030552013150211366e+02 2.671852779458230316e+02 1.764447131636186441e+02
1.030487833834697113e+02 2.672045702246961127e+02 1.764677672516529015e+02
1.030423654519182861e+02 2.672238625035691939e+02 1.764908213396871872e+02
1.030359475203668467e+02 2.672431547824423319e+02 1.765138754277214730e+02
1.030295295888154214e+02 2.672624470613154131e+02 1.765369295157557588e+02
1.030231116572639962e+02 2.672817393401884942e+02 1.765599836037900445e+02
1.030166937257125710e+02 2.673010316190616322e+02 1.765830376918243303e+02
1.030102757941611458e+02 2.673203238979347134e+02 1.766060917798585876e+02
1.030038578626097205e+02 2.673396161768077945e+02 1.766291458678928734e+02
1.029974399310582953e+02 2.673589084556809325e+02 1.766521999559271592e+02
1.029910219995068559e+02 2.673782007345540137e+02 1.766752540439614449e+02
1.029846040679554307e+02 2.673974930134270949e+02 1.766983081319957307e+02
1.029781861364040054e+02 2.674167852923002329e+02 1.767213622200300165e+02
1.029717682048525802e+02 2.674360775711733140e+02 1.767444163080642738e+02
1.029653502733011550e+02 2.674553698500464520e+02 1.767674703960985596e+02
1.029589323417497297e+02 2.674746621289195332e+02 1.767905244841328454e+02
1.029525144101982903e+02 2.674939544077926143e+02 1.768135785721671311e+02
1.029460964786468651e+02 2.675132466866657523e+02 1.768366326602014169e+02
1.029396785470954399e+02 2.675325389655388335e+02 1.768596867482357027e+02
1.029332606155440146e+02 2.675518312444119147e+02 1.768827408362699600e+02
1.029268426839925894e+02 2.675711235232850527e+02 1.769057949243042458e+02
1.029204247524411642e+02 2.675904158021581338e+02 1.769288490123385316e+02
1.029140068208897389e+02 2.676097080810312150e+02 1.769519031003728173e+02
1.029075888893382995e+02 2.676290003599043530e+02 1.769749571884071031e+02
1.029011709577868743e+02 2.676482926387774341e+02 1.769980112764413889e+02
1.028947530262354491e+02 2.676675849176505153e+02 1.770210653644756462e+02
1.028883350946840238e+02 2.676868771965236533e+02 1.770441194525099320e+02
1.028819171631325986e+02 2.677061694753967345e+02 1.770671735405442178e+02
1.028754992315811734e+02 2.677254617542698156e+02 1.770902276285785035e+02
1.028690813000297481e+02 2.677447540331429536e+02 1.771132817166127893e+02
1.028626633684783087e+02 2.677640463120160348e+02 1.771363358046470751e+02
1.028562454369268835e+02 2.677833385908891159e+02 1.771593898926813324e+02
1.028498275053754583e+02 2.678026308697622540e+02 1.771824439807156182e+02
1.028434095738240330e+02 2.678219231486353351e+02 1.772054980687499040e+02
1.028434095738240330e+02 2.678219231486353351e+02 1.772054980687499040e+02
1.028335617820733745e+02 2.678449700820071371e+02 1.772249943251252091e+02
1.028237139903227018e+02 2.678680170153789390e+02 1.772444905815005427e+02
1.028138661985720432e+02 2.678910639487507410e+02 1.772639868378758479e+02
1.028040184068213847e+02 2.679141108821225430e+02 1.772834830942511530e+02
1.027941706150707120e+02 2.679371578154943450e+02 1.773029793506264582e+02
1.027843228233200534e+02 2.679602047488661469e+02 1.773224756070017918e+02
1.027744750315693807e+02 2.679832516822379489e+02 1.773419718633770970e+02
1.027646272398187222e+02 2.680062986156098077e+02 1.773614681197524021e+02
1.027547794480680636e+02 2.680293455489816097e+02 1.773809643761277073e+02
1.027449316563173909e+02 2.680523924823534117e+02 1.774004606325030409e+02
1.027350838645667324e+02 2.680754394157252136e+02 1.774199568888783460e+02
1.027252360728160738e+02 2.680984863490970156e+02 1.774394531452536512e+02
1.027153882810654011e+02 2.681215332824688176e+02 1.774589494016289564e+02
1.027055404893147426e+02 2.681445802158406195e+02 1.774784456580042900e+02
1.026956926975640840e+02 2.681676271492124215e+02 1.774979419143795951e+02
1.026858449058134113e+02 2.681906740825842235e+02 1.775174381707549003e+02
1.026759971140627528e+02 2.682137210159560254e+02 1.775369344271302339e+02
1.026661493223120800e+02 2.682367679493278274e+02 1.775564306835055390e+02
1.026563015305614215e+02 2.682598148826996294e+02 1.775759269398808442e+02
1.026464537388107630e+02 2.682828618160714313e+02 1.775954231962561494e+02
1.026366059470600902e+02 2.683059087494432333e+02 1.776149194526314830e+02
1.026267581553094317e+02 2.683289556828150353e+02 1.776344157090067881e+02
1.026169103635587732e+02 2.683520026161868941e+02 1.776539119653820933e+02
1.026070625718081004e+02 2.683750495495586961e+02 1.776734082217573985e+02
1.025972147800574419e+02 2.683980964829304980e+02 1.776929044781327320e+02
1.025873669883067691e+02 2.684211434163023000e+02 1.777124007345080372e+02
1.025775191965561106e+02 2.684441903496741020e+02 1.777318969908833424e+02
1.025676714048054521e+02 2.684672372830459040e+02 1.777513932472586475e+02
1.025578236130547793e+02 2.684902842164177059e+02 1.777708895036339811e+02
1.025479758213041208e+02 2.685133311497895079e+02 1.777903857600092863e+02
1.025479758213041208e+02 2.685133311497895079e+02 1.777903857600092863e+02
1.025499634671441385e+02 2.685133311497895079e+02 1.778217660393740687e+02
1.025519511129841419e+02 2.685133311497895079e+02 1.778531463187388795e+02
1.025539387588241595e+02 2.685133311497895079e+02 1.778845265981036619e+02
1.025559264046641630e+02 2.685133311497895079e+02 1.779159068774684727e+02
1.025579140505041806e+02 2.685133311497895079e+02 1.779472871568332550e+02
1.025599016963441841e+02 2.685133311497895079e+02 1.779786674361980374e+02
1.025618893421842017e+02 2.685133311497895079e+02 1.780100477155628482e+02
1.025638769880242194e+02 2.685133311497895079e+02 1.780414279949276306e+02
1.025658646338642228e+02 2.685133311497895079e+02 1.780728082742924414e+02
1.025678522797042405e+02 2.685133311497895079e+02 1.781041885536572238e+02
1.025698399255442439e+02 2.685133311497895079e+02 1.781355688330220062e+02
1.025718275713842615e+02 2.685133311497895079e+02 1.781669491123868170e+02
1.025738152172242650e+02 2.685133311497895079e+02 1.781983293917515994e+02
1.025758028630642826e+02 2.685133311497895079e+02 1.782297096711163817e+02
1.025777905089042861e+02 2.685133311497895079e+02 1.782610899504811925e+02
1.025797781547443037e+02 2.685133311497895079e+02 1.782924702298459749e+02
1.025817658005843214e+02 2.685133311497895079e+02 1.783238505092107857e+02
1.025837534464243248e+02 2.685133311497895079e+02 1.783552307885755681e+02
1.025857410922643425e+02 2.685133311497895079e+02 1.783866110679403505e+02
1.025877287381043459e+02 2.685133311497895079e+02 1.784179913473051613e+02
1.025897163839443635e+02 2.685133311497895079e+02 1.784493716266699437e+02
1.025917040297843670e+02 2.685133311497895079e+02 1.784807519060347545e+02
1.025936916756243846e+02 2.685133311497895079e+02 1.785121321853995369e+02
1.025936916756243846e+02 2.685133311497895079e+02 1.785121321853995369e+02
1.025957496422000759e+02 2.685133311497895079e+02 1.785446226647237040e+02
1.025978076087757671e+02 2.685133311497895079e+02 1.785771131440478996e+02
1.025998655753514726e+02 2.685133311497895079e+02 1.786096036233720667e+02
1.026019235419271638e+02 2.685133311497895079e+02 1.786420941026962339e+02
1.026039815085028550e+02 2.685133311497895079e+02 1.786745845820204011e+02
1.026060394750785463e+02 2.685133311497895079e+02 1.787070750613445966e+02
1.026080974416542375e+02 2.685133311497895079e+02 1.787395655406687638e+02
1.026101554082299288e+02 2.685133311497895079e+02 1.787720560199929309e+02
1.026122133748056342e+02 2.685133311497895079e+02 1.788045464993170981e+02
1.026142713413813254e+02 2.685133311497895079e+02 1.788370369786412937e+02
1.026163293079570167e+02 2.685133311497895079e+02 1.788695274579654608e+02
1.026183872745327079e+02 2.685133311497895079e+02 1.789020179372896280e+02
1.026204452411083992e+02 2.685133311497895079e+02 1.789345084166137951e+02
1.026225032076840904e+02 2.685133311497895079e+02 1.789669988959379907e+02
1.026245611742597958e+02 2.685133311497895079e+02 1.789994893752621579e+02
1.026266191408354871e+02 2.685133311497895079e+02 1.790319798545863250e+02
1.026286771074111783e+02 2.685133311497895079e+02 1.790644703339104922e+02
1.026307350739868696e+02 2.685133311497895079e+02 1.790969608132346877e+02
1.026327930405625608e+02 2.685133311497895079e+02 1.791294512925588549e+02
1.026348510071382520e+02 2.685133311497895079e+02 1.791619417718830221e+02
1.026369089737139575e+02 2.685133311497895079e+02 1.791944322512071892e+02
1.026389669402896487e+02 2.685133311497895079e+02 1.792269227305313848e+02
1.026410249068653400e+02 2.685133311497895079e+02 1.792594132098555519e+02
1.026410249068653400e+02 2.685133311497895079e+02 1.792594132098555519e+02
1.026218318064936597e+02 2.685130008045532009e+02 1.792844849874059321e+02
1.026026387061219793e+02 2.685126704593168938e+02 1.793095567649563122e+02
1.025834456057502990e+02 2.685123401140805868e+02 1.793346285425066924e+02
1.025642525053786187e+02 2.685120097688442797e+02 1.793597003200570725e+02
1.025450594050069384e+02 2.685116794236079727e+02 1.793847720976074527e+02
1.025258663046352581e+02 2.685113490783716657e+02 1.794098438751578328e+02
1.025066732042635778e+02 2.685110187331353586e+02 1.794349156527082130e+02
1.024874801038918974e+02 2.685106883878989947e+02 1.794599874302585931e+02
1.024682870035202171e+02 2.685103580426626877e+02 1.794850592078089733e+02
1.024490939031485368e+02 2.685100276974263807e+02 1.795101309853593534e+02
1.024299008027768565e+02 2.685096973521900736e+02 1.795352027629097336e+02
1.024107077024051762e+02 2.685093670069537666e+02 1.795602745404601137e+02
1.023915146020334959e+02 2.685090366617174595e+02 1.795853463180104939e+02
1.023723215016618155e+02 2.685087063164811525e+02 1.796104180955608740e+02
1.023531284012901210e+02 2.685083759712448455e+02 1.796354898731112257e+02
1.023339353009184407e+02 2.685080456260085384e+02 1.796605616506616059e+02
1.023147422005467604e+02 2.685077152807722314e+02 1.796856334282119860e+02
1.022955491001750801e+02 2.685073849355359243e+02 1.797107052057623662e+02
1.022763559998033998e+02 2.685070545902996173e+02 1.797357769833127463e+02
1.022571628994317194e+02 2.685067242450633103e+02 1.797608487608631265e+02
1.022379697990600391e+02 2.685063938998270032e+02 1.797859205384135066e+02
1.022187766986883588e+02 2.685060635545906962e+02 1.798109923159638868e+02
1.021995835983166785e+02 2.685057332093543323e+02 1.798360640935142669e+02
1.021803904979449982e+02 2.685054028641180253e+02 1.798611358710646471e+02
1.021611973975733179e+02 2.685050725188817182e+02 1.798862076486150272e+02
1.021420042972016375e+02 2.685047421736454112e+02 1.799112794261654074e+02
1.021228111968299572e+02 2.685044118284091041e+02 1.799363512037157875e+02
1.021036180964582769e+02 2.685040814831727971e+02 1.799614229812661677e+02
1.020844249960865966e+02 2.685037511379364901e+02 1.799864947588165478e+02
1.020652318957149163e+02 2.685034207927001830e+02 1.800115665363669279e+02
1.020652318957149163e+02 2.685034207927001830e+02 1.800115665363669279e+02
1.020700426741500451e+02 2.685226293047712147e+02 1.800354635936126897e+02
1.020748534525851738e+02 2.685418378168422464e+02 1.800593606508584514e+02
1.020796642310203168e+02 2.685610463289132781e+02 1.800832577081042132e+02
1.020844750094554456e+02 2.685802548409843098e+02 1.801071547653499749e+02
1.020892857878905744e+02 2.685994633530553415e+02 1.801310518225957367e+02
1.020940965663257032e+02 2.686186718651263732e+02 1.801549488798414700e+02
1.020989073447608462e+02 2.686378803771974049e+02 1.801788459370872317e+02
1.021037181231959750e+02 2.686570888892684366e+02 1.802027429943329935e+02
1.021085289016311037e+02 2.686762974013394114e+02 1.802266400515787552e+02
1.021133396800662325e+02 2.686955059134104431e+02 1.802505371088245170e+02
1.021181504585013755e+02 2.687147144254814748e+02 1.802744341660702787e+02
1.021229612369365043e+02 2.687339229375525065e+02 1.802983312233160405e+02
1.021277720153716331e+02 2.687531314496235382e+02 1.803222282805618022e+02
1.021325827938067619e+02 2.687723399616945699e+02 1.803461253378075639e+02
1.021373935722419048e+02 2.687915484737656016e+02 1.803700223950533257e+02
1.021422043506770336e+02 2.688107569858366332e+02 1.803939194522990874e+02
1.021470151291121624e+02 2.688299654979076649e+02 1.804178165095448207e+02
1.021518259075472912e+02 2.688491740099786966e+02 1.804417135667905825e+02
1.021566366859824200e+02 2.688683825220497283e+02 1.804656106240363442e+02
1.021614474644175630e+02 2.688875910341207600e+02 1.804895076812821060e+02
1.021662582428526918e+02 2.689067995461917917e+02 1.805134047385278677e+02
1.021710690212878205e+02 2.689260080582628234e+02 1.805373017957736295e+02
1.021758797997229493e+02 2.689452165703338551e+02 1.805611988530193912e+02
1.021806905781580923e+02 2.689644250824048868e+02 1.805850959102651530e+02
1.021855013565932211e+02 2.689836335944759185e+02 1.806089929675109147e+02
1.021903121350283499e+02 2.690028421065468933e+02 1.806328900247566764e+02
1.021951229134634787e+02 2.690220506186179250e+02 1.806567870820024382e+02
1.021999336918986216e+02 2.690412591306889567e+02 1.806806841392481999e+02
1.022047444703337504e+02 2.690604676427599884e+02 1.807045811964939332e+02
1.022095552487688792e+02 2.690796761548310201e+02 1.807284782537396950e+02
1.022143660272040080e+02 2.690988846669020518e+02 1.807523753109854567e+02
1.022191768056391510e+02 2.691180931789730835e+02 1.807762723682312185e+02
1.022239875840742798e+02 2.691373016910441152e+02 1.808001694254769802e+02
1.022287983625094085e+02 2.691565102031151469e+02 1.808240664827227420e+02
1.022287983625094085e+02 2.691565102031151469e+02 1.808240664827227420e+02
1.022137091595638054e+02 2.691542149465089437e+02 1.808520627583066585e+02
1.021986199566182165e+02 2.691519196899027975e+02 1.808800590338905465e+02
1.021835307536726134e+02 2.691496244332965944e+02 1.809080553094744630e+02
1.021684415507270103e+02 2.691473291766903913e+02 1.809360515850583511e+02
1.021533523477814214e+02 2.691450339200841881e+02 1.809640478606422676e+02
1.021382631448358183e+02 2.691427386634780419e+02 1.809920441362261556e+02
1.021231739418902293e+02 2.691404434068718388e+02 1.810200404118100721e+02
1.021080847389446262e+02 2.691381481502656356e+02 1.810480366873939602e+02
1.020929955359990231e+02 2.691358528936594894e+02 1.810760329629778767e+02
1.020779063330534342e+02 2.691335576370532863e+02 1.811040292385617647e+02
1.020628171301078311e+02 2.691312623804470832e+02 1.811320255141456812e+02
1.020477279271622280e+02 2.691289671238409369e+02 1.811600217897295693e+02
1.020326387242166390e+02 2.691266718672347338e+02 1.811880180653134857e+02
1.020175495212710359e+02 2.691243766106285307e+02 1.812160143408973738e+02
1.020024603183254328e+02 2.691220813540223844e+02 1.812440106164812903e+02
1.019873711153798439e+02 2.691197860974161813e+02 1.812720068920652068e+02
1.019722819124342408e+02 2.691174908408099782e+02 1.813000031676490948e+02
1.019571927094886519e+02 2.691151955842037751e+02 1.813279994432330113e+02
1.019421035065430488e+02 2.691129003275976288e+02 1.813559957188168994e+02
1.019270143035974456e+02 2.691106050709914257e+02 1.813839919944008159e+02
1.019119251006518567e+02 2.691083098143852226e+02 1.814119882699847039e+02
1.018968358977062536e+02 2.691060145577790763e+02 1.814399845455686204e+02
1.018817466947606505e+02 2.691037193011728732e+02 1.814679808211525085e+02
1.018666574918150616e+02 2.691014240445666701e+02 1.814959770967364250e+02
1.018515682888694585e+02 2.690991287879605238e+02 1.815239733723203130e+02
1.018364790859238695e+02 2.690968335313543207e+02 1.815519696479042295e+02
1.018213898829782664e+02 2.690945382747481176e+02 1.815799659234881176e+02
1.018063006800326633e+02 2.690922430181419145e+02 1.816079621990720341e+02
1.017912114770870744e+02 2.690899477615357682e+02 1.816359584746559221e+02
1.017761222741414713e+02 2.690876525049295651e+02 1.816639547502398386e+02
1.017761222741414713e+02 2.690876525049295651e+02 1.816639547502398386e+02
1.017742519053912389e+02 2.690755223390689252e+02 1.816931811912170076e+02
1.017723815366410207e+02 2.690633921732082854e+02 1.817224076321941766e+02
1.017705111678907883e+02 2.690512620073476455e+02 1.817516340731713456e+02
1.017686407991405559e+02 2.690391318414870057e+02 1.817808605141485145e+02
1.017667704303903378e+02 2.690270016756263658e+02 1.818100869551256835e+02
1.017649000616401054e+02 2.690148715097657259e+02 1.818393133961028525e+02
1.017630296928898730e+02 2.690027413439050861e+02 1.818685398370799930e+02
1.017611593241396548e+02 2.689906111780444462e+02 1.818977662780571620e+02
1.017592889553894224e+02 2.689784810121838063e+02 1.819269927190343310e+02
1.017574185866391900e+02 2.689663508463231665e+02 1.819562191600115000e+02
1.017555482178889719e+02 2.689542206804625266e+02 1.819854456009886690e+02
1.017536778491387395e+02 2.689420905146018868e+02 1.820146720419658379e+02
1.017518074803885071e+02 2.689299603487412469e+02 1.820438984829430069e+02
1.017499371116382889e+02 2.689178301828806639e+02 1.820731249239201759e+02
1.017480667428880565e+02 2.689057000170200240e+02 1.821023513648973449e+02
1.017461963741378241e+02 2.688935698511593841e+02 1.821315778058745138e+02
1.017443260053876060e+02 2.688814396852987443e+02 1.821608042468516828e+02
1.017424556366373736e+02 2.688693095194381044e+02 1.821900306878288518e+02
1.017405852678871412e+02 2.688571793535774646e+02 1.822192571288060208e+02
1.017387148991369230e+02 2.688450491877168247e+02 1.822484835697831898e+02
1.017368445303866906e+02 2.688329190218561848e+02 1.822777100107603303e+02
1.017349741616364582e+02 2.688207888559955450e+02 1.823069364517374993e+02
1.017331037928862401e+02 2.688086586901349051e+02 1.823361628927146683e+02
1.017312334241360077e+02 2.687965285242742652e+02 1.823653893336918372e+02
1.017293630553857753e+02 2.687843983584136254e+02 1.823946157746690062e+02
1.017274926866355571e+02 2.687722681925529855e+02 1.824238422156461752e+02
1.017256223178853247e+02 2.687601380266923456e+02 1.824530686566233442e+02
1.017256223178853247e+02 2.687601380266923456e+02 1.824530686566233442e+02
1.017066359571502829e+02 2.687598112397896557e+02 1.824778703720117790e+02
1.016876495964152411e+02 2.687594844528869658e+02 1.825026720874002422e+02
1.016686632356801994e+02 2.687591576659842190e+02 1.825274738027886769e+02
1.016496768749451576e+02 2.687588308790815290e+02 1.825522755181771117e+02
1.016306905142101158e+02 2.687585040921788391e+02 1.825770772335655465e+02
1.016117041534750740e+02 2.687581773052761491e+02 1.826018789489540097e+02
1.015927177927400322e+02 2.687578505183734592e+02 1.826266806643424445e+02
1.015737314320049904e+02 2.687575237314707124e+02 1.826514823797308793e+02
1.015547450712699487e+02 2.687571969445680224e+02 1.826762840951193141e+02
1.015357587105349069e+02 2.687568701576653325e+02 1.827010858105077773e+02
1.015167723497998651e+02 2.687565433707626426e+02 1.827258875258962121e+02
1.014977859890648233e+02 2.687562165838598958e+02 1.827506892412846469e+02
1.014787996283297815e+02 2.687558897969572058e+02 1.827754909566731101e+02
1.014598132675947397e+02 2.687555630100545159e+02 1.828002926720615449e+02
1.014408269068596979e+02 2.687552362231518259e+02 1.828250943874499796e+02
1.014218405461246562e+02 2.687549094362491360e+02 1.828498961028384144e+02
1.014028541853896002e+02 2.687545826493463892e+02 1.828746978182268776e+02
1.013838678246545584e+02 2.687542558624436992e+02 1.828994995336153124e+02
1.013648814639195166e+02 2.687539290755410093e+02 1.829243012490037472e+02
1.013458951031844748e+02 2.687536022886383194e+02 1.829491029643921820e+02
1.013269087424494330e+02 2.687532755017356294e+02 1.829739046797806452e+02
1.013079223817143912e+02 2.687529487148328826e+02 1.829987063951690800e+02
1.012889360209793495e+02 2.687526219279301927e+02 1.830235081105575148e+02
1.012699496602443077e+02 2.687522951410275027e+02 1.830483098259459780e+02
1.012509632995092659e+02 2.687519683541248128e+02 1.830731115413344128e+02
1.012319769387742241e+02 2.687516415672220660e+02 1.830979132567228476e+02
1.012129905780391823e+02 2.687513147803193760e+02 1.831227149721112823e+02
1.011940042173041405e+02 2.687509879934166861e+02 1.831475166874997456e+02
1.011750178565690987e+02 2.687506612065139961e+02 1.831723184028881803e+02
1.011560314958340570e+02 2.687503344196113062e+02 1.831971201182766151e+02
1.011370451350990152e+02 2.687500076327085594e+02 1.832219218336650499e+02
1.011180587743639734e+02 2.687496808458058695e+02 1.832467235490535131e+02
1.010990724136289316e+02 2.687493540589031795e+02 1.832715252644419479e+02
1.010990724136289316e+02 2.687493540589031795e+02 1.832715252644419479e+02
1.010800261084356464e+02 2.687490262402564554e+02 1.832964052847468963e+02
1.010609798032423612e+02 2.687486984216097881e+02 1.833212853050518731e+02
1.010419334980490902e+02 2.687483706029630639e+02 1.833461653253568215e+02
1.010228871928558050e+02 2.687480427843163397e+02 1.833710453456617984e+02
1.010038408876625198e+02 2.687477149656696724e+02 1.833959253659667468e+02
1.009847945824692346e+02 2.687473871470229483e+02 1.834208053862717236e+02
1.009657482772759636e+02 2.687470593283762241e+02 1.834456854065766720e+02
1.009467019720826784e+02 2.687467315097295568e+02 1.834705654268816488e+02
1.009276556668893932e+02 2.687464036910828327e+02 1.834954454471865972e+02
1.009086093616961080e+02 2.687460758724361085e+02 1.835203254674915740e+02
1.008895630565028227e+02 2.687457480537894412e+02 1.835452054877965224e+02
1.008705167513095518e+02 2.687454202351427170e+02 1.835700855081014993e+02
1.008514704461162665e+02 2.687450924164959929e+02 1.835949655284064477e+02
1.008324241409229813e+02 2.687447645978493256e+02 1.836198455487114245e+02
1.008133778357296961e+02 2.687444367792026014e+02 1.836447255690163729e+02
1.007943315305364251e+02 2.687441089605558773e+02 1.836696055893213497e+02
1.007752852253431399e+02 2.687437811419092100e+02 1.836944856096262981e+02
1.007562389201498547e+02 2.687434533232624858e+02 1.837193656299312750e+02
1.007371926149565695e+02 2.687431255046157617e+02 1.837442456502362234e+02
1.007181463097632843e+02 2.687427976859690943e+02 1.837691256705412002e+02
1.006991000045700133e+02 2.687424698673223702e+02 1.837940056908461486e+02
1.006800536993767281e+02 2.687421420486756460e+02 1.838188857111511254e+02
1.006610073941834429e+02 2.687418142300289787e+02 1.838437657314560738e+02
1.006419610889901577e+02 2.687414864113822546e+02 1.838686457517610506e+02
1.006229147837968867e+02 2.687411585927355304e+02 1.838935257720659990e+02
1.006038684786036015e+02 2.687408307740888631e+02 1.839184057923709759e+02
1.005848221734103163e+02 2.687405029554421390e+02 1.839432858126759243e+02
1.005848221734103163e+02 2.687405029554421390e+02 1.839432858126759243e+02
1.005692286217271203e+02 2.687500493850538987e+02 1.839689078137325851e+02
1.005536350700439243e+02 2.687595958146657154e+02 1.839945298147892743e+02
1.005380415183607141e+02 2.687691422442774751e+02 1.840201518158459351e+02
1.005224479666775181e+02 2.687786886738892349e+02 1.840457738169025959e+02
1.005068544149943222e+02 2.687882351035010515e+02 1.840713958179592851e+02
1.004912608633111262e+02 2.687977815331128113e+02 1.840970178190159459e+02
1.004756673116279302e+02 2.688073279627245711e+02 1.841226398200726351e+02
1.004600737599447200e+02 2.688168743923363877e+02 1.841482618211292959e+02
1.004444802082615240e+02 2.688264208219481475e+02 1.841738838221859567e+02
1.004288866565783280e+02 2.688359672515599073e+02 1.841995058232426459e+02
1.004132931048951320e+02 2.688455136811717239e+02 1.842251278242993067e+02
1.003976995532119361e+02 2.688550601107834837e+02 1.842507498253559675e+02
1.003821060015287259e+02 2.688646065403952434e+02 1.842763718264126567e+02
1.003665124498455299e+02 2.688741529700070032e+02 1.843019938274693175e+02
1.003509188981623339e+02 2.688836993996188198e+02 1.843276158285259783e+02
1.003353253464791379e+02 2.688932458292305796e+02 1.843532378295826675e+02
1.003197317947959419e+02 2.689027922588423394e+02 1.843788598306393283e+02
1.003041382431127317e+02 2.689123386884541560e+02 1.844044818316959891e+02
1.002885446914295358e+02 2.689218851180659158e+02 1.844301038327526783e+02
1.002729511397463398e+02 2.689314315476776756e+02 1.844557258338093391e+02
1.002573575880631438e+02 2.689409779772894922e+02 1.844813478348660283e+02
1.002417640363799478e+02 2.689505244069012520e+02 1.845069698359226891e+02
1.002261704846967376e+02 2.689600708365130117e+02 1.845325918369793499e+02
1.002105769330135416e+02 2.689696172661248283e+02 1.845582138380360391e+02
1.001949833813303457e+02 2.689791636957365881e+02 1.845838358390926999e+02
1.001949833813303457e+02 2.689791636957365881e+02 1.845838358390926999e+02
1.001634875992441067e+02 2.689808468362824101e+02 1.845837727575191423e+02
1.001319918171578678e+02 2.689825299768281752e+02 1.845837096759455846e+02
1.001004960350716146e+02 2.689842131173739972e+02 1.845836465943720270e+02
1.000690002529853757e+02 2.689858962579198192e+02 1.845835835127984694e+02
1.000375044708991368e+02 2.689875793984655843e+02 1.845835204312249118e+02
1.000060086888128978e+02 2.689892625390114063e+02 1.845834573496513542e+02
9.997451290672665891e+01 2.689909456795572282e+02 1.845833942680777966e+02
9.994301712464041998e+01 2.689926288201029934e+02 1.845833311865042390e+02
9.991152134255416684e+01 2.689943119606488153e+02 1.845832681049306814e+02
9.988002556046792790e+01 2.689959951011946373e+02 1.845832050233571238e+02
9.984852977838168897e+01 2.689976782417404024e+02 1.845831419417835662e+02
9.981703399629545004e+01 2.689993613822862244e+02 1.845830788602100085e+02
9.978553821420921111e+01 2.690010445228320464e+02 1.845830157786364509e+02
9.975404243212295796e+01 2.690027276633778115e+02 1.845829526970629217e+02
9.972254665003671903e+01 2.690044108039236335e+02 1.845828896154893641e+02
9.969105086795048010e+01 2.690060939444694554e+02 1.845828265339158065e+02
9.965955508586424116e+01 2.690077770850152206e+02 1.845827634523422489e+02
9.962805930377800223e+01 2.690094602255610425e+02 1.845827003707686913e+02
9.959656352169174909e+01 2.690111433661068645e+02 1.845826372891951337e+02
9.956506773960551016e+01 2.690128265066526296e+02 1.845825742076215761e+02
9.953357195751927122e+01 2.690145096471984516e+02 1.845825111260480185e+02
9.950207617543303229e+01 2.690161927877442736e+02 1.845824480444744609e+02
9.947058039334679336e+01 2.690178759282900387e+02 1.845823849629009032e+02
9.943908461126055442e+01 2.690195590688358607e+02 1.845823218813273456e+02
9.940758882917430128e+01 2.690212422093816826e+02 1.845822587997537880e+02
9.937609304708806235e+01 2.690229253499274478e+02 1.845821957181802304e+02
9.934459726500182342e+01 2.690246084904732697e+02 1.845821326366066728e+02
9.934459726500182342e+01 2.690246084904732697e+02 1.845821326366066728e+02
9.932528619943147419e+01 2.690242761148593331e+02 1.846073585110544855e+02
9.930597513386113917e+01 2.690239437392453965e+02 1.846325843855023265e+02
9.928666406829078994e+01 2.690236113636314599e+02 1.846578102599501392e+02
9.926735300272044071e+01 2.690232789880175801e+02 1.846830361343979519e+02
9.924804193715010570e+01 2.690229466124036435e+02 1.847082620088457929e+02
9.922873087157975647e+01 2.690226142367897069e+02 1.847334878832936056e+02
9.920941980600940724e+01 2.690222818611757702e+02 1.847587137577414182e+02
9.919010874043905801e+01 2.690219494855618336e+02 1.847839396321892593e+02
9.917079767486872299e+01 2.690216171099478970e+02 1.848091655066370720e+02
9.915148660929837376e+01 2.690212847343339604e+02 1.848343913810848846e+02
9.913217554372802454e+01 2.690209523587200238e+02 1.848596172555327257e+02
9.911286447815768952e+01 2.690206199831061440e+02 1.848848431299805384e+02
9.909355341258734029e+01 2.690202876074922074e+02 1.849100690044283510e+02
9.907424234701699106e+01 2.690199552318782708e+02 1.849352948788761921e+02
9.905493128144664183e+01 2.690196228562643341e+02 1.849605207533240048e+02
9.903562021587630682e+01 2.690192904806503975e+02 1.849857466277718174e+02
9.901630915030595759e+01 2.690189581050364609e+02 1.850109725022196585e+02
9.899699808473560836e+01 2.690186257294225243e+02 1.850361983766674712e+02
9.897768701916527334e+01 2.690182933538086445e+02 1.850614242511152838e+02
9.895837595359492411e+01 2.690179609781947079e+02 1.850866501255631249e+02
9.893906488802457488e+01 2.690176286025807713e+02 1.851118760000109376e+02
9.891975382245423987e+01 2.690172962269668346e+02 1.851371018744587502e+02
9.890044275688389064e+01 2.690169638513528980e+02 1.851623277489065913e+02
9.888113169131354141e+01 2.690166314757389614e+02 1.851875536233544040e+02
9.886182062574320639e+01 2.690162991001250248e+02 1.852127794978022166e+02
9.884250956017285716e+01 2.690159667245110882e+02 1.852380053722500577e+02
9.882319849460250794e+01 2.690156343488972084e+02 1.852632312466978703e+02
9.880388742903215871e+01 2.690153019732832718e+02 1.852884571211456830e+02
9.878457636346182369e+01 2.690149695976693351e+02 1.853136829955935241e+02
9.876526529789147446e+01 2.690146372220553985e+02 1.853389088700413367e+02
9.876526529789147446e+01 2.690146372220553985e+02 1.853389088700413367e+02
9.875208497167540145e+01 2.690395592355433791e+02 1.853542512219593732e+02
9.873890464545932844e+01 2.690644812490313598e+02 1.853695935738774097e+02
9.872572431924325542e+01 2.690894032625193404e+02 1.853849359257954461e+02
9.871254399302719662e+01 2.691143252760073779e+02 1.854002782777134826e+02
9.869936366681112361e+01 2.691392472894953585e+02 1.854156206296315190e+02
9.868618334059505059e+01 2.691641693029833391e+02 1.854309629815495555e+02
9.867300301437897758e+01 2.691890913164713197e+02 1.854463053334675919e+02
9.865982268816290457e+01 2.692140133299593003e+02 1.854616476853856284e+02
9.864664236194683156e+01 2.692389353434472810e+02 1.854769900373036648e+02
9.863346203573077275e+01 2.692638573569353184e+02 1.854923323892217013e+02
9.862028170951469974e+01 2.692887793704232990e+02 1.855076747411397378e+02
9.860710138329862673e+01 2.693137013839112797e+02 1.855230170930577742e+02
9.859392105708255372e+01 2.693386233973992603e+02 1.855383594449758107e+02
9.858074073086648070e+01 2.693635454108872409e+02 1.855537017968938756e+02
9.856756040465040769e+01 2.693884674243752215e+02 1.855690441488119120e+02
9.855438007843433468e+01 2.694133894378632021e+02 1.855843865007299485e+02
9.854119975221827588e+01 2.694383114513512396e+02 1.855997288526479849e+02
9.852801942600220286e+01 2.694632334648392202e+02 1.856150712045660214e+02
9.851483909978612985e+01 2.694881554783272009e+02 1.856304135564840578e+02
9.850165877357005684e+01 2.695130774918151815e+02 1.856457559084020943e+02
9.848847844735398382e+01 2.695379995053031621e+02 1.856610982603201307e+02
9.847529812113791081e+01 2.695629215187911427e+02 1.856764406122381672e+02
9.846211779492185201e+01 2.695878435322791802e+02 1.856917829641562037e+02
9.844893746870577900e+01 2.696127655457671608e+02 1.857071253160742401e+02
9.843575714248970598e+01 2.696376875592551414e+02 1.857224676679922766e+02
9.842257681627363297e+01 2.696626095727431220e+02 1.857378100199103130e+02
9.842257681627363297e+01 2.696626095727431220e+02 1.857378100199103130e+02
9.842149254972947858e+01 2.696943491376125053e+02 1.857380005718171390e+02
9.842040828318533841e+01 2.697260887024818317e+02 1.857381911237239649e+02
9.841932401664118402e+01 2.697578282673512149e+02 1.857383816756307908e+02
9.841823975009702963e+01 2.697895678322205413e+02 1.857385722275376168e+02
9.841715548355288945e+01 2.698213073970899245e+02 1.857387627794444427e+02
9.841607121700873506e+01 2.698530469619592509e+02 1.857389533313512686e+02
9.841498695046459488e+01 2.698847865268286341e+02 1.857391438832580661e+02
9.841390268392044050e+01 2.699165260916979605e+02 1.857393344351648921e+02
9.841281841737628611e+01 2.699482656565673437e+02 1.857395249870717180e+02
9.841173415083214593e+01 2.699800052214366701e+02 1.857397155389785439e+02
9.841064988428799154e+01 2.700117447863060534e+02 1.857399060908853698e+02
9.840956561774383715e+01 2.700434843511753797e+02 1.857400966427921958e+02
9.840848135119969697e+01 2.700752239160447630e+02 1.857402871946990217e+02
9.840739708465554259e+01 2.701069634809141462e+02 1.857404777466058476e+02
9.840631281811138820e+01 2.701387030457834726e+02 1.857406682985126736e+02
9.840522855156724802e+01 2.701704426106528558e+02 1.857408588504194995e+02
9.840414428502309363e+01 2.702021821755221822e+02 1.857410494023263254e+02
9.840306001847893924e+01 2.702339217403915654e+02 1.857412399542331514e+02
9.840197575193479906e+01 2.702656613052608918e+02 1.857414305061399773e+02
9.840089148539064468e+01 2.702974008701302751e+02 1.857416210580468032e+02
9.839980721884649029e+01 2.703291404349996014e+02 1.857418116099536292e+02
9.839872295230235011e+01 2.703608799998689847e+02 1.857420021618604267e+02
9.839763868575819572e+01 2.703926195647383111e+02 1.857421927137672526e+02
9.839655441921405554e+01 2.704243591296076943e+02 1.857423832656740785e+02
9.839547015266990115e+01 2.704560986944770207e+02 1.857425738175809045e+02
9.839438588612574677e+01 2.704878382593464039e+02 1.857427643694877304e+02
9.839330161958160659e+01 2.705195778242157303e+02 1.857429549213945563e+02
9.839221735303745220e+01 2.705513173890851135e+02 1.857431454733013823e+02
