1.630621878028698291e+02 1.295347182843539429e+02 1.226441942405104584e+02
1.630344612820563839e+02 1.295327575507501763e+02 1.226500456691499608e+02
1.630067347612429103e+02 1.295307968171464097e+02 1.226558970977894631e+02
1.629790082404294651e+02 1.295288360835426431e+02 1.226617485264289655e+02
1.629512817196160199e+02 1.295268753499389049e+02 1.226675999550684821e+02
1.629235551988025748e+02 1.295249146163351384e+02 1.226734513837079845e+02
1.628958286779891012e+02 1.295229538827313718e+02 1.226793028123474869e+02
1.628681021571756560e+02 1.295209931491276052e+02 1.226851542409869893e+02
1.628403756363622108e+02 1.295190324155238386e+02 1.226910056696264917e+02
1.628126491155487372e+02 1.295170716819200720e+02 1.226968570982659941e+02
1.627849225947352920e+02 1.295151109483163339e+02 1.227027085269054965e+02
1.627571960739218468e+02 1.295131502147125673e+02 1.227085599555449988e+02
1.627294695531084017e+02 1.295111894811088007e+02 1.227144113841845154e+02
1.627017430322949281e+02 1.295092287475050341e+02 1.227202628128240178e+02
1.626740165114814829e+02 1.295072680139012675e+02 1.227261142414635202e+02
1.626462899906680377e+02 1.295053072802975009e+02 1.227319656701030226e+02
1.626185634698545641e+02 1.295033465466937628e+02 1.227378170987425250e+02
1.625908369490411189e+02 1.295013858130899962e+02 1.227436685273820274e+02
1.625631104282276738e+02 1.294994250794862296e+02 1.227495199560215298e+02
1.625353839074142002e+02 1.294974643458824630e+02 1.227553713846610322e+02
1.625076573866007550e+02 1.294955036122786964e+02 1.227612228133005488e+02
1.624799308657873098e+02 1.294935428786749299e+02 1.227670742419400511e+02
1.624522043449738646e+02 1.294915821450711917e+02 1.227729256705795535e+02
1.624244778241603910e+02 1.294896214114674251e+02 1.227787770992190559e+02
1.623967513033469459e+02 1.294876606778636585e+02 1.227846285278585583e+02
1.623690247825335007e+02 1.294856999442598919e+02 1.227904799564980607e+02
1.623412982617200271e+02 1.294837392106561254e+02 1.227963313851375631e+02
1.623135717409065819e+02 1.294817784770523588e+02 1.228021828137770655e+02
1.622858452200931367e+02 1.294798177434486206e+02 1.228080342424165821e+02
1.622581186992796916e+02 1.294778570098448540e+02 1.228138856710560844e+02
1.622303921784662180e+02 1.294758962762410874e+02 1.228197370996955868e+02
1.622026656576527728e+02 1.294739355426373209e+02 1.228255885283350892e+02
1.622026656576527728e+02 1.294739355426373209e+02 1.228255885283350892e+02
1.621742393319812550e+02 1.294719253210032832e+02 1.228315876443896855e+02
1.621458130063097087e+02 1.294699150993692456e+02 1.228375867604442959e+02
1.621173866806381625e+02 1.294679048777352364e+02 1.228435858764988922e+02
1.620889603549666447e+02 1.294658946561011987e+02 1.228495849925535026e+02
1.620605340292951269e+02 1.294638844344671611e+02 1.228555841086080989e+02
1.620321077036235806e+02 1.294618742128331235e+02 1.228615832246627093e+02
1.620036813779520344e+02 1.294598639911990858e+02 1.228675823407173056e+02
1.619752550522805166e+02 1.294578537695650482e+02 1.228735814567719160e+02
1.619468287266089987e+02 1.294558435479310390e+02 1.228795805728265123e+02
1.619184024009374525e+02 1.294538333262970013e+02 1.228855796888811227e+02
1.618899760752659063e+02 1.294518231046629637e+02 1.228915788049357189e+02
1.618615497495943885e+02 1.294498128830289261e+02 1.228975779209903294e+02
1.618331234239228706e+02 1.294478026613948884e+02 1.229035770370449256e+02
1.618046970982513244e+02 1.294457924397608508e+02 1.229095761530995219e+02
1.617762707725797782e+02 1.294437822181268416e+02 1.229155752691541323e+02
1.617478444469082604e+02 1.294417719964928040e+02 1.229215743852087286e+02
1.617194181212367425e+02 1.294397617748587663e+02 1.229275735012633390e+02
1.616909917955651963e+02 1.294377515532247287e+02 1.229335726173179353e+02
1.616625654698936501e+02 1.294357413315906911e+02 1.229395717333725457e+02
1.616341391442221322e+02 1.294337311099566818e+02 1.229455708494271420e+02
1.616057128185506144e+02 1.294317208883226442e+02 1.229515699654817524e+02
1.615772864928790682e+02 1.294297106666886066e+02 1.229575690815363487e+02
1.615488601672075220e+02 1.294277004450545689e+02 1.229635681975909591e+02
1.615204338415360041e+02 1.294256902234205313e+02 1.229695673136455554e+02
1.614920075158644863e+02 1.294236800017864937e+02 1.229755664297001658e+02
1.614635811901929401e+02 1.294216697801524845e+02 1.229815655457547621e+02
1.614351548645213938e+02 1.294196595585184468e+02 1.229875646618093725e+02
1.614067285388498760e+02 1.294176493368844092e+02 1.229935637778639688e+02
1.614067285388498760e+02 1.294176493368844092e+02 1.229935637778639688e+02
1.613822238491399332e+02 1.294293317582480256e+02 1.229926402464233774e+02
1.613577191594299904e+02 1.294410141796116704e+02 1.229917167149827861e+02
1.613332144697200476e+02 1.294526966009752869e+02 1.229907931835422090e+02
1.613087097800101049e+02 1.294643790223389033e+02 1.229898696521016177e+02
1.612842050903001621e+02 1.294760614437025481e+02 1.229889461206610264e+02
1.612597004005902193e+02 1.294877438650661645e+02 1.229880225892204351e+02
1.612351957108802480e+02 1.294994262864297809e+02 1.229870990577798580e+02
1.612106910211703052e+02 1.295111087077933973e+02 1.229861755263392666e+02
1.611861863314603625e+02 1.295227911291570422e+02 1.229852519948986753e+02
1.611616816417504197e+02 1.295344735505206586e+02 1.229843284634580840e+02
1.611371769520404769e+02 1.295461559718842750e+02 1.229834049320175069e+02
1.611126722623305341e+02 1.295578383932479198e+02 1.229824814005769156e+02
1.610881675726205913e+02 1.295695208146115363e+02 1.229815578691363243e+02
1.610636628829106485e+02 1.295812032359751527e+02 1.229806343376957329e+02
1.610391581932007057e+02 1.295928856573387975e+02 1.229797108062551416e+02
1.610146535034907629e+02 1.296045680787024139e+02 1.229787872748145645e+02
1.609901488137808201e+02 1.296162505000660303e+02 1.229778637433739732e+02
1.609656441240708773e+02 1.296279329214296752e+02 1.229769402119333819e+02
1.609411394343609345e+02 1.296396153427932916e+02 1.229760166804927906e+02
1.609166347446509633e+02 1.296512977641569080e+02 1.229750931490522134e+02
1.608921300549410205e+02 1.296629801855205244e+02 1.229741696176116221e+02
1.608676253652310777e+02 1.296746626068841692e+02 1.229732460861710308e+02
1.608431206755211349e+02 1.296863450282477856e+02 1.229723225547304395e+02
1.608186159858111921e+02 1.296980274496114021e+02 1.229713990232898624e+02
1.607941112961012493e+02 1.297097098709750469e+02 1.229704754918492711e+02
1.607696066063913065e+02 1.297213922923386633e+02 1.229695519604086797e+02
1.607696066063913065e+02 1.297213922923386633e+02 1.229695519604086797e+02
1.607466799393903045e+02 1.297216687970422129e+02 1.229711608905304416e+02
1.607237532723893310e+02 1.297219453017457909e+02 1.229727698206522177e+02
1.607008266053883290e+02 1.297222218064493404e+02 1.229743787507739796e+02
1.606778999383873554e+02 1.297224983111528900e+02 1.229759876808957557e+02
1.606549732713863534e+02 1.297227748158564680e+02 1.229775966110175176e+02
1.606320466043853514e+02 1.297230513205600175e+02 1.229792055411392937e+02
1.606091199373843779e+02 1.297233278252635671e+02 1.229808144712610556e+02
1.605861932703833759e+02 1.297236043299671451e+02 1.229824234013828317e+02
1.605632666033824023e+02 1.297238808346706946e+02 1.229840323315045936e+02
1.605403399363814003e+02 1.297241573393742442e+02 1.229856412616263697e+02
1.605174132693804268e+02 1.297244338440777938e+02 1.229872501917481316e+02
1.604944866023794248e+02 1.297247103487813717e+02 1.229888591218698934e+02
1.604715599353784228e+02 1.297249868534849213e+02 1.229904680519916695e+02
1.604486332683774492e+02 1.297252633581884709e+02 1.229920769821134314e+02
1.604257066013764472e+02 1.297255398628920489e+02 1.229936859122352075e+02
1.604027799343754737e+02 1.297258163675955984e+02 1.229952948423569694e+02
1.603798532673744717e+02 1.297260928722991480e+02 1.229969037724787455e+02
1.603569266003734697e+02 1.297263693770027260e+02 1.229985127026005074e+02
1.603339999333724961e+02 1.297266458817062755e+02 1.230001216327222835e+02
1.603110732663714941e+02 1.297269223864098251e+02 1.230017305628440454e+02
1.602881465993705206e+02 1.297271988911134031e+02 1.230033394929658215e+02
1.602652199323695186e+02 1.297274753958169526e+02 1.230049484230875834e+02
1.602652199323695186e+02 1.297274753958169526e+02 1.230049484230875834e+02
1.602439302634815306e+02 1.297045679554728395e+02 1.230025016743540647e+02
1.602226405945935710e+02 1.296816605151287547e+02 1.230000549256205460e+02
1.602013509257055830e+02 1.296587530747846415e+02 1.229976081768870273e+02
1.601800612568175950e+02 1.296358456344405283e+02 1.229951614281534944e+02
1.601587715879296354e+02 1.296129381940964151e+02 1.229927146794199757e+02
1.601374819190416474e+02 1.295900307537523304e+02 1.229902679306864570e+02
1.601161922501536594e+02 1.295671233134082172e+02 1.229878211819529383e+02
1.600949025812656998e+02 1.295442158730641040e+02 1.229853744332194196e+02
1.600736129123777118e+02 1.295213084327199908e+02 1.229829276844859010e+02
1.600523232434897238e+02 1.294984009923759061e+02 1.229804809357523823e+02
1.600310335746017643e+02 1.294754935520317929e+02 1.229780341870188636e+02
1.600097439057137763e+02 1.294525861116876797e+02 1.229755874382853307e+02
1.599884542368257883e+02 1.294296786713435665e+02 1.229731406895518120e+02
1.599671645679378287e+02 1.294067712309994818e+02 1.229706939408182933e+02
1.599458748990498407e+02 1.293838637906553686e+02 1.229682471920847746e+02
1.599458748990498407e+02 1.293838637906553686e+02 1.229682471920847746e+02
1.599225422468240083e+02 1.293710136479473078e+02 1.229769325872702126e+02
1.598992095945981760e+02 1.293581635052392471e+02 1.229856179824556506e+02
1.598758769423723436e+02 1.293453133625311864e+02 1.229943033776410886e+02
1.598525442901464828e+02 1.293324632198231541e+02 1.230029887728265265e+02
1.598292116379206504e+02 1.293196130771150933e+02 1.230116741680119645e+02
1.598058789856948181e+02 1.293067629344070326e+02 1.230203595631974025e+02
1.597825463334689857e+02 1.292939127916989719e+02 1.230290449583828263e+02
1.597592136812431534e+02 1.292810626489909112e+02 1.230377303535682643e+02
1.597358810290173210e+02 1.292682125062828504e+02 1.230464157487537022e+02
1.597125483767914886e+02 1.292553623635747897e+02 1.230551011439391402e+02
1.596892157245656279e+02 1.292425122208667574e+02 1.230637865391245782e+02
1.596658830723397955e+02 1.292296620781586967e+02 1.230724719343100162e+02
1.596425504201139631e+02 1.292168119354506359e+02 1.230811573294954542e+02
1.596192177678881308e+02 1.292039617927425752e+02 1.230898427246808922e+02
1.596192177678881308e+02 1.292039617927425752e+02 1.230898427246808922e+02
1.595840083452714850e+02 1.291750062131284835e+02 1.230901162486076288e+02
1.595487989226548393e+02 1.291460506335143918e+02 1.230903897725343654e+02
1.595135895000381652e+02 1.291170950539003002e+02 1.230906632964611020e+02
1.594783800774215194e+02 1.290881394742861801e+02 1.230909368203878387e+02
1.594431706548048737e+02 1.290591838946720884e+02 1.230912103443145753e+02
1.594079612321881996e+02 1.290302283150579967e+02 1.230914838682413119e+02
1.593727518095715538e+02 1.290012727354439050e+02 1.230917573921680344e+02
1.593375423869549081e+02 1.289723171558298134e+02 1.230920309160947710e+02
1.593023329643382624e+02 1.289433615762156933e+02 1.230923044400215076e+02
1.592671235417216167e+02 1.289144059966016016e+02 1.230925779639482442e+02
1.592319141191049425e+02 1.288854504169875099e+02 1.230928514878749809e+02
1.591967046964882968e+02 1.288564948373734182e+02 1.230931250118017175e+02
1.591967046964882968e+02 1.288564948373734182e+02 1.230931250118017175e+02
1.591752523330456484e+02 1.288334123395483743e+02 1.230906595651402142e+02
1.591537999696029999e+02 1.288103298417233589e+02 1.230881941184787109e+02
1.591323476061603515e+02 1.287872473438983150e+02 1.230857286718172219e+02
1.591108952427177030e+02 1.287641648460732711e+02 1.230832632251557186e+02
1.590894428792750546e+02 1.287410823482482272e+02 1.230807977784942153e+02
1.590679905158324061e+02 1.287179998504232117e+02 1.230783323318327120e+02
1.590465381523897577e+02 1.286949173525981678e+02 1.230758668851712088e+02
1.590250857889471092e+02 1.286718348547731239e+02 1.230734014385097055e+02
1.590036334255044892e+02 1.286487523569481084e+02 1.230709359918482164e+02
1.589821810620618407e+02 1.286256698591230645e+02 1.230684705451867131e+02
1.589607286986191923e+02 1.286025873612980206e+02 1.230660050985252099e+02
1.589392763351765439e+02 1.285795048634730051e+02 1.230635396518637066e+02
1.589178239717338954e+02 1.285564223656479612e+02 1.230610742052022033e+02
1.588963716082912470e+02 1.285333398678229173e+02 1.230586087585407000e+02
1.588749192448485985e+02 1.285102573699978734e+02 1.230561433118792110e+02
1.588534668814059501e+02 1.284871748721728579e+02 1.230536778652177077e+02
1.588320145179633016e+02 1.284640923743478140e+02 1.230512124185562044e+02
1.588320145179633016e+02 1.284640923743478140e+02 1.230512124185562044e+02
1.588138711957203384e+02 1.284471430875316287e+02 1.230768242255747253e+02
1.587957278734773752e+02 1.284301938007154433e+02 1.231024360325932463e+02
1.587775845512344119e+02 1.284132445138992580e+02 1.231280478396117530e+02
1.587594412289914771e+02 1.283962952270830726e+02 1.231536596466302740e+02
1.587412979067485139e+02 1.283793459402668873e+02 1.231792714536487949e+02
1.587231545845055507e+02 1.283623966534507019e+02 1.232048832606673159e+02
1.587050112622625875e+02 1.283454473666345166e+02 1.232304950676858368e+02
1.586868679400196243e+02 1.283284980798183028e+02 1.232561068747043578e+02
1.586687246177766610e+02 1.283115487930021175e+02 1.232817186817228645e+02
1.586505812955336978e+02 1.282945995061859321e+02 1.233073304887413855e+02
1.586324379732907346e+02 1.282776502193697468e+02 1.233329422957599064e+02
1.586142946510477714e+02 1.282607009325535614e+02 1.233585541027784274e+02
1.585961513288048366e+02 1.282437516457373761e+02 1.233841659097969483e+02
1.585780080065618733e+02 1.282268023589211907e+02 1.234097777168154551e+02
1.585598646843189101e+02 1.282098530721050054e+02 1.234353895238339760e+02
1.585417213620759469e+02 1.281929037852888200e+02 1.234610013308524969e+02
1.585417213620759469e+02 1.281929037852888200e+02 1.234610013308524969e+02
1.585408129135191473e+02 1.281679925667435214e+02 1.234931212532255245e+02
1.585399044649623477e+02 1.281430813481982227e+02 1.235252411755985520e+02
1.585389960164055765e+02 1.281181701296529241e+02 1.235573610979715795e+02
1.585380875678487769e+02 1.280932589111076538e+02 1.235894810203446212e+02
1.585371791192919773e+02 1.280683476925623552e+02 1.236216009427176488e+02
1.585362706707351776e+02 1.280434364740170565e+02 1.236537208650906763e+02
1.585353622221784065e+02 1.280185252554717579e+02 1.236858407874637038e+02
1.585344537736216068e+02 1.279936140369264734e+02 1.237179607098367313e+02
1.585335453250648072e+02 1.279687028183811748e+02 1.237500806322097731e+02
1.585326368765080076e+02 1.279437915998358761e+02 1.237822005545828006e+02
1.585317284279512080e+02 1.279188803812905917e+02 1.238143204769558281e+02
1.585308199793944368e+02 1.278939691627452930e+02 1.238464403993288556e+02
1.585299115308376372e+02 1.278690579441999944e+02 1.238785603217018831e+02
1.585290030822808376e+02 1.278441467256547099e+02 1.239106802440749107e+02
1.585280946337240380e+02 1.278192355071094113e+02 1.239428001664479382e+02
1.585271861851672668e+02 1.277943242885641126e+02 1.239749200888209799e+02
1.585262777366104672e+02 1.277694130700188282e+02 1.240070400111940074e+02
1.585253692880536676e+02 1.277445018514735295e+02 1.240391599335670350e+02
1.585253692880536676e+02 1.277445018514735295e+02 1.240391599335670350e+02
1.585071469426162594e+02 1.277135721746046215e+02 1.240382262582053130e+02
1.584889245971788796e+02 1.276826424977357135e+02 1.240372925828436053e+02
1.584707022517414714e+02 1.276517128208668055e+02 1.240363589074818833e+02
1.584524799063040632e+02 1.276207831439978975e+02 1.240354252321201756e+02
1.584342575608666834e+02 1.275898534671289895e+02 1.240344915567584536e+02
1.584160352154292752e+02 1.275589237902600814e+02 1.240335578813967317e+02
1.583978128699918670e+02 1.275279941133911734e+02 1.240326242060350239e+02
1.583795905245544873e+02 1.274970644365222654e+02 1.240316905306733020e+02
1.583613681791170791e+02 1.274661347596533574e+02 1.240307568553115942e+02
1.583431458336796709e+02 1.274352050827844494e+02 1.240298231799498723e+02
1.583249234882422911e+02 1.274042754059155413e+02 1.240288895045881503e+02
1.583067011428048829e+02 1.273733457290466333e+02 1.240279558292264426e+02
1.582884787973675031e+02 1.273424160521777253e+02 1.240270221538647206e+02
1.582702564519300950e+02 1.273114863753088173e+02 1.240260884785029987e+02
1.582520341064926868e+02 1.272805566984399093e+02 1.240251548031412909e+02
1.582338117610553070e+02 1.272496270215710013e+02 1.240242211277795690e+02
1.582155894156178988e+02 1.272186973447020932e+02 1.240232874524178612e+02
1.581973670701804906e+02 1.271877676678331852e+02 1.240223537770561393e+02
1.581791447247431108e+02 1.271568379909642772e+02 1.240214201016944173e+02
1.581609223793057026e+02 1.271259083140953692e+02 1.240204864263327096e+02
1.581427000338682944e+02 1.270949786372264612e+02 1.240195527509709876e+02
1.581244776884309147e+02 1.270640489603575531e+02 1.240186190756092799e+02
1.581062553429935065e+02 1.270331192834886451e+02 1.240176854002475579e+02
1.581062553429935065e+02 1.270331192834886451e+02 1.240176854002475579e+02
1.580828647836411278e+02 1.270217532853626068e+02 1.240339391010541021e+02
1.580594742242887492e+02 1.270103872872365827e+02 1.240501928018606463e+02
1.580360836649363705e+02 1.269990212891105443e+02 1.240664465026671905e+02
1.580126931055839918e+02 1.269876552909845202e+02 1.240827002034737347e+02
1.579893025462315848e+02 1.269762892928584819e+02 1.240989539042802789e+02
1.579659119868792061e+02 1.269649232947324435e+02 1.241152076050868232e+02
1.579425214275268274e+02 1.269535572966064194e+02 1.241314613058933674e+02
1.579191308681744488e+02 1.269421912984803811e+02 1.241477150066999116e+02
1.578957403088220701e+02 1.269308253003543427e+02 1.241639687075064558e+02
1.578723497494696915e+02 1.269194593022283186e+02 1.241802224083130000e+02
1.578489591901173128e+02 1.269080933041022803e+02 1.241964761091195442e+02
1.578255686307649341e+02 1.268967273059762562e+02 1.242127298099260884e+02
1.578021780714125271e+02 1.268853613078502178e+02 1.242289835107326326e+02
1.577787875120601484e+02 1.268739953097241795e+02 1.242452372115391768e+02
1.577553969527077697e+02 1.268626293115981554e+02 1.242614909123457210e+02
1.577320063933553911e+02 1.268512633134721170e+02 1.242777446131522652e+02
1.577086158340030124e+02 1.268398973153460929e+02 1.242939983139588094e+02
1.576852252746506338e+02 1.268285313172200546e+02 1.243102520147653536e+02
1.576618347152982551e+02 1.268171653190940162e+02 1.243265057155718978e+02
1.576384441559458764e+02 1.268057993209679921e+02 1.243427594163784420e+02
1.576150535965934978e+02 1.267944333228419538e+02 1.243590131171849862e+02
1.575916630372410907e+02 1.267830673247159154e+02 1.243752668179915304e+02
1.575682724778887120e+02 1.267717013265898913e+02 1.243915205187980746e+02
1.575448819185363334e+02 1.267603353284638530e+02 1.244077742196046188e+02
1.575214913591839547e+02 1.267489693303378289e+02 1.244240279204111630e+02
1.574981007998315761e+02 1.267376033322117905e+02 1.244402816212177072e+02
1.574981007998315761e+02 1.267376033322117905e+02 1.244402816212177072e+02
1.574712290252404898e+02 1.267468267048981687e+02 1.244549191466140599e+02
1.574443572506493751e+02 1.267560500775845469e+02 1.244695566720103983e+02
1.574174854760582889e+02 1.267652734502709251e+02 1.244841941974067510e+02
1.573906137014672026e+02 1.267744968229573033e+02 1.244988317228030894e+02
1.573637419268761164e+02 1.267837201956436672e+02 1.245134692481994421e+02
1.573368701522850017e+02 1.267929435683300454e+02 1.245281067735957947e+02
1.573099983776939155e+02 1.268021669410164236e+02 1.245427442989921332e+02
1.572831266031028292e+02 1.268113903137028018e+02 1.245573818243884858e+02
1.572562548285117145e+02 1.268206136863891800e+02 1.245720193497848243e+02
1.572293830539206283e+02 1.268298370590755582e+02 1.245866568751811769e+02
1.572025112793295420e+02 1.268390604317619363e+02 1.246012944005775296e+02
1.571756395047384558e+02 1.268482838044483145e+02 1.246159319259738680e+02
1.571487677301473411e+02 1.268575071771346785e+02 1.246305694513702207e+02
1.571218959555562549e+02 1.268667305498210567e+02 1.246452069767665591e+02
1.570950241809651686e+02 1.268759539225074349e+02 1.246598445021629118e+02
1.570681524063740824e+02 1.268851772951938131e+02 1.246744820275592645e+02
1.570412806317829677e+02 1.268944006678801912e+02 1.246891195529556029e+02
1.570144088571918815e+02 1.269036240405665694e+02 1.247037570783519556e+02
1.569875370826007952e+02 1.269128474132529476e+02 1.247183946037482940e+02
1.569606653080096805e+02 1.269220707859393258e+02 1.247330321291446467e+02
1.569337935334185943e+02 1.269312941586256898e+02 1.247476696545409993e+02
1.569069217588275080e+02 1.269405175313120679e+02 1.247623071799373378e+02
1.568800499842364218e+02 1.269497409039984461e+02 1.247769447053336904e+02
1.568531782096453071e+02 1.269589642766848243e+02 1.247915822307300289e+02
1.568263064350542209e+02 1.269681876493712025e+02 1.248062197561263815e+02
1.568263064350542209e+02 1.269681876493712025e+02 1.248062197561263815e+02
1.568001728303107427e+02 1.269806466433832668e+02 1.248052348342227731e+02
1.567740392255672930e+02 1.269931056373953311e+02 1.248042499123191647e+02
1.567479056208238148e+02 1.270055646314073812e+02 1.248032649904155562e+02
1.567217720160803367e+02 1.270180236254194455e+02 1.248022800685119478e+02
1.566956384113368870e+02 1.270304826194315098e+02 1.248012951466083251e+02
1.566695048065934088e+02 1.270429416134435741e+02 1.248003102247047167e+02
1.566433712018499307e+02 1.270554006074556384e+02 1.247993253028011083e+02
1.566172375971064810e+02 1.270678596014676884e+02 1.247983403808974998e+02
1.565911039923630028e+02 1.270803185954797527e+02 1.247973554589938914e+02
1.565649703876195247e+02 1.270927775894918170e+02 1.247963705370902829e+02
1.565388367828760749e+02 1.271052365835038813e+02 1.247953856151866745e+02
1.565127031781325968e+02 1.271176955775159456e+02 1.247944006932830661e+02
1.564865695733891187e+02 1.271301545715279957e+02 1.247934157713794434e+02
1.564604359686456405e+02 1.271426135655400600e+02 1.247924308494758350e+02
1.564343023639021908e+02 1.271550725595521243e+02 1.247914459275722265e+02
1.564081687591587126e+02 1.271675315535641886e+02 1.247904610056686181e+02
1.563820351544152345e+02 1.271799905475762529e+02 1.247894760837650097e+02
1.563559015496717848e+02 1.271924495415883030e+02 1.247884911618614012e+02
1.563297679449283066e+02 1.272049085356003673e+02 1.247875062399577928e+02
1.563036343401848285e+02 1.272173675296124316e+02 1.247865213180541843e+02
1.562775007354413788e+02 1.272298265236244958e+02 1.247855363961505617e+02
1.562513671306979006e+02 1.272422855176365601e+02 1.247845514742469533e+02
1.562252335259544225e+02 1.272547445116486102e+02 1.247835665523433448e+02
1.561990999212109728e+02 1.272672035056606745e+02 1.247825816304397364e+02
1.561729663164674946e+02 1.272796624996727388e+02 1.247815967085361279e+02
1.561729663164674946e+02 1.272796624996727388e+02 1.247815967085361279e+02
1.561445040325692730e+02 1.272932316734678722e+02 1.247805240234965680e+02
1.561160417486710230e+02 1.273068008472630197e+02 1.247794513384570081e+02
1.560875794647728014e+02 1.273203700210581530e+02 1.247783786534174482e+02
1.560591171808745798e+02 1.273339391948533006e+02 1.247773059683778740e+02
1.560306548969763583e+02 1.273475083686484339e+02 1.247762332833383141e+02
1.560021926130781083e+02 1.273610775424435815e+02 1.247751605982987542e+02
1.559737303291798867e+02 1.273746467162387148e+02 1.247740879132591942e+02
1.559452680452816651e+02 1.273882158900338624e+02 1.247730152282196343e+02
1.559168057613834435e+02 1.274017850638289957e+02 1.247719425431800744e+02
1.558883434774851935e+02 1.274153542376241433e+02 1.247708698581405145e+02
1.558598811935869719e+02 1.274289234114192766e+02 1.247697971731009545e+02
1.558314189096887503e+02 1.274424925852144241e+02 1.247687244880613804e+02
1.558029566257905287e+02 1.274560617590095575e+02 1.247676518030218205e+02
1.557744943418922787e+02 1.274696309328047050e+02 1.247665791179822605e+02
1.557460320579940571e+02 1.274832001065998384e+02 1.247655064329427006e+02
1.557175697740958356e+02 1.274967692803949859e+02 1.247644337479031407e+02
1.556891074901976140e+02 1.275103384541901193e+02 1.247633610628635807e+02
1.556606452062993640e+02 1.275239076279852668e+02 1.247622883778240208e+02
1.556321829224011424e+02 1.275374768017804001e+02 1.247612156927844609e+02
1.556037206385029208e+02 1.275510459755755477e+02 1.247601430077448867e+02
1.555752583546046992e+02 1.275646151493706810e+02 1.247590703227053268e+02
1.555467960707064492e+02 1.275781843231658286e+02 1.247579976376657669e+02
1.555183337868082276e+02 1.275917534969609619e+02 1.247569249526262070e+02
1.555183337868082276e+02 1.275917534969609619e+02 1.247569249526262070e+02
1.554945128235717391e+02 1.275801783559210634e+02 1.247734777337519745e+02
1.554706918603352790e+02 1.275686032148811506e+02 1.247900305148777562e+02
1.554468708970987905e+02 1.275570280738412521e+02 1.248065832960035237e+02
1.554230499338623304e+02 1.275454529328013393e+02 1.248231360771293055e+02
1.553992289706258418e+02 1.275338777917614408e+02 1.248396888582550730e+02
1.553754080073893533e+02 1.275223026507215280e+02 1.248562416393808547e+02
1.553515870441528932e+02 1.275107275096816295e+02 1.248727944205066223e+02
1.553277660809164047e+02 1.274991523686417167e+02 1.248893472016323898e+02
1.553039451176799446e+02 1.274875772276018182e+02 1.249058999827581715e+02
1.552801241544434561e+02 1.274760020865619055e+02 1.249224527638839390e+02
1.552563031912069675e+02 1.274644269455220069e+02 1.249390055450097208e+02
1.552324822279705074e+02 1.274528518044820942e+02 1.249555583261354883e+02
1.552086612647340189e+02 1.274412766634421956e+02 1.249721111072612700e+02
1.551848403014975304e+02 1.274297015224022829e+02 1.249886638883870376e+02
1.551610193382610703e+02 1.274181263813623843e+02 1.250052166695128193e+02
1.551371983750245818e+02 1.274065512403224716e+02 1.250217694506385868e+02
1.551133774117881217e+02 1.273949760992825730e+02 1.250383222317643543e+02
1.550895564485516331e+02 1.273834009582426603e+02 1.250548750128901361e+02
1.550657354853151446e+02 1.273718258172027618e+02 1.250714277940159036e+02
1.550419145220786845e+02 1.273602506761628490e+02 1.250879805751416853e+02
1.550180935588421960e+02 1.273486755351229505e+02 1.251045333562674529e+02
1.549942725956057359e+02 1.273371003940830377e+02 1.251210861373932346e+02
1.549704516323692474e+02 1.273255252530431392e+02 1.251376389185190021e+02
1.549704516323692474e+02 1.273255252530431392e+02 1.251376389185190021e+02
1.549378914979877209e+02 1.273089105610871457e+02 1.251359556429656834e+02
1.549053313636061944e+02 1.272922958691311379e+02 1.251342723674123789e+02
1.548727712292246679e+02 1.272756811771751444e+02 1.251325890918590602e+02
1.548402110948431414e+02 1.272590664852191509e+02 1.251309058163057557e+02
1.548076509604616149e+02 1.272424517932631574e+02 1.251292225407524370e+02
1.547750908260800884e+02 1.272258371013071496e+02 1.251275392651991183e+02
1.547425306916985619e+02 1.272092224093511561e+02 1.251258559896458138e+02
1.547099705573170354e+02 1.271926077173951626e+02 1.251241727140924951e+02
1.546774104229355089e+02 1.271759930254391691e+02 1.251224894385391906e+02
1.546448502885539824e+02 1.271593783334831613e+02 1.251208061629858719e+02
1.546122901541724559e+02 1.271427636415271678e+02 1.251191228874325532e+02
1.545797300197909578e+02 1.271261489495711743e+02 1.251174396118792487e+02
1.545471698854094313e+02 1.271095342576151666e+02 1.251157563363259300e+02
1.545146097510279048e+02 1.270929195656591730e+02 1.251140730607726255e+02
1.544820496166463784e+02 1.270763048737031795e+02 1.251123897852193068e+02
1.544494894822648519e+02 1.270596901817471860e+02 1.251107065096660023e+02
1.544169293478833254e+02 1.270430754897911783e+02 1.251090232341126836e+02
1.543843692135017989e+02 1.270264607978351847e+02 1.251073399585593648e+02
1.543518090791202724e+02 1.270098461058791912e+02 1.251056566830060603e+02
1.543192489447387459e+02 1.269932314139231977e+02 1.251039734074527416e+02
1.542866888103572194e+02 1.269766167219671900e+02 1.251022901318994371e+02
1.542541286759756929e+02 1.269600020300111964e+02 1.251006068563461184e+02
1.542541286759756929e+02 1.269600020300111964e+02 1.251006068563461184e+02
1.542265933593634202e+02 1.269459513876501120e+02 1.250991833510017273e+02
1.541990580427511475e+02 1.269319007452890133e+02 1.250977598456573361e+02
1.541715227261388463e+02 1.269178501029279289e+02 1.250963363403129449e+02
1.541439874095265736e+02 1.269037994605668302e+02 1.250949128349685537e+02
1.541164520929143009e+02 1.268897488182057458e+02 1.250934893296241626e+02
1.540889167763020282e+02 1.268756981758446472e+02 1.250920658242797714e+02
1.540613814596897555e+02 1.268616475334835627e+02 1.250906423189353802e+02
1.540338461430774544e+02 1.268475968911224641e+02 1.250892188135909890e+02
1.540063108264651817e+02 1.268335462487613796e+02 1.250877953082465979e+02
1.539787755098529090e+02 1.268194956064002952e+02 1.250863718029022067e+02
1.539512401932406362e+02 1.268054449640391965e+02 1.250849482975578155e+02
1.539237048766283635e+02 1.267913943216781121e+02 1.250835247922134243e+02
1.538961695600160624e+02 1.267773436793170134e+02 1.250821012868690474e+02
1.538686342434037897e+02 1.267632930369559290e+02 1.250806777815246562e+02
1.538410989267915170e+02 1.267492423945948303e+02 1.250792542761802650e+02
1.538135636101792443e+02 1.267351917522337459e+02 1.250778307708358739e+02
1.537860282935669716e+02 1.267211411098726614e+02 1.250764072654914827e+02
1.537584929769546704e+02 1.267070904675115628e+02 1.250749837601470915e+02
1.537309576603423977e+02 1.266930398251504784e+02 1.250735602548027003e+02
1.537034223437301250e+02 1.266789891827893797e+02 1.250721367494583092e+02
1.536758870271178523e+02 1.266649385404282953e+02 1.250707132441139180e+02
1.536483517105055796e+02 1.266508878980671966e+02 1.250692897387695268e+02
1.536208163938932785e+02 1.266368372557061122e+02 1.250678662334251356e+02
1.535932810772810058e+02 1.266227866133450135e+02 1.250664427280807445e+02
1.535657457606687331e+02 1.266087359709839291e+02 1.250650192227363533e+02
1.535657457606687331e+02 1.266087359709839291e+02 1.250650192227363533e+02
1.535421730206408597e+02 1.265833719721929356e+02 1.250623100884556749e+02
1.535186002806130148e+02 1.265580079734019421e+02 1.250596009541749964e+02
1.534950275405851414e+02 1.265326439746109344e+02 1.250568918198943038e+02
1.534714548005572681e+02 1.265072799758199409e+02 1.250541826856136254e+02
1.534478820605294231e+02 1.264819159770289474e+02 1.250514735513329470e+02
1.534243093205015498e+02 1.264565519782379397e+02 1.250487644170522685e+02
1.534007365804736764e+02 1.264311879794469462e+02 1.250460552827715901e+02
1.533771638404458315e+02 1.264058239806559527e+02 1.250433461484908975e+02
1.533535911004179582e+02 1.263804599818649592e+02 1.250406370142102190e+02
1.533300183603900848e+02 1.263550959830739657e+02 1.250379278799295406e+02
1.533064456203622399e+02 1.263297319842829580e+02 1.250352187456488622e+02
1.532828728803343665e+02 1.263043679854919645e+02 1.250325096113681695e+02
1.532593001403064932e+02 1.262790039867009710e+02 1.250298004770874911e+02
1.532357274002786482e+02 1.262536399879099633e+02 1.250270913428068127e+02
1.532121546602507749e+02 1.262282759891189698e+02 1.250243822085261343e+02
1.531885819202229015e+02 1.262029119903279764e+02 1.250216730742454558e+02
1.531650091801950566e+02 1.261775479915369829e+02 1.250189639399647632e+02
1.531414364401671833e+02 1.261521839927459894e+02 1.250162548056840848e+02
1.531178637001393099e+02 1.261268199939549817e+02 1.250135456714034063e+02
1.530942909601114650e+02 1.261014559951639882e+02 1.250108365371227279e+02
1.530707182200835916e+02 1.260760919963729947e+02 1.250081274028420495e+02
1.530471454800557183e+02 1.260507279975819870e+02 1.250054182685613569e+02
1.530235727400278734e+02 1.260253639987909935e+02 1.250027091342806784e+02
1.530000000000000000e+02 1.260000000000000000e+02 1.250000000000000000e+02
1.530000000000000000e+02 1.260000000000000000e+02 1.250000000000000000e+02
1.530000000000000000e+02 1.260000000000000000e+02 1.250000000000000000e+02
1.530000000000000000e+02 1.260000000000000000e+02 1.250000000000000000e+02
1.530000000000000000e+02 1.260000000000000000e+02 1.250000000000000000e+02
1.530000000000000000e+02 1.260000000000000000e+02 1.250000000000000000e+02
1.530000000000000000e+02 1.260000000000000000e+02 1.250000000000000000e+02
1.530000000000000000e+02 1.260000000000000000e+02 1.250000000000000000e+02
1.530000000000000000e+02 1.260000000000000000e+02 1.250000000000000000e+02
1.530000000000000000e+02 1.260000000000000000e+02 1.250000000000000000e+02
1.530000000000000000e+02 1.260000000000000000e+02 1.250000000000000000e+02
1.530000000000000000e+02 1.260000000000000000e+02 1.250000000000000000e+02
1.530000000000000000e+02 1.260000000000000000e+02 1.250000000000000000e+02
1.530000000000000000e+02 1.260000000000000000e+02 1.250000000000000000e+02
1.530000000000000000e+02 1.260000000000000000e+02 1.250000000000000000e+02
1.530000000000000000e+02 1.260000000000000000e+02 1.250000000000000000e+02
1.530000000000000000e+02 1.260000000000000000e+02 1.250000000000000000e+02
1.530000000000000000e+02 1.260000000000000000e+02 1.250000000000000000e+02
1.530000000000000000e+02 1.260000000000000000e+02 1.250000000000000000e+02
1.530000000000000000e+02 1.260000000000000000e+02 1.250000000000000000e+02
1.530000000000000000e+02 1.260000000000000000e+02 1.250000000000000000e+02
1.530000000000000000e+02 1.260000000000000000e+02 1.250000000000000000e+02
1.530000000000000000e+02 1.260000000000000000e+02 1.250000000000000000e+02
1.530000000000000000e+02 1.260000000000000000e+02 1.250000000000000000e+02
1.530000000000000000e+02 1.260000000000000000e+02 1.250000000000000000e+02
1.530000000000000000e+02 1.260000000000000000e+02 1.250000000000000000e+02
1.530000000000000000e+02 1.260000000000000000e+02 1.250000000000000000e+02
1.530000000000000000e+02 1.260000000000000000e+02 1.250000000000000000e+02
1.530000000000000000e+02 1.260000000000000000e+02 1.250000000000000000e+02
1.529720755848485112e+02 1.259842639929981942e+02 1.249992946632641946e+02
1.529441511696970224e+02 1.259685279859963742e+02 1.249985893265284034e+02
1.529162267545455336e+02 1.259527919789945543e+02 1.249978839897925980e+02
1.528883023393940164e+02 1.259370559719927485e+02 1.249971786530568068e+02
1.528603779242425276e+02 1.259213199649909427e+02 1.249964733163210013e+02
1.528324535090910388e+02 1.259055839579891227e+02 1.249957679795852101e+02
1.528045290939395500e+02 1.258898479509873027e+02 1.249950626428494047e+02
1.527766046787880612e+02 1.258741119439854970e+02 1.249943573061136135e+02
1.527486802636365724e+02 1.258583759369836912e+02 1.249936519693778081e+02
1.527207558484850551e+02 1.258426399299818712e+02 1.249929466326420169e+02
1.526928314333335663e+02 1.258269039229800512e+02 1.249922412959062115e+02
1.526649070181820775e+02 1.258111679159782454e+02 1.249915359591704203e+02
1.526369826030305887e+02 1.257954319089764397e+02 1.249908306224346148e+02
1.526090581878790999e+02 1.257796959019746197e+02 1.249901252856988094e+02
1.525811337727276111e+02 1.257639598949727997e+02 1.249894199489630182e+02
1.525532093575761223e+02 1.257482238879709939e+02 1.249887146122272128e+02
1.525252849424246051e+02 1.257324878809691882e+02 1.249880092754914216e+02
1.524973605272731163e+02 1.257167518739673682e+02 1.249873039387556162e+02
1.524694361121216275e+02 1.257010158669655482e+02 1.249865986020198250e+02
1.524415116969701387e+02 1.256852798599637424e+02 1.249858932652840195e+02
1.524135872818186499e+02 1.256695438529619366e+02 1.249851879285482283e+02
1.523856628666671611e+02 1.256538078459601167e+02 1.249844825918124229e+02
1.523577384515156439e+02 1.256380718389582967e+02 1.249837772550766317e+02
1.523298140363641551e+02 1.256223358319564909e+02 1.249830719183408263e+02
1.523018896212126663e+02 1.256065998249546851e+02 1.249823665816050351e+02
1.522739652060611775e+02 1.255908638179528651e+02 1.249816612448692297e+02
1.522739652060611775e+02 1.255908638179528651e+02 1.249816612448692297e+02
1.522504584416521709e+02 1.255719136955930253e+02 1.249723737648833861e+02
1.522269516772431359e+02 1.255529635732331712e+02 1.249630862848975426e+02
1.522034449128341294e+02 1.255340134508733314e+02 1.249537988049116990e+02
1.521799381484250944e+02 1.255150633285134774e+02 1.249445113249258554e+02
1.521564313840160878e+02 1.254961132061536375e+02 1.249352238449400119e+02
1.521329246196070528e+02 1.254771630837937977e+02 1.249259363649541683e+02
1.521094178551980463e+02 1.254582129614339436e+02 1.249166488849683248e+02
1.520859110907890113e+02 1.254392628390741038e+02 1.249073614049824812e+02
1.520624043263800047e+02 1.254203127167142497e+02 1.248980739249966376e+02
1.520388975619709697e+02 1.254013625943544099e+02 1.248887864450107941e+02
1.520153907975619632e+02 1.253824124719945701e+02 1.248794989650249505e+02
1.519918840331529566e+02 1.253634623496347160e+02 1.248702114850391069e+02
1.519683772687439216e+02 1.253445122272748762e+02 1.248609240050532634e+02
1.519448705043349150e+02 1.253255621049150221e+02 1.248516365250674198e+02
1.519213637399258801e+02 1.253066119825551823e+02 1.248423490450815763e+02
1.518978569755168735e+02 1.252876618601953425e+02 1.248330615650957327e+02
1.518743502111078385e+02 1.252687117378354884e+02 1.248237740851098749e+02
1.518508434466988319e+02 1.252497616154756486e+02 1.248144866051240314e+02
1.518273366822897970e+02 1.252308114931158087e+02 1.248051991251381878e+02
1.518038299178807904e+02 1.252118613707559547e+02 1.247959116451523442e+02
1.517803231534717554e+02 1.251929112483961148e+02 1.247866241651665007e+02
1.517568163890627488e+02 1.251739611260362608e+02 1.247773366851806571e+02
1.517333096246537423e+02 1.251550110036764210e+02 1.247680492051948136e+02
1.517098028602447073e+02 1.251360608813165811e+02 1.247587617252089700e+02
1.516862960958357007e+02 1.251171107589567271e+02 1.247494742452231264e+02
1.516627893314266657e+02 1.250981606365968872e+02 1.247401867652372829e+02
1.516392825670176592e+02 1.250792105142370332e+02 1.247308992852514393e+02
1.516157758026086242e+02 1.250602603918771933e+02 1.247216118052655958e+02
1.515922690381996176e+02 1.250413102695173535e+02 1.247123243252797522e+02
1.515687622737905826e+02 1.250223601471574995e+02 1.247030368452939086e+02
1.515452555093815761e+02 1.250034100247976596e+02 1.246937493653080651e+02
1.515217487449725411e+02 1.249844599024378056e+02 1.246844618853222215e+02
1.514982419805635345e+02 1.249655097800779657e+02 1.246751744053363780e+02
1.514982419805635345e+02 1.249655097800779657e+02 1.246751744053363780e+02
1.514792341713149995e+02 1.249505610992394651e+02 1.246952098149433681e+02
1.514602263620664644e+02 1.249356124184009502e+02 1.247152452245503582e+02
1.514412185528179293e+02 1.249206637375624496e+02 1.247352806341573626e+02
1.514222107435693943e+02 1.249057150567239489e+02 1.247553160437643527e+02
1.514032029343208592e+02 1.248907663758854341e+02 1.247753514533713428e+02
1.513841951250723241e+02 1.248758176950469334e+02 1.247953868629783329e+02
1.513651873158237890e+02 1.248608690142084185e+02 1.248154222725853373e+02
1.513461795065752540e+02 1.248459203333699179e+02 1.248354576821923274e+02
1.513271716973267189e+02 1.248309716525314172e+02 1.248554930917993175e+02
1.513081638880781838e+02 1.248160229716929024e+02 1.248755285014063077e+02
1.512891560788296488e+02 1.248010742908544017e+02 1.248955639110132978e+02
1.512701482695811137e+02 1.247861256100158869e+02 1.249155993206203021e+02
1.512511404603325786e+02 1.247711769291773862e+02 1.249356347302272923e+02
1.512321326510840436e+02 1.247562282483388856e+02 1.249556701398342824e+02
1.512131248418355085e+02 1.247412795675003707e+02 1.249757055494412725e+02
1.511941170325869734e+02 1.247263308866618701e+02 1.249957409590482769e+02
1.511751092233384668e+02 1.247113822058233694e+02 1.250157763686552670e+02
1.511561014140899317e+02 1.246964335249848546e+02 1.250358117782622571e+02
1.511370936048413967e+02 1.246814848441463539e+02 1.250558471878692473e+02
1.511180857955928616e+02 1.246665361633078533e+02 1.250758825974762374e+02
1.510990779863443265e+02 1.246515874824693384e+02 1.250959180070832417e+02
1.510800701770957915e+02 1.246366388016308377e+02 1.251159534166902318e+02
1.510610623678472564e+02 1.246216901207923229e+02 1.251359888262972220e+02
1.510420545585987213e+02 1.246067414399538222e+02 1.251560242359042121e+02
1.510230467493501862e+02 1.245917927591153216e+02 1.251760596455112022e+02
1.510040389401016512e+02 1.245768440782768067e+02 1.251960950551182066e+02
1.509850311308531161e+02 1.245618953974383061e+02 1.252161304647251967e+02
1.509660233216045810e+02 1.245469467165997912e+02 1.252361658743321868e+02
1.509470155123560460e+02 1.245319980357612906e+02 1.252562012839391770e+02
1.509280077031075109e+02 1.245170493549227899e+02 1.252762366935461813e+02
1.509089998938589758e+02 1.245021006740842751e+02 1.252962721031531714e+02
1.508899920846104408e+02 1.244871519932457744e+02 1.253163075127601616e+02
1.508899920846104408e+02 1.244871519932457744e+02 1.253163075127601616e+02
1.508641132801720346e+02 1.244707736171671542e+02 1.253224939785798426e+02
1.508382344757336284e+02 1.244543952410885481e+02 1.253286804443995095e+02
1.508123556712952222e+02 1.244380168650099279e+02 1.253348669102191906e+02
1.507864768668568161e+02 1.244216384889313076e+02 1.253410533760388716e+02
1.507605980624184099e+02 1.244052601128526874e+02 1.253472398418585527e+02
1.507347192579800037e+02 1.243888817367740813e+02 1.253534263076782196e+02
1.507088404535415691e+02 1.243725033606954611e+02 1.253596127734979007e+02
1.506829616491031629e+02 1.243561249846168408e+02 1.253657992393175817e+02
1.506570828446647567e+02 1.243397466085382348e+02 1.253719857051372486e+02
1.506312040402263506e+02 1.243233682324596145e+02 1.253781721709569297e+02
1.506053252357879444e+02 1.243069898563809943e+02 1.253843586367766108e+02
1.505794464313495382e+02 1.242906114803023883e+02 1.253905451025962776e+02
1.505535676269111320e+02 1.242742331042237680e+02 1.253967315684159587e+02
1.505276888224727259e+02 1.242578547281451478e+02 1.254029180342356398e+02
1.505018100180343197e+02 1.242414763520665275e+02 1.254091045000553208e+02
1.504759312135959135e+02 1.242250979759879215e+02 1.254152909658749877e+02
1.504500524091575073e+02 1.242087195999093012e+02 1.254214774316946688e+02
1.504241736047191011e+02 1.241923412238306810e+02 1.254276638975143499e+02
1.503982948002806950e+02 1.241759628477520749e+02 1.254338503633340167e+02
1.503724159958422888e+02 1.241595844716734547e+02 1.254400368291536978e+02
1.503465371914038542e+02 1.241432060955948344e+02 1.254462232949733789e+02
1.503206583869654480e+02 1.241268277195162284e+02 1.254524097607930457e+02
1.502947795825270418e+02 1.241104493434376081e+02 1.254585962266127268e+02
1.502689007780886357e+02 1.240940709673589879e+02 1.254647826924324079e+02
1.502430219736502295e+02 1.240776925912803677e+02 1.254709691582520890e+02
1.502171431692118233e+02 1.240613142152017616e+02 1.254771556240717558e+02
1.501912643647734171e+02 1.240449358391231414e+02 1.254833420898914369e+02
1.501912643647734171e+02 1.240449358391231414e+02 1.254833420898914369e+02
1.501714525064497536e+02 1.240445948440315220e+02 1.255092221454911794e+02
1.501516406481260901e+02 1.240442538489399027e+02 1.255351022010909219e+02
1.501318287898024266e+02 1.240439128538482834e+02 1.255609822566906644e+02
1.501120169314787631e+02 1.240435718587566640e+02 1.255868623122904069e+02
1.500922050731550996e+02 1.240432308636650447e+02 1.256127423678901494e+02
1.500723932148314361e+02 1.240428898685734254e+02 1.256386224234898918e+02
1.500525813565077726e+02 1.240425488734818060e+02 1.256645024790896343e+02
1.500327694981841091e+02 1.240422078783901867e+02 1.256903825346893768e+02
1.500129576398604456e+02 1.240418668832985816e+02 1.257162625902891193e+02
1.499931457815367821e+02 1.240415258882069622e+02 1.257421426458888618e+02
1.499733339232131186e+02 1.240411848931153429e+02 1.257680227014886043e+02
1.499535220648894551e+02 1.240408438980237236e+02 1.257939027570883468e+02
1.499337102065657916e+02 1.240405029029321042e+02 1.258197828126880893e+02
1.499138983482421281e+02 1.240401619078404849e+02 1.258456628682878318e+02
1.498940864899184646e+02 1.240398209127488656e+02 1.258715429238875743e+02
1.498742746315948011e+02 1.240394799176572462e+02 1.258974229794873168e+02
1.498544627732711376e+02 1.240391389225656269e+02 1.259233030350870592e+02
1.498346509149474741e+02 1.240387979274740076e+02 1.259491830906868017e+02
1.498346509149474741e+02 1.240387979274740076e+02 1.259491830906868017e+02
1.498193173404134484e+02 1.240230045489220174e+02 1.259721534197952479e+02
1.498039837658794227e+02 1.240072111703700273e+02 1.259951237489036941e+02
1.497886501913453969e+02 1.239914177918180229e+02 1.260180940780121404e+02
1.497733166168113996e+02 1.239756244132660328e+02 1.260410644071205866e+02
1.497579830422773739e+02 1.239598310347140426e+02 1.260640347362290328e+02
1.497426494677433482e+02 1.239440376561620525e+02 1.260870050653374790e+02
1.497273158932093224e+02 1.239282442776100481e+02 1.261099753944459252e+02
1.497119823186752967e+02 1.239124508990580580e+02 1.261329457235543714e+02
1.496966487441412710e+02 1.238966575205060678e+02 1.261559160526628176e+02
1.496813151696072453e+02 1.238808641419540777e+02 1.261788863817712638e+02
1.496659815950732195e+02 1.238650707634020876e+02 1.262018567108797100e+02
1.496506480205392222e+02 1.238492773848500832e+02 1.262248270399881420e+02
1.496353144460051965e+02 1.238334840062980930e+02 1.262477973690965882e+02
1.496199808714711708e+02 1.238176906277461029e+02 1.262707676982050344e+02
1.496046472969371450e+02 1.238018972491941128e+02 1.262937380273134806e+02
1.495893137224031193e+02 1.237861038706421226e+02 1.263167083564219269e+02
1.495739801478690936e+02 1.237703104920901183e+02 1.263396786855303731e+02
1.495586465733350678e+02 1.237545171135381281e+02 1.263626490146388193e+02
1.495433129988010421e+02 1.237387237349861380e+02 1.263856193437472655e+02
1.495279794242670448e+02 1.237229303564341478e+02 1.264085896728557117e+02
1.495126458497330191e+02 1.237071369778821435e+02 1.264315600019641579e+02
1.494973122751989933e+02 1.236913435993301533e+02 1.264545303310726041e+02
1.494819787006649676e+02 1.236755502207781632e+02 1.264775006601810503e+02
1.494819787006649676e+02 1.236755502207781632e+02 1.264775006601810503e+02
1.494612648017860863e+02 1.236513279347729224e+02 1.264778193898995795e+02
1.494405509029072050e+02 1.236271056487676674e+02 1.264781381196181087e+02
1.494198370040283237e+02 1.236028833627624266e+02 1.264784568493366237e+02
1.493991231051494424e+02 1.235786610767571716e+02 1.264787755790551529e+02
1.493784092062705611e+02 1.235544387907519308e+02 1.264790943087736821e+02
1.493576953073916798e+02 1.235302165047466758e+02 1.264794130384922113e+02
1.493369814085127985e+02 1.235059942187414350e+02 1.264797317682107405e+02
1.493162675096339171e+02 1.234817719327361942e+02 1.264800504979292555e+02
1.492955536107550358e+02 1.234575496467309392e+02 1.264803692276477847e+02
1.492748397118761545e+02 1.234333273607256984e+02 1.264806879573663139e+02
1.492541258129972732e+02 1.234091050747204434e+02 1.264810066870848431e+02
1.492334119141183919e+02 1.233848827887152027e+02 1.264813254168033723e+02
1.492126980152395106e+02 1.233606605027099477e+02 1.264816441465218873e+02
1.491919841163606293e+02 1.233364382167047069e+02 1.264819628762404164e+02
1.491712702174817764e+02 1.233122159306994661e+02 1.264822816059589456e+02
1.491505563186028951e+02 1.232879936446942111e+02 1.264826003356774748e+02
1.491298424197240138e+02 1.232637713586889703e+02 1.264829190653960040e+02
1.491091285208451325e+02 1.232395490726837153e+02 1.264832377951145190e+02
1.490884146219662512e+02 1.232153267866784745e+02 1.264835565248330482e+02
1.490677007230873699e+02 1.231911045006732195e+02 1.264838752545515774e+02
1.490469868242084885e+02 1.231668822146679787e+02 1.264841939842701066e+02
1.490262729253296072e+02 1.231426599286627237e+02 1.264845127139886358e+02
1.490055590264507259e+02 1.231184376426574829e+02 1.264848314437071508e+02
1.489848451275718446e+02 1.230942153566522421e+02 1.264851501734256800e+02
1.489641312286929633e+02 1.230699930706469871e+02 1.264854689031442092e+02
1.489434173298140820e+02 1.230457707846417463e+02 1.264857876328627384e+02
1.489227034309352007e+02 1.230215484986364913e+02 1.264861063625812676e+02
1.489019895320563194e+02 1.229973262126312505e+02 1.264864250922997826e+02
1.488812756331774381e+02 1.229731039266259955e+02 1.264867438220183118e+02
1.488605617342985568e+02 1.229488816406207548e+02 1.264870625517368410e+02
1.488605617342985568e+02 1.229488816406207548e+02 1.264870625517368410e+02
1.488401877069811405e+02 1.229250567914387204e+02 1.264873760517703261e+02
1.488198136796637243e+02 1.229012319422567003e+02 1.264876895518038111e+02
1.487994396523463081e+02 1.228774070930746660e+02 1.264880030518372962e+02
1.487790656250288919e+02 1.228535822438926317e+02 1.264883165518707813e+02
1.487586915977114757e+02 1.228297573947106116e+02 1.264886300519042663e+02
1.487383175703940594e+02 1.228059325455285773e+02 1.264889435519377514e+02
1.487179435430766432e+02 1.227821076963465430e+02 1.264892570519712365e+02
1.486975695157592270e+02 1.227582828471645229e+02 1.264895705520047215e+02
1.486771954884418108e+02 1.227344579979824886e+02 1.264898840520382066e+02
1.486568214611243945e+02 1.227106331488004543e+02 1.264901975520716917e+02
1.486364474338069783e+02 1.226868082996184341e+02 1.264905110521051768e+02
1.486160734064895621e+02 1.226629834504363998e+02 1.264908245521386618e+02
1.485956993791721459e+02 1.226391586012543655e+02 1.264911380521721469e+02
1.485753253518547297e+02 1.226153337520723454e+02 1.264914515522056320e+02
1.485549513245373134e+02 1.225915089028903111e+02 1.264917650522391170e+02
1.485345772972198972e+02 1.225676840537082768e+02 1.264920785522726021e+02
1.485142032699024810e+02 1.225438592045262567e+02 1.264923920523060872e+02
1.484938292425850932e+02 1.225200343553442224e+02 1.264927055523395723e+02
1.484734552152676770e+02 1.224962095061621881e+02 1.264930190523730431e+02
1.484530811879502608e+02 1.224723846569801680e+02 1.264933325524065282e+02
1.484327071606328445e+02 1.224485598077981336e+02 1.264936460524400132e+02
1.484123331333154283e+02 1.224247349586160993e+02 1.264939595524734983e+02
1.483919591059980121e+02 1.224009101094340792e+02 1.264942730525069834e+02
1.483715850786805959e+02 1.223770852602520449e+02 1.264945865525404685e+02
1.483512110513631796e+02 1.223532604110700106e+02 1.264949000525739535e+02
1.483308370240457634e+02 1.223294355618879905e+02 1.264952135526074386e+02
1.483104629967283472e+02 1.223056107127059562e+02 1.264955270526409237e+02
1.482900889694109310e+02 1.222817858635239219e+02 1.264958405526744087e+02
1.482697149420935148e+02 1.222579610143419018e+02 1.264961540527078938e+02
1.482493409147760985e+02 1.222341361651598675e+02 1.264964675527413789e+02
1.482289668874586823e+02 1.222103113159778331e+02 1.264967810527748640e+02
1.482085928601412661e+02 1.221864864667958130e+02 1.264970945528083490e+02
1.481882188328238499e+02 1.221626616176137787e+02 1.264974080528418341e+02
1.481678448055064337e+02 1.221388367684317444e+02 1.264977215528753192e+02
1.481474707781890174e+02 1.221150119192497243e+02 1.264980350529088042e+02
1.481270967508716012e+02 1.220911870700676900e+02 1.264983485529422893e+02
1.481270967508716012e+02 1.220911870700676900e+02 1.264983485529422893e+02
1.480967730175483155e+02 1.220819143659409889e+02 1.264993002755165179e+02
1.480664492842250581e+02 1.220726416618142736e+02 1.265002519980907607e+02
1.480361255509017724e+02 1.220633689576875724e+02 1.265012037206649893e+02
1.480058018175785151e+02 1.220540962535608713e+02 1.265021554432392321e+02
1.479754780842552293e+02 1.220448235494341560e+02 1.265031071658134607e+02
1.479451543509319720e+02 1.220355508453074549e+02 1.265040588883876893e+02
1.479148306176086862e+02 1.220262781411807538e+02 1.265050106109619321e+02
1.478845068842854289e+02 1.220170054370540385e+02 1.265059623335361607e+02
1.478541831509621431e+02 1.220077327329273373e+02 1.265069140561104035e+02
1.478238594176388858e+02 1.219984600288006362e+02 1.265078657786846321e+02
1.477935356843156001e+02 1.219891873246739209e+02 1.265088175012588607e+02
1.477632119509923427e+02 1.219799146205472198e+02 1.265097692238331035e+02
1.477328882176690570e+02 1.219706419164205187e+02 1.265107209464073321e+02
1.477025644843457997e+02 1.219613692122938176e+02 1.265116726689815749e+02
1.476722407510225139e+02 1.219520965081671022e+02 1.265126243915558035e+02
1.476419170176992566e+02 1.219428238040404011e+02 1.265135761141300321e+02
1.476115932843759708e+02 1.219335510999137000e+02 1.265145278367042749e+02
1.475812695510527135e+02 1.219242783957869847e+02 1.265154795592785035e+02
1.475509458177294277e+02 1.219150056916602836e+02 1.265164312818527463e+02
1.475206220844061704e+02 1.219057329875335824e+02 1.265173830044269749e+02
1.474902983510828847e+02 1.218964602834068671e+02 1.265183347270012035e+02
1.474599746177596273e+02 1.218871875792801660e+02 1.265192864495754463e+02
1.474296508844363416e+02 1.218779148751534649e+02 1.265202381721496749e+02
1.473993271511130843e+02 1.218686421710267496e+02 1.265211898947239177e+02
1.473690034177897985e+02 1.218593694669000485e+02 1.265221416172981463e+02
1.473690034177897985e+02 1.218593694669000485e+02 1.265221416172981463e+02
1.473535049750201154e+02 1.218363840107192715e+02 1.265068909342505918e+02
1.473380065322504038e+02 1.218133985545384803e+02 1.264916402512030373e+02
1.473225080894807206e+02 1.217904130983577033e+02 1.264763895681554828e+02
1.473070096467110091e+02 1.217674276421769264e+02 1.264611388851079283e+02
1.472915112039413259e+02 1.217444421859961494e+02 1.264458882020603738e+02
1.472760127611716428e+02 1.217214567298153582e+02 1.264306375190128193e+02
1.472605143184019312e+02 1.216984712736345813e+02 1.264153868359652648e+02
1.472450158756322480e+02 1.216754858174538043e+02 1.264001361529177103e+02
1.472295174328625365e+02 1.216525003612730274e+02 1.263848854698701558e+02
1.472140189900928533e+02 1.216295149050922362e+02 1.263696347868226013e+02
1.471985205473231417e+02 1.216065294489114592e+02 1.263543841037750468e+02
1.471830221045534586e+02 1.215835439927306822e+02 1.263391334207274923e+02
1.471675236617837754e+02 1.215605585365498911e+02 1.263238827376799378e+02
1.471520252190140639e+02 1.215375730803691141e+02 1.263086320546323833e+02
1.471365267762443807e+02 1.215145876241883371e+02 1.262933813715848288e+02
1.471210283334746691e+02 1.214916021680075602e+02 1.262781306885372743e+02
1.471055298907049860e+02 1.214686167118267690e+02 1.262628800054897198e+02
1.470900314479353028e+02 1.214456312556459920e+02 1.262476293224421653e+02
1.470745330051655912e+02 1.214226457994652151e+02 1.262323786393946108e+02
1.470590345623959081e+02 1.213996603432844381e+02 1.262171279563470563e+02
1.470435361196261965e+02 1.213766748871036469e+02 1.262018772732995018e+02
1.470280376768565134e+02 1.213536894309228700e+02 1.261866265902519473e+02
1.470280376768565134e+02 1.213536894309228700e+02 1.261866265902519473e+02
1.470057606337596496e+02 1.213316226839486660e+02 1.261912541742117781e+02
1.469834835906627575e+02 1.213095559369744620e+02 1.261958817581716090e+02
1.469612065475658937e+02 1.212874891900002581e+02 1.262005093421314257e+02
1.469389295044690016e+02 1.212654224430260541e+02 1.262051369260912566e+02
1.469166524613721379e+02 1.212433556960518501e+02 1.262097645100510874e+02
1.468943754182752457e+02 1.212212889490776320e+02 1.262143920940109183e+02
1.468720983751783820e+02 1.211992222021034280e+02 1.262190196779707492e+02
1.468498213320815182e+02 1.211771554551292240e+02 1.262236472619305800e+02
1.468275442889846261e+02 1.211550887081550201e+02 1.262282748458903967e+02
1.468052672458877623e+02 1.211330219611808161e+02 1.262329024298502276e+02
1.467829902027908702e+02 1.211109552142066121e+02 1.262375300138100584e+02
1.467607131596940064e+02 1.210888884672324082e+02 1.262421575977698893e+02
1.467384361165971143e+02 1.210668217202582042e+02 1.262467851817297202e+02
1.467161590735002505e+02 1.210447549732840002e+02 1.262514127656895511e+02
1.466938820304033584e+02 1.210226882263097963e+02 1.262560403496493677e+02
1.466716049873064946e+02 1.210006214793355923e+02 1.262606679336091986e+02
1.466493279442096309e+02 1.209785547323613883e+02 1.262652955175690295e+02
1.466270509011127388e+02 1.209564879853871702e+02 1.262699231015288603e+02
1.466047738580158750e+02 1.209344212384129662e+02 1.262745506854886912e+02
1.465824968149189829e+02 1.209123544914387622e+02 1.262791782694485221e+02
1.465602197718221191e+02 1.208902877444645583e+02 1.262838058534083387e+02
1.465379427287252270e+02 1.208682209974903543e+02 1.262884334373681696e+02
1.465156656856283632e+02 1.208461542505161503e+02 1.262930610213280005e+02
1.465156656856283632e+02 1.208461542505161503e+02 1.262930610213280005e+02
1.465145633113530437e+02 1.208177234377442204e+02 1.263066122446411015e+02
1.465134609370777525e+02 1.207892926249723047e+02 1.263201634679542167e+02
1.465123585628024330e+02 1.207608618122003747e+02 1.263337146912673177e+02
1.465112561885271134e+02 1.207324309994284448e+02 1.263472659145804329e+02
1.465101538142517938e+02 1.207040001866565149e+02 1.263608171378935339e+02
1.465090514399765027e+02 1.206755693738845991e+02 1.263743683612066491e+02
1.465079490657011831e+02 1.206471385611126692e+02 1.263879195845197501e+02
1.465068466914258636e+02 1.206187077483407393e+02 1.264014708078328653e+02
1.465057443171505440e+02 1.205902769355688235e+02 1.264150220311459663e+02
1.465046419428752529e+02 1.205618461227968936e+02 1.264285732544590672e+02
1.465035395685999333e+02 1.205334153100249637e+02 1.264421244777721824e+02
1.465024371943246138e+02 1.205049844972530479e+02 1.264556757010852834e+02
1.465013348200492942e+02 1.204765536844811180e+02 1.264692269243983986e+02
1.465002324457740031e+02 1.204481228717091881e+02 1.264827781477114996e+02
1.464991300714986835e+02 1.204196920589372581e+02 1.264963293710246148e+02
1.464980276972233639e+02 1.203912612461653424e+02 1.265098805943377158e+02
1.464969253229480728e+02 1.203628304333934125e+02 1.265234318176508168e+02
1.464958229486727532e+02 1.203343996206214825e+02 1.265369830409639320e+02
1.464947205743974337e+02 1.203059688078495668e+02 1.265505342642770330e+02
1.464936182001221141e+02 1.202775379950776369e+02 1.265640854875901482e+02
1.464925158258468230e+02 1.202491071823057069e+02 1.265776367109032492e+02
1.464914134515715034e+02 1.202206763695337770e+02 1.265911879342163644e+02
1.464903110772961838e+02 1.201922455567618613e+02 1.266047391575294654e+02
1.464892087030208643e+02 1.201638147439899313e+02 1.266182903808425806e+02
1.464881063287455731e+02 1.201353839312180014e+02 1.266318416041556816e+02
1.464870039544702536e+02 1.201069531184460857e+02 1.266453928274687826e+02
1.464859015801949340e+02 1.200785223056741557e+02 1.266589440507818978e+02
1.464847992059196145e+02 1.200500914929022258e+02 1.266724952740949988e+02
1.464836968316443233e+02 1.200216606801303101e+02 1.266860464974081140e+02
1.464825944573690037e+02 1.199932298673583801e+02 1.266995977207212150e+02
1.464814920830936842e+02 1.199647990545864502e+02 1.267131489440343302e+02
1.464803897088183646e+02 1.199363682418145203e+02 1.267267001673474311e+02
1.464792873345430735e+02 1.199079374290426045e+02 1.267402513906605463e+02
1.464781849602677539e+02 1.198795066162706746e+02 1.267538026139736473e+02
1.464781849602677539e+02 1.198795066162706746e+02 1.267538026139736473e+02
1.465005685541490834e+02 1.198566881349969862e+02 1.267538665424477244e+02
1.465229521480304413e+02 1.198338696537232835e+02 1.267539304709218015e+02
1.465453357419117992e+02 1.198110511724495950e+02 1.267539943993958929e+02
1.465677193357931287e+02 1.197882326911758923e+02 1.267540583278699700e+02
1.465901029296744582e+02 1.197654142099022039e+02 1.267541222563440471e+02
1.466124865235558161e+02 1.197425957286285154e+02 1.267541861848181242e+02
1.466348701174371740e+02 1.197197772473548127e+02 1.267542501132922013e+02
1.466572537113185035e+02 1.196969587660811243e+02 1.267543140417662784e+02
1.466796373051998330e+02 1.196741402848074216e+02 1.267543779702403697e+02
1.467020208990811909e+02 1.196513218035337331e+02 1.267544418987144468e+02
1.467244044929625488e+02 1.196285033222600305e+02 1.267545058271885239e+02
1.467467880868438783e+02 1.196056848409863420e+02 1.267545697556626010e+02
1.467691716807252078e+02 1.195828663597126535e+02 1.267546336841366781e+02
1.467915552746065657e+02 1.195600478784389509e+02 1.267546976126107694e+02
1.468139388684879236e+02 1.195372293971652624e+02 1.267547615410848465e+02
1.468363224623692531e+02 1.195144109158915597e+02 1.267548254695589236e+02
1.468587060562505826e+02 1.194915924346178713e+02 1.267548893980330007e+02
1.468810896501319405e+02 1.194687739533441828e+02 1.267549533265070778e+02
1.469034732440132984e+02 1.194459554720704801e+02 1.267550172549811549e+02
1.469258568378946279e+02 1.194231369907967917e+02 1.267550811834552462e+02
1.469482404317759574e+02 1.194003185095230890e+02 1.267551451119293233e+02
1.469706240256573153e+02 1.193775000282494005e+02 1.267552090404034004e+02
1.469706240256573153e+02 1.193775000282494005e+02 1.267552090404034004e+02
1.469930505875623794e+02 1.193546377441328730e+02 1.267552730915959387e+02
1.470154771494674435e+02 1.193317754600163596e+02 1.267553371427884770e+02
1.470379037113725076e+02 1.193089131758998462e+02 1.267554011939810152e+02
1.470603302732775717e+02 1.192860508917833187e+02 1.267554652451735677e+02
1.470827568351826358e+02 1.192631886076667911e+02 1.267555292963661060e+02
1.471051833970876999e+02 1.192403263235502777e+02 1.267555933475586443e+02
1.471276099589927639e+02 1.192174640394337644e+02 1.267556573987511825e+02
1.471500365208978280e+02 1.191946017553172368e+02 1.267557214499437208e+02
1.471724630828028921e+02 1.191717394712007092e+02 1.267557855011362591e+02
1.471948896447079562e+02 1.191488771870841958e+02 1.267558495523288116e+02
1.472173162066130203e+02 1.191260149029676825e+02 1.267559136035213498e+02
1.472397427685180844e+02 1.191031526188511549e+02 1.267559776547138881e+02
1.472621693304231485e+02 1.190802903347346273e+02 1.267560417059064264e+02
1.472845958923282410e+02 1.190574280506181140e+02 1.267561057570989647e+02
1.473070224542333051e+02 1.190345657665016006e+02 1.267561698082915029e+02
1.473294490161383692e+02 1.190117034823850730e+02 1.267562338594840412e+02
1.473518755780434333e+02 1.189888411982685454e+02 1.267562979106765937e+02
1.473743021399484974e+02 1.189659789141520321e+02 1.267563619618691320e+02
1.473967287018535615e+02 1.189431166300355187e+02 1.267564260130616702e+02
1.474191552637586256e+02 1.189202543459189911e+02 1.267564900642542085e+02
1.474415818256636896e+02 1.188973920618024636e+02 1.267565541154467468e+02
1.474640083875687537e+02 1.188745297776859502e+02 1.267566181666392851e+02
1.474864349494738178e+02 1.188516674935694368e+02 1.267566822178318375e+02
1.475088615113788819e+02 1.188288052094529093e+02 1.267567462690243758e+02
1.475312880732839460e+02 1.188059429253363817e+02 1.267568103202169141e+02
1.475537146351890101e+02 1.187830806412198683e+02 1.267568743714094524e+02
1.475537146351890101e+02 1.187830806412198683e+02 1.267568743714094524e+02
1.475625251190828351e+02 1.187567986143356222e+02 1.267421143722600760e+02
1.475713356029766601e+02 1.187305165874513762e+02 1.267273543731106997e+02
1.475801460868704851e+02 1.187042345605671301e+02 1.267125943739613234e+02
1.475889565707643101e+02 1.186779525336828982e+02 1.266978343748119471e+02
1.475977670546581351e+02 1.186516705067986521e+02 1.266830743756625708e+02
1.476065775385519601e+02 1.186253884799144060e+02 1.266683143765131945e+02
1.476153880224457566e+02 1.185991064530301600e+02 1.266535543773638182e+02
1.476241985063395816e+02 1.185728244261459139e+02 1.266387943782144418e+02
1.476330089902334066e+02 1.185465423992616820e+02 1.266240343790650797e+02
1.476418194741272316e+02 1.185202603723774359e+02 1.266092743799157034e+02
1.476506299580210566e+02 1.184939783454931899e+02 1.265945143807663271e+02
1.476594404419148816e+02 1.184676963186089438e+02 1.265797543816169508e+02
1.476682509258087066e+02 1.184414142917246977e+02 1.265649943824675745e+02
1.476770614097025316e+02 1.184151322648404516e+02 1.265502343833181982e+02
1.476858718935963566e+02 1.183888502379562055e+02 1.265354743841688219e+02
1.476946823774901816e+02 1.183625682110719737e+02 1.265207143850194456e+02
1.477034928613840066e+02 1.183362861841877276e+02 1.265059543858700692e+02
1.477123033452778031e+02 1.183100041573034815e+02 1.264911943867206929e+02
1.477211138291716281e+02 1.182837221304192354e+02 1.264764343875713166e+02
1.477299243130654531e+02 1.182574401035349894e+02 1.264616743884219403e+02
1.477387347969592781e+02 1.182311580766507575e+02 1.264469143892725640e+02
1.477475452808531031e+02 1.182048760497665114e+02 1.264321543901231877e+02
1.477563557647469281e+02 1.181785940228822653e+02 1.264173943909738114e+02
1.477651662486407531e+02 1.181523119959980193e+02 1.264026343918244351e+02
1.477739767325345781e+02 1.181260299691137732e+02 1.263878743926750587e+02
1.477827872164284031e+02 1.180997479422295271e+02 1.263731143935256824e+02
1.477915977003222281e+02 1.180734659153452810e+02 1.263583543943763061e+02
1.478004081842160531e+02 1.180471838884610492e+02 1.263435943952269440e+02
1.478092186681098781e+02 1.180209018615768031e+02 1.263288343960775677e+02
1.478180291520037031e+02 1.179946198346925570e+02 1.263140743969281914e+02
1.478268396358974996e+02 1.179683378078083109e+02 1.262993143977788151e+02
1.478356501197913246e+02 1.179420557809240648e+02 1.262845543986294388e+02
1.478444606036851496e+02 1.179157737540398330e+02 1.262697943994800625e+02
1.478532710875789746e+02 1.178894917271555869e+02 1.262550344003306861e+02
1.478620815714727996e+02 1.178632097002713408e+02 1.262402744011813098e+02
1.478708920553666246e+02 1.178369276733870947e+02 1.262255144020319335e+02
1.478708920553666246e+02 1.178369276733870947e+02 1.262255144020319335e+02
1.478613226179219851e+02 1.178085983379074264e+02 1.262156250207946044e+02
1.478517531804773171e+02 1.177802690024277723e+02 1.262057356395572754e+02
1.478421837430326775e+02 1.177519396669481040e+02 1.261958462583199463e+02
1.478326143055880095e+02 1.177236103314684357e+02 1.261859568770826172e+02
1.478230448681433700e+02 1.176952809959887816e+02 1.261760674958452881e+02
1.478134754306987020e+02 1.176669516605091133e+02 1.261661781146079591e+02
1.478039059932540624e+02 1.176386223250294449e+02 1.261562887333706300e+02
1.477943365558094229e+02 1.176102929895497766e+02 1.261463993521333009e+02
1.477847671183647549e+02 1.175819636540701225e+02 1.261365099708959860e+02
1.477751976809201153e+02 1.175536343185904542e+02 1.261266205896586570e+02
1.477656282434754473e+02 1.175253049831107859e+02 1.261167312084213279e+02
1.477560588060308078e+02 1.174969756476311318e+02 1.261068418271839988e+02
1.477464893685861398e+02 1.174686463121514635e+02 1.260969524459466697e+02
1.477369199311415002e+02 1.174403169766717951e+02 1.260870630647093407e+02
1.477273504936968322e+02 1.174119876411921410e+02 1.260771736834720116e+02
1.477177810562521927e+02 1.173836583057124727e+02 1.260672843022346825e+02
1.477082116188075531e+02 1.173553289702328044e+02 1.260573949209973534e+02
1.476986421813628851e+02 1.173269996347531503e+02 1.260475055397600244e+02
1.476890727439182456e+02 1.172986702992734820e+02 1.260376161585226953e+02
1.476795033064735776e+02 1.172703409637938137e+02 1.260277267772853662e+02
1.476699338690289380e+02 1.172420116283141596e+02 1.260178373960480371e+02
1.476603644315842701e+02 1.172136822928344912e+02 1.260079480148107081e+02
1.476507949941396305e+02 1.171853529573548229e+02 1.259980586335733790e+02
1.476412255566949625e+02 1.171570236218751688e+02 1.259881692523360641e+02
1.476316561192503229e+02 1.171286942863955005e+02 1.259782798710987350e+02
1.476220866818056834e+02 1.171003649509158322e+02 1.259683904898614060e+02
1.476125172443610154e+02 1.170720356154361639e+02 1.259585011086240769e+02
1.476029478069163758e+02 1.170437062799565098e+02 1.259486117273867478e+02
1.475933783694717079e+02 1.170153769444768415e+02 1.259387223461494187e+02
1.475838089320270683e+02 1.169870476089971731e+02 1.259288329649120897e+02
1.475742394945824003e+02 1.169587182735175190e+02 1.259189435836747606e+02
1.475646700571377608e+02 1.169303889380378507e+02 1.259090542024374315e+02
1.475646700571377608e+02 1.169303889380378507e+02 1.259090542024374315e+02
1.475440496498816003e+02 1.169062759786658034e+02 1.259093714935779929e+02
1.475234292426254683e+02 1.168821630192937562e+02 1.259096887847185400e+02
1.475028088353693079e+02 1.168580500599217089e+02 1.259100060758591013e+02
1.474821884281131474e+02 1.168339371005496616e+02 1.259103233669996627e+02
1.474615680208570154e+02 1.168098241411776144e+02 1.259106406581402098e+02
1.474409476136008550e+02 1.167857111818055671e+02 1.259109579492807711e+02
1.474203272063446946e+02 1.167615982224335198e+02 1.259112752404213182e+02
1.473997067990885625e+02 1.167374852630614726e+02 1.259115925315618796e+02
1.473790863918324021e+02 1.167133723036894253e+02 1.259119098227024409e+02
1.473584659845762417e+02 1.166892593443173780e+02 1.259122271138429880e+02
1.473378455773201097e+02 1.166651463849453307e+02 1.259125444049835494e+02
1.473172251700639492e+02 1.166410334255732835e+02 1.259128616961241107e+02
1.472966047628077888e+02 1.166169204662012362e+02 1.259131789872646578e+02
1.472759843555516568e+02 1.165928075068291889e+02 1.259134962784052192e+02
1.472553639482954964e+02 1.165686945474571417e+02 1.259138135695457663e+02
1.472347435410393359e+02 1.165445815880850802e+02 1.259141308606863277e+02
1.472141231337832039e+02 1.165204686287130329e+02 1.259144481518268890e+02
1.471935027265270435e+02 1.164963556693409856e+02 1.259147654429674361e+02
1.471728823192708830e+02 1.164722427099689384e+02 1.259150827341079975e+02
1.471522619120147510e+02 1.164481297505968911e+02 1.259154000252485588e+02
1.471316415047585906e+02 1.164240167912248438e+02 1.259157173163891059e+02
1.471110210975024302e+02 1.163999038318527965e+02 1.259160346075296673e+02
1.470904006902462982e+02 1.163757908724807493e+02 1.259163518986702286e+02
1.470697802829901377e+02 1.163516779131087020e+02 1.259166691898107757e+02
1.470491598757339773e+02 1.163275649537366547e+02 1.259169864809513371e+02
1.470285394684778453e+02 1.163034519943646075e+02 1.259173037720918842e+02
1.470079190612216848e+02 1.162793390349925602e+02 1.259176210632324455e+02
1.469872986539655244e+02 1.162552260756205129e+02 1.259179383543730069e+02
1.469666782467093924e+02 1.162311131162484656e+02 1.259182556455135540e+02
1.469460578394532320e+02 1.162070001568764184e+02 1.259185729366541153e+02
1.469460578394532320e+02 1.162070001568764184e+02 1.259185729366541153e+02
1.469258596339731184e+02 1.161833809091050114e+02 1.259188837312749172e+02
1.469056614284930049e+02 1.161597616613336044e+02 1.259191945258957190e+02
1.468854632230128914e+02 1.161361424135622116e+02 1.259195053205165209e+02
1.468652650175327778e+02 1.161125231657908046e+02 1.259198161151373228e+02
1.468450668120526643e+02 1.160889039180193976e+02 1.259201269097581246e+02
1.468248686065725508e+02 1.160652846702479906e+02 1.259204377043789265e+02
1.468046704010924373e+02 1.160416654224765836e+02 1.259207484989997283e+02
1.467844721956123237e+02 1.160180461747051908e+02 1.259210592936205302e+02
1.467642739901321818e+02 1.159944269269337838e+02 1.259213700882413463e+02
1.467440757846520683e+02 1.159708076791623768e+02 1.259216808828621481e+02
1.467238775791719547e+02 1.159471884313909698e+02 1.259219916774829500e+02
1.467036793736918412e+02 1.159235691836195770e+02 1.259223024721037518e+02
1.466834811682117277e+02 1.158999499358481700e+02 1.259226132667245537e+02
1.466632829627316141e+02 1.158763306880767630e+02 1.259229240613453555e+02
1.466430847572515006e+02 1.158527114403053559e+02 1.259232348559661574e+02
1.466228865517713871e+02 1.158290921925339489e+02 1.259235456505869593e+02
1.466026883462912735e+02 1.158054729447625562e+02 1.259238564452077611e+02
1.465824901408111600e+02 1.157818536969911491e+02 1.259241672398285630e+02
1.465622919353310465e+02 1.157582344492197421e+02 1.259244780344493648e+02
1.465420937298509330e+02 1.157346152014483351e+02 1.259247888290701667e+02
1.465218955243708194e+02 1.157109959536769281e+02 1.259250996236909685e+02
1.465016973188907059e+02 1.156873767059055353e+02 1.259254104183117704e+02
1.464814991134105924e+02 1.156637574581341283e+02 1.259257212129325723e+02
1.464613009079304788e+02 1.156401382103627213e+02 1.259260320075533741e+02
1.464411027024503369e+02 1.156165189625913143e+02 1.259263428021741902e+02
1.464209044969702234e+02 1.155928997148199215e+02 1.259266535967949920e+02
1.464007062914901098e+02 1.155692804670485145e+02 1.259269643914157939e+02
1.463805080860099963e+02 1.155456612192771075e+02 1.259272751860365958e+02
1.463603098805298828e+02 1.155220419715057005e+02 1.259275859806573976e+02
1.463401116750497692e+02 1.154984227237342935e+02 1.259278967752781995e+02
1.463199134695696557e+02 1.154748034759629007e+02 1.259282075698990013e+02
1.462997152640895422e+02 1.154511842281914937e+02 1.259285183645198032e+02
1.462795170586094287e+02 1.154275649804200867e+02 1.259288291591406050e+02
1.462795170586094287e+02 1.154275649804200867e+02 1.259288291591406050e+02
1.462588215448927258e+02 1.154033641935376693e+02 1.259291476059622426e+02
1.462381260311760229e+02 1.153791634066552660e+02 1.259294660527838801e+02
1.462174305174592917e+02 1.153549626197728486e+02 1.259297844996055176e+02
1.461967350037425888e+02 1.153307618328904312e+02 1.259301029464271551e+02
1.461760394900258859e+02 1.153065610460080279e+02 1.259304213932487926e+02
1.461553439763091831e+02 1.152823602591256105e+02 1.259307398400704301e+02
1.461346484625924518e+02 1.152581594722431930e+02 1.259310582868920676e+02
1.461139529488757489e+02 1.152339586853607898e+02 1.259313767337137051e+02
1.460932574351590461e+02 1.152097578984783723e+02 1.259316951805353426e+02
1.460725619214423432e+02 1.151855571115959549e+02 1.259320136273569659e+02
1.460518664077256403e+02 1.151613563247135517e+02 1.259323320741786034e+02
1.460311708940089090e+02 1.151371555378311342e+02 1.259326505210002409e+02
1.460104753802922062e+02 1.151129547509487168e+02 1.259329689678218784e+02
1.459897798665755033e+02 1.150887539640663135e+02 1.259332874146435159e+02
1.459690843528588005e+02 1.150645531771838961e+02 1.259336058614651535e+02
1.459483888391420692e+02 1.150403523903014786e+02 1.259339243082867910e+02
1.459276933254253663e+02 1.150161516034190754e+02 1.259342427551084285e+02
1.459069978117086634e+02 1.149919508165366580e+02 1.259345612019300660e+02
1.459069978117086634e+02 1.149919508165366580e+02 1.259345612019300660e+02
1.459067704170123534e+02 1.149602874746007615e+02 1.259369107916639194e+02
1.459065430223160433e+02 1.149286241326648650e+02 1.259392603813977729e+02
1.459063156276197333e+02 1.148969607907289543e+02 1.259416099711316122e+02
1.459060882329234232e+02 1.148652974487930578e+02 1.259439595608654656e+02
1.459058608382271132e+02 1.148336341068571613e+02 1.259463091505993191e+02
1.459056334435308315e+02 1.148019707649212648e+02 1.259486587403331725e+02
1.459054060488345215e+02 1.147703074229853542e+02 1.259510083300670118e+02
1.459051786541382114e+02 1.147386440810494577e+02 1.259533579198008653e+02
1.459049512594419014e+02 1.147069807391135612e+02 1.259557075095347187e+02
1.459047238647455913e+02 1.146753173971776647e+02 1.259580570992685722e+02
1.459044964700492812e+02 1.146436540552417540e+02 1.259604066890024114e+02
1.459042690753529712e+02 1.146119907133058575e+02 1.259627562787362649e+02
1.459040416806566611e+02 1.145803273713699610e+02 1.259651058684701184e+02
1.459038142859603511e+02 1.145486640294340646e+02 1.259674554582039718e+02
1.459035868912640410e+02 1.145170006874981539e+02 1.259698050479378111e+02
1.459033594965677594e+02 1.144853373455622574e+02 1.259721546376716645e+02
1.459031321018714493e+02 1.144536740036263609e+02 1.259745042274055180e+02
1.459029047071751393e+02 1.144220106616904644e+02 1.259768538171393715e+02
1.459026773124788292e+02 1.143903473197545537e+02 1.259792034068732107e+02
1.459024499177825192e+02 1.143586839778186572e+02 1.259815529966070642e+02
1.459022225230862091e+02 1.143270206358827608e+02 1.259839025863409177e+02
1.459022225230862091e+02 1.143270206358827608e+02 1.259839025863409177e+02
1.459019862250051176e+02 1.142941175512365533e+02 1.259863441716307193e+02
1.459017499269239977e+02 1.142612144665903458e+02 1.259887857569205210e+02
1.459015136288429062e+02 1.142283113819441382e+02 1.259912273422103368e+02
1.459012773307618147e+02 1.141954082972979165e+02 1.259936689275001385e+02
1.459010410326806948e+02 1.141625052126517090e+02 1.259961105127899401e+02
1.459008047345996033e+02 1.141296021280055015e+02 1.259985520980797418e+02
1.459005684365185118e+02 1.140966990433592940e+02 1.260009936833695434e+02
1.459003321384373919e+02 1.140637959587130865e+02 1.260034352686593593e+02
1.459000958403563004e+02 1.140308928740668790e+02 1.260058768539491609e+02
1.458998595422752089e+02 1.139979897894206573e+02 1.260083184392389626e+02
1.458996232441941174e+02 1.139650867047744498e+02 1.260107600245287642e+02
1.458993869461129975e+02 1.139321836201282423e+02 1.260132016098185801e+02
1.458991506480319060e+02 1.138992805354820348e+02 1.260156431951083817e+02
1.458989143499508145e+02 1.138663774508358273e+02 1.260180847803981834e+02
1.458986780518696946e+02 1.138334743661896198e+02 1.260205263656879850e+02
1.458984417537886031e+02 1.138005712815433981e+02 1.260229679509777867e+02
1.458982054557075116e+02 1.137676681968971906e+02 1.260254095362676026e+02
1.458979691576263917e+02 1.137347651122509831e+02 1.260278511215574042e+02
1.458977328595453002e+02 1.137018620276047756e+02 1.260302927068472059e+02
1.458977328595453002e+02 1.137018620276047756e+02 1.260302927068472059e+02
1.458975074431616861e+02 1.136704741537975138e+02 1.260326218553690012e+02
1.458972820267780719e+02 1.136390862799902521e+02 1.260349510038907823e+02
1.458970566103944861e+02 1.136076984061829904e+02 1.260372801524125776e+02
1.458968311940108720e+02 1.135763105323757287e+02 1.260396093009343588e+02
1.458966057776272578e+02 1.135449226585684670e+02 1.260419384494561541e+02
1.458963803612436436e+02 1.135135347847612053e+02 1.260442675979779494e+02
1.458961549448600579e+02 1.134821469109539294e+02 1.260465967464997306e+02
1.458959295284764437e+02 1.134507590371466677e+02 1.260489258950215259e+02
1.458957041120928295e+02 1.134193711633394059e+02 1.260512550435433212e+02
1.458954786957092153e+02 1.133879832895321442e+02 1.260535841920651023e+02
1.458952532793256296e+02 1.133565954157248825e+02 1.260559133405868977e+02
1.458950278629420154e+02 1.133252075419176208e+02 1.260582424891086788e+02
1.458948024465584012e+02 1.132938196681103591e+02 1.260605716376304741e+02
1.458945770301747871e+02 1.132624317943030974e+02 1.260629007861522695e+02
1.458943516137911729e+02 1.132310439204958357e+02 1.260652299346740506e+02
1.458941261974075871e+02 1.131996560466885740e+02 1.260675590831958459e+02
1.458939007810239730e+02 1.131682681728813122e+02 1.260698882317176270e+02
1.458936753646403588e+02 1.131368802990740505e+02 1.260722173802394224e+02
1.458934499482567446e+02 1.131054924252667888e+02 1.260745465287612177e+02
1.458932245318731589e+02 1.130741045514595129e+02 1.260768756772829988e+02
1.458929991154895447e+02 1.130427166776522512e+02 1.260792048258047942e+02
1.458927736991059305e+02 1.130113288038449895e+02 1.260815339743265895e+02
1.458925482827223163e+02 1.129799409300377278e+02 1.260838631228483706e+02
1.458923228663387306e+02 1.129485530562304660e+02 1.260861922713701659e+02
1.458920974499551164e+02 1.129171651824232043e+02 1.260885214198919471e+02
1.458918720335715022e+02 1.128857773086159426e+02 1.260908505684137424e+02
1.458918720335715022e+02 1.128857773086159426e+02 1.260908505684137424e+02
1.458916469128432993e+02 1.128544306030430846e+02 1.260931766620318228e+02
1.458914217921150964e+02 1.128230838974702266e+02 1.260955027556498891e+02
1.458911966713868935e+02 1.127917371918973544e+02 1.260978288492679695e+02
1.458909715506586906e+02 1.127603904863244964e+02 1.261001549428860500e+02
1.458907464299304877e+02 1.127290437807516383e+02 1.261024810365041162e+02
1.458905213092022848e+02 1.126976970751787803e+02 1.261048071301221967e+02
1.458902961884740819e+02 1.126663503696059223e+02 1.261071332237402629e+02
1.458900710677458790e+02 1.126350036640330501e+02 1.261094593173583434e+02
1.458898459470176761e+02 1.126036569584601921e+02 1.261117854109764238e+02
1.458896208262894731e+02 1.125723102528873341e+02 1.261141115045944900e+02
1.458893957055612702e+02 1.125409635473144760e+02 1.261164375982125705e+02
1.458891705848330673e+02 1.125096168417416180e+02 1.261187636918306509e+02
1.458889454641048644e+02 1.124782701361687458e+02 1.261210897854487172e+02
1.458887203433766615e+02 1.124469234305958878e+02 1.261234158790667976e+02
1.458884952226484302e+02 1.124155767250230298e+02 1.261257419726848639e+02
1.458882701019202273e+02 1.123842300194501718e+02 1.261280680663029443e+02
1.458880449811920244e+02 1.123528833138773138e+02 1.261303941599210248e+02
1.458878198604638214e+02 1.123215366083044415e+02 1.261327202535390910e+02
1.458875947397356185e+02 1.122901899027315835e+02 1.261350463471571715e+02
1.458873696190074156e+02 1.122588431971587255e+02 1.261373724407752519e+02
1.458871444982792127e+02 1.122274964915858675e+02 1.261396985343933181e+02
1.458869193775510098e+02 1.121961497860130095e+02 1.261420246280113986e+02
1.458866942568228069e+02 1.121648030804401373e+02 1.261443507216294790e+02
1.458864691360946040e+02 1.121334563748672792e+02 1.261466768152475453e+02
1.458862440153664011e+02 1.121021096692944212e+02 1.261490029088656257e+02
1.458860188946381982e+02 1.120707629637215632e+02 1.261513290024836920e+02
1.458857937739099953e+02 1.120394162581487052e+02 1.261536550961017724e+02
1.458855686531817923e+02 1.120080695525758330e+02 1.261559811897198529e+02
1.458853435324535894e+02 1.119767228470029750e+02 1.261583072833379191e+02
1.458851184117253865e+02 1.119453761414301169e+02 1.261606333769559996e+02
1.458851184117253865e+02 1.119453761414301169e+02 1.261606333769559996e+02
1.458642187189316246e+02 1.119254664958914844e+02 1.261468855096499198e+02
1.458433190261378911e+02 1.119055568503528377e+02 1.261331376423438542e+02
1.458224193333441292e+02 1.118856472048142052e+02 1.261193897750377744e+02
1.458015196405503673e+02 1.118657375592755585e+02 1.261056419077317088e+02
1.457806199477566338e+02 1.118458279137369260e+02 1.260918940404256290e+02
1.457597202549628719e+02 1.118259182681982793e+02 1.260781461731195634e+02
1.457388205621691100e+02 1.118060086226596468e+02 1.260643983058134836e+02
1.457179208693753480e+02 1.117860989771210143e+02 1.260506504385074038e+02
1.456970211765816146e+02 1.117661893315823676e+02 1.260369025712013382e+02
1.456761214837878526e+02 1.117462796860437351e+02 1.260231547038952584e+02
1.456552217909940907e+02 1.117263700405050884e+02 1.260094068365891928e+02
1.456343220982003572e+02 1.117064603949664559e+02 1.259956589692831130e+02
1.456134224054065953e+02 1.116865507494278091e+02 1.259819111019770475e+02
1.455925227126128334e+02 1.116666411038891766e+02 1.259681632346709677e+02
1.455716230198190715e+02 1.116467314583505299e+02 1.259544153673649021e+02
1.455507233270253380e+02 1.116268218128118974e+02 1.259406675000588223e+02
1.455298236342315761e+02 1.116069121672732649e+02 1.259269196327527425e+02
1.455089239414378142e+02 1.115870025217346182e+02 1.259131717654466769e+02
1.454880242486440807e+02 1.115670928761959857e+02 1.258994238981405971e+02
1.454671245558503188e+02 1.115471832306573390e+02 1.258856760308345315e+02
1.454462248630565568e+02 1.115272735851187065e+02 1.258719281635284517e+02
1.454253251702628233e+02 1.115073639395800598e+02 1.258581802962223861e+02
1.454044254774690614e+02 1.114874542940414273e+02 1.258444324289163063e+02
1.453835257846752995e+02 1.114675446485027948e+02 1.258306845616102265e+02
1.453626260918815660e+02 1.114476350029641480e+02 1.258169366943041609e+02
1.453417263990878041e+02 1.114277253574255155e+02 1.258031888269980811e+02
1.453208267062940422e+02 1.114078157118868688e+02 1.257894409596920156e+02
1.452999270135002803e+02 1.113879060663482363e+02 1.257756930923859358e+02
1.452790273207065468e+02 1.113679964208095896e+02 1.257619452250798702e+02
1.452581276279127849e+02 1.113480867752709571e+02 1.257481973577737904e+02
1.452581276279127849e+02 1.113480867752709571e+02 1.257481973577737904e+02
1.452251926095403292e+02 1.113498468288758403e+02 1.257481313936145710e+02
1.451922575911678734e+02 1.113516068824807235e+02 1.257480654294553659e+02
1.451593225727953893e+02 1.113533669360856067e+02 1.257479994652961466e+02
1.451263875544229336e+02 1.113551269896904898e+02 1.257479335011369415e+02
1.450934525360504779e+02 1.113568870432953730e+02 1.257478675369777221e+02
1.450605175176780222e+02 1.113586470969002562e+02 1.257478015728185170e+02
1.450275824993055664e+02 1.113604071505051394e+02 1.257477356086592977e+02
1.449946474809330823e+02 1.113621672041100226e+02 1.257476696445000925e+02
1.449617124625606266e+02 1.113639272577149057e+02 1.257476036803408732e+02
1.449287774441881709e+02 1.113656873113197747e+02 1.257475377161816681e+02
1.448958424258157152e+02 1.113674473649246579e+02 1.257474717520224488e+02
1.448629074074432310e+02 1.113692074185295411e+02 1.257474057878632436e+02
1.448299723890707753e+02 1.113709674721344243e+02 1.257473398237040243e+02
1.447970373706983196e+02 1.113727275257393075e+02 1.257472738595448192e+02
1.447641023523258639e+02 1.113744875793441906e+02 1.257472078953855998e+02
1.447311673339534082e+02 1.113762476329490738e+02 1.257471419312263947e+02
1.446982323155809240e+02 1.113780076865539570e+02 1.257470759670671754e+02
1.446652972972084683e+02 1.113797677401588402e+02 1.257470100029079703e+02
1.446323622788360126e+02 1.113815277937637234e+02 1.257469440387487509e+02
1.446323622788360126e+02 1.113815277937637234e+02 1.257469440387487509e+02
1.446013672473063423e+02 1.113790317835178598e+02 1.257495024750743653e+02
1.445703722157766435e+02 1.113765357732719821e+02 1.257520609113999939e+02
1.445393771842469732e+02 1.113740397630261185e+02 1.257546193477256082e+02
1.445083821527172745e+02 1.113715437527802550e+02 1.257571777840512226e+02
1.444773871211876042e+02 1.113690477425343914e+02 1.257597362203768370e+02
1.444463920896579054e+02 1.113665517322885137e+02 1.257622946567024655e+02
1.444153970581282351e+02 1.113640557220426501e+02 1.257648530930280799e+02
1.443844020265985648e+02 1.113615597117967866e+02 1.257674115293536943e+02
1.443534069950688661e+02 1.113590637015509088e+02 1.257699699656793229e+02
1.443224119635391958e+02 1.113565676913050453e+02 1.257725284020049372e+02
1.442914169320094970e+02 1.113540716810591817e+02 1.257750868383305516e+02
1.442604219004798267e+02 1.113515756708133182e+02 1.257776452746561660e+02
1.442294268689501280e+02 1.113490796605674404e+02 1.257802037109817945e+02
1.441984318374204577e+02 1.113465836503215769e+02 1.257827621473074089e+02
1.441674368058907874e+02 1.113440876400757134e+02 1.257853205836330233e+02
1.441364417743610886e+02 1.113415916298298356e+02 1.257878790199586518e+02
1.441054467428314183e+02 1.113390956195839721e+02 1.257904374562842662e+02
1.440744517113017196e+02 1.113365996093381085e+02 1.257929958926098806e+02
1.440434566797720493e+02 1.113341035990922450e+02 1.257955543289354949e+02
1.440124616482423505e+02 1.113316075888463672e+02 1.257981127652611235e+02
1.439814666167126802e+02 1.113291115786005037e+02 1.258006712015867379e+02
1.439504715851830099e+02 1.113266155683546401e+02 1.258032296379123522e+02
1.439194765536533112e+02 1.113241195581087624e+02 1.258057880742379808e+02
1.438884815221236408e+02 1.113216235478628988e+02 1.258083465105635952e+02
1.438574864905939421e+02 1.113191275376170353e+02 1.258109049468892096e+02
1.438264914590642718e+02 1.113166315273711717e+02 1.258134633832148239e+02
1.437954964275345731e+02 1.113141355171252940e+02 1.258160218195404525e+02
1.437645013960049027e+02 1.113116395068794304e+02 1.258185802558660669e+02
1.437645013960049027e+02 1.113116395068794304e+02 1.258185802558660669e+02
1.437334757737448001e+02 1.113091410331814330e+02 1.258211412172556152e+02
1.437024501514846975e+02 1.113066425594834357e+02 1.258237021786451493e+02
1.436714245292246233e+02 1.113041440857854241e+02 1.258262631400346976e+02
1.436403989069645206e+02 1.113016456120874267e+02 1.258288241014242317e+02
1.436093732847044180e+02 1.112991471383894293e+02 1.258313850628137800e+02
1.435783476624443153e+02 1.112966486646914319e+02 1.258339460242033141e+02
1.435473220401842127e+02 1.112941501909934203e+02 1.258365069855928624e+02
1.435162964179241385e+02 1.112916517172954229e+02 1.258390679469823965e+02
1.434852707956640359e+02 1.112891532435974256e+02 1.258416289083719448e+02
1.434542451734039332e+02 1.112866547698994282e+02 1.258441898697614789e+02
1.434232195511438306e+02 1.112841562962014166e+02 1.258467508311510272e+02
1.433921939288837279e+02 1.112816578225034192e+02 1.258493117925405755e+02
1.433611683066236537e+02 1.112791593488054218e+02 1.258518727539301096e+02
1.433301426843635511e+02 1.112766608751074244e+02 1.258544337153196579e+02
1.432991170621034485e+02 1.112741624014094270e+02 1.258569946767091920e+02
1.432680914398433458e+02 1.112716639277114155e+02 1.258595556380987404e+02
1.432370658175832432e+02 1.112691654540134181e+02 1.258621165994882745e+02
1.432060401953231690e+02 1.112666669803154207e+02 1.258646775608778228e+02
1.431750145730630663e+02 1.112641685066174233e+02 1.258672385222673569e+02
1.431439889508029637e+02 1.112616700329194117e+02 1.258697994836569052e+02
1.431129633285428611e+02 1.112591715592214143e+02 1.258723604450464393e+02
1.430819377062827584e+02 1.112566730855234169e+02 1.258749214064359876e+02
1.430509120840226842e+02 1.112541746118254196e+02 1.258774823678255217e+02
1.430198864617625816e+02 1.112516761381274222e+02 1.258800433292150700e+02
1.429888608395024789e+02 1.112491776644294106e+02 1.258826042906046183e+02
1.429578352172423763e+02 1.112466791907314132e+02 1.258851652519941524e+02
1.429268095949822737e+02 1.112441807170334158e+02 1.258877262133837007e+02
1.428957839727221995e+02 1.112416822433354184e+02 1.258902871747732348e+02
1.428647583504620968e+02 1.112391837696374068e+02 1.258928481361627831e+02
1.428337327282019942e+02 1.112366852959394095e+02 1.258954090975523172e+02
1.428027071059418915e+02 1.112341868222414121e+02 1.258979700589418655e+02
1.427716814836817889e+02 1.112316883485434147e+02 1.259005310203313996e+02
1.427406558614217147e+02 1.112291898748454031e+02 1.259030919817209480e+02
1.427096302391616121e+02 1.112266914011474057e+02 1.259056529431104821e+02
1.426786046169015094e+02 1.112241929274494083e+02 1.259082139045000304e+02
1.426786046169015094e+02 1.112241929274494083e+02 1.259082139045000304e+02
1.426475074733716042e+02 1.112216886941888703e+02 1.259107807695007608e+02
1.426164103298416705e+02 1.112191844609283464e+02 1.259133476345014770e+02
1.425853131863117653e+02 1.112166802276678084e+02 1.259159144995022075e+02
1.425542160427818317e+02 1.112141759944072845e+02 1.259184813645029237e+02
1.425231188992519265e+02 1.112116717611467465e+02 1.259210482295036542e+02
1.424920217557220212e+02 1.112091675278862084e+02 1.259236150945043846e+02
1.424609246121920876e+02 1.112066632946256846e+02 1.259261819595051008e+02
1.424298274686621824e+02 1.112041590613651465e+02 1.259287488245058313e+02
1.423987303251322487e+02 1.112016548281046227e+02 1.259313156895065475e+02
1.423676331816023435e+02 1.111991505948440846e+02 1.259338825545072780e+02
1.423365360380724383e+02 1.111966463615835465e+02 1.259364494195080084e+02
1.423054388945425046e+02 1.111941421283230227e+02 1.259390162845087247e+02
1.422743417510125994e+02 1.111916378950624846e+02 1.259415831495094551e+02
1.422432446074826657e+02 1.111891336618019608e+02 1.259441500145101713e+02
1.422121474639527605e+02 1.111866294285414227e+02 1.259467168795109018e+02
1.421810503204228553e+02 1.111841251952808847e+02 1.259492837445116322e+02
1.421499531768929216e+02 1.111816209620203608e+02 1.259518506095123485e+02
1.421188560333630164e+02 1.111791167287598228e+02 1.259544174745130789e+02
1.420877588898330828e+02 1.111766124954992989e+02 1.259569843395137951e+02
1.420566617463031776e+02 1.111741082622387609e+02 1.259595512045145256e+02
1.420255646027732723e+02 1.111716040289782228e+02 1.259621180695152560e+02
1.419944674592433387e+02 1.111690997957176990e+02 1.259646849345159723e+02
1.419633703157134335e+02 1.111665955624571609e+02 1.259672517995167027e+02
1.419322731721834998e+02 1.111640913291966370e+02 1.259698186645174189e+02
1.419011760286535946e+02 1.111615870959360990e+02 1.259723855295181494e+02
1.419011760286535946e+02 1.111615870959360990e+02 1.259723855295181494e+02
1.418693408957499287e+02 1.111590234328590014e+02 1.259750133106957151e+02
1.418375057628462912e+02 1.111564597697819039e+02 1.259776410918732665e+02
1.418056706299426253e+02 1.111538961067048064e+02 1.259802688730508322e+02
1.417738354970389878e+02 1.111513324436277230e+02 1.259828966542283979e+02
1.417420003641353219e+02 1.111487687805506255e+02 1.259855244354059494e+02
1.417101652312316560e+02 1.111462051174735279e+02 1.259881522165835150e+02
1.416783300983280185e+02 1.111436414543964304e+02 1.259907799977610665e+02
1.416464949654243526e+02 1.111410777913193328e+02 1.259934077789386322e+02
1.416146598325207151e+02 1.111385141282422353e+02 1.259960355601161979e+02
1.415828246996170492e+02 1.111359504651651378e+02 1.259986633412937493e+02
1.415509895667134117e+02 1.111333868020880402e+02 1.260012911224713150e+02
1.415191544338097458e+02 1.111308231390109427e+02 1.260039189036488665e+02
1.414873193009060799e+02 1.111282594759338593e+02 1.260065466848264322e+02
1.414554841680024424e+02 1.111256958128567618e+02 1.260091744660039978e+02
1.414236490350987765e+02 1.111231321497796642e+02 1.260118022471815493e+02
1.413918139021951390e+02 1.111205684867025667e+02 1.260144300283591150e+02
1.413599787692914731e+02 1.111180048236254692e+02 1.260170578095366807e+02
1.413281436363878356e+02 1.111154411605483716e+02 1.260196855907142321e+02
1.412963085034841697e+02 1.111128774974712741e+02 1.260223133718917978e+02
1.412644733705805038e+02 1.111103138343941907e+02 1.260249411530693635e+02
1.412326382376768663e+02 1.111077501713170932e+02 1.260275689342469150e+02
1.412008031047732004e+02 1.111051865082399956e+02 1.260301967154244807e+02
1.411689679718695629e+02 1.111026228451628981e+02 1.260328244966020321e+02
1.411371328389658970e+02 1.111000591820858006e+02 1.260354522777795978e+02
