3.047938745833925509e+02 2.580062443747389693e+02 2.831138168048858574e+02
3.048196073588014769e+02 2.580048692103589474e+02 2.831138683439763781e+02
3.048453401342103462e+02 2.580034940459788686e+02 2.831139198830669557e+02
3.048710729096192722e+02 2.580021188815988467e+02 2.831139714221574764e+02
3.048968056850281414e+02 2.580007437172187679e+02 2.831140229612480539e+02
3.049225384604370674e+02 2.579993685528387459e+02 2.831140745003385746e+02
3.049482712358459935e+02 2.579979933884586671e+02 2.831141260394291521e+02
3.049740040112548627e+02 2.579966182240786452e+02 2.831141775785196728e+02
3.049997367866637887e+02 2.579952430596985664e+02 2.831142291176102503e+02
3.050254695620727148e+02 2.579938678953185445e+02 2.831142806567007710e+02
3.050512023374815840e+02 2.579924927309384657e+02 2.831143321957913486e+02
3.050769351128905100e+02 2.579911175665584437e+02 2.831143837348818693e+02
3.051026678882993792e+02 2.579897424021783650e+02 2.831144352739723900e+02
3.051284006637083053e+02 2.579883672377983430e+02 2.831144868130629675e+02
3.051541334391172313e+02 2.579869920734182642e+02 2.831145383521534882e+02
3.051798662145261005e+02 2.579856169090382423e+02 2.831145898912440657e+02
3.052055989899350266e+02 2.579842417446581635e+02 2.831146414303345864e+02
3.052313317653438958e+02 2.579828665802781416e+02 2.831146929694251639e+02
3.052570645407528218e+02 2.579814914158980628e+02 2.831147445085156846e+02
3.052827973161617479e+02 2.579801162515180408e+02 2.831147960476062622e+02
3.053085300915706171e+02 2.579787410871379620e+02 2.831148475866967829e+02
3.053342628669795431e+02 2.579773659227579401e+02 2.831148991257873604e+02
3.053599956423884123e+02 2.579759907583778613e+02 2.831149506648778811e+02
3.053857284177973384e+02 2.579746155939978394e+02 2.831150022039684018e+02
3.054114611932062644e+02 2.579732404296178174e+02 2.831150537430589793e+02
3.054371939686151336e+02 2.579718652652377386e+02 2.831151052821495000e+02
3.054629267440240596e+02 2.579704901008577167e+02 2.831151568212400775e+02
3.054886595194329857e+02 2.579691149364776379e+02 2.831152083603305982e+02
3.055143922948418549e+02 2.579677397720976160e+02 2.831152598994211758e+02
3.055401250702507809e+02 2.579663646077175372e+02 2.831153114385116965e+02
3.055658578456596501e+02 2.579649894433375152e+02 2.831153629776022740e+02
3.055915906210685762e+02 2.579636142789574365e+02 2.831154145166927947e+02
3.056173233964775022e+02 2.579622391145774145e+02 2.831154660557833722e+02
3.056430561718863714e+02 2.579608639501973357e+02 2.831155175948738929e+02
3.056687889472952975e+02 2.579594887858173138e+02 2.831155691339644136e+02
3.056945217227041667e+02 2.579581136214372350e+02 2.831156206730549911e+02
3.057202544981130927e+02 2.579567384570572131e+02 2.831156722121455118e+02
3.057459872735220188e+02 2.579553632926771343e+02 2.831157237512360894e+02
3.057717200489308880e+02 2.579539881282971123e+02 2.831157752903266100e+02
3.057974528243398140e+02 2.579526129639170335e+02 2.831158268294171876e+02
3.058231855997487401e+02 2.579512377995370116e+02 2.831158783685077083e+02
3.058489183751576093e+02 2.579498626351569328e+02 2.831159299075982858e+02
3.058746511505665353e+02 2.579484874707769109e+02 2.831159814466888065e+02
3.059003839259754045e+02 2.579471123063968321e+02 2.831160329857793840e+02
3.059261167013843306e+02 2.579457371420168101e+02 2.831160845248699047e+02
3.059261167013843306e+02 2.579457371420168101e+02 2.831160845248699047e+02
3.059515070304940423e+02 2.579443802780317014e+02 2.831161353780892114e+02
3.059768973596036972e+02 2.579430234140465927e+02 2.831161862313085180e+02
3.060022876887134089e+02 2.579416665500614840e+02 2.831162370845278247e+02
3.060276780178230638e+02 2.579403096860763753e+02 2.831162879377470745e+02
3.060530683469327755e+02 2.579389528220912666e+02 2.831163387909663811e+02
3.060784586760424304e+02 2.579375959581061579e+02 2.831163896441856878e+02
3.061038490051521421e+02 2.579362390941209924e+02 2.831164404974049944e+02
3.061292393342617970e+02 2.579348822301358837e+02 2.831164913506243010e+02
3.061546296633715087e+02 2.579335253661507750e+02 2.831165422038435509e+02
3.061800199924812205e+02 2.579321685021656663e+02 2.831165930570628575e+02
3.062054103215908754e+02 2.579308116381805576e+02 2.831166439102821641e+02
3.062308006507005871e+02 2.579294547741954489e+02 2.831166947635014708e+02
3.062561909798102420e+02 2.579280979102103402e+02 2.831167456167207774e+02
3.062815813089199537e+02 2.579267410462252315e+02 2.831167964699400841e+02
3.063069716380296086e+02 2.579253841822401228e+02 2.831168473231593907e+02
3.063323619671393203e+02 2.579240273182550141e+02 2.831168981763786405e+02
3.063577522962489752e+02 2.579226704542699053e+02 2.831169490295979472e+02
3.063831426253586869e+02 2.579213135902847398e+02 2.831169998828172538e+02
3.064085329544683987e+02 2.579199567262996311e+02 2.831170507360365605e+02
3.064339232835780535e+02 2.579185998623145224e+02 2.831171015892558671e+02
3.064593136126877653e+02 2.579172429983294137e+02 2.831171524424751169e+02
3.064847039417974202e+02 2.579158861343443050e+02 2.831172032956944236e+02
3.065100942709071319e+02 2.579145292703591963e+02 2.831172541489137302e+02
3.065354846000167868e+02 2.579131724063740876e+02 2.831173050021330369e+02
3.065608749291264985e+02 2.579118155423889789e+02 2.831173558553523435e+02
3.065862652582361534e+02 2.579104586784038702e+02 2.831174067085716501e+02
3.066116555873458651e+02 2.579091018144187615e+02 2.831174575617909568e+02
3.066370459164555768e+02 2.579077449504336528e+02 2.831175084150102066e+02
3.066624362455652317e+02 2.579063880864485441e+02 2.831175592682295132e+02
3.066878265746749435e+02 2.579050312224634354e+02 2.831176101214488199e+02
3.067132169037845983e+02 2.579036743584782698e+02 2.831176609746681265e+02
3.067386072328943101e+02 2.579023174944931611e+02 2.831177118278874332e+02
3.067639975620039650e+02 2.579009606305080524e+02 2.831177626811066830e+02
3.067893878911136767e+02 2.578996037665229437e+02 2.831178135343259896e+02
3.068147782202233316e+02 2.578982469025378350e+02 2.831178643875452963e+02
3.068401685493330433e+02 2.578968900385527263e+02 2.831179152407646029e+02
3.068401685493330433e+02 2.578968900385527263e+02 2.831179152407646029e+02
3.068713867131693860e+02 2.578952217339786444e+02 2.831179777663082859e+02
3.069026048770057855e+02 2.578935534294045624e+02 2.831180402918519690e+02
3.069338230408421282e+02 2.578918851248304804e+02 2.831181028173955951e+02
3.069650412046785277e+02 2.578902168202564553e+02 2.831181653429392782e+02
3.069962593685148704e+02 2.578885485156823734e+02 2.831182278684829612e+02
3.070274775323512699e+02 2.578868802111082914e+02 2.831182903940266442e+02
3.070586956961876126e+02 2.578852119065342094e+02 2.831183529195703272e+02
3.070899138600240121e+02 2.578835436019601275e+02 2.831184154451140103e+02
3.071211320238603548e+02 2.578818752973860455e+02 2.831184779706576364e+02
3.071523501876967543e+02 2.578802069928119636e+02 2.831185404962013195e+02
3.071835683515330970e+02 2.578785386882379385e+02 2.831186030217450025e+02
3.072147865153694966e+02 2.578768703836638565e+02 2.831186655472886855e+02
3.072460046792058392e+02 2.578752020790897745e+02 2.831187280728323685e+02
3.072772228430422388e+02 2.578735337745156926e+02 2.831187905983760515e+02
3.073084410068785814e+02 2.578718654699416106e+02 2.831188531239196777e+02
3.073396591707149810e+02 2.578701971653675287e+02 2.831189156494633608e+02
3.073708773345513237e+02 2.578685288607934467e+02 2.831189781750070438e+02
3.074020954983877232e+02 2.578668605562193648e+02 2.831190407005507268e+02
3.074333136622240659e+02 2.578651922516453396e+02 2.831191032260944098e+02
3.074645318260604654e+02 2.578635239470712577e+02 2.831191657516380928e+02
3.074957499898968081e+02 2.578618556424971757e+02 2.831192282771817190e+02
3.075269681537332076e+02 2.578601873379230938e+02 2.831192908027254020e+02
3.075581863175695503e+02 2.578585190333490118e+02 2.831193533282690851e+02
3.075894044814059498e+02 2.578568507287749298e+02 2.831194158538127681e+02
3.076206226452422925e+02 2.578551824242008479e+02 2.831194783793564511e+02
3.076518408090786920e+02 2.578535141196268228e+02 2.831195409049001341e+02
3.076830589729150347e+02 2.578518458150527408e+02 2.831196034304437603e+02
3.077142771367514342e+02 2.578501775104786589e+02 2.831196659559874433e+02
3.077454953005877769e+02 2.578485092059045769e+02 2.831197284815311264e+02
3.077454953005877769e+02 2.578485092059045769e+02 2.831197284815311264e+02
3.077709380234756509e+02 2.578471495419860844e+02 2.831197794396877043e+02
3.077963807463634680e+02 2.578457898780675350e+02 2.831198303978442823e+02
3.078218234692513420e+02 2.578444302141490425e+02 2.831198813560008603e+02
3.078472661921391591e+02 2.578430705502304932e+02 2.831199323141574951e+02
3.078727089150270331e+02 2.578417108863120006e+02 2.831199832723140730e+02
3.078981516379149070e+02 2.578403512223934513e+02 2.831200342304706510e+02
3.079235943608027242e+02 2.578389915584749588e+02 2.831200851886272289e+02
3.079490370836905981e+02 2.578376318945564094e+02 2.831201361467838069e+02
3.079744798065784153e+02 2.578362722306379169e+02 2.831201871049403849e+02
3.079999225294662892e+02 2.578349125667194244e+02 2.831202380630969628e+02
3.080253652523541064e+02 2.578335529028008750e+02 2.831202890212535976e+02
3.080508079752419803e+02 2.578321932388823825e+02 2.831203399794101756e+02
3.080762506981298543e+02 2.578308335749638331e+02 2.831203909375667536e+02
3.081016934210176714e+02 2.578294739110453406e+02 2.831204418957233315e+02
3.081271361439055454e+02 2.578281142471267913e+02 2.831204928538799095e+02
3.081525788667933625e+02 2.578267545832082988e+02 2.831205438120364875e+02
3.081780215896812365e+02 2.578253949192897494e+02 2.831205947701930654e+02
3.082034643125691105e+02 2.578240352553712569e+02 2.831206457283496434e+02
3.082289070354569276e+02 2.578226755914527075e+02 2.831206966865062782e+02
3.082543497583448016e+02 2.578213159275342150e+02 2.831207476446628561e+02
3.082797924812326187e+02 2.578199562636157225e+02 2.831207986028194341e+02
3.083052352041204927e+02 2.578185965996971731e+02 2.831208495609760121e+02
3.083306779270083098e+02 2.578172369357786806e+02 2.831209005191325900e+02
3.083561206498961837e+02 2.578158772718601313e+02 2.831209514772891680e+02
3.083815633727840577e+02 2.578145176079416387e+02 2.831210024354457460e+02
3.084070060956718748e+02 2.578131579440230894e+02 2.831210533936023808e+02
3.084324488185597488e+02 2.578117982801045969e+02 2.831211043517589587e+02
3.084578915414475659e+02 2.578104386161860475e+02 2.831211553099155367e+02
3.084833342643354399e+02 2.578090789522675550e+02 2.831212062680721147e+02
3.084833342643354399e+02 2.578090789522675550e+02 2.831212062680721147e+02
3.085130777645803164e+02 2.578074894539944353e+02 2.831212658400742725e+02
3.085428212648251929e+02 2.578058999557213156e+02 2.831213254120764304e+02
3.085725647650700694e+02 2.578043104574482527e+02 2.831213849840785883e+02
3.086023082653149459e+02 2.578027209591751330e+02 2.831214445560807462e+02
3.086320517655598223e+02 2.578011314609020133e+02 2.831215041280829041e+02
3.086617952658046988e+02 2.577995419626288935e+02 2.831215637000851189e+02
3.086915387660495753e+02 2.577979524643558307e+02 2.831216232720872767e+02
3.087212822662944518e+02 2.577963629660827110e+02 2.831216828440894346e+02
3.087510257665393283e+02 2.577947734678095912e+02 2.831217424160915925e+02
3.087807692667842048e+02 2.577931839695364715e+02 2.831218019880937504e+02
3.088105127670290813e+02 2.577915944712633518e+02 2.831218615600959083e+02
3.088402562672739009e+02 2.577900049729902889e+02 2.831219211320980662e+02
3.088699997675187774e+02 2.577884154747171692e+02 2.831219807041002241e+02
3.088997432677636539e+02 2.577868259764440495e+02 2.831220402761023820e+02
3.089294867680085304e+02 2.577852364781709298e+02 2.831220998481045399e+02
3.089592302682534068e+02 2.577836469798978101e+02 2.831221594201066978e+02
3.089889737684982833e+02 2.577820574816247472e+02 2.831222189921088557e+02
3.090187172687431598e+02 2.577804679833516275e+02 2.831222785641110704e+02
3.090484607689880363e+02 2.577788784850785078e+02 2.831223381361132283e+02
3.090782042692329128e+02 2.577772889868053880e+02 2.831223977081153862e+02
3.091079477694777893e+02 2.577756994885323252e+02 2.831224572801175441e+02
3.091376912697226658e+02 2.577741099902592055e+02 2.831225168521197020e+02
3.091674347699675423e+02 2.577725204919860857e+02 2.831225764241218599e+02
3.091674347699675423e+02 2.577725204919860857e+02 2.831225764241218599e+02
3.091938365770487849e+02 2.577544413461888553e+02 2.830989493274007600e+02
3.092202383841300843e+02 2.577363622003916817e+02 2.830753222306796602e+02
3.092466401912113270e+02 2.577182830545944512e+02 2.830516951339585603e+02
3.092730419982926264e+02 2.577002039087972776e+02 2.830280680372374604e+02
3.092994438053738691e+02 2.576821247630000471e+02 2.830044409405163606e+02
3.093258456124551685e+02 2.576640456172028735e+02 2.829808138437952039e+02
3.093522474195364111e+02 2.576459664714056430e+02 2.829571867470741040e+02
3.093786492266176538e+02 2.576278873256084694e+02 2.829335596503530041e+02
3.094050510336989532e+02 2.576098081798112389e+02 2.829099325536319043e+02
3.094314528407801959e+02 2.575917290340140653e+02 2.828863054569108044e+02
3.094578546478614953e+02 2.575736498882168348e+02 2.828626783601897046e+02
3.094842564549427379e+02 2.575555707424196612e+02 2.828390512634686047e+02
3.095106582620240374e+02 2.575374915966224307e+02 2.828154241667475048e+02
3.095370600691052800e+02 2.575194124508252571e+02 2.827917970700264050e+02
3.095634618761865227e+02 2.575013333050280266e+02 2.827681699733053051e+02
3.095898636832678221e+02 2.574832541592308530e+02 2.827445428765841484e+02
3.096162654903490647e+02 2.574651750134336226e+02 2.827209157798630486e+02
3.096426672974303642e+02 2.574470958676364489e+02 2.826972886831419487e+02
3.096690691045116068e+02 2.574290167218392185e+02 2.826736615864208488e+02
3.096954709115929063e+02 2.574109375760420448e+02 2.826500344896997490e+02
3.097218727186741489e+02 2.573928584302448144e+02 2.826264073929786491e+02
3.097218727186741489e+02 2.573928584302448144e+02 2.826264073929786491e+02
3.097497818529100186e+02 2.573769612050149362e+02 2.826098591654300662e+02
3.097776909871459452e+02 2.573610639797850013e+02 2.825933109378814265e+02
3.098056001213818149e+02 2.573451667545550663e+02 2.825767627103328437e+02
3.098335092556177415e+02 2.573292695293251882e+02 2.825602144827842608e+02
3.098614183898536112e+02 2.573133723040953100e+02 2.825436662552356779e+02
3.098893275240895377e+02 2.572974750788653751e+02 2.825271180276870382e+02
3.099172366583254075e+02 2.572815778536354401e+02 2.825105698001384553e+02
3.099451457925612772e+02 2.572656806284055619e+02 2.824940215725898724e+02
3.099730549267972037e+02 2.572497834031756838e+02 2.824774733450412896e+02
3.100009640610330734e+02 2.572338861779457488e+02 2.824609251174926499e+02
3.100288731952690000e+02 2.572179889527158139e+02 2.824443768899440670e+02
3.100567823295048697e+02 2.572020917274859357e+02 2.824278286623954841e+02
3.100846914637407963e+02 2.571861945022560576e+02 2.824112804348468444e+02
3.101126005979766660e+02 2.571702972770261226e+02 2.823947322072982615e+02
3.101405097322125357e+02 2.571544000517961877e+02 2.823781839797496787e+02
3.101684188664484623e+02 2.571385028265663095e+02 2.823616357522010958e+02
3.101963280006843320e+02 2.571226056013364314e+02 2.823450875246524561e+02
3.102242371349202585e+02 2.571067083761064964e+02 2.823285392971038732e+02
3.102521462691561283e+02 2.570908111508765614e+02 2.823119910695552903e+02
3.102800554033919980e+02 2.570749139256466833e+02 2.822954428420067075e+02
3.103079645376279245e+02 2.570590167004168052e+02 2.822788946144580677e+02
3.103358736718637942e+02 2.570431194751868702e+02 2.822623463869094849e+02
3.103637828060997208e+02 2.570272222499569352e+02 2.822457981593609020e+02
3.103916919403355905e+02 2.570113250247270571e+02 2.822292499318123191e+02
3.104196010745715171e+02 2.569954277994971790e+02 2.822127017042636794e+02
3.104475102088073868e+02 2.569795305742672440e+02 2.821961534767150965e+02
3.104475102088073868e+02 2.569795305742672440e+02 2.821961534767150965e+02
3.104720234169473656e+02 2.569655676907318593e+02 2.821816188034852644e+02
3.104965366250874013e+02 2.569516048071964747e+02 2.821670841302553754e+02
3.105210498332273801e+02 2.569376419236610900e+02 2.821525494570255432e+02
3.105455630413673589e+02 2.569236790401257053e+02 2.821380147837957111e+02
3.105700762495073377e+02 2.569097161565903207e+02 2.821234801105658221e+02
3.105945894576473734e+02 2.568957532730549360e+02 2.821089454373359899e+02
3.106191026657873522e+02 2.568817903895195514e+02 2.820944107641061009e+02
3.106436158739273310e+02 2.568678275059842235e+02 2.820798760908762688e+02
3.106681290820673667e+02 2.568538646224488389e+02 2.820653414176464366e+02
3.106926422902073455e+02 2.568399017389134542e+02 2.820508067444165476e+02
3.107171554983473243e+02 2.568259388553780695e+02 2.820362720711867155e+02
3.107416687064873599e+02 2.568119759718426849e+02 2.820217373979568833e+02
3.107661819146273388e+02 2.567980130883073002e+02 2.820072027247269943e+02
3.107906951227673176e+02 2.567840502047719156e+02 2.819926680514971622e+02
3.108152083309073532e+02 2.567700873212365309e+02 2.819781333782673300e+02
3.108397215390473320e+02 2.567561244377011462e+02 2.819635987050374411e+02
3.108642347471873109e+02 2.567421615541657616e+02 2.819490640318076089e+02
3.108887479553272897e+02 2.567281986706303769e+02 2.819345293585777199e+02
3.109132611634673253e+02 2.567142357870949922e+02 2.819199946853478878e+02
3.109377743716073041e+02 2.567002729035596076e+02 2.819054600121180556e+02
3.109622875797472830e+02 2.566863100200242229e+02 2.818909253388881666e+02
3.109868007878873186e+02 2.566723471364888383e+02 2.818763906656583345e+02
3.110113139960272974e+02 2.566583842529535104e+02 2.818618559924285023e+02
3.110358272041672762e+02 2.566444213694181258e+02 2.818473213191986133e+02
3.110603404123072551e+02 2.566304584858827411e+02 2.818327866459687812e+02
3.110848536204472907e+02 2.566164956023473565e+02 2.818182519727388922e+02
3.111093668285872695e+02 2.566025327188119718e+02 2.818037172995090600e+02
3.111338800367272484e+02 2.565885698352765871e+02 2.817891826262792279e+02
3.111583932448672840e+02 2.565746069517412025e+02 2.817746479530493389e+02
3.111829064530072628e+02 2.565606440682058178e+02 2.817601132798195067e+02
3.111829064530072628e+02 2.565606440682058178e+02 2.817601132798195067e+02
3.112081048518952002e+02 2.565462908955431089e+02 2.817451723348538053e+02
3.112333032507831945e+02 2.565319377228804001e+02 2.817302313898881607e+02
3.112585016496711319e+02 2.565175845502176344e+02 2.817152904449224593e+02
3.112837000485590693e+02 2.565032313775549255e+02 2.817003494999567579e+02
3.113088984474470635e+02 2.564888782048922167e+02 2.816854085549911133e+02
3.113340968463350009e+02 2.564745250322295078e+02 2.816704676100254119e+02
3.113592952452229383e+02 2.564601718595667421e+02 2.816555266650597673e+02
3.113844936441109326e+02 2.564458186869040333e+02 2.816405857200940659e+02
3.114096920429988700e+02 2.564314655142413244e+02 2.816256447751283645e+02
3.114348904418868074e+02 2.564171123415786155e+02 2.816107038301627199e+02
3.114600888407748016e+02 2.564027591689158498e+02 2.815957628851970185e+02
3.114852872396627390e+02 2.563884059962531410e+02 2.815808219402313171e+02
3.115104856385506764e+02 2.563740528235904321e+02 2.815658809952656725e+02
3.115356840374386707e+02 2.563596996509277233e+02 2.815509400502999711e+02
3.115608824363266081e+02 2.563453464782650144e+02 2.815359991053343265e+02
3.115860808352145455e+02 2.563309933056022487e+02 2.815210581603686251e+02
3.116112792341025397e+02 2.563166401329395399e+02 2.815061172154029236e+02
3.116364776329904771e+02 2.563022869602768310e+02 2.814911762704372791e+02
3.116616760318784145e+02 2.562879337876141221e+02 2.814762353254715777e+02
3.116868744307664088e+02 2.562735806149513564e+02 2.814612943805058762e+02
3.117120728296543462e+02 2.562592274422886476e+02 2.814463534355402317e+02
3.117372712285422836e+02 2.562448742696259387e+02 2.814314124905745302e+02
3.117624696274302778e+02 2.562305210969632299e+02 2.814164715456088288e+02
3.117876680263182152e+02 2.562161679243004642e+02 2.814015306006431842e+02
3.118128664252061526e+02 2.562018147516377553e+02 2.813865896556774828e+02
3.118380648240941468e+02 2.561874615789750465e+02 2.813716487107118382e+02
3.118632632229820842e+02 2.561731084063123376e+02 2.813567077657461368e+02
3.118884616218700216e+02 2.561587552336495719e+02 2.813417668207804354e+02
3.119136600207580159e+02 2.561444020609868630e+02 2.813268258758147908e+02
3.119388584196459533e+02 2.561300488883241542e+02 2.813118849308490894e+02
3.119388584196459533e+02 2.561300488883241542e+02 2.813118849308490894e+02
3.119560713087128647e+02 2.561117182465746964e+02 2.812906047075487095e+02
3.119732841977797762e+02 2.560933876048252955e+02 2.812693244842483296e+02
3.119904970868466876e+02 2.560750569630758378e+02 2.812480442609479496e+02
3.120077099759135990e+02 2.560567263213263800e+02 2.812267640376475697e+02
3.120249228649805104e+02 2.560383956795769791e+02 2.812054838143471898e+02
3.120421357540474219e+02 2.560200650378275213e+02 2.811842035910468098e+02
3.120593486431143333e+02 2.560017343960780636e+02 2.811629233677464299e+02
3.120765615321811879e+02 2.559834037543286342e+02 2.811416431444460500e+02
3.120937744212480993e+02 2.559650731125792049e+02 2.811203629211456700e+02
3.121109873103150107e+02 2.559467424708297472e+02 2.810990826978452901e+02
3.121282001993819222e+02 2.559284118290803178e+02 2.810778024745449102e+02
3.121454130884488336e+02 2.559100811873308601e+02 2.810565222512445303e+02
3.121626259775157450e+02 2.558917505455814307e+02 2.810352420279441503e+02
3.121798388665826565e+02 2.558734199038320014e+02 2.810139618046437704e+02
3.121970517556495679e+02 2.558550892620825437e+02 2.809926815813433905e+02
3.122142646447164793e+02 2.558367586203331143e+02 2.809714013580430105e+02
3.122314775337833908e+02 2.558184279785836566e+02 2.809501211347426306e+02
3.122486904228503022e+02 2.558000973368342272e+02 2.809288409114422507e+02
3.122659033119172136e+02 2.557817666950847979e+02 2.809075606881418707e+02
3.122831162009841250e+02 2.557634360533353401e+02 2.808862804648414908e+02
3.123003290900510365e+02 2.557451054115859108e+02 2.808650002415411109e+02
3.123175419791179479e+02 2.557267747698364531e+02 2.808437200182407310e+02
3.123347548681848593e+02 2.557084441280870237e+02 2.808224397949403510e+02
3.123519677572517139e+02 2.556901134863375944e+02 2.808011595716399711e+02
3.123691806463186253e+02 2.556717828445881366e+02 2.807798793483395912e+02
3.123863935353855368e+02 2.556534522028387073e+02 2.807585991250392112e+02
3.124036064244524482e+02 2.556351215610892780e+02 2.807373189017388313e+02
3.124208193135193596e+02 2.556167909193398202e+02 2.807160386784384514e+02
3.124380322025862711e+02 2.555984602775903909e+02 2.806947584551380714e+02
3.124552450916531825e+02 2.555801296358409331e+02 2.806734782318376915e+02
3.124724579807200939e+02 2.555617989940915038e+02 2.806521980085373116e+02
3.124724579807200939e+02 2.555617989940915038e+02 2.806521980085373116e+02
3.124884441025164392e+02 2.555447747821493465e+02 2.806324344325210518e+02
3.125044302243128413e+02 2.555277505702071608e+02 2.806126708565047352e+02
3.125204163461091866e+02 2.555107263582650035e+02 2.805929072804884754e+02
3.125364024679055319e+02 2.554937021463228461e+02 2.805731437044721588e+02
3.125523885897018772e+02 2.554766779343806604e+02 2.805533801284558990e+02
3.125683747114982793e+02 2.554596537224385031e+02 2.805336165524396392e+02
3.125843608332946246e+02 2.554426295104963458e+02 2.805138529764233226e+02
3.126003469550909699e+02 2.554256052985541601e+02 2.804940894004070628e+02
3.126163330768873152e+02 2.554085810866120028e+02 2.804743258243907462e+02
3.126323191986837173e+02 2.553915568746698455e+02 2.804545622483744864e+02
3.126483053204800626e+02 2.553745326627276597e+02 2.804347986723582267e+02
3.126642914422764079e+02 2.553575084507855024e+02 2.804150350963419100e+02
3.126802775640728100e+02 2.553404842388433451e+02 2.803952715203256503e+02
3.126962636858691553e+02 2.553234600269011594e+02 2.803755079443093337e+02
3.127122498076655006e+02 2.553064358149590021e+02 2.803557443682930739e+02
3.127282359294618459e+02 2.552894116030168448e+02 2.803359807922768141e+02
3.127442220512582480e+02 2.552723873910746590e+02 2.803162172162604975e+02
3.127602081730545933e+02 2.552553631791325017e+02 2.802964536402442377e+02
3.127761942948509386e+02 2.552383389671903444e+02 2.802766900642279779e+02
3.127921804166472839e+02 2.552213147552481587e+02 2.802569264882116613e+02
3.128081665384436860e+02 2.552042905433060014e+02 2.802371629121954015e+02
3.128241526602400313e+02 2.551872663313638441e+02 2.802173993361790849e+02
3.128401387820363766e+02 2.551702421194216583e+02 2.801976357601628251e+02
3.128561249038327787e+02 2.551532179074795010e+02 2.801778721841465654e+02
3.128721110256291240e+02 2.551361936955373437e+02 2.801581086081302487e+02
3.128880971474254693e+02 2.551191694835951580e+02 2.801383450321139890e+02
3.129040832692218146e+02 2.551021452716530007e+02 2.801185814560976723e+02
3.129200693910182167e+02 2.550851210597108434e+02 2.800988178800814126e+02
3.129360555128145620e+02 2.550680968477686577e+02 2.800790543040651528e+02
3.129520416346109073e+02 2.550510726358265003e+02 2.800592907280488362e+02
3.129680277564072526e+02 2.550340484238843430e+02 2.800395271520325764e+02
3.129840138782036547e+02 2.550170242119421573e+02 2.800197635760162598e+02
3.130000000000000000e+02 2.550000000000000000e+02 2.800000000000000000e+02
3.130000000000000000e+02 2.550000000000000000e+02 2.800000000000000000e+02
3.130000000000000000e+02 2.550000000000000000e+02 2.800000000000000000e+02
3.130000000000000000e+02 2.550000000000000000e+02 2.800000000000000000e+02
3.130000000000000000e+02 2.550000000000000000e+02 2.800000000000000000e+02
3.130000000000000000e+02 2.550000000000000000e+02 2.800000000000000000e+02
3.130000000000000000e+02 2.550000000000000000e+02 2.800000000000000000e+02
3.130000000000000000e+02 2.550000000000000000e+02 2.800000000000000000e+02
3.130000000000000000e+02 2.550000000000000000e+02 2.800000000000000000e+02
3.130000000000000000e+02 2.550000000000000000e+02 2.800000000000000000e+02
3.130000000000000000e+02 2.550000000000000000e+02 2.800000000000000000e+02
3.130000000000000000e+02 2.550000000000000000e+02 2.800000000000000000e+02
3.130000000000000000e+02 2.550000000000000000e+02 2.800000000000000000e+02
3.130000000000000000e+02 2.550000000000000000e+02 2.800000000000000000e+02
3.130000000000000000e+02 2.550000000000000000e+02 2.800000000000000000e+02
3.130000000000000000e+02 2.550000000000000000e+02 2.800000000000000000e+02
3.130000000000000000e+02 2.550000000000000000e+02 2.800000000000000000e+02
3.130000000000000000e+02 2.550000000000000000e+02 2.800000000000000000e+02
3.130000000000000000e+02 2.550000000000000000e+02 2.800000000000000000e+02
3.130000000000000000e+02 2.550000000000000000e+02 2.800000000000000000e+02
3.130000000000000000e+02 2.550000000000000000e+02 2.800000000000000000e+02
3.130000000000000000e+02 2.550000000000000000e+02 2.800000000000000000e+02
3.130000000000000000e+02 2.550000000000000000e+02 2.800000000000000000e+02
3.130000000000000000e+02 2.550000000000000000e+02 2.800000000000000000e+02
3.130000000000000000e+02 2.550000000000000000e+02 2.800000000000000000e+02
3.130000000000000000e+02 2.550000000000000000e+02 2.800000000000000000e+02
3.130000000000000000e+02 2.550000000000000000e+02 2.800000000000000000e+02
3.130000000000000000e+02 2.550000000000000000e+02 2.800000000000000000e+02
3.130000000000000000e+02 2.550000000000000000e+02 2.800000000000000000e+02
3.130000000000000000e+02 2.550000000000000000e+02 2.800000000000000000e+02
3.130000000000000000e+02 2.550000000000000000e+02 2.800000000000000000e+02
3.130000000000000000e+02 2.550000000000000000e+02 2.800000000000000000e+02
3.130000000000000000e+02 2.550000000000000000e+02 2.800000000000000000e+02
3.130000000000000000e+02 2.550000000000000000e+02 2.800000000000000000e+02
3.130000000000000000e+02 2.550000000000000000e+02 2.800000000000000000e+02
3.130007049363664464e+02 2.550193305650097102e+02 2.799750756372511660e+02
3.130014098727328928e+02 2.550386611300194488e+02 2.799501512745022751e+02
3.130021148090993393e+02 2.550579916950291590e+02 2.799252269117534411e+02
3.130028197454657857e+02 2.550773222600388976e+02 2.799003025490045502e+02
3.130035246818322321e+02 2.550966528250486078e+02 2.798753781862557162e+02
3.130042296181986785e+02 2.551159833900583180e+02 2.798504538235068253e+02
3.130049345545651249e+02 2.551353139550680567e+02 2.798255294607579913e+02
3.130056394909315713e+02 2.551546445200777669e+02 2.798006050980091004e+02
3.130063444272980178e+02 2.551739750850875055e+02 2.797756807352602664e+02
3.130070493636644642e+02 2.551933056500972157e+02 2.797507563725113755e+02
3.130077543000309106e+02 2.552126362151069259e+02 2.797258320097625415e+02
3.130084592363973570e+02 2.552319667801166645e+02 2.797009076470136506e+02
3.130091641727638034e+02 2.552512973451263747e+02 2.796759832842648166e+02
3.130098691091302499e+02 2.552706279101361133e+02 2.796510589215159257e+02
3.130105740454966963e+02 2.552899584751458235e+02 2.796261345587670917e+02
3.130112789818631427e+02 2.553092890401555337e+02 2.796012101960182008e+02
3.130119839182295891e+02 2.553286196051652723e+02 2.795762858332693668e+02
3.130126888545960355e+02 2.553479501701749825e+02 2.795513614705205327e+02
3.130133937909624819e+02 2.553672807351847212e+02 2.795264371077716419e+02
3.130140987273289284e+02 2.553866113001944314e+02 2.795015127450228078e+02
3.130148036636953748e+02 2.554059418652041700e+02 2.794765883822739170e+02
3.130155086000618212e+02 2.554252724302138802e+02 2.794516640195250829e+02
3.130162135364282676e+02 2.554446029952235904e+02 2.794267396567761921e+02
3.130169184727947140e+02 2.554639335602333290e+02 2.794018152940273580e+02
3.130176234091611605e+02 2.554832641252430392e+02 2.793768909312784672e+02
3.130183283455276069e+02 2.555025946902527778e+02 2.793519665685296332e+02
3.130190332818940533e+02 2.555219252552624880e+02 2.793270422057807423e+02
3.130197382182604997e+02 2.555412558202721982e+02 2.793021178430319083e+02
3.130204431546269461e+02 2.555605863852819368e+02 2.792771934802830174e+02
3.130211480909933925e+02 2.555799169502916470e+02 2.792522691175341834e+02
3.130218530273598390e+02 2.555992475153013856e+02 2.792273447547852925e+02
3.130225579637262854e+02 2.556185780803110958e+02 2.792024203920364585e+02
3.130225579637262854e+02 2.556185780803110958e+02 2.792024203920364585e+02
3.130232652311269135e+02 2.556379725662787052e+02 2.791774136111512803e+02
3.130239724985275416e+02 2.556573670522463146e+02 2.791524068302661590e+02
3.130246797659281697e+02 2.556767615382139240e+02 2.791274000493809808e+02
3.130253870333287978e+02 2.556961560241815334e+02 2.791023932684958027e+02
3.130260943007294259e+02 2.557155505101491428e+02 2.790773864876106813e+02
3.130268015681300540e+02 2.557349449961167807e+02 2.790523797067255032e+02
3.130275088355306821e+02 2.557543394820843901e+02 2.790273729258403250e+02
3.130282161029313102e+02 2.557737339680519995e+02 2.790023661449552037e+02
3.130289233703319383e+02 2.557931284540196089e+02 2.789773593640700255e+02
3.130296306377325664e+02 2.558125229399872183e+02 2.789523525831848474e+02
3.130303379051331945e+02 2.558319174259548276e+02 2.789273458022996692e+02
3.130310451725338226e+02 2.558513119119224370e+02 2.789023390214145479e+02
3.130317524399344506e+02 2.558707063978900464e+02 2.788773322405293698e+02
3.130324597073350787e+02 2.558901008838576558e+02 2.788523254596441916e+02
3.130331669747357068e+02 2.559094953698252652e+02 2.788273186787590703e+02
3.130338742421363349e+02 2.559288898557928746e+02 2.788023118978738921e+02
3.130345815095370199e+02 2.559482843417605125e+02 2.787773051169887140e+02
3.130352887769376480e+02 2.559676788277281219e+02 2.787522983361035926e+02
3.130359960443382761e+02 2.559870733136957313e+02 2.787272915552184145e+02
3.130367033117389042e+02 2.560064677996633122e+02 2.787022847743332363e+02
3.130374105791395323e+02 2.560258622856309216e+02 2.786772779934481150e+02
3.130381178465401604e+02 2.560452567715985879e+02 2.786522712125629369e+02
3.130388251139407885e+02 2.560646512575661973e+02 2.786272644316777587e+02
3.130395323813414166e+02 2.560840457435338067e+02 2.786022576507925805e+02
3.130402396487420447e+02 2.561034402295014161e+02 2.785772508699074592e+02
3.130409469161426728e+02 2.561228347154690255e+02 2.785522440890222811e+02
3.130416541835433009e+02 2.561422292014366349e+02 2.785272373081371029e+02
3.130423614509439290e+02 2.561616236874042443e+02 2.785022305272519816e+02
3.130430687183445571e+02 2.561810181733718537e+02 2.784772237463668034e+02
3.130437759857451852e+02 2.562004126593394631e+02 2.784522169654816253e+02
3.130444832531458133e+02 2.562198071453070725e+02 2.784272101845965040e+02
3.130451905205464413e+02 2.562392016312746819e+02 2.784022034037113258e+02
3.130451905205464413e+02 2.562392016312746819e+02 2.784022034037113258e+02
3.130323812357062820e+02 2.562351151200411437e+02 2.783741128529771913e+02
3.130195719508660659e+02 2.562310286088076055e+02 2.783460223022430000e+02
3.130067626660259066e+02 2.562269420975740672e+02 2.783179317515088655e+02
3.129939533811857473e+02 2.562228555863404722e+02 2.782898412007747311e+02
3.129811440963455880e+02 2.562187690751069340e+02 2.782617506500405966e+02
3.129683348115053718e+02 2.562146825638733958e+02 2.782336600993064053e+02
3.129555255266652125e+02 2.562105960526398576e+02 2.782055695485722708e+02
3.129427162418250532e+02 2.562065095414063194e+02 2.781774789978381364e+02
3.129299069569848371e+02 2.562024230301727812e+02 2.781493884471039451e+02
3.129170976721446777e+02 2.561983365189392430e+02 2.781212978963698106e+02
3.129042883873045184e+02 2.561942500077057048e+02 2.780932073456356761e+02
3.128914791024643591e+02 2.561901634964721097e+02 2.780651167949015417e+02
3.128786698176241430e+02 2.561860769852385715e+02 2.780370262441673503e+02
3.128658605327839837e+02 2.561819904740050333e+02 2.780089356934332159e+02
3.128530512479438244e+02 2.561779039627714951e+02 2.779808451426990814e+02
3.128402419631036082e+02 2.561738174515379569e+02 2.779527545919648901e+02
3.128274326782634489e+02 2.561697309403044187e+02 2.779246640412307556e+02
3.128146233934232896e+02 2.561656444290708805e+02 2.778965734904966212e+02
3.128018141085830734e+02 2.561615579178373423e+02 2.778684829397624299e+02
3.127890048237429141e+02 2.561574714066037473e+02 2.778403923890282954e+02
3.127761955389027548e+02 2.561533848953702091e+02 2.778123018382941609e+02
3.127633862540625955e+02 2.561492983841366708e+02 2.777842112875600264e+02
3.127505769692223794e+02 2.561452118729031326e+02 2.777561207368258351e+02
3.127377676843822201e+02 2.561411253616695944e+02 2.777280301860917007e+02
3.127249583995420608e+02 2.561370388504360562e+02 2.776999396353575662e+02
3.127121491147018446e+02 2.561329523392025180e+02 2.776718490846233749e+02
3.126993398298616853e+02 2.561288658279689798e+02 2.776437585338892404e+02
3.126865305450215260e+02 2.561247793167353848e+02 2.776156679831551060e+02
3.126737212601813667e+02 2.561206928055018466e+02 2.775875774324209715e+02
3.126609119753411505e+02 2.561166062942683084e+02 2.775594868816867802e+02
3.126481026905009912e+02 2.561125197830347702e+02 2.775313963309526457e+02
3.126481026905009912e+02 2.561125197830347702e+02 2.775313963309526457e+02
3.126302025139707439e+02 2.560971323118827740e+02 2.775112061947666575e+02
3.126123023374404397e+02 2.560817448407307211e+02 2.774910160585806125e+02
3.125944021609101924e+02 2.560663573695787250e+02 2.774708259223946243e+02
3.125765019843799450e+02 2.560509698984267288e+02 2.774506357862086361e+02
3.125586018078496409e+02 2.560355824272747327e+02 2.774304456500225911e+02
3.125407016313193935e+02 2.560201949561226797e+02 2.774102555138366029e+02
3.125228014547891462e+02 2.560048074849706836e+02 2.773900653776506147e+02
3.125049012782588989e+02 2.559894200138186875e+02 2.773698752414645696e+02
3.124870011017285947e+02 2.559740325426666629e+02 2.773496851052785814e+02
3.124691009251983473e+02 2.559586450715146384e+02 2.773294949690925932e+02
3.124512007486681000e+02 2.559432576003626423e+02 2.773093048329065482e+02
3.124333005721377958e+02 2.559278701292106177e+02 2.772891146967205600e+02
3.124154003956075485e+02 2.559124826580586216e+02 2.772689245605345718e+02
3.123975002190773012e+02 2.558970951869065971e+02 2.772487344243485268e+02
3.123796000425469970e+02 2.558817077157546009e+02 2.772285442881625386e+02
3.123616998660167496e+02 2.558663202446025764e+02 2.772083541519764935e+02
3.123437996894865023e+02 2.558509327734505803e+02 2.771881640157905053e+02
3.123258995129561981e+02 2.558355453022985557e+02 2.771679738796045172e+02
3.123079993364259508e+02 2.558201578311465596e+02 2.771477837434184721e+02
3.122900991598957035e+02 2.558047703599945351e+02 2.771275936072324839e+02
3.122721989833653993e+02 2.557893828888425105e+02 2.771074034710464957e+02
3.122542988068351519e+02 2.557739954176905144e+02 2.770872133348604507e+02
3.122363986303049046e+02 2.557586079465384898e+02 2.770670231986744625e+02
3.122184984537746573e+02 2.557432204753864937e+02 2.770468330624884743e+02
3.122005982772443531e+02 2.557278330042344692e+02 2.770266429263024293e+02
3.121826981007141057e+02 2.557124455330824730e+02 2.770064527901164411e+02
3.121647979241838584e+02 2.556970580619304485e+02 2.769862626539304529e+02
3.121468977476535542e+02 2.556816705907784524e+02 2.769660725177444078e+02
3.121289975711233069e+02 2.556662831196264278e+02 2.769458823815584196e+02
3.121289975711233069e+02 2.556662831196264278e+02 2.769458823815584196e+02
3.121027337245184299e+02 2.556496610551106698e+02 2.769521608937556039e+02
3.120764698779135529e+02 2.556330389905949119e+02 2.769584394059527312e+02
3.120502060313086758e+02 2.556164169260791539e+02 2.769647179181499155e+02
3.120239421847037420e+02 2.555997948615633959e+02 2.769709964303470429e+02
3.119976783380988650e+02 2.555831727970476379e+02 2.769772749425442271e+02
3.119714144914939880e+02 2.555665507325318799e+02 2.769835534547413545e+02
3.119451506448891109e+02 2.555499286680161219e+02 2.769898319669385387e+02
3.119188867982842339e+02 2.555333066035003640e+02 2.769961104791356661e+02
3.118926229516793569e+02 2.555166845389846060e+02 2.770023889913328503e+02
3.118663591050744230e+02 2.555000624744688480e+02 2.770086675035299777e+02
3.118400952584695460e+02 2.554834404099530900e+02 2.770149460157271619e+02
3.118138314118646690e+02 2.554668183454373320e+02 2.770212245279242893e+02
3.117875675652597920e+02 2.554501962809215740e+02 2.770275030401214735e+02
3.117613037186549150e+02 2.554335742164058161e+02 2.770337815523186009e+02
3.117350398720500380e+02 2.554169521518900581e+02 2.770400600645157851e+02
3.117087760254451041e+02 2.554003300873742717e+02 2.770463385767129125e+02
3.116825121788402271e+02 2.553837080228585137e+02 2.770526170889100968e+02
3.116562483322353501e+02 2.553670859583427557e+02 2.770588956011072241e+02
3.116299844856304730e+02 2.553504638938269977e+02 2.770651741133044084e+02
3.116037206390255960e+02 2.553338418293112397e+02 2.770714526255015357e+02
3.115774567924207190e+02 2.553172197647954818e+02 2.770777311376987200e+02
3.115511929458157852e+02 2.553005977002797238e+02 2.770840096498958474e+02
3.115249290992109081e+02 2.552839756357639658e+02 2.770902881620930316e+02
3.114986652526060311e+02 2.552673535712482078e+02 2.770965666742901590e+02
3.114724014060011541e+02 2.552507315067324498e+02 2.771028451864873432e+02
3.114461375593962771e+02 2.552341094422166918e+02 2.771091236986844706e+02
3.114198737127914001e+02 2.552174873777009338e+02 2.771154022108816548e+02
3.113936098661864662e+02 2.552008653131851759e+02 2.771216807230787822e+02
3.113673460195815892e+02 2.551842432486694179e+02 2.771279592352759664e+02
3.113410821729767122e+02 2.551676211841536599e+02 2.771342377474730938e+02
3.113148183263718352e+02 2.551509991196379019e+02 2.771405162596702780e+02
3.113148183263718352e+02 2.551509991196379019e+02 2.771405162596702780e+02
3.113027351420576565e+02 2.551314764349557436e+02 2.771612377978455015e+02
3.112906519577434210e+02 2.551119537502735852e+02 2.771819593360207250e+02
3.112785687734292424e+02 2.550924310655914269e+02 2.772026808741960053e+02
3.112664855891150069e+02 2.550729083809092685e+02 2.772234024123712288e+02
3.112544024048008282e+02 2.550533856962271102e+02 2.772441239505464523e+02
3.112423192204865927e+02 2.550338630115449803e+02 2.772648454887216758e+02
3.112302360361724141e+02 2.550143403268628219e+02 2.772855670268968993e+02
3.112181528518581786e+02 2.549948176421806636e+02 2.773062885650721796e+02
3.112060696675439999e+02 2.549752949574985053e+02 2.773270101032474031e+02
3.111939864832297644e+02 2.549557722728163469e+02 2.773477316414226266e+02
3.111819032989155858e+02 2.549362495881341886e+02 2.773684531795978501e+02
3.111698201146014071e+02 2.549167269034520302e+02 2.773891747177731304e+02
3.111577369302871716e+02 2.548972042187698719e+02 2.774098962559483539e+02
3.111456537459729930e+02 2.548776815340877135e+02 2.774306177941235774e+02
3.111335705616587575e+02 2.548581588494055552e+02 2.774513393322988009e+02
3.111214873773445788e+02 2.548386361647233969e+02 2.774720608704740243e+02
3.111094041930303433e+02 2.548191134800412669e+02 2.774927824086493047e+02
3.110973210087161647e+02 2.547995907953591086e+02 2.775135039468245282e+02
3.110852378244019292e+02 2.547800681106769503e+02 2.775342254849997516e+02
3.110731546400877505e+02 2.547605454259947919e+02 2.775549470231749751e+02
3.110610714557735150e+02 2.547410227413126336e+02 2.775756685613501986e+02
3.110489882714593364e+02 2.547215000566304752e+02 2.775963900995254789e+02
3.110369050871451577e+02 2.547019773719483169e+02 2.776171116377007024e+02
3.110248219028309222e+02 2.546824546872661585e+02 2.776378331758759259e+02
3.110127387185167436e+02 2.546629320025840002e+02 2.776585547140511494e+02
3.110006555342025081e+02 2.546434093179018419e+02 2.776792762522264297e+02
3.109885723498883294e+02 2.546238866332196835e+02 2.776999977904016532e+02
3.109764891655740939e+02 2.546043639485375536e+02 2.777207193285768767e+02
3.109644059812599153e+02 2.545848412638553953e+02 2.777414408667521002e+02
3.109523227969456798e+02 2.545653185791732369e+02 2.777621624049273237e+02
3.109402396126315011e+02 2.545457958944910786e+02 2.777828839431026040e+02
3.109281564283172656e+02 2.545262732098089202e+02 2.778036054812778275e+02
3.109160732440030870e+02 2.545067505251267619e+02 2.778243270194530510e+02
3.109160732440030870e+02 2.545067505251267619e+02 2.778243270194530510e+02
3.109009328987365279e+02 2.544911561701593996e+02 2.778470078831235810e+02
3.108857925534700257e+02 2.544755618151920089e+02 2.778696887467940542e+02
3.108706522082034667e+02 2.544599674602246466e+02 2.778923696104645842e+02
3.108555118629369645e+02 2.544443731052572844e+02 2.779150504741350574e+02
3.108403715176704054e+02 2.544287787502898937e+02 2.779377313378055874e+02
3.108252311724039032e+02 2.544131843953225314e+02 2.779604122014761174e+02
3.108100908271373441e+02 2.543975900403551407e+02 2.779830930651465906e+02
3.107949504818708419e+02 2.543819956853877784e+02 2.780057739288171206e+02
3.107798101366042829e+02 2.543664013304204161e+02 2.780284547924875937e+02
3.107646697913377807e+02 2.543508069754530254e+02 2.780511356561581238e+02
3.107495294460712216e+02 2.543352126204856631e+02 2.780738165198286538e+02
3.107343891008047194e+02 2.543196182655183009e+02 2.780964973834991270e+02
3.107192487555381604e+02 2.543040239105509102e+02 2.781191782471696570e+02
3.107041084102716582e+02 2.542884295555835479e+02 2.781418591108401301e+02
3.106889680650050991e+02 2.542728352006161572e+02 2.781645399745106602e+02
3.106738277197385401e+02 2.542572408456487949e+02 2.781872208381811902e+02
3.106586873744720378e+02 2.542416464906814326e+02 2.782099017018516633e+02
3.106435470292054788e+02 2.542260521357140419e+02 2.782325825655221934e+02
3.106284066839389766e+02 2.542104577807466796e+02 2.782552634291926665e+02
3.106132663386724175e+02 2.541948634257793174e+02 2.782779442928631966e+02
3.105981259934059153e+02 2.541792690708119267e+02 2.783006251565337266e+02
3.105829856481393563e+02 2.541636747158445644e+02 2.783233060202041997e+02
3.105678453028728541e+02 2.541480803608772021e+02 2.783459868838747298e+02
3.105527049576062950e+02 2.541324860059098114e+02 2.783686677475452029e+02
3.105375646123397928e+02 2.541168916509424491e+02 2.783913486112157329e+02
3.105224242670732338e+02 2.541012972959750584e+02 2.784140294748862630e+02
3.105072839218067315e+02 2.540857029410076962e+02 2.784367103385567361e+02
3.104921435765401725e+02 2.540701085860403339e+02 2.784593912022272661e+02
3.104770032312736703e+02 2.540545142310729432e+02 2.784820720658977393e+02
3.104618628860071112e+02 2.540389198761055809e+02 2.785047529295682693e+02
3.104618628860071112e+02 2.540389198761055809e+02 2.785047529295682693e+02
3.104449036718452248e+02 2.540527210238295197e+02 2.785281074644655632e+02
3.104279444576833384e+02 2.540665221715534585e+02 2.785514619993629140e+02
3.104109852435214520e+02 2.540803233192774258e+02 2.785748165342602078e+02
3.103940260293596225e+02 2.540941244670013646e+02 2.785981710691575017e+02
3.103770668151977361e+02 2.541079256147253034e+02 2.786215256040548525e+02
3.103601076010358497e+02 2.541217267624492422e+02 2.786448801389521464e+02
3.103431483868739633e+02 2.541355279101731810e+02 2.786682346738494402e+02
3.103261891727120769e+02 2.541493290578971198e+02 2.786915892087467341e+02
3.103092299585501905e+02 2.541631302056210870e+02 2.787149437436440849e+02
3.102922707443883041e+02 2.541769313533450259e+02 2.787382982785413787e+02
3.102753115302264746e+02 2.541907325010689647e+02 2.787616528134386726e+02
3.102583523160645882e+02 2.542045336487929035e+02 2.787850073483360234e+02
3.102413931019027018e+02 2.542183347965168423e+02 2.788083618832333173e+02
3.102244338877408154e+02 2.542321359442407811e+02 2.788317164181306111e+02
3.102074746735789290e+02 2.542459370919647483e+02 2.788550709530279619e+02
3.101905154594170426e+02 2.542597382396886871e+02 2.788784254879252558e+02
3.101735562452551562e+02 2.542735393874126260e+02 2.789017800228225497e+02
3.101565970310932698e+02 2.542873405351365648e+02 2.789251345577199004e+02
3.101396378169314403e+02 2.543011416828605036e+02 2.789484890926171943e+02
3.101226786027695539e+02 2.543149428305844424e+02 2.789718436275144882e+02
3.101057193886076675e+02 2.543287439783084096e+02 2.789951981624118389e+02
3.100887601744457811e+02 2.543425451260323484e+02 2.790185526973091328e+02
3.100718009602838947e+02 2.543563462737562872e+02 2.790419072322064267e+02
3.100548417461220083e+02 2.543701474214802261e+02 2.790652617671037206e+02
3.100378825319601219e+02 2.543839485692041649e+02 2.790886163020010713e+02
3.100209233177982924e+02 2.543977497169281037e+02 2.791119708368983652e+02
3.100039641036364060e+02 2.544115508646520709e+02 2.791353253717956591e+02
3.099870048894745196e+02 2.544253520123760097e+02 2.791586799066930098e+02
3.099700456753126332e+02 2.544391531600999485e+02 2.791820344415903037e+02
3.099700456753126332e+02 2.544391531600999485e+02 2.791820344415903037e+02
3.099534302091730069e+02 2.544526745709687816e+02 2.792049156010643856e+02
3.099368147430333238e+02 2.544661959818376431e+02 2.792277967605385243e+02
3.099201992768936975e+02 2.544797173927064762e+02 2.792506779200126061e+02
3.099035838107540144e+02 2.544932388035753377e+02 2.792735590794867448e+02
3.098869683446143881e+02 2.545067602144441707e+02 2.792964402389608267e+02
3.098703528784747618e+02 2.545202816253130038e+02 2.793193213984349654e+02
3.098537374123350787e+02 2.545338030361818653e+02 2.793422025579090473e+02
3.098371219461954524e+02 2.545473244470506984e+02 2.793650837173831860e+02
3.098205064800558262e+02 2.545608458579195315e+02 2.793879648768572679e+02
3.098038910139161430e+02 2.545743672687883929e+02 2.794108460363314066e+02
3.097872755477765168e+02 2.545878886796572260e+02 2.794337271958054885e+02
3.097706600816368336e+02 2.546014100905260875e+02 2.794566083552796272e+02
3.097540446154972074e+02 2.546149315013949206e+02 2.794794895147537090e+02
3.097374291493575811e+02 2.546284529122637537e+02 2.795023706742278478e+02
3.097208136832178980e+02 2.546419743231326152e+02 2.795252518337019296e+02
3.097041982170782717e+02 2.546554957340014482e+02 2.795481329931760683e+02
3.096875827509386454e+02 2.546690171448702813e+02 2.795710141526501502e+02
3.096709672847989623e+02 2.546825385557391428e+02 2.795938953121242889e+02
3.096543518186593360e+02 2.546960599666079759e+02 2.796167764715983708e+02
3.096377363525196529e+02 2.547095813774768374e+02 2.796396576310725095e+02
3.096211208863800266e+02 2.547231027883456704e+02 2.796625387905465914e+02
3.096045054202404003e+02 2.547366241992145035e+02 2.796854199500207301e+02
3.095878899541007172e+02 2.547501456100833650e+02 2.797083011094948120e+02
3.095712744879610909e+02 2.547636670209521981e+02 2.797311822689689507e+02
3.095546590218214646e+02 2.547771884318210311e+02 2.797540634284430325e+02
3.095380435556817815e+02 2.547907098426898926e+02 2.797769445879171712e+02
3.095214280895421552e+02 2.548042312535587257e+02 2.797998257473912531e+02
3.095048126234024721e+02 2.548177526644275872e+02 2.798227069068653918e+02
3.094881971572628458e+02 2.548312740752964203e+02 2.798455880663394737e+02
3.094881971572628458e+02 2.548312740752964203e+02 2.798455880663394737e+02
3.094565254601689048e+02 2.548329666167734615e+02 2.798455246324331824e+02
3.094248537630749638e+02 2.548346591582505312e+02 2.798454611985268343e+02
3.093931820659810228e+02 2.548363516997275724e+02 2.798453977646205431e+02
3.093615103688870818e+02 2.548380442412046420e+02 2.798453343307142518e+02
3.093298386717931407e+02 2.548397367826816833e+02 2.798452708968079605e+02
3.092981669746992566e+02 2.548414293241587529e+02 2.798452074629016124e+02
3.092664952776053156e+02 2.548431218656357942e+02 2.798451440289953212e+02
3.092348235805113745e+02 2.548448144071128354e+02 2.798450805950890299e+02
3.092031518834174335e+02 2.548465069485899051e+02 2.798450171611827386e+02
3.091714801863234925e+02 2.548481994900669463e+02 2.798449537272763905e+02
3.091398084892295515e+02 2.548498920315440159e+02 2.798448902933700992e+02
3.091081367921356104e+02 2.548515845730210572e+02 2.798448268594638080e+02
3.090764650950416694e+02 2.548532771144981268e+02 2.798447634255575167e+02
3.090447933979477284e+02 2.548549696559751681e+02 2.798446999916511686e+02
3.090131217008537874e+02 2.548566621974522377e+02 2.798446365577448773e+02
3.089814500037598464e+02 2.548583547389292789e+02 2.798445731238385861e+02
3.089497783066659053e+02 2.548600472804063202e+02 2.798445096899322948e+02
3.089181066095720212e+02 2.548617398218833898e+02 2.798444462560259467e+02
3.088864349124780802e+02 2.548634323633604311e+02 2.798443828221196554e+02
3.088547632153841391e+02 2.548651249048375007e+02 2.798443193882133642e+02
3.088230915182901981e+02 2.548668174463145419e+02 2.798442559543070729e+02
3.087914198211962571e+02 2.548685099877916116e+02 2.798441925204007248e+02
3.087597481241023161e+02 2.548702025292686528e+02 2.798441290864944335e+02
3.087597481241023161e+02 2.548702025292686528e+02 2.798441290864944335e+02
3.087277478945976554e+02 2.548719126275798033e+02 2.798440649945844143e+02
3.086957476650929948e+02 2.548736227258909821e+02 2.798440009026743951e+02
3.086637474355883342e+02 2.548753328242021325e+02 2.798439368107643759e+02
3.086317472060837304e+02 2.548770429225132830e+02 2.798438727188543567e+02
3.085997469765790697e+02 2.548787530208244334e+02 2.798438086269443374e+02
3.085677467470744091e+02 2.548804631191356123e+02 2.798437445350343182e+02
3.085357465175697484e+02 2.548821732174467627e+02 2.798436804431242990e+02
3.085037462880650878e+02 2.548838833157579131e+02 2.798436163512142798e+02
3.084717460585604272e+02 2.548855934140690636e+02 2.798435522593042606e+02
3.084397458290557665e+02 2.548873035123802424e+02 2.798434881673942414e+02
3.084077455995511627e+02 2.548890136106913928e+02 2.798434240754842222e+02
3.083757453700465021e+02 2.548907237090025433e+02 2.798433599835742598e+02
3.083437451405418415e+02 2.548924338073137221e+02 2.798432958916642406e+02
3.083117449110371808e+02 2.548941439056248726e+02 2.798432317997542214e+02
3.082797446815325202e+02 2.548958540039360230e+02 2.798431677078442021e+02
3.082477444520278596e+02 2.548975641022471734e+02 2.798431036159341829e+02
3.082157442225231989e+02 2.548992742005583523e+02 2.798430395240241637e+02
3.081837439930185383e+02 2.549009842988695027e+02 2.798429754321141445e+02
3.081517437635139345e+02 2.549026943971806531e+02 2.798429113402041253e+02
3.081197435340092738e+02 2.549044044954918036e+02 2.798428472482941061e+02
3.080877433045046132e+02 2.549061145938029824e+02 2.798427831563840869e+02
3.080557430749999526e+02 2.549078246921141329e+02 2.798427190644740676e+02
3.080557430749999526e+02 2.549078246921141329e+02 2.798427190644740676e+02
3.080390647179044095e+02 2.549255860910111267e+02 2.798633384481171333e+02
3.080223863608089232e+02 2.549433474899081489e+02 2.798839578317601990e+02
3.080057080037133801e+02 2.549611088888051427e+02 2.799045772154032647e+02
3.079890296466178370e+02 2.549788702877021649e+02 2.799251965990463304e+02
3.079723512895223507e+02 2.549966316865991587e+02 2.799458159826893962e+02
3.079556729324268076e+02 2.550143930854961809e+02 2.799664353663324619e+02
3.079389945753313214e+02 2.550321544843931747e+02 2.799870547499755844e+02
3.079223162182357783e+02 2.550499158832901685e+02 2.800076741336186501e+02
3.079056378611402351e+02 2.550676772821871907e+02 2.800282935172617158e+02
3.078889595040447489e+02 2.550854386810841845e+02 2.800489129009047815e+02
3.078722811469492058e+02 2.551032000799812067e+02 2.800695322845478472e+02
3.078556027898537195e+02 2.551209614788782005e+02 2.800901516681909129e+02
3.078389244327581764e+02 2.551387228777751943e+02 2.801107710518339786e+02
3.078222460756626333e+02 2.551564842766722165e+02 2.801313904354770443e+02
3.078055677185671470e+02 2.551742456755692103e+02 2.801520098191201100e+02
3.077888893614716039e+02 2.551920070744662326e+02 2.801726292027631757e+02
3.077722110043760608e+02 2.552097684733632263e+02 2.801932485864062414e+02
3.077555326472805746e+02 2.552275298722602201e+02 2.802138679700493640e+02
3.077388542901850315e+02 2.552452912711572424e+02 2.802344873536924297e+02
3.077221759330894884e+02 2.552630526700542362e+02 2.802551067373354954e+02
3.077054975759940021e+02 2.552808140689512584e+02 2.802757261209785611e+02
3.076888192188984590e+02 2.552985754678482522e+02 2.802963455046216268e+02
3.076721408618029727e+02 2.553163368667452744e+02 2.803169648882646925e+02
3.076554625047074296e+02 2.553340982656422682e+02 2.803375842719077582e+02
3.076554625047074296e+02 2.553340982656422682e+02 2.803375842719077582e+02
3.076383244376400512e+02 2.553523492266790242e+02 2.803587719930807225e+02
3.076211863705726728e+02 2.553706001877157803e+02 2.803799597142536868e+02
3.076040483035052944e+02 2.553888511487525363e+02 2.804011474354266511e+02
3.075869102364378591e+02 2.554071021097892924e+02 2.804223351565996154e+02
3.075697721693704807e+02 2.554253530708260485e+02 2.804435228777725797e+02
3.075526341023031023e+02 2.554436040318628045e+02 2.804647105989456009e+02
3.075354960352357239e+02 2.554618549928995606e+02 2.804858983201185652e+02
3.075183579681683455e+02 2.554801059539363166e+02 2.805070860412915295e+02
3.075012199011009670e+02 2.554983569149730727e+02 2.805282737624644938e+02
3.074840818340335886e+02 2.555166078760098287e+02 2.805494614836374581e+02
3.074669437669661534e+02 2.555348588370466132e+02 2.805706492048104224e+02
3.074498056998987749e+02 2.555531097980833692e+02 2.805918369259833867e+02
3.074326676328313965e+02 2.555713607591201253e+02 2.806130246471563510e+02
3.074155295657640181e+02 2.555896117201568813e+02 2.806342123683293153e+02
3.073983914986966397e+02 2.556078626811936374e+02 2.806554000895022796e+02
3.073812534316292613e+02 2.556261136422303935e+02 2.806765878106753007e+02
3.073641153645618829e+02 2.556443646032671495e+02 2.806977755318482650e+02
3.073469772974944476e+02 2.556626155643039056e+02 2.807189632530212293e+02
3.073298392304270692e+02 2.556808665253406616e+02 2.807401509741941936e+02
3.073127011633596908e+02 2.556991174863774177e+02 2.807613386953671579e+02
3.072955630962923124e+02 2.557173684474141737e+02 2.807825264165401222e+02
3.072955630962923124e+02 2.557173684474141737e+02 2.807825264165401222e+02
3.072650259067888214e+02 2.557258130893995087e+02 2.807841125658005126e+02
3.072344887172853305e+02 2.557342577313848437e+02 2.807856987150609029e+02
3.072039515277818396e+02 2.557427023733701787e+02 2.807872848643213501e+02
3.071734143382783486e+02 2.557511470153555138e+02 2.807888710135817405e+02
3.071428771487748577e+02 2.557595916573408488e+02 2.807904571628421309e+02
3.071123399592713668e+02 2.557680362993261838e+02 2.807920433121025212e+02
3.070818027697678190e+02 2.557764809413115472e+02 2.807936294613629116e+02
3.070512655802643280e+02 2.557849255832968822e+02 2.807952156106233588e+02
3.070207283907608371e+02 2.557933702252822172e+02 2.807968017598837491e+02
3.069901912012573462e+02 2.558018148672675522e+02 2.807983879091441395e+02
3.069596540117538552e+02 2.558102595092528873e+02 2.807999740584045298e+02
3.069291168222503643e+02 2.558187041512382223e+02 2.808015602076649202e+02
3.068985796327468734e+02 2.558271487932235573e+02 2.808031463569253674e+02
3.068680424432433824e+02 2.558355934352088923e+02 2.808047325061857578e+02
3.068375052537398915e+02 2.558440380771942273e+02 2.808063186554461481e+02
3.068069680642364006e+02 2.558524827191795623e+02 2.808079048047065385e+02
3.067764308747329096e+02 2.558609273611648973e+02 2.808094909539669857e+02
3.067458936852293618e+02 2.558693720031502608e+02 2.808110771032273760e+02
3.067153564957258709e+02 2.558778166451355958e+02 2.808126632524877664e+02
3.066848193062223800e+02 2.558862612871209308e+02 2.808142494017481567e+02
3.066542821167188890e+02 2.558947059291062658e+02 2.808158355510085471e+02
3.066237449272153981e+02 2.559031505710916008e+02 2.808174217002689943e+02
3.065932077377119072e+02 2.559115952130769358e+02 2.808190078495293847e+02
3.065626705482084162e+02 2.559200398550622708e+02 2.808205939987897750e+02
