2.951735692324362503e+02 1.536318607144361863e+02 2.274493537400961145e+02
2.951738099541719293e+02 1.536653797663373950e+02 2.274468664467335088e+02
2.951740506759075515e+02 1.536988988182385754e+02 2.274443791533708747e+02
2.951742913976432305e+02 1.537324178701397841e+02 2.274418918600082691e+02
2.951745321193789096e+02 1.537659369220409644e+02 2.274394045666456350e+02
2.951747728411145317e+02 1.537994559739421732e+02 2.274369172732830293e+02
2.951750135628502107e+02 1.538329750258433819e+02 2.274344299799204236e+02
2.951752542845858329e+02 1.538664940777445622e+02 2.274319426865577896e+02
2.951754950063215119e+02 1.539000131296457710e+02 2.274294553931951839e+02
2.951757357280571910e+02 1.539335321815469513e+02 2.274269680998325498e+02
2.951759764497928131e+02 1.539670512334481600e+02 2.274244808064699441e+02
2.951762171715284921e+02 1.540005702853493403e+02 2.274219935131073100e+02
2.951764578932641143e+02 1.540340893372505491e+02 2.274195062197447044e+02
2.951766986149997933e+02 1.540676083891517578e+02 2.274170189263820987e+02
2.951769393367354724e+02 1.541011274410529381e+02 2.274145316330194646e+02
2.951771800584710945e+02 1.541346464929541469e+02 2.274120443396568589e+02
2.951774207802067735e+02 1.541681655448553272e+02 2.274095570462942248e+02
2.951776615019424526e+02 1.542016845967565359e+02 2.274070697529316192e+02
2.951779022236780747e+02 1.542352036486577163e+02 2.274045824595689851e+02
2.951781429454137538e+02 1.542687227005589250e+02 2.274020951662063794e+02
2.951783836671494328e+02 1.543022417524601337e+02 2.273996078728437737e+02
2.951786243888850549e+02 1.543357608043613141e+02 2.273971205794811397e+02
2.951788651106207340e+02 1.543692798562625228e+02 2.273946332861185340e+02
2.951791058323563561e+02 1.544027989081637031e+02 2.273921459927558999e+02
2.951793465540920351e+02 1.544363179600649119e+02 2.273896586993932942e+02
2.951793465540920351e+02 1.544363179600649119e+02 2.273896586993932942e+02
2.951795902651608685e+02 1.544702532586077552e+02 2.273871405182981675e+02
2.951798339762297019e+02 1.545041885571505986e+02 2.273846223372030408e+02
2.951800776872985352e+02 1.545381238556934420e+02 2.273821041561079142e+02
2.951803213983673686e+02 1.545720591542362854e+02 2.273795859750127875e+02
2.951805651094362588e+02 1.546059944527791288e+02 2.273770677939176892e+02
2.951808088205050922e+02 1.546399297513219722e+02 2.273745496128225625e+02
2.951810525315739255e+02 1.546738650498647871e+02 2.273720314317274358e+02
2.951812962426427589e+02 1.547078003484076305e+02 2.273695132506323091e+02
2.951815399537115923e+02 1.547417356469504739e+02 2.273669950695371824e+02
2.951817836647804256e+02 1.547756709454933173e+02 2.273644768884420557e+02
2.951820273758492590e+02 1.548096062440361607e+02 2.273619587073469290e+02
2.951822710869180924e+02 1.548435415425790040e+02 2.273594405262518023e+02
2.951825147979869826e+02 1.548774768411218474e+02 2.273569223451567041e+02
2.951827585090558159e+02 1.549114121396646908e+02 2.273544041640615774e+02
2.951830022201246493e+02 1.549453474382075342e+02 2.273518859829664507e+02
2.951832459311934826e+02 1.549792827367503776e+02 2.273493678018713240e+02
2.951834896422623160e+02 1.550132180352932210e+02 2.273468496207761973e+02
2.951837333533311494e+02 1.550471533338360643e+02 2.273443314396810706e+02
2.951839770643999827e+02 1.550810886323788793e+02 2.273418132585859439e+02
2.951842207754688161e+02 1.551150239309217227e+02 2.273392950774908172e+02
2.951844644865377063e+02 1.551489592294645661e+02 2.273367768963957189e+02
2.951847081976065397e+02 1.551828945280074095e+02 2.273342587153005923e+02
2.951849519086753730e+02 1.552168298265502528e+02 2.273317405342054656e+02
2.951851956197442064e+02 1.552507651250930962e+02 2.273292223531103389e+02
2.951854393308130398e+02 1.552847004236359396e+02 2.273267041720152122e+02
2.951854393308130398e+02 1.552847004236359396e+02 2.273267041720152122e+02
2.951879886215734814e+02 1.553129997175651056e+02 2.273206011674006959e+02
2.951905379123338662e+02 1.553412990114942716e+02 2.273144981627861796e+02
2.951930872030943078e+02 1.553695983054234375e+02 2.273083951581716633e+02
2.951956364938546926e+02 1.553978975993526035e+02 2.273022921535571754e+02
2.951981857846151343e+02 1.554261968932817979e+02 2.272961891489426591e+02
2.952007350753755190e+02 1.554544961872109639e+02 2.272900861443281428e+02
2.952032843661359607e+02 1.554827954811401298e+02 2.272839831397136265e+02
2.952058336568963455e+02 1.555110947750692958e+02 2.272778801350991102e+02
2.952083829476567871e+02 1.555393940689984618e+02 2.272717771304845940e+02
2.952109322384172287e+02 1.555676933629276277e+02 2.272656741258700777e+02
2.952134815291776135e+02 1.555959926568567937e+02 2.272595711212555898e+02
2.952160308199380552e+02 1.556242919507859597e+02 2.272534681166410735e+02
2.952185801106984400e+02 1.556525912447151256e+02 2.272473651120265572e+02
2.952211294014588816e+02 1.556808905386443200e+02 2.272412621074120409e+02
2.952236786922192664e+02 1.557091898325734860e+02 2.272351591027975246e+02
2.952262279829797080e+02 1.557374891265026520e+02 2.272290560981830083e+02
2.952287772737400928e+02 1.557657884204318179e+02 2.272229530935685204e+02
2.952313265645005345e+02 1.557940877143609839e+02 2.272168500889540041e+02
2.952338758552609761e+02 1.558223870082901499e+02 2.272107470843394879e+02
2.952364251460213609e+02 1.558506863022193158e+02 2.272046440797249716e+02
2.952389744367818025e+02 1.558789855961484818e+02 2.271985410751104553e+02
2.952415237275421873e+02 1.559072848900776478e+02 2.271924380704959390e+02
2.952440730183026290e+02 1.559355841840068422e+02 2.271863350658814227e+02
2.952466223090630137e+02 1.559638834779360081e+02 2.271802320612669348e+02
2.952491715998234554e+02 1.559921827718651741e+02 2.271741290566524185e+02
2.952517208905838402e+02 1.560204820657943401e+02 2.271680260520379022e+02
2.952542701813442818e+02 1.560487813597235061e+02 2.271619230474233859e+02
2.952542701813442818e+02 1.560487813597235061e+02 2.271619230474233859e+02
2.952570674744732173e+02 1.560798336907057262e+02 2.271552263248920553e+02
2.952598647676022097e+02 1.561108860216879464e+02 2.271485296023607532e+02
2.952626620607311452e+02 1.561419383526701665e+02 2.271418328798294226e+02
2.952654593538600807e+02 1.561729906836524151e+02 2.271351361572981205e+02
2.952682566469890730e+02 1.562040430146346353e+02 2.271284394347667899e+02
2.952710539401180085e+02 1.562350953456168554e+02 2.271217427122354593e+02
2.952738512332470009e+02 1.562661476765990756e+02 2.271150459897041571e+02
2.952766485263759364e+02 1.562972000075812957e+02 2.271083492671728266e+02
2.952794458195048719e+02 1.563282523385635159e+02 2.271016525446415244e+02
2.952822431126338643e+02 1.563593046695457645e+02 2.270949558221101938e+02
2.952850404057627998e+02 1.563903570005279846e+02 2.270882590995788632e+02
2.952878376988917353e+02 1.564214093315102048e+02 2.270815623770475611e+02
2.952906349920207276e+02 1.564524616624924249e+02 2.270748656545162305e+02
2.952934322851496631e+02 1.564835139934746451e+02 2.270681689319849283e+02
2.952962295782785986e+02 1.565145663244568652e+02 2.270614722094535978e+02
2.952990268714075910e+02 1.565456186554391138e+02 2.270547754869222672e+02
2.953018241645365265e+02 1.565766709864213340e+02 2.270480787643909650e+02
2.953046214576654620e+02 1.566077233174035541e+02 2.270413820418596345e+02
2.953074187507944544e+02 1.566387756483857743e+02 2.270346853193283323e+02
2.953102160439233899e+02 1.566698279793679944e+02 2.270279885967970017e+02
2.953130133370523822e+02 1.567008803103502146e+02 2.270212918742656711e+02
2.953158106301813177e+02 1.567319326413324632e+02 2.270145951517343690e+02
2.953186079233102532e+02 1.567629849723146833e+02 2.270078984292030384e+02
2.953214052164392456e+02 1.567940373032969035e+02 2.270012017066717362e+02
2.953242025095681811e+02 1.568250896342791236e+02 2.269945049841404057e+02
2.953242025095681811e+02 1.568250896342791236e+02 2.269945049841404057e+02
2.953269843301743549e+02 1.568559702071090669e+02 2.269878453028440504e+02
2.953297661507804719e+02 1.568868507799390102e+02 2.269811856215476951e+02
2.953325479713866457e+02 1.569177313527689819e+02 2.269745259402513682e+02
2.953353297919928195e+02 1.569486119255989252e+02 2.269678662589550129e+02
2.953381116125989365e+02 1.569794924984288684e+02 2.269612065776586576e+02
2.953408934332051103e+02 1.570103730712588117e+02 2.269545468963623023e+02
2.953436752538112273e+02 1.570412536440887550e+02 2.269478872150659754e+02
2.953464570744174011e+02 1.570721342169187267e+02 2.269412275337696201e+02
2.953492388950235750e+02 1.571030147897486700e+02 2.269345678524732648e+02
2.953520207156296919e+02 1.571338953625786132e+02 2.269279081711769095e+02
2.953548025362358658e+02 1.571647759354085565e+02 2.269212484898805826e+02
2.953575843568420396e+02 1.571956565082384998e+02 2.269145888085842273e+02
2.953603661774481566e+02 1.572265370810684715e+02 2.269079291272878720e+02
2.953631479980543304e+02 1.572574176538984148e+02 2.269012694459915167e+02
2.953659298186605042e+02 1.572882982267283580e+02 2.268946097646951898e+02
2.953687116392666212e+02 1.573191787995583013e+02 2.268879500833988345e+02
2.953714934598727950e+02 1.573500593723882446e+02 2.268812904021024792e+02
2.953742752804789689e+02 1.573809399452182163e+02 2.268746307208061239e+02
2.953770571010850858e+02 1.574118205180481596e+02 2.268679710395097970e+02
2.953798389216912597e+02 1.574427010908781028e+02 2.268613113582134417e+02
2.953826207422973766e+02 1.574735816637080461e+02 2.268546516769170864e+02
2.953854025629035505e+02 1.575044622365379894e+02 2.268479919956207311e+02
2.953881843835097243e+02 1.575353428093679611e+02 2.268413323143244043e+02
2.953909662041158413e+02 1.575662233821979044e+02 2.268346726330280489e+02
2.953937480247220151e+02 1.575971039550278476e+02 2.268280129517316936e+02
2.953937480247220151e+02 1.575971039550278476e+02 2.268280129517316936e+02
2.953961985373351240e+02 1.576243067275760552e+02 2.268221464221000758e+02
2.953986490499481761e+02 1.576515095001242628e+02 2.268162798924684580e+02
2.954010995625612850e+02 1.576787122726724704e+02 2.268104133628368402e+02
2.954035500751743371e+02 1.577059150452206779e+02 2.268045468332052224e+02
2.954060005877874460e+02 1.577331178177688855e+02 2.267986803035736330e+02
2.954084511004005549e+02 1.577603205903170931e+02 2.267928137739420151e+02
2.954109016130136069e+02 1.577875233628653007e+02 2.267869472443103973e+02
2.954133521256267159e+02 1.578147261354135082e+02 2.267810807146787795e+02
2.954158026382397679e+02 1.578419289079617158e+02 2.267752141850471617e+02
2.954182531508528768e+02 1.578691316805099234e+02 2.267693476554155438e+02
2.954207036634659858e+02 1.578963344530581310e+02 2.267634811257839260e+02
2.954231541760790378e+02 1.579235372256063386e+02 2.267576145961523082e+02
2.954256046886921467e+02 1.579507399981545746e+02 2.267517480665207188e+02
2.954280552013051988e+02 1.579779427707027821e+02 2.267458815368891010e+02
2.954305057139183077e+02 1.580051455432509897e+02 2.267400150072574831e+02
2.954329562265314166e+02 1.580323483157991973e+02 2.267341484776258653e+02
2.954354067391444687e+02 1.580595510883474049e+02 2.267282819479942475e+02
2.954378572517575776e+02 1.580867538608956124e+02 2.267224154183626297e+02
2.954403077643706297e+02 1.581139566334438200e+02 2.267165488887310119e+02
2.954427582769837386e+02 1.581411594059920276e+02 2.267106823590993940e+02
2.954452087895968475e+02 1.581683621785402352e+02 2.267048158294678046e+02
2.954476593022098996e+02 1.581955649510884427e+02 2.266989492998361868e+02
2.954501098148230085e+02 1.582227677236366503e+02 2.266930827702045690e+02
2.954525603274360606e+02 1.582499704961848579e+02 2.266872162405729512e+02
2.954550108400491695e+02 1.582771732687330655e+02 2.266813497109413333e+02
2.954550108400491695e+02 1.582771732687330655e+02 2.266813497109413333e+02
2.954577256059046135e+02 1.583073094768440967e+02 2.266748505587848967e+02
2.954604403717600007e+02 1.583374456849550995e+02 2.266683514066284602e+02
2.954631551376154448e+02 1.583675818930661308e+02 2.266618522544720236e+02
2.954658699034708320e+02 1.583977181011771620e+02 2.266553531023155870e+02
2.954685846693262761e+02 1.584278543092881932e+02 2.266488539501591504e+02
2.954712994351817201e+02 1.584579905173991961e+02 2.266423547980026854e+02
2.954740142010371073e+02 1.584881267255102273e+02 2.266358556458462488e+02
2.954767289668925514e+02 1.585182629336212585e+02 2.266293564936898122e+02
2.954794437327479386e+02 1.585483991417322898e+02 2.266228573415333756e+02
2.954821584986033827e+02 1.585785353498432926e+02 2.266163581893769390e+02
2.954848732644587699e+02 1.586086715579543238e+02 2.266098590372205024e+02
2.954875880303142139e+02 1.586388077660653551e+02 2.266033598850640658e+02
2.954903027961696580e+02 1.586689439741763579e+02 2.265968607329076292e+02
2.954930175620250452e+02 1.586990801822873891e+02 2.265903615807511926e+02
2.954957323278804893e+02 1.587292163903984203e+02 2.265838624285947560e+02
2.954984470937358765e+02 1.587593525985094516e+02 2.265773632764383194e+02
2.955011618595913205e+02 1.587894888066204544e+02 2.265708641242818544e+02
2.955038766254467646e+02 1.588196250147314856e+02 2.265643649721254178e+02
2.955065913913021518e+02 1.588497612228425169e+02 2.265578658199689812e+02
2.955093061571575959e+02 1.588798974309535481e+02 2.265513666678125446e+02
2.955120209230129831e+02 1.589100336390645509e+02 2.265448675156561080e+02
2.955147356888684271e+02 1.589401698471755822e+02 2.265383683634996714e+02
2.955147356888684271e+02 1.589401698471755822e+02 2.265383683634996714e+02
2.955175308507612613e+02 1.589711985196254602e+02 2.265316767431497738e+02
2.955203260126540385e+02 1.590022271920753383e+02 2.265249851227999045e+02
2.955231211745468727e+02 1.590332558645252163e+02 2.265182935024500068e+02
2.955259163364397068e+02 1.590642845369750944e+02 2.265116018821001376e+02
2.955287114983325409e+02 1.590953132094249725e+02 2.265049102617502399e+02
2.955315066602253182e+02 1.591263418818748221e+02 2.264982186414003706e+02
2.955343018221181524e+02 1.591573705543247002e+02 2.264915270210504730e+02
2.955370969840109865e+02 1.591883992267745782e+02 2.264848354007006037e+02
2.955398921459037638e+02 1.592194278992244563e+02 2.264781437803507060e+02
2.955426873077965979e+02 1.592504565716743343e+02 2.264714521600008368e+02
2.955454824696894320e+02 1.592814852441242124e+02 2.264647605396509391e+02
2.955482776315822662e+02 1.593125139165740904e+02 2.264580689193010699e+02
2.955510727934750435e+02 1.593435425890239685e+02 2.264513772989511722e+02
2.955538679553678776e+02 1.593745712614738466e+02 2.264446856786013029e+02
2.955566631172607117e+02 1.594055999339237246e+02 2.264379940582514052e+02
2.955594582791534890e+02 1.594366286063735743e+02 2.264313024379015360e+02
2.955622534410463231e+02 1.594676572788234523e+02 2.264246108175516383e+02
2.955650486029391573e+02 1.594986859512733304e+02 2.264179191972017691e+02
2.955678437648319914e+02 1.595297146237232084e+02 2.264112275768518714e+02
2.955706389267247687e+02 1.595607432961730865e+02 2.264045359565020021e+02
2.955734340886176028e+02 1.595917719686229646e+02 2.263978443361521045e+02
2.955734340886176028e+02 1.595917719686229646e+02 2.263978443361521045e+02
2.955855186109188821e+02 1.596154701524394568e+02 2.263810430827651885e+02
2.955976031332201615e+02 1.596391683362559775e+02 2.263642418293783010e+02
2.956096876555213839e+02 1.596628665200724697e+02 2.263474405759913850e+02
2.956217721778226633e+02 1.596865647038889620e+02 2.263306393226044690e+02
2.956338567001239426e+02 1.597102628877054542e+02 2.263138380692175815e+02
2.956459412224252219e+02 1.597339610715219749e+02 2.262970368158306655e+02
2.956580257447265012e+02 1.597576592553384671e+02 2.262802355624437496e+02
2.956701102670277237e+02 1.597813574391549594e+02 2.262634343090568620e+02
2.956821947893290030e+02 1.598050556229714800e+02 2.262466330556699461e+02
2.956942793116302823e+02 1.598287538067879723e+02 2.262298318022830301e+02
2.957063638339315617e+02 1.598524519906044645e+02 2.262130305488961426e+02
2.957184483562328410e+02 1.598761501744209568e+02 2.261962292955092266e+02
2.957305328785341203e+02 1.598998483582374774e+02 2.261794280421223107e+02
2.957426174008353428e+02 1.599235465420539697e+02 2.261626267887354231e+02
2.957547019231366221e+02 1.599472447258704619e+02 2.261458255353485072e+02
2.957667864454379014e+02 1.599709429096869826e+02 2.261290242819615912e+02
2.957788709677391807e+02 1.599946410935034748e+02 2.261122230285747037e+02
2.957909554900404601e+02 1.600183392773199671e+02 2.260954217751877877e+02
2.958030400123416825e+02 1.600420374611364593e+02 2.260786205218008718e+02
2.958151245346429619e+02 1.600657356449529800e+02 2.260618192684139842e+02
2.958272090569442412e+02 1.600894338287694723e+02 2.260450180150270683e+02
2.958272090569442412e+02 1.600894338287694723e+02 2.260450180150270683e+02
2.958248204473355827e+02 1.600894338287694723e+02 2.260073074554772745e+02
2.958224318377268673e+02 1.600894338287694723e+02 2.259695968959275092e+02
2.958200432281182088e+02 1.600894338287694723e+02 2.259318863363777155e+02
2.958176546185095503e+02 1.600894338287694723e+02 2.258941757768279217e+02
2.958152660089008918e+02 1.600894338287694723e+02 2.258564652172781280e+02
2.958128773992921765e+02 1.600894338287694723e+02 2.258187546577283626e+02
2.958104887896835180e+02 1.600894338287694723e+02 2.257810440981785689e+02
2.958081001800748595e+02 1.600894338287694723e+02 2.257433335386287752e+02
2.958057115704661442e+02 1.600894338287694723e+02 2.257056229790790098e+02
2.958033229608574857e+02 1.600894338287694723e+02 2.256679124195292161e+02
2.958009343512488272e+02 1.600894338287694723e+02 2.256302018599794224e+02
2.957985457416401687e+02 1.600894338287694723e+02 2.255924913004296286e+02
2.957961571320314533e+02 1.600894338287694723e+02 2.255547807408798633e+02
2.957937685224227948e+02 1.600894338287694723e+02 2.255170701813300695e+02
2.957913799128141363e+02 1.600894338287694723e+02 2.254793596217802758e+02
2.957889913032054210e+02 1.600894338287694723e+02 2.254416490622305105e+02
2.957866026935967625e+02 1.600894338287694723e+02 2.254039385026807167e+02
2.957842140839881040e+02 1.600894338287694723e+02 2.253662279431309230e+02
2.957818254743794455e+02 1.600894338287694723e+02 2.253285173835811293e+02
2.957794368647707302e+02 1.600894338287694723e+02 2.252908068240313639e+02
2.957770482551620717e+02 1.600894338287694723e+02 2.252530962644815702e+02
2.957770482551620717e+02 1.600894338287694723e+02 2.252530962644815702e+02
2.957921880097159715e+02 1.600827525892903225e+02 2.252193220377493219e+02
2.958073277642698713e+02 1.600760713498111727e+02 2.251855478110170736e+02
2.958224675188238280e+02 1.600693901103319945e+02 2.251517735842847969e+02
2.958376072733777278e+02 1.600627088708528447e+02 2.251179993575525486e+02
2.958527470279316276e+02 1.600560276313736949e+02 2.250842251308203004e+02
2.958678867824855274e+02 1.600493463918945451e+02 2.250504509040880521e+02
2.958830265370394272e+02 1.600426651524153954e+02 2.250166766773558038e+02
2.958981662915933839e+02 1.600359839129362172e+02 2.249829024506235271e+02
2.959133060461472837e+02 1.600293026734570674e+02 2.249491282238912788e+02
2.959284458007011835e+02 1.600226214339779176e+02 2.249153539971590305e+02
2.959435855552550834e+02 1.600159401944987678e+02 2.248815797704267823e+02
2.959587253098089832e+02 1.600092589550196180e+02 2.248478055436945340e+02
2.959738650643629398e+02 1.600025777155404398e+02 2.248140313169622573e+02
2.959890048189168397e+02 1.599958964760612901e+02 2.247802570902300090e+02
2.960041445734707395e+02 1.599892152365821403e+02 2.247464828634977607e+02
2.960192843280246393e+02 1.599825339971029905e+02 2.247127086367655124e+02
2.960344240825785391e+02 1.599758527576238407e+02 2.246789344100332642e+02
2.960495638371324958e+02 1.599691715181446625e+02 2.246451601833009875e+02
2.960647035916863956e+02 1.599624902786655127e+02 2.246113859565687392e+02
2.960798433462402954e+02 1.599558090391863630e+02 2.245776117298364909e+02
2.960949831007941953e+02 1.599491277997072132e+02 2.245438375031042426e+02
2.961101228553480951e+02 1.599424465602280634e+02 2.245100632763719943e+02
2.961252626099020517e+02 1.599357653207488852e+02 2.244762890496397176e+02
2.961404023644559516e+02 1.599290840812697354e+02 2.244425148229074694e+02
2.961555421190098514e+02 1.599224028417905856e+02 2.244087405961752211e+02
2.961555421190098514e+02 1.599224028417905856e+02 2.244087405961752211e+02
2.961725503215176900e+02 1.599148970481094523e+02 2.243707981786966457e+02
2.961895585240255286e+02 1.599073912544282905e+02 2.243328557612180987e+02
2.962065667265333104e+02 1.598998854607471571e+02 2.242949133437395517e+02
2.962235749290411491e+02 1.598923796670660238e+02 2.242569709262609763e+02
2.962405831315489877e+02 1.598848738733848904e+02 2.242190285087824009e+02
2.962575913340568263e+02 1.598773680797037287e+02 2.241810860913038539e+02
2.962745995365646650e+02 1.598698622860225953e+02 2.241431436738253069e+02
2.962916077390724467e+02 1.598623564923414619e+02 2.241052012563467315e+02
2.963086159415802854e+02 1.598548506986603286e+02 2.240672588388681561e+02
2.963256241440881240e+02 1.598473449049791668e+02 2.240293164213896091e+02
2.963426323465959626e+02 1.598398391112980335e+02 2.239913740039110621e+02
2.963596405491038013e+02 1.598323333176169001e+02 2.239534315864324867e+02
2.963766487516115831e+02 1.598248275239357667e+02 2.239154891689539113e+02
2.963936569541194217e+02 1.598173217302546050e+02 2.238775467514753643e+02
2.964106651566272603e+02 1.598098159365734716e+02 2.238396043339968173e+02
2.964276733591350990e+02 1.598023101428923383e+02 2.238016619165182419e+02
2.964446815616429376e+02 1.597948043492111765e+02 2.237637194990396665e+02
2.964616897641507194e+02 1.597872985555300431e+02 2.237257770815611195e+02
2.964786979666585580e+02 1.597797927618489098e+02 2.236878346640825725e+02
2.964957061691663966e+02 1.597722869681677764e+02 2.236498922466039971e+02
2.965127143716742353e+02 1.597647811744866146e+02 2.236119498291254217e+02
2.965297225741820739e+02 1.597572753808054813e+02 2.235740074116468747e+02
2.965467307766898557e+02 1.597497695871243479e+02 2.235360649941683278e+02
2.965637389791976943e+02 1.597422637934432146e+02 2.234981225766897523e+02
2.965807471817055330e+02 1.597347579997620528e+02 2.234601801592111769e+02
2.965977553842133716e+02 1.597272522060809194e+02 2.234222377417326300e+02
2.966147635867212102e+02 1.597197464123997861e+02 2.233842953242540830e+02
2.966317717892289920e+02 1.597122406187186527e+02 2.233463529067755076e+02
2.966487799917368307e+02 1.597047348250374910e+02 2.233084104892969322e+02
2.966657881942446693e+02 1.596972290313563576e+02 2.232704680718183852e+02
2.966657881942446693e+02 1.596972290313563576e+02 2.232704680718183852e+02
2.966760460503847980e+02 1.596927021948630170e+02 2.232475845331302935e+02
2.966863039065248699e+02 1.596881753583696764e+02 2.232247009944421734e+02
2.966965617626649987e+02 1.596836485218763642e+02 2.232018174557540817e+02
2.967068196188050706e+02 1.596791216853830235e+02 2.231789339170659900e+02
2.967170774749451994e+02 1.596745948488896829e+02 2.231560503783778699e+02
2.967273353310853281e+02 1.596700680123963423e+02 2.231331668396897783e+02
2.967375931872254000e+02 1.596655411759030301e+02 2.231102833010016866e+02
2.967478510433655288e+02 1.596610143394096895e+02 2.230873997623135665e+02
2.967581088995056007e+02 1.596564875029163488e+02 2.230645162236254748e+02
2.967683667556457294e+02 1.596519606664230082e+02 2.230416326849373831e+02
2.967786246117858013e+02 1.596474338299296676e+02 2.230187491462492630e+02
2.967888824679259301e+02 1.596429069934363554e+02 2.229958656075611714e+02
2.967991403240660588e+02 1.596383801569430148e+02 2.229729820688730797e+02
2.968093981802061307e+02 1.596338533204496741e+02 2.229500985301849596e+02
2.968196560363462595e+02 1.596293264839563335e+02 2.229272149914968679e+02
2.968299138924863314e+02 1.596247996474630213e+02 2.229043314528087762e+02
2.968401717486264602e+02 1.596202728109696807e+02 2.228814479141206562e+02
2.968504296047665889e+02 1.596157459744763401e+02 2.228585643754325645e+02
2.968606874609066608e+02 1.596112191379829994e+02 2.228356808367444728e+02
2.968709453170467896e+02 1.596066923014896588e+02 2.228127972980563527e+02
2.968812031731868615e+02 1.596021654649963466e+02 2.227899137593682610e+02
2.968914610293269902e+02 1.595976386285030060e+02 2.227670302206801409e+02
2.969017188854670621e+02 1.595931117920096654e+02 2.227441466819920493e+02
2.969119767416071909e+02 1.595885849555163247e+02 2.227212631433039576e+02
2.969222345977473196e+02 1.595840581190229841e+02 2.226983796046158375e+02
2.969324924538873915e+02 1.595795312825296719e+02 2.226754960659277458e+02
2.969427503100275203e+02 1.595750044460363313e+02 2.226526125272396541e+02
2.969530081661675922e+02 1.595704776095429906e+02 2.226297289885515340e+02
2.969632660223077210e+02 1.595659507730496500e+02 2.226068454498634424e+02
2.969735238784478497e+02 1.595614239365563378e+02 2.225839619111753507e+02
2.969837817345879216e+02 1.595568971000629972e+02 2.225610783724872306e+02
2.969940395907280504e+02 1.595523702635696566e+02 2.225381948337991389e+02
2.970042974468681223e+02 1.595478434270763159e+02 2.225153112951110472e+02
2.970145553030082510e+02 1.595433165905829753e+02 2.224924277564229271e+02
2.970248131591483229e+02 1.595387897540896631e+02 2.224695442177348355e+02
2.970350710152884517e+02 1.595342629175963225e+02 2.224466606790467438e+02
2.970453288714285804e+02 1.595297360811029819e+02 2.224237771403586237e+02
2.970555867275686523e+02 1.595252092446096412e+02 2.224008936016705320e+02
2.970658445837087811e+02 1.595206824081163290e+02 2.223780100629824403e+02
2.970761024398488530e+02 1.595161555716229884e+02 2.223551265242943202e+02
2.970863602959889818e+02 1.595116287351296478e+02 2.223322429856062286e+02
2.970863602959889818e+02 1.595116287351296478e+02 2.223322429856062286e+02
2.970971266791959238e+02 1.595068774834317651e+02 2.223082250092102186e+02
2.971078930624028658e+02 1.595021262317338824e+02 2.222842070328142086e+02
2.971186594456097509e+02 1.594973749800359712e+02 2.222601890564181986e+02
2.971294258288166930e+02 1.594926237283380885e+02 2.222361710800221886e+02
2.971401922120236350e+02 1.594878724766402058e+02 2.222121531036261786e+02
2.971509585952305770e+02 1.594831212249423231e+02 2.221881351272301686e+02
2.971617249784375190e+02 1.594783699732444404e+02 2.221641171508341586e+02
2.971724913616444610e+02 1.594736187215465577e+02 2.221400991744381486e+02
2.971832577448513462e+02 1.594688674698486466e+02 2.221160811980421101e+02
2.971940241280582882e+02 1.594641162181507639e+02 2.220920632216461001e+02
2.972047905112652302e+02 1.594593649664528812e+02 2.220680452452500901e+02
2.972155568944721722e+02 1.594546137147549985e+02 2.220440272688540801e+02
2.972263232776791142e+02 1.594498624630571157e+02 2.220200092924580701e+02
2.972370896608859994e+02 1.594451112113592046e+02 2.219959913160620602e+02
2.972478560440929414e+02 1.594403599596613219e+02 2.219719733396660502e+02
2.972586224272998834e+02 1.594356087079634392e+02 2.219479553632700402e+02
2.972693888105068254e+02 1.594308574562655565e+02 2.219239373868740302e+02
2.972801551937137674e+02 1.594261062045676738e+02 2.218999194104780202e+02
2.972909215769207094e+02 1.594213549528697911e+02 2.218759014340820102e+02
2.973016879601275946e+02 1.594166037011718799e+02 2.218518834576860002e+02
2.973124543433345366e+02 1.594118524494739972e+02 2.218278654812899902e+02
2.973232207265414786e+02 1.594071011977761145e+02 2.218038475048939802e+02
2.973339871097484206e+02 1.594023499460782318e+02 2.217798295284979702e+02
2.973447534929553626e+02 1.593975986943803491e+02 2.217558115521019602e+02
2.973555198761622478e+02 1.593928474426824380e+02 2.217317935757059217e+02
2.973662862593691898e+02 1.593880961909845553e+02 2.217077755993099117e+02
2.973770526425761318e+02 1.593833449392866726e+02 2.216837576229139017e+02
2.973878190257830738e+02 1.593785936875887899e+02 2.216597396465178917e+02
2.973985854089900158e+02 1.593738424358909072e+02 2.216357216701218817e+02
2.974093517921969578e+02 1.593690911841930244e+02 2.216117036937258717e+02
2.974201181754038430e+02 1.593643399324951133e+02 2.215876857173298617e+02
2.974308845586107850e+02 1.593595886807972306e+02 2.215636677409338517e+02
2.974416509418177270e+02 1.593548374290993479e+02 2.215396497645378417e+02
2.974416509418177270e+02 1.593548374290993479e+02 2.215396497645378417e+02
2.974581679637231559e+02 1.593413961306346494e+02 2.215169041726248906e+02
2.974746849856286417e+02 1.593279548321699224e+02 2.214941585807119395e+02
2.974912020075340706e+02 1.593145135337052238e+02 2.214714129887989884e+02
2.975077190294394995e+02 1.593010722352405253e+02 2.214486673968860373e+02
2.975242360513449853e+02 1.592876309367758267e+02 2.214259218049730862e+02
2.975407530732504142e+02 1.592741896383110998e+02 2.214031762130601351e+02
2.975572700951558431e+02 1.592607483398464012e+02 2.213804306211471840e+02
2.975737871170613289e+02 1.592473070413817027e+02 2.213576850292342328e+02
2.975903041389667578e+02 1.592338657429169757e+02 2.213349394373212817e+02
2.976068211608721867e+02 1.592204244444522772e+02 2.213121938454083306e+02
2.976233381827776725e+02 1.592069831459875786e+02 2.212894482534953795e+02
2.976398552046831014e+02 1.591935418475228801e+02 2.212667026615824284e+02
2.976563722265885303e+02 1.591801005490581531e+02 2.212439570696694773e+02
2.976728892484940161e+02 1.591666592505934545e+02 2.212212114777565262e+02
2.976894062703994450e+02 1.591532179521287560e+02 2.211984658858435751e+02
2.977059232923048739e+02 1.591397766536640290e+02 2.211757202939306239e+02
2.977224403142103029e+02 1.591263353551993305e+02 2.211529747020176728e+02
2.977389573361157886e+02 1.591128940567346319e+02 2.211302291101047217e+02
2.977554743580212175e+02 1.590994527582699334e+02 2.211074835181917706e+02
2.977719913799266465e+02 1.590860114598052064e+02 2.210847379262788195e+02
2.977885084018321322e+02 1.590725701613405079e+02 2.210619923343658684e+02
2.978050254237375611e+02 1.590591288628758093e+02 2.210392467424529173e+02
2.978215424456429901e+02 1.590456875644110823e+02 2.210165011505399661e+02
2.978380594675484758e+02 1.590322462659463838e+02 2.209937555586270150e+02
2.978545764894539047e+02 1.590188049674816853e+02 2.209710099667140639e+02
2.978710935113593337e+02 1.590053636690169867e+02 2.209482643748011128e+02
2.978876105332648194e+02 1.589919223705522597e+02 2.209255187828881617e+02
2.979041275551702483e+02 1.589784810720875612e+02 2.209027731909752106e+02
2.979041275551702483e+02 1.589784810720875612e+02 2.209027731909752106e+02
2.978933639497566332e+02 1.589568544382736661e+02 2.208679047280294867e+02
2.978826003443430182e+02 1.589352278044597711e+02 2.208330362650837344e+02
2.978718367389294599e+02 1.589136011706458476e+02 2.207981678021380105e+02
2.978610731335158448e+02 1.588919745368319525e+02 2.207632993391922867e+02
2.978503095281022297e+02 1.588703479030180574e+02 2.207284308762465344e+02
2.978395459226886146e+02 1.588487212692041624e+02 2.206935624133008105e+02
2.978287823172749995e+02 1.588270946353902673e+02 2.206586939503550866e+02
2.978180187118614413e+02 1.588054680015763722e+02 2.206238254874093343e+02
2.978072551064478262e+02 1.587838413677624487e+02 2.205889570244636104e+02
2.977964915010342111e+02 1.587622147339485537e+02 2.205540885615178581e+02
2.977857278956205960e+02 1.587405881001346586e+02 2.205192200985721342e+02
2.977749642902070377e+02 1.587189614663207635e+02 2.204843516356264104e+02
2.977642006847934226e+02 1.586973348325068685e+02 2.204494831726806581e+02
2.977534370793798075e+02 1.586757081986929734e+02 2.204146147097349342e+02
2.977426734739661924e+02 1.586540815648790499e+02 2.203797462467892103e+02
2.977319098685525773e+02 1.586324549310651548e+02 2.203448777838434580e+02
2.977211462631390191e+02 1.586108282972512598e+02 2.203100093208977341e+02
2.977103826577254040e+02 1.585892016634373647e+02 2.202751408579520103e+02
2.976996190523117889e+02 1.585675750296234696e+02 2.202402723950062580e+02
2.976888554468981738e+02 1.585459483958095461e+02 2.202054039320605341e+02
2.976780918414846155e+02 1.585243217619956511e+02 2.201705354691147818e+02
2.976673282360710004e+02 1.585026951281817560e+02 2.201356670061690579e+02
2.976565646306573854e+02 1.584810684943678609e+02 2.201007985432233340e+02
2.976458010252437703e+02 1.584594418605539659e+02 2.200659300802775817e+02
2.976350374198301552e+02 1.584378152267400708e+02 2.200310616173318579e+02
2.976242738144165969e+02 1.584161885929261473e+02 2.199961931543861340e+02
2.976135102090029818e+02 1.583945619591122522e+02 2.199613246914403817e+02
2.976027466035893667e+02 1.583729353252983572e+02 2.199264562284946578e+02
2.976027466035893667e+02 1.583729353252983572e+02 2.199264562284946578e+02
2.976011155555764276e+02 1.583583884307252561e+02 2.199024286638122021e+02
2.975994845075634316e+02 1.583438415361521550e+02 2.198784010991297464e+02
2.975978534595504925e+02 1.583292946415790539e+02 2.198543735344472907e+02
2.975962224115374966e+02 1.583147477470059243e+02 2.198303459697648350e+02
2.975945913635245574e+02 1.583002008524328232e+02 2.198063184050823509e+02
2.975929603155116183e+02 1.582856539578597221e+02 2.197822908403998952e+02
2.975913292674986224e+02 1.582711070632866210e+02 2.197582632757174395e+02
2.975896982194856832e+02 1.582565601687135199e+02 2.197342357110349838e+02
2.975880671714726873e+02 1.582420132741404188e+02 2.197102081463525280e+02
2.975864361234597482e+02 1.582274663795673177e+02 2.196861805816700723e+02
2.975848050754468090e+02 1.582129194849942166e+02 2.196621530169876166e+02
2.975831740274338131e+02 1.581983725904210871e+02 2.196381254523051609e+02
2.975815429794208740e+02 1.581838256958479860e+02 2.196140978876227052e+02
2.975799119314078780e+02 1.581692788012748849e+02 2.195900703229402495e+02
2.975782808833949389e+02 1.581547319067017838e+02 2.195660427582577654e+02
2.975766498353819998e+02 1.581401850121286827e+02 2.195420151935753097e+02
2.975750187873690038e+02 1.581256381175555816e+02 2.195179876288928540e+02
2.975733877393560647e+02 1.581110912229824805e+02 2.194939600642103983e+02
2.975717566913431256e+02 1.580965443284093794e+02 2.194699324995279426e+02
2.975701256433301296e+02 1.580819974338362499e+02 2.194459049348454869e+02
2.975684945953171905e+02 1.580674505392631488e+02 2.194218773701630312e+02
2.975668635473041945e+02 1.580529036446900477e+02 2.193978498054805755e+02
2.975652324992912554e+02 1.580383567501169466e+02 2.193738222407981198e+02
2.975636014512783163e+02 1.580238098555438455e+02 2.193497946761156356e+02
2.975619704032653203e+02 1.580092629609707444e+02 2.193257671114331799e+02
2.975603393552523812e+02 1.579947160663976433e+02 2.193017395467507242e+02
2.975587083072393852e+02 1.579801691718245138e+02 2.192777119820682685e+02
2.975570772592264461e+02 1.579656222772514127e+02 2.192536844173858128e+02
2.975554462112135070e+02 1.579510753826783116e+02 2.192296568527033571e+02
2.975538151632005111e+02 1.579365284881052105e+02 2.192056292880209014e+02
2.975521841151875719e+02 1.579219815935321094e+02 2.191816017233384457e+02
2.975505530671745760e+02 1.579074346989590083e+02 2.191575741586559900e+02
2.975489220191616369e+02 1.578928878043859072e+02 2.191335465939735343e+02
2.975472909711486977e+02 1.578783409098128061e+02 2.191095190292910502e+02
2.975456599231357018e+02 1.578637940152396766e+02 2.190854914646085945e+02
2.975440288751227627e+02 1.578492471206665755e+02 2.190614638999261388e+02
2.975423978271097667e+02 1.578347002260934744e+02 2.190374363352436831e+02
2.975407667790968276e+02 1.578201533315203733e+02 2.190134087705612274e+02
2.975407667790968276e+02 1.578201533315203733e+02 2.190134087705612274e+02
2.975578582405899510e+02 1.578267306210653089e+02 2.189865724583513611e+02
2.975749497020830177e+02 1.578333079106102730e+02 2.189597361461415232e+02
2.975920411635761411e+02 1.578398852001552086e+02 2.189328998339316570e+02
2.976091326250692077e+02 1.578464624897001443e+02 2.189060635217217907e+02
2.976262240865623312e+02 1.578530397792450799e+02 2.188792272095119245e+02
2.976433155480554547e+02 1.578596170687900440e+02 2.188523908973020866e+02
2.976604070095485213e+02 1.578661943583349796e+02 2.188255545850922203e+02
2.976774984710416447e+02 1.578727716478799152e+02 2.187987182728823541e+02
2.976945899325347682e+02 1.578793489374248509e+02 2.187718819606724878e+02
2.977116813940278348e+02 1.578859262269698149e+02 2.187450456484626500e+02
2.977287728555209583e+02 1.578925035165147506e+02 2.187182093362527837e+02
2.977458643170140249e+02 1.578990808060596862e+02 2.186913730240429175e+02
2.977629557785071484e+02 1.579056580956046218e+02 2.186645367118330512e+02
2.977800472400002718e+02 1.579122353851495859e+02 2.186377003996232133e+02
2.977971387014933384e+02 1.579188126746945215e+02 2.186108640874133471e+02
2.978142301629864619e+02 1.579253899642394572e+02 2.185840277752034808e+02
2.978313216244795285e+02 1.579319672537844212e+02 2.185571914629936146e+02
2.978484130859726520e+02 1.579385445433293569e+02 2.185303551507837767e+02
2.978655045474657754e+02 1.579451218328742925e+02 2.185035188385739104e+02
2.978825960089588420e+02 1.579516991224192282e+02 2.184766825263640442e+02
2.978996874704519655e+02 1.579582764119641922e+02 2.184498462141542063e+02
2.979167789319450890e+02 1.579648537015091279e+02 2.184230099019443401e+02
2.979338703934381556e+02 1.579714309910540635e+02 2.183961735897344738e+02
2.979509618549312790e+02 1.579780082805989991e+02 2.183693372775246075e+02
2.979680533164243457e+02 1.579845855701439632e+02 2.183425009653147697e+02
2.979851447779174691e+02 1.579911628596888988e+02 2.183156646531049034e+02
2.980022362394105926e+02 1.579977401492338345e+02 2.182888283408950372e+02
2.980193277009036592e+02 1.580043174387787701e+02 2.182619920286851709e+02
2.980364191623967827e+02 1.580108947283237342e+02 2.182351557164753331e+02
2.980535106238899061e+02 1.580174720178686698e+02 2.182083194042654668e+02
2.980706020853829727e+02 1.580240493074136054e+02 2.181814830920556005e+02
2.980876935468760962e+02 1.580306265969585411e+02 2.181546467798457343e+02
2.981047850083691628e+02 1.580372038865035051e+02 2.181278104676358964e+02
2.981218764698622863e+02 1.580437811760484408e+02 2.181009741554260302e+02
2.981218764698622863e+02 1.580437811760484408e+02 2.181009741554260302e+02
2.981498605338847483e+02 1.580566323942754536e+02 2.180974406196866653e+02
2.981778445979072103e+02 1.580694836125024381e+02 2.180939070839473288e+02
2.982058286619296723e+02 1.580823348307294509e+02 2.180903735482079639e+02
2.982338127259521343e+02 1.580951860489564353e+02 2.180868400124686275e+02
2.982617967899745963e+02 1.581080372671834482e+02 2.180833064767292626e+02
2.982897808539970583e+02 1.581208884854104610e+02 2.180797729409898977e+02
2.983177649180195203e+02 1.581337397036374455e+02 2.180762394052505613e+02
2.983457489820419823e+02 1.581465909218644583e+02 2.180727058695111964e+02
2.983737330460645012e+02 1.581594421400914428e+02 2.180691723337718599e+02
2.984017171100869632e+02 1.581722933583184556e+02 2.180656387980324951e+02
2.984297011741094252e+02 1.581851445765454685e+02 2.180621052622931302e+02
2.984576852381318872e+02 1.581979957947724529e+02 2.180585717265537937e+02
2.984856693021543492e+02 1.582108470129994657e+02 2.180550381908144288e+02
2.985136533661768112e+02 1.582236982312264502e+02 2.180515046550750924e+02
2.985416374301992732e+02 1.582365494494534630e+02 2.180479711193357275e+02
2.985696214942217352e+02 1.582494006676804759e+02 2.180444375835963626e+02
2.985976055582441973e+02 1.582622518859074603e+02 2.180409040478570262e+02
2.986255896222666593e+02 1.582751031041344731e+02 2.180373705121176613e+02
2.986535736862891213e+02 1.582879543223614576e+02 2.180338369763783248e+02
2.986815577503115833e+02 1.583008055405884704e+02 2.180303034406389600e+02
2.987095418143340453e+02 1.583136567588154833e+02 2.180267699048995951e+02
2.987375258783565073e+02 1.583265079770424677e+02 2.180232363691602586e+02
2.987655099423789693e+02 1.583393591952694806e+02 2.180197028334208937e+02
2.987934940064014313e+02 1.583522104134964650e+02 2.180161692976815573e+02
2.988214780704238933e+02 1.583650616317234778e+02 2.180126357619421924e+02
2.988494621344463553e+02 1.583779128499504907e+02 2.180091022262028275e+02
2.988774461984688742e+02 1.583907640681774751e+02 2.180055686904634911e+02
2.989054302624913362e+02 1.584036152864044880e+02 2.180020351547241262e+02
2.989334143265137982e+02 1.584164665046314724e+02 2.179985016189847897e+02
2.989613983905362602e+02 1.584293177228584852e+02 2.179949680832454249e+02
2.989893824545587222e+02 1.584421689410854981e+02 2.179914345475060600e+02
2.990173665185811842e+02 1.584550201593124825e+02 2.179879010117667235e+02
2.990453505826036462e+02 1.584678713775394954e+02 2.179843674760273586e+02
2.990733346466261082e+02 1.584807225957664798e+02 2.179808339402880222e+02
2.991013187106485702e+02 1.584935738139934926e+02 2.179773004045486573e+02
2.991013187106485702e+02 1.584935738139934926e+02 2.179773004045486573e+02
2.991269953189157604e+02 1.585080431335936737e+02 2.179779489644186867e+02
2.991526719271829506e+02 1.585225124531938548e+02 2.179785975242887446e+02
2.991783485354501408e+02 1.585369817727940642e+02 2.179792460841587740e+02
2.992040251437173310e+02 1.585514510923942453e+02 2.179798946440288034e+02
2.992297017519844644e+02 1.585659204119944263e+02 2.179805432038988613e+02
2.992553783602516546e+02 1.585803897315946074e+02 2.179811917637688907e+02
2.992810549685188448e+02 1.585948590511947884e+02 2.179818403236389202e+02
2.993067315767860350e+02 1.586093283707949695e+02 2.179824888835089780e+02
2.993324081850532252e+02 1.586237976903951790e+02 2.179831374433790074e+02
2.993580847933204154e+02 1.586382670099953600e+02 2.179837860032490369e+02
2.993837614015876056e+02 1.586527363295955411e+02 2.179844345631190663e+02
2.994094380098547958e+02 1.586672056491957221e+02 2.179850831229891241e+02
2.994351146181219860e+02 1.586816749687959032e+02 2.179857316828591536e+02
2.994607912263891194e+02 1.586961442883960842e+02 2.179863802427291830e+02
2.994864678346563096e+02 1.587106136079962937e+02 2.179870288025992409e+02
2.995121444429234998e+02 1.587250829275964747e+02 2.179876773624692703e+02
2.995378210511906900e+02 1.587395522471966558e+02 2.179883259223392997e+02
2.995634976594578802e+02 1.587540215667968369e+02 2.179889744822093576e+02
2.995891742677250704e+02 1.587684908863970179e+02 2.179896230420793870e+02
2.996148508759922606e+02 1.587829602059971990e+02 2.179902716019494164e+02
2.996405274842594508e+02 1.587974295255974084e+02 2.179909201618194743e+02
2.996662040925265842e+02 1.588118988451975895e+02 2.179915687216895037e+02
2.996918807007937744e+02 1.588263681647977705e+02 2.179922172815595331e+02
2.997175573090609646e+02 1.588408374843979516e+02 2.179928658414295910e+02
2.997432339173281548e+02 1.588553068039981326e+02 2.179935144012996204e+02
2.997689105255953450e+02 1.588697761235983137e+02 2.179941629611696499e+02
2.997945871338625352e+02 1.588842454431985232e+02 2.179948115210396793e+02
2.998202637421297254e+02 1.588987147627987042e+02 2.179954600809097371e+02
2.998459403503969156e+02 1.589131840823988853e+02 2.179961086407797666e+02
2.998716169586641058e+02 1.589276534019990663e+02 2.179967572006497960e+02
2.998972935669312392e+02 1.589421227215992474e+02 2.179974057605198539e+02
2.999229701751984294e+02 1.589565920411994284e+02 2.179980543203898833e+02
2.999486467834656196e+02 1.589710613607996379e+02 2.179987028802599127e+02
2.999743233917328098e+02 1.589855306803998189e+02 2.179993514401299706e+02
3.000000000000000000e+02 1.590000000000000000e+02 2.180000000000000000e+02
3.000000000000000000e+02 1.590000000000000000e+02 2.180000000000000000e+02
3.000000000000000000e+02 1.590000000000000000e+02 2.180000000000000000e+02
3.000000000000000000e+02 1.590000000000000000e+02 2.180000000000000000e+02
3.000000000000000000e+02 1.590000000000000000e+02 2.180000000000000000e+02
3.000000000000000000e+02 1.590000000000000000e+02 2.180000000000000000e+02
3.000000000000000000e+02 1.590000000000000000e+02 2.180000000000000000e+02
3.000000000000000000e+02 1.590000000000000000e+02 2.180000000000000000e+02
3.000000000000000000e+02 1.590000000000000000e+02 2.180000000000000000e+02
3.000000000000000000e+02 1.590000000000000000e+02 2.180000000000000000e+02
3.000000000000000000e+02 1.590000000000000000e+02 2.180000000000000000e+02
3.000000000000000000e+02 1.590000000000000000e+02 2.180000000000000000e+02
3.000000000000000000e+02 1.590000000000000000e+02 2.180000000000000000e+02
3.000000000000000000e+02 1.590000000000000000e+02 2.180000000000000000e+02
3.000000000000000000e+02 1.590000000000000000e+02 2.180000000000000000e+02
3.000000000000000000e+02 1.590000000000000000e+02 2.180000000000000000e+02
3.000000000000000000e+02 1.590000000000000000e+02 2.180000000000000000e+02
3.000000000000000000e+02 1.590000000000000000e+02 2.180000000000000000e+02
3.000000000000000000e+02 1.590000000000000000e+02 2.180000000000000000e+02
3.000000000000000000e+02 1.590000000000000000e+02 2.180000000000000000e+02
3.000000000000000000e+02 1.590000000000000000e+02 2.180000000000000000e+02
3.000000000000000000e+02 1.590000000000000000e+02 2.180000000000000000e+02
3.000000000000000000e+02 1.590000000000000000e+02 2.180000000000000000e+02
3.000000000000000000e+02 1.590000000000000000e+02 2.180000000000000000e+02
3.000000000000000000e+02 1.590000000000000000e+02 2.180000000000000000e+02
3.000000000000000000e+02 1.590000000000000000e+02 2.180000000000000000e+02
3.000000000000000000e+02 1.590000000000000000e+02 2.180000000000000000e+02
3.000000000000000000e+02 1.590000000000000000e+02 2.180000000000000000e+02
3.000000000000000000e+02 1.590000000000000000e+02 2.180000000000000000e+02
3.000000000000000000e+02 1.590000000000000000e+02 2.180000000000000000e+02
3.000000000000000000e+02 1.590000000000000000e+02 2.180000000000000000e+02
3.000000000000000000e+02 1.590000000000000000e+02 2.180000000000000000e+02
3.000000000000000000e+02 1.590000000000000000e+02 2.180000000000000000e+02
3.000000000000000000e+02 1.590000000000000000e+02 2.180000000000000000e+02
3.000000000000000000e+02 1.590000000000000000e+02 2.180000000000000000e+02
3.000000000000000000e+02 1.590000000000000000e+02 2.180000000000000000e+02
3.000225684189393291e+02 1.590205791196127052e+02 2.180066910653258674e+02
3.000451368378786583e+02 1.590411582392254388e+02 2.180133821306517632e+02
3.000677052568180443e+02 1.590617373588381440e+02 2.180200731959776306e+02
3.000902736757573734e+02 1.590823164784508492e+02 2.180267642613035264e+02
3.001128420946967026e+02 1.591028955980635828e+02 2.180334553266293938e+02
3.001354105136360317e+02 1.591234747176762880e+02 2.180401463919552896e+02
3.001579789325753609e+02 1.591440538372890217e+02 2.180468374572811570e+02
3.001805473515146900e+02 1.591646329569017269e+02 2.180535285226070528e+02
3.002031157704540760e+02 1.591852120765144321e+02 2.180602195879329201e+02
3.002256841893934052e+02 1.592057911961271657e+02 2.180669106532588160e+02
3.002482526083327343e+02 1.592263703157398709e+02 2.180736017185846833e+02
3.002708210272720635e+02 1.592469494353525761e+02 2.180802927839105791e+02
3.002933894462113926e+02 1.592675285549653097e+02 2.180869838492364465e+02
3.003159578651507786e+02 1.592881076745780149e+02 2.180936749145623423e+02
3.003385262840901078e+02 1.593086867941907201e+02 2.181003659798882097e+02
3.003610947030294369e+02 1.593292659138034537e+02 2.181070570452141055e+02
3.003836631219687661e+02 1.593498450334161589e+02 2.181137481105399729e+02
3.004062315409080952e+02 1.593704241530288925e+02 2.181204391758658687e+02
3.004287999598474244e+02 1.593910032726415977e+02 2.181271302411917361e+02
3.004513683787868104e+02 1.594115823922543029e+02 2.181338213065176319e+02
3.004739367977261395e+02 1.594321615118670366e+02 2.181405123718434993e+02
3.004965052166654687e+02 1.594527406314797418e+02 2.181472034371693951e+02
3.005190736356047978e+02 1.594733197510924469e+02 2.181538945024952625e+02
3.005416420545441269e+02 1.594938988707051806e+02 2.181605855678211583e+02
3.005642104734835129e+02 1.595144779903178858e+02 2.181672766331470257e+02
3.005867788924228421e+02 1.595350571099305910e+02 2.181739676984729215e+02
3.006093473113621712e+02 1.595556362295433246e+02 2.181806587637987889e+02
3.006319157303015004e+02 1.595762153491560298e+02 2.181873498291246847e+02
3.006544841492408295e+02 1.595967944687687634e+02 2.181940408944505521e+02
3.006770525681801587e+02 1.596173735883814686e+02 2.182007319597764479e+02
3.006996209871195447e+02 1.596379527079941738e+02 2.182074230251023153e+02
3.007221894060588738e+02 1.596585318276069074e+02 2.182141140904282111e+02
3.007447578249982030e+02 1.596791109472196126e+02 2.182208051557540784e+02
3.007447578249982030e+02 1.596791109472196126e+02 2.182208051557540784e+02
3.007608919770759144e+02 1.597064962315142225e+02 2.182216318363989558e+02
3.007770261291536826e+02 1.597338815158088607e+02 2.182224585170438047e+02
3.007931602812313940e+02 1.597612668001034706e+02 2.182232851976886820e+02
3.008092944333091054e+02 1.597886520843981089e+02 2.182241118783335310e+02
3.008254285853868737e+02 1.598160373686927187e+02 2.182249385589784083e+02
3.008415627374645851e+02 1.598434226529873570e+02 2.182257652396232857e+02
3.008576968895422965e+02 1.598708079372819668e+02 2.182265919202681346e+02
3.008738310416200648e+02 1.598981932215766051e+02 2.182274186009130119e+02
3.008899651936977762e+02 1.599255785058712149e+02 2.182282452815578893e+02
3.009060993457754876e+02 1.599529637901658532e+02 2.182290719622027382e+02
3.009222334978532558e+02 1.599803490744604630e+02 2.182298986428476155e+02
3.009383676499309672e+02 1.600077343587551013e+02 2.182307253234924644e+02
3.009545018020086786e+02 1.600351196430497112e+02 2.182315520041373418e+02
3.009706359540864469e+02 1.600625049273443494e+02 2.182323786847822191e+02
3.009867701061641583e+02 1.600898902116389593e+02 2.182332053654270680e+02
3.010029042582418697e+02 1.601172754959335975e+02 2.182340320460719454e+02
3.010190384103195811e+02 1.601446607802282074e+02 2.182348587267167943e+02
3.010351725623973493e+02 1.601720460645228457e+02 2.182356854073616717e+02
3.010513067144750607e+02 1.601994313488174555e+02 2.182365120880065490e+02
3.010674408665527721e+02 1.602268166331120938e+02 2.182373387686513979e+02
3.010835750186305404e+02 1.602542019174067036e+02 2.182381654492962753e+02
3.010997091707082518e+02 1.602815872017013419e+02 2.182389921299411242e+02
3.011158433227859632e+02 1.603089724859959517e+02 2.182398188105860015e+02
3.011319774748637315e+02 1.603363577702905900e+02 2.182406454912308789e+02
3.011481116269414429e+02 1.603637430545851998e+02 2.182414721718757278e+02
3.011642457790191543e+02 1.603911283388798381e+02 2.182422988525206051e+02
3.011803799310969225e+02 1.604185136231744480e+02 2.182431255331654825e+02
3.011965140831746339e+02 1.604458989074690862e+02 2.182439522138103314e+02
3.012126482352523453e+02 1.604732841917636961e+02 2.182447788944552087e+02
3.012287823873301136e+02 1.605006694760583343e+02 2.182456055751000576e+02
3.012449165394078250e+02 1.605280547603529442e+02 2.182464322557449350e+02
3.012449165394078250e+02 1.605280547603529442e+02 2.182464322557449350e+02
3.012608918226714536e+02 1.605551703888504278e+02 2.182472507962797295e+02
3.012768671059350822e+02 1.605822860173479114e+02 2.182480693368145523e+02
3.012928423891987109e+02 1.606094016458453950e+02 2.182488878773493468e+02
3.013088176724623395e+02 1.606365172743429071e+02 2.182497064178841413e+02
3.013247929557259681e+02 1.606636329028403907e+02 2.182505249584189357e+02
3.013407682389895967e+02 1.606907485313378743e+02 2.182513434989537586e+02
3.013567435222532254e+02 1.607178641598353579e+02 2.182521620394885531e+02
3.013727188055168540e+02 1.607449797883328415e+02 2.182529805800233476e+02
3.013886940887804826e+02 1.607720954168303251e+02 2.182537991205581704e+02
3.014046693720441112e+02 1.607992110453278087e+02 2.182546176610929649e+02
3.014206446553077399e+02 1.608263266738253208e+02 2.182554362016277594e+02
3.014366199385713685e+02 1.608534423023228044e+02 2.182562547421625538e+02
3.014525952218349971e+02 1.608805579308202880e+02 2.182570732826973767e+02
3.014685705050986826e+02 1.609076735593177716e+02 2.182578918232321712e+02
3.014845457883623112e+02 1.609347891878152552e+02 2.182587103637669657e+02
3.015005210716259398e+02 1.609619048163127388e+02 2.182595289043017885e+02
3.015164963548895685e+02 1.609890204448102224e+02 2.182603474448365830e+02
3.015324716381531971e+02 1.610161360733077345e+02 2.182611659853713775e+02
3.015484469214168257e+02 1.610432517018052181e+02 2.182619845259061719e+02
3.015644222046804543e+02 1.610703673303027017e+02 2.182628030664409948e+02
3.015803974879440830e+02 1.610974829588001853e+02 2.182636216069757893e+02
3.015963727712077116e+02 1.611245985872976689e+02 2.182644401475105838e+02
3.016123480544713402e+02 1.611517142157951525e+02 2.182652586880454066e+02
3.016283233377349688e+02 1.611788298442926362e+02 2.182660772285802011e+02
3.016442986209985975e+02 1.612059454727901482e+02 2.182668957691149956e+02
3.016602739042622261e+02 1.612330611012876318e+02 2.182677143096497900e+02
3.016762491875258547e+02 1.612601767297851154e+02 2.182685328501846129e+02
3.016922244707894833e+02 1.612872923582825990e+02 2.182693513907194074e+02
3.016922244707894833e+02 1.612872923582825990e+02 2.182693513907194074e+02
3.017081520104740093e+02 1.613143269492715035e+02 2.182701674849717790e+02
3.017240795501584785e+02 1.613413615402603796e+02 2.182709835792241506e+02
3.017400070898430045e+02 1.613683961312492841e+02 2.182717996734765222e+02
3.017559346295274736e+02 1.613954307222381885e+02 2.182726157677288938e+02
3.017718621692119996e+02 1.614224653132270930e+02 2.182734318619812655e+02
3.017877897088965256e+02 1.614494999042159691e+02 2.182742479562336371e+02
3.018037172485809947e+02 1.614765344952048736e+02 2.182750640504860087e+02
3.018196447882655207e+02 1.615035690861937780e+02 2.182758801447383803e+02
3.018355723279500467e+02 1.615306036771826825e+02 2.182766962389907519e+02
3.018514998676345158e+02 1.615576382681715586e+02 2.182775123332431235e+02
3.018674274073190418e+02 1.615846728591604631e+02 2.182783284274954951e+02
3.018833549470035109e+02 1.616117074501493676e+02 2.182791445217478667e+02
3.018992824866880369e+02 1.616387420411382720e+02 2.182799606160002384e+02
3.019152100263725629e+02 1.616657766321271481e+02 2.182807767102526100e+02
3.019311375660570320e+02 1.616928112231160526e+02 2.182815928045049816e+02
3.019470651057415580e+02 1.617198458141049571e+02 2.182824088987573248e+02
3.019629926454260271e+02 1.617468804050938616e+02 2.182832249930096964e+02
3.019789201851105531e+02 1.617739149960827376e+02 2.182840410872620680e+02
3.019948477247950791e+02 1.618009495870716421e+02 2.182848571815144396e+02
3.020107752644795482e+02 1.618279841780605466e+02 2.182856732757668112e+02
3.020267028041640742e+02 1.618550187690494511e+02 2.182864893700191828e+02
3.020426303438485434e+02 1.618820533600383271e+02 2.182873054642715545e+02
3.020585578835330693e+02 1.619090879510272316e+02 2.182881215585239261e+02
3.020744854232175953e+02 1.619361225420161361e+02 2.182889376527762977e+02
3.020904129629020645e+02 1.619631571330050406e+02 2.182897537470286693e+02
3.021063405025865904e+02 1.619901917239939166e+02 2.182905698412810409e+02
3.021222680422711164e+02 1.620172263149828211e+02 2.182913859355334125e+02
3.021381955819555856e+02 1.620442609059717256e+02 2.182922020297857841e+02
3.021541231216401115e+02 1.620712954969606301e+02 2.182930181240381557e+02
3.021700506613245807e+02 1.620983300879495062e+02 2.182938342182905274e+02
3.021859782010091067e+02 1.621253646789384106e+02 2.182946503125428990e+02
3.021859782010091067e+02 1.621253646789384106e+02 2.182946503125428990e+02
3.021849006935045168e+02 1.621569063875005554e+02 2.182948396765980021e+02
3.021838231859999269e+02 1.621884480960626718e+02 2.182950290406531053e+02
3.021827456784953370e+02 1.622199898046248165e+02 2.182952184047082085e+02
3.021816681709907471e+02 1.622515315131869329e+02 2.182954077687633401e+02
3.021805906634861572e+02 1.622830732217490777e+02 2.182955971328184432e+02
3.021795131559815673e+02 1.623146149303112225e+02 2.182957864968735464e+02
3.021784356484769773e+02 1.623461566388733388e+02 2.182959758609286496e+02
3.021773581409723874e+02 1.623776983474354836e+02 2.182961652249837528e+02
3.021762806334677975e+02 1.624092400559976284e+02 2.182963545890388559e+02
3.021752031259632076e+02 1.624407817645597447e+02 2.182965439530939591e+02
3.021741256184586177e+02 1.624723234731218895e+02 2.182967333171490907e+02
3.021730481109540278e+02 1.625038651816840058e+02 2.182969226812041939e+02
3.021719706034494379e+02 1.625354068902461506e+02 2.182971120452592970e+02
3.021708930959448480e+02 1.625669485988082954e+02 2.182973014093144002e+02
3.021698155884402013e+02 1.625984903073704118e+02 2.182974907733695034e+02
3.021687380809356114e+02 1.626300320159325565e+02 2.182976801374246065e+02
3.021676605734310215e+02 1.626615737244947013e+02 2.182978695014797097e+02
3.021665830659264316e+02 1.626931154330568177e+02 2.182980588655348129e+02
3.021655055584218417e+02 1.627246571416189624e+02 2.182982482295899445e+02
3.021644280509172518e+02 1.627561988501810788e+02 2.182984375936450476e+02
3.021633505434126619e+02 1.627877405587432236e+02 2.182986269577001508e+02
3.021622730359080720e+02 1.628192822673053684e+02 2.182988163217552540e+02
3.021611955284034821e+02 1.628508239758674847e+02 2.182990056858103571e+02
3.021601180208988922e+02 1.628823656844296295e+02 2.182991950498654603e+02
3.021590405133943023e+02 1.629139073929917743e+02 2.182993844139205635e+02
3.021579630058897123e+02 1.629454491015538906e+02 2.182995737779756951e+02
3.021568854983851224e+02 1.629769908101160354e+02 2.182997631420307982e+02
3.021558079908805325e+02 1.630085325186781517e+02 2.182999525060859014e+02
3.021547304833759426e+02 1.630400742272402965e+02 2.183001418701410046e+02
3.021547304833759426e+02 1.630400742272402965e+02 2.183001418701410046e+02
3.021536382715015066e+02 1.630720463745201414e+02 2.183003338183814606e+02
3.021525460596270705e+02 1.631040185217999579e+02 2.183005257666219165e+02
3.021514538477525775e+02 1.631359906690798027e+02 2.183007177148623725e+02
3.021503616358781414e+02 1.631679628163596476e+02 2.183009096631028285e+02
3.021492694240037054e+02 1.631999349636394641e+02 2.183011016113432845e+02
3.021481772121292693e+02 1.632319071109193089e+02 2.183012935595837121e+02
3.021470850002547763e+02 1.632638792581991538e+02 2.183014855078241681e+02
3.021459927883803402e+02 1.632958514054789703e+02 2.183016774560646240e+02
3.021449005765059042e+02 1.633278235527588151e+02 2.183018694043050800e+02
3.021438083646314681e+02 1.633597957000386600e+02 2.183020613525455360e+02
3.021427161527569751e+02 1.633917678473184765e+02 2.183022533007859920e+02
3.021416239408825390e+02 1.634237399945983213e+02 2.183024452490264480e+02
3.021405317290081030e+02 1.634557121418781662e+02 2.183026371972669040e+02
3.021394395171336669e+02 1.634876842891580111e+02 2.183028291455073600e+02
3.021383473052592308e+02 1.635196564364378276e+02 2.183030210937478159e+02
3.021372550933847378e+02 1.635516285837176724e+02 2.183032130419882719e+02
3.021361628815103018e+02 1.635836007309975173e+02 2.183034049902286995e+02
3.021350706696358657e+02 1.636155728782773338e+02 2.183035969384691555e+02
3.021339784577614296e+02 1.636475450255571786e+02 2.183037888867096115e+02
3.021328862458869366e+02 1.636795171728370235e+02 2.183039808349500674e+02
3.021317940340125006e+02 1.637114893201168400e+02 2.183041727831905234e+02
3.021307018221380645e+02 1.637434614673966848e+02 2.183043647314309794e+02
3.021307018221380645e+02 1.637434614673966848e+02 2.183043647314309794e+02
3.021295852335591690e+02 1.637761471901309278e+02 2.183045609636987763e+02
3.021284686449802734e+02 1.638088329128651708e+02 2.183047571959665447e+02
3.021273520564013779e+02 1.638415186355993853e+02 2.183049534282343416e+02
3.021262354678224824e+02 1.638742043583336283e+02 2.183051496605021384e+02
3.021251188792435869e+02 1.639068900810678713e+02 2.183053458927699353e+02
3.021240022906647482e+02 1.639395758038021143e+02 2.183055421250377037e+02
3.021228857020858527e+02 1.639722615265363572e+02 2.183057383573055006e+02
3.021217691135069572e+02 1.640049472492705718e+02 2.183059345895732974e+02
3.021206525249280617e+02 1.640376329720048147e+02 2.183061308218410659e+02
3.021195359363491661e+02 1.640703186947390577e+02 2.183063270541088627e+02
3.021184193477702706e+02 1.641030044174733007e+02 2.183065232863766596e+02
3.021173027591913751e+02 1.641356901402075437e+02 2.183067195186444565e+02
3.021161861706124796e+02 1.641683758629417866e+02 2.183069157509122249e+02
3.021150695820335841e+02 1.642010615856760012e+02 2.183071119831800218e+02
3.021139529934546886e+02 1.642337473084102442e+02 2.183073082154478186e+02
3.021128364048758499e+02 1.642664330311444871e+02 2.183075044477155870e+02
3.021117198162969544e+02 1.642991187538787301e+02 2.183077006799833839e+02
3.021106032277180589e+02 1.643318044766129731e+02 2.183078969122511808e+02
3.021094866391391633e+02 1.643644901993471876e+02 2.183080931445189776e+02
3.021083700505602678e+02 1.643971759220814306e+02 2.183082893767867461e+02
3.021072534619813723e+02 1.644298616448156736e+02 2.183084856090545429e+02
3.021072534619813723e+02 1.644298616448156736e+02 2.183084856090545429e+02
3.021061807477194634e+02 1.644612630415346075e+02 2.183086741307323280e+02
3.021051080334575545e+02 1.644926644382535414e+02 2.183088626524101414e+02
3.021040353191956456e+02 1.645240658349724754e+02 2.183090511740879265e+02
3.021029626049337935e+02 1.645554672316914093e+02 2.183092396957657400e+02
3.021018898906718846e+02 1.645868686284103433e+02 2.183094282174435250e+02
3.021008171764099757e+02 1.646182700251292772e+02 2.183096167391213385e+02
3.020997444621480668e+02 1.646496714218482111e+02 2.183098052607991235e+02
3.020986717478861578e+02 1.646810728185671451e+02 2.183099937824769370e+02
3.020975990336242489e+02 1.647124742152860790e+02 2.183101823041547220e+02
3.020965263193623400e+02 1.647438756120050130e+02 2.183103708258325355e+02
3.020954536051004879e+02 1.647752770087239469e+02 2.183105593475103205e+02
3.020943808908385790e+02 1.648066784054428808e+02 2.183107478691881056e+02
3.020933081765766701e+02 1.648380798021618148e+02 2.183109363908659191e+02
3.020922354623147612e+02 1.648694811988807487e+02 2.183111249125437041e+02
3.020911627480528523e+02 1.649008825955996826e+02 2.183113134342215176e+02
3.020900900337909434e+02 1.649322839923186166e+02 2.183115019558993026e+02
3.020890173195290345e+02 1.649636853890375505e+02 2.183116904775771161e+02
3.020879446052671256e+02 1.649950867857564845e+02 2.183118789992549011e+02
3.020868718910052735e+02 1.650264881824754184e+02 2.183120675209327146e+02
3.020857991767433646e+02 1.650578895791943523e+02 2.183122560426104997e+02
3.020847264624814557e+02 1.650892909759132863e+02 2.183124445642883131e+02
3.020836537482195467e+02 1.651206923726322202e+02 2.183126330859660982e+02
3.020836537482195467e+02 1.651206923726322202e+02 2.183126330859660982e+02
3.020953512833377772e+02 1.651461825133243337e+02 2.183274044173899142e+02
3.021070488184560077e+02 1.651716726540164757e+02 2.183421757488137018e+02
3.021187463535741813e+02 1.651971627947085892e+02 2.183569470802375179e+02
3.021304438886924117e+02 1.652226529354007027e+02 2.183717184116613055e+02
3.021421414238106422e+02 1.652481430760928447e+02 2.183864897430851215e+02
3.021538389589288727e+02 1.652736332167849582e+02 2.184012610745089376e+02
3.021655364940470463e+02 1.652991233574770717e+02 2.184160324059327252e+02
3.021772340291652768e+02 1.653246134981692137e+02 2.184308037373565412e+02
3.021889315642835072e+02 1.653501036388613272e+02 2.184455750687803572e+02
3.022006290994017377e+02 1.653755937795534408e+02 2.184603464002041449e+02
3.022123266345199113e+02 1.654010839202455827e+02 2.184751177316279609e+02
3.022240241696381418e+02 1.654265740609376962e+02 2.184898890630517485e+02
3.022357217047563722e+02 1.654520642016298098e+02 2.185046603944755645e+02
3.022474192398746027e+02 1.654775543423219517e+02 2.185194317258993806e+02
3.022591167749927763e+02 1.655030444830140652e+02 2.185342030573231682e+02
3.022708143101110068e+02 1.655285346237061788e+02 2.185489743887469842e+02
3.022825118452292372e+02 1.655540247643983207e+02 2.185637457201708003e+02
3.022942093803474677e+02 1.655795149050904342e+02 2.185785170515945879e+02
3.023059069154656413e+02 1.656050050457825478e+02 2.185932883830184039e+02
3.023176044505838718e+02 1.656304951864746897e+02 2.186080597144421915e+02
3.023293019857021022e+02 1.656559853271668032e+02 2.186228310458660076e+02
3.023293019857021022e+02 1.656559853271668032e+02 2.186228310458660076e+02
3.023278960216429141e+02 1.656821609005990297e+02 2.186415919338893730e+02
3.023264900575837260e+02 1.657083364740312845e+02 2.186603528219127668e+02
3.023250840935244810e+02 1.657345120474635110e+02 2.186791137099361322e+02
3.023236781294652928e+02 1.657606876208957374e+02 2.186978745979595260e+02
3.023222721654061047e+02 1.657868631943279638e+02 2.187166354859828914e+02
3.023208662013469166e+02 1.658130387677602187e+02 2.187353963740062568e+02
3.023194602372876716e+02 1.658392143411924451e+02 2.187541572620296506e+02
3.023180542732284835e+02 1.658653899146246715e+02 2.187729181500530160e+02
3.023166483091692953e+02 1.658915654880569264e+02 2.187916790380764098e+02
3.023152423451101072e+02 1.659177410614891528e+02 2.188104399260997752e+02
3.023138363810508622e+02 1.659439166349213792e+02 2.188292008141231406e+02
3.023124304169916741e+02 1.659700922083536057e+02 2.188479617021465344e+02
3.023110244529324859e+02 1.659962677817858605e+02 2.188667225901698998e+02
3.023096184888732978e+02 1.660224433552180869e+02 2.188854834781932936e+02
3.023082125248140528e+02 1.660486189286503134e+02 2.189042443662166590e+02
3.023068065607548647e+02 1.660747945020825398e+02 2.189230052542400244e+02
3.023054005966956765e+02 1.661009700755147946e+02 2.189417661422634183e+02
3.023039946326364884e+02 1.661271456489470211e+02 2.189605270302867837e+02
3.023025886685772434e+02 1.661533212223792475e+02 2.189792879183101775e+02
3.023011827045180553e+02 1.661794967958115024e+02 2.189980488063335429e+02
3.022997767404588672e+02 1.662056723692437288e+02 2.190168096943569083e+02
3.022983707763996790e+02 1.662318479426759552e+02 2.190355705823803021e+02
3.022969648123404340e+02 1.662580235161081816e+02 2.190543314704036675e+02
3.022955588482812459e+02 1.662841990895404365e+02 2.190730923584270613e+02
3.022941528842220578e+02 1.663103746629726629e+02 2.190918532464504267e+02
3.022941528842220578e+02 1.663103746629726629e+02 2.190918532464504267e+02
3.022875565545116956e+02 1.663302032060618387e+02 2.191155481650744150e+02
3.022809602248013903e+02 1.663500317491510145e+02 2.191392430836984033e+02
3.022743638950910281e+02 1.663698602922401903e+02 2.191629380023223916e+02
3.022677675653806659e+02 1.663896888353293946e+02 2.191866329209464084e+02
3.022611712356703606e+02 1.664095173784185704e+02 2.192103278395703967e+02
3.022545749059599984e+02 1.664293459215077462e+02 2.192340227581943850e+02
3.022479785762496363e+02 1.664491744645969220e+02 2.192577176768183733e+02
3.022413822465393309e+02 1.664690030076860978e+02 2.192814125954423616e+02
3.022347859168289688e+02 1.664888315507752736e+02 2.193051075140663499e+02
3.022281895871186066e+02 1.665086600938644494e+02 2.193288024326903383e+02
3.022215932574083013e+02 1.665284886369536537e+02 2.193524973513143550e+02
3.022149969276979391e+02 1.665483171800428295e+02 2.193761922699383433e+02
3.022084005979875769e+02 1.665681457231320053e+02 2.193998871885623316e+02
3.022018042682772148e+02 1.665879742662211811e+02 2.194235821071863199e+02
3.021952079385669094e+02 1.666078028093103569e+02 2.194472770258103083e+02
3.021886116088565473e+02 1.666276313523995327e+02 2.194709719444342966e+02
3.021820152791461851e+02 1.666474598954887085e+02 2.194946668630582849e+02
3.021754189494358798e+02 1.666672884385779128e+02 2.195183617816823016e+02
3.021688226197255176e+02 1.666871169816670886e+02 2.195420567003062899e+02
3.021622262900151554e+02 1.667069455247562644e+02 2.195657516189302783e+02
3.021556299603048501e+02 1.667267740678454402e+02 2.195894465375542666e+02
3.021490336305944879e+02 1.667466026109346160e+02 2.196131414561782549e+02
3.021424373008841258e+02 1.667664311540237918e+02 2.196368363748022432e+02
3.021358409711738204e+02 1.667862596971129676e+02 2.196605312934262315e+02
3.021292446414634583e+02 1.668060882402021718e+02 2.196842262120502483e+02
3.021226483117530961e+02 1.668259167832913477e+02 2.197079211306742366e+02
3.021160519820427908e+02 1.668457453263805235e+02 2.197316160492982249e+02
3.021094556523324286e+02 1.668655738694696993e+02 2.197553109679222132e+02
3.021094556523324286e+02 1.668655738694696993e+02 2.197553109679222132e+02
3.021027614326546313e+02 1.668856966694445418e+02 2.197793575206995058e+02
3.020960672129768341e+02 1.669058194694193844e+02 2.198034040734767984e+02
3.020893729932990937e+02 1.669259422693942270e+02 2.198274506262540910e+02
3.020826787736212964e+02 1.669460650693690695e+02 2.198514971790313837e+02
3.020759845539434991e+02 1.669661878693439121e+02 2.198755437318086763e+02
3.020692903342657019e+02 1.669863106693187547e+02 2.198995902845859689e+02
3.020625961145879614e+02 1.670064334692935972e+02 2.199236368373632331e+02
3.020559018949101642e+02 1.670265562692684398e+02 2.199476833901405257e+02
3.020492076752323669e+02 1.670466790692432824e+02 2.199717299429178183e+02
3.020425134555545696e+02 1.670668018692181249e+02 2.199957764956951110e+02
3.020358192358768292e+02 1.670869246691929675e+02 2.200198230484724036e+02
3.020291250161990320e+02 1.671070474691678100e+02 2.200438696012496962e+02
3.020224307965212347e+02 1.671271702691426242e+02 2.200679161540269888e+02
3.020157365768434374e+02 1.671472930691174668e+02 2.200919627068042814e+02
3.020090423571656970e+02 1.671674158690923093e+02 2.201160092595815740e+02
3.020023481374878997e+02 1.671875386690671519e+02 2.201400558123588667e+02
3.019956539178101025e+02 1.672076614690419945e+02 2.201641023651361593e+02
3.019889596981323052e+02 1.672277842690168370e+02 2.201881489179134519e+02
3.019822654784545648e+02 1.672479070689916796e+02 2.202121954706907161e+02
3.019755712587767675e+02 1.672680298689665221e+02 2.202362420234680087e+02
3.019688770390989703e+02 1.672881526689413647e+02 2.202602885762453013e+02
3.019621828194211730e+02 1.673082754689162073e+02 2.202843351290225939e+02
3.019554885997434326e+02 1.673283982688910498e+02 2.203083816817998866e+02
3.019487943800656353e+02 1.673485210688658924e+02 2.203324282345771792e+02
3.019421001603878381e+02 1.673686438688407350e+02 2.203564747873544718e+02
3.019421001603878381e+02 1.673686438688407350e+02 2.203564747873544718e+02
3.019353950149788943e+02 1.673887995115237288e+02 2.203805605868526811e+02
3.019286898695698937e+02 1.674089551542067227e+02 2.204046463863509189e+02
3.019219847241609500e+02 1.674291107968897165e+02 2.204287321858491282e+02
3.019152795787519494e+02 1.674492664395727104e+02 2.204528179853473375e+02
3.019085744333430057e+02 1.674694220822557043e+02 2.204769037848455469e+02
3.019018692879340620e+02 1.674895777249386981e+02 2.205009895843437846e+02
3.018951641425250614e+02 1.675097333676216635e+02 2.205250753838419939e+02
3.018884589971161176e+02 1.675298890103046574e+02 2.205491611833402033e+02
3.018817538517071171e+02 1.675500446529876513e+02 2.205732469828384410e+02
3.018750487062981733e+02 1.675702002956706451e+02 2.205973327823366503e+02
3.018683435608892296e+02 1.675903559383536390e+02 2.206214185818348597e+02
3.018616384154802290e+02 1.676105115810366328e+02 2.206455043813330690e+02
3.018549332700712853e+02 1.676306672237196267e+02 2.206695901808313067e+02
3.018482281246623415e+02 1.676508228664026205e+02 2.206936759803295161e+02
3.018415229792533410e+02 1.676709785090856144e+02 2.207177617798277254e+02
3.018348178338443972e+02 1.676911341517686083e+02 2.207418475793259631e+02
3.018281126884353966e+02 1.677112897944516021e+02 2.207659333788241725e+02
3.018214075430264529e+02 1.677314454371345960e+02 2.207900191783223818e+02
3.018147023976175092e+02 1.677516010798175898e+02 2.208141049778205911e+02
3.018079972522085086e+02 1.677717567225005837e+02 2.208381907773188289e+02
3.018012921067995649e+02 1.677919123651835775e+02 2.208622765768170382e+02
3.017945869613905643e+02 1.678120680078665430e+02 2.208863623763152475e+02
3.017878818159816205e+02 1.678322236505495368e+02 2.209104481758134852e+02
3.017811766705726768e+02 1.678523792932325307e+02 2.209345339753116946e+02
3.017744715251636762e+02 1.678725349359155246e+02 2.209586197748099039e+02
3.017677663797547325e+02 1.678926905785985184e+02 2.209827055743081132e+02
3.017610612343457319e+02 1.679128462212815123e+02 2.210067913738063510e+02
3.017543560889367882e+02 1.679330018639645061e+02 2.210308771733045603e+02
3.017543560889367882e+02 1.679330018639645061e+02 2.210308771733045603e+02
3.017561723284309210e+02 1.679492004333694979e+02 2.210576328614127988e+02
3.017579885679250538e+02 1.679653990027744612e+02 2.210843885495210657e+02
3.017598048074192434e+02 1.679815975721794530e+02 2.211111442376293041e+02
3.017616210469133762e+02 1.679977961415844447e+02 2.211378999257375426e+02
3.017634372864075090e+02 1.680139947109894365e+02 2.211646556138458095e+02
3.017652535259016418e+02 1.680301932803943998e+02 2.211914113019540480e+02
3.017670697653957745e+02 1.680463918497993916e+02 2.212181669900622865e+02
3.017688860048899642e+02 1.680625904192043834e+02 2.212449226781705249e+02
3.017707022443840970e+02 1.680787889886093751e+02 2.212716783662787918e+02
3.017725184838782297e+02 1.680949875580143384e+02 2.212984340543870303e+02
3.017743347233723625e+02 1.681111861274193302e+02 2.213251897424952688e+02
3.017761509628664953e+02 1.681273846968243220e+02 2.213519454306035357e+02
3.017779672023606850e+02 1.681435832662292853e+02 2.213787011187117741e+02
3.017797834418548177e+02 1.681597818356342771e+02 2.214054568068200126e+02
3.017815996813489505e+02 1.681759804050392688e+02 2.214322124949282795e+02
3.017834159208430833e+02 1.681921789744442606e+02 2.214589681830365180e+02
3.017852321603372729e+02 1.682083775438492239e+02 2.214857238711447565e+02
3.017870483998314057e+02 1.682245761132542157e+02 2.215124795592530234e+02
3.017888646393255385e+02 1.682407746826592074e+02 2.215392352473612618e+02
3.017906808788196713e+02 1.682569732520641708e+02 2.215659909354695003e+02
3.017924971183138041e+02 1.682731718214691625e+02 2.215927466235777672e+02
3.017943133578079937e+02 1.682893703908741543e+02 2.216195023116860057e+02
3.017961295973021265e+02 1.683055689602791460e+02 2.216462579997942441e+02
3.017979458367962593e+02 1.683217675296841094e+02 2.216730136879024826e+02
3.017997620762903921e+02 1.683379660990891011e+02 2.216997693760107495e+02
3.018015783157845249e+02 1.683541646684940929e+02 2.217265250641189880e+02
3.018033945552787145e+02 1.683703632378990847e+02 2.217532807522272265e+02
3.018052107947728473e+02 1.683865618073040480e+02 2.217800364403354934e+02
3.018070270342669801e+02 1.684027603767090397e+02 2.218067921284437318e+02
3.018070270342669801e+02 1.684027603767090397e+02 2.218067921284437318e+02
3.018067891864796479e+02 1.684135266873387593e+02 2.218359330288133435e+02
3.018065513386922589e+02 1.684242929979685073e+02 2.218650739291829552e+02
3.018063134909049268e+02 1.684350593085982268e+02 2.218942148295525669e+02
3.018060756431175378e+02 1.684458256192279748e+02 2.219233557299221786e+02
3.018058377953302056e+02 1.684565919298576944e+02 2.219524966302917903e+02
3.018055999475428735e+02 1.684673582404874423e+02 2.219816375306614020e+02
3.018053620997554845e+02 1.684781245511171619e+02 2.220107784310310137e+02
3.018051242519681523e+02 1.684888908617468815e+02 2.220399193314006538e+02
3.018048864041808201e+02 1.684996571723766294e+02 2.220690602317702655e+02
3.018046485563934311e+02 1.685104234830063490e+02 2.220982011321398772e+02
3.018044107086060990e+02 1.685211897936360970e+02 2.221273420325094889e+02
3.018041728608187100e+02 1.685319561042658165e+02 2.221564829328791006e+02
3.018039350130313778e+02 1.685427224148955361e+02 2.221856238332487123e+02
3.018036971652440457e+02 1.685534887255252841e+02 2.222147647336183240e+02
3.018034593174566567e+02 1.685642550361550036e+02 2.222439056339879357e+02
3.018032214696693245e+02 1.685750213467847516e+02 2.222730465343575474e+02
3.018029836218819355e+02 1.685857876574144711e+02 2.223021874347271591e+02
3.018027457740946033e+02 1.685965539680442191e+02 2.223313283350967708e+02
3.018025079263072712e+02 1.686073202786739387e+02 2.223604692354663825e+02
3.018022700785198822e+02 1.686180865893036582e+02 2.223896101358359942e+02
3.018020322307325500e+02 1.686288528999334062e+02 2.224187510362056059e+02
3.018017943829451610e+02 1.686396192105631258e+02 2.224478919365752176e+02
3.018015565351578289e+02 1.686503855211928737e+02 2.224770328369448293e+02
3.018013186873704967e+02 1.686611518318225933e+02 2.225061737373144695e+02
3.018010808395831077e+02 1.686719181424523128e+02 2.225353146376840812e+02
3.018008429917957756e+02 1.686826844530820608e+02 2.225644555380536929e+02
3.018006051440084434e+02 1.686934507637117804e+02 2.225935964384233046e+02
3.018003672962210544e+02 1.687042170743415284e+02 2.226227373387929163e+02
3.018001294484337222e+02 1.687149833849712479e+02 2.226518782391625280e+02
3.017998916006463332e+02 1.687257496956009959e+02 2.226810191395321397e+02
3.017996537528590011e+02 1.687365160062307154e+02 2.227101600399017514e+02
3.017996537528590011e+02 1.687365160062307154e+02 2.227101600399017514e+02
3.017881873562125747e+02 1.687372675463036273e+02 2.227392345945835359e+02
3.017767209595662052e+02 1.687380190863765108e+02 2.227683091492653205e+02
3.017652545629197789e+02 1.687387706264494227e+02 2.227973837039470766e+02
3.017537881662733525e+02 1.687395221665223062e+02 2.228264582586288611e+02
3.017423217696269830e+02 1.687402737065952181e+02 2.228555328133106457e+02
3.017308553729805567e+02 1.687410252466681015e+02 2.228846073679924302e+02
3.017193889763341303e+02 1.687417767867410134e+02 2.229136819226741864e+02
3.017079225796877608e+02 1.687425283268138969e+02 2.229427564773559709e+02
3.016964561830413345e+02 1.687432798668868088e+02 2.229718310320377554e+02
3.016849897863949082e+02 1.687440314069596923e+02 2.230009055867195400e+02
3.016735233897485386e+02 1.687447829470326042e+02 2.230299801414012961e+02
3.016620569931021123e+02 1.687455344871054876e+02 2.230590546960830807e+02
3.016505905964556860e+02 1.687462860271783995e+02 2.230881292507648652e+02
3.016391241998093165e+02 1.687470375672512830e+02 2.231172038054466498e+02
3.016276578031628901e+02 1.687477891073241949e+02 2.231462783601284059e+02
3.016161914065164638e+02 1.687485406473971068e+02 2.231753529148101904e+02
3.016047250098700943e+02 1.687492921874699903e+02 2.232044274694919750e+02
3.015932586132236679e+02 1.687500437275429022e+02 2.232335020241737595e+02
3.015817922165772416e+02 1.687507952676157856e+02 2.232625765788555441e+02
3.015703258199308721e+02 1.687515468076886975e+02 2.232916511335373002e+02
3.015588594232844457e+02 1.687522983477615810e+02 2.233207256882190848e+02
3.015473930266380194e+02 1.687530498878344929e+02 2.233498002429008693e+02
3.015359266299916499e+02 1.687538014279073764e+02 2.233788747975826539e+02
3.015244602333452235e+02 1.687545529679802883e+02 2.234079493522644100e+02
3.015129938366987972e+02 1.687553045080531717e+02 2.234370239069461945e+02
3.015015274400524277e+02 1.687560560481260836e+02 2.234660984616279791e+02
3.014900610434060013e+02 1.687568075881989671e+02 2.234951730163097636e+02
3.014785946467595750e+02 1.687575591282718790e+02 2.235242475709915198e+02
3.014671282501132055e+02 1.687583106683447625e+02 2.235533221256733043e+02
3.014556618534667791e+02 1.687590622084176744e+02 2.235823966803550888e+02
3.014556618534667791e+02 1.687590622084176744e+02 2.235823966803550888e+02
3.014475009009941573e+02 1.687566739004394094e+02 2.236123550668080782e+02
3.014393399485215355e+02 1.687542855924611160e+02 2.236423134532610675e+02
3.014311789960489705e+02 1.687518972844828511e+02 2.236722718397140568e+02
3.014230180435763486e+02 1.687495089765045577e+02 2.237022302261670745e+02
3.014148570911037268e+02 1.687471206685262928e+02 2.237321886126200639e+02
3.014066961386311050e+02 1.687447323605479994e+02 2.237621469990730532e+02
3.013985351861584832e+02 1.687423440525697345e+02 2.237921053855260425e+02
3.013903742336858613e+02 1.687399557445914411e+02 2.238220637719790318e+02
3.013822132812132395e+02 1.687375674366131761e+02 2.238520221584320211e+02
3.013740523287406745e+02 1.687351791286348828e+02 2.238819805448850104e+02
3.013658913762680527e+02 1.687327908206566178e+02 2.239119389313379997e+02
3.013577304237954309e+02 1.687304025126783245e+02 2.239418973177910175e+02
3.013495694713228090e+02 1.687280142047000595e+02 2.239718557042440068e+02
3.013414085188501872e+02 1.687256258967217661e+02 2.240018140906969961e+02
3.013332475663775654e+02 1.687232375887435012e+02 2.240317724771499854e+02
3.013250866139050004e+02 1.687208492807652362e+02 2.240617308636029748e+02
3.013169256614323785e+02 1.687184609727869429e+02 2.240916892500559641e+02
3.013087647089597567e+02 1.687160726648086779e+02 2.241216476365089534e+02
3.013006037564871349e+02 1.687136843568303846e+02 2.241516060229619711e+02
3.012924428040145131e+02 1.687112960488521196e+02 2.241815644094149604e+02
3.012842818515418912e+02 1.687089077408738262e+02 2.242115227958679498e+02
3.012761208990693262e+02 1.687065194328955613e+02 2.242414811823209391e+02
3.012679599465967044e+02 1.687041311249172679e+02 2.242714395687739284e+02
3.012597989941240826e+02 1.687017428169390030e+02 2.243013979552269177e+02
3.012516380416514608e+02 1.686993545089607096e+02 2.243313563416799070e+02
3.012434770891788389e+02 1.686969662009824447e+02 2.243613147281328963e+02
3.012353161367062171e+02 1.686945778930041513e+02 2.243912731145859141e+02
3.012271551842336521e+02 1.686921895850258863e+02 2.244212315010389034e+02
3.012189942317610303e+02 1.686898012770475930e+02 2.244511898874918927e+02
3.012108332792884084e+02 1.686874129690693280e+02 2.244811482739448820e+02
3.012108332792884084e+02 1.686874129690693280e+02 2.244811482739448820e+02
3.012272109551831818e+02 1.686809800934463794e+02 2.245073322554942479e+02
3.012435886310780120e+02 1.686745472178234309e+02 2.245335162370435853e+02
3.012599663069727853e+02 1.686681143422005107e+02 2.245597002185929512e+02
3.012763439828676155e+02 1.686616814665775621e+02 2.245858842001422886e+02
3.012927216587623889e+02 1.686552485909546135e+02 2.246120681816916544e+02
3.013090993346572191e+02 1.686488157153316649e+02 2.246382521632410203e+02
3.013254770105519924e+02 1.686423828397087448e+02 2.246644361447903577e+02
3.013418546864468226e+02 1.686359499640857962e+02 2.246906201263397236e+02
3.013582323623415959e+02 1.686295170884628476e+02 2.247168041078890894e+02
3.013746100382364261e+02 1.686230842128398990e+02 2.247429880894384269e+02
3.013909877141311995e+02 1.686166513372169504e+02 2.247691720709877927e+02
3.014073653900259728e+02 1.686102184615940303e+02 2.247953560525371302e+02
3.014237430659208030e+02 1.686037855859710817e+02 2.248215400340864960e+02
3.014401207418155764e+02 1.685973527103481331e+02 2.248477240156358619e+02
3.014564984177104066e+02 1.685909198347251845e+02 2.248739079971851993e+02
3.014728760936051799e+02 1.685844869591022643e+02 2.249000919787345651e+02
3.014892537695000101e+02 1.685780540834793158e+02 2.249262759602839026e+02
3.015056314453947834e+02 1.685716212078563672e+02 2.249524599418332684e+02
3.015220091212896136e+02 1.685651883322334186e+02 2.249786439233826343e+02
3.015383867971843870e+02 1.685587554566104984e+02 2.250048279049319717e+02
3.015547644730791603e+02 1.685523225809875498e+02 2.250310118864813376e+02
3.015711421489739905e+02 1.685458897053646012e+02 2.250571958680306750e+02
3.015875198248687639e+02 1.685394568297416527e+02 2.250833798495800409e+02
3.016038975007635941e+02 1.685330239541187041e+02 2.251095638311294067e+02
3.016202751766583674e+02 1.685265910784957839e+02 2.251357478126787441e+02
3.016366528525531976e+02 1.685201582028728353e+02 2.251619317942281100e+02
3.016530305284479709e+02 1.685137253272498867e+02 2.251881157757774758e+02
3.016694082043428011e+02 1.685072924516269381e+02 2.252142997573268133e+02
3.016857858802375745e+02 1.685008595760040180e+02 2.252404837388761791e+02
3.017021635561324047e+02 1.684944267003810694e+02 2.252666677204255166e+02
3.017185412320271780e+02 1.684879938247581208e+02 2.252928517019748824e+02
3.017185412320271780e+02 1.684879938247581208e+02 2.252928517019748824e+02
3.017203573847157259e+02 1.685041916199663206e+02 2.253196061113178814e+02
3.017221735374042169e+02 1.685203894151745203e+02 2.253463605206608804e+02
3.017239896900927647e+02 1.685365872103827485e+02 2.253731149300039078e+02
3.017258058427813125e+02 1.685527850055909482e+02 2.253998693393469068e+02
3.017276219954698036e+02 1.685689828007991480e+02 2.254266237486899058e+02
3.017294381481583514e+02 1.685851805960073477e+02 2.254533781580329048e+02
3.017312543008468992e+02 1.686013783912155475e+02 2.254801325673759038e+02
3.017330704535353902e+02 1.686175761864237757e+02 2.255068869767189028e+02
3.017348866062239381e+02 1.686337739816319754e+02 2.255336413860619302e+02
3.017367027589124859e+02 1.686499717768401752e+02 2.255603957954049292e+02
3.017385189116009769e+02 1.686661695720483749e+02 2.255871502047479282e+02
3.017403350642895248e+02 1.686823673672566031e+02 2.256139046140909272e+02
3.017421512169780726e+02 1.686985651624648028e+02 2.256406590234339262e+02
3.017439673696666205e+02 1.687147629576730026e+02 2.256674134327769252e+02
3.017457835223551115e+02 1.687309607528812023e+02 2.256941678421199526e+02
3.017475996750436593e+02 1.687471585480894021e+02 2.257209222514629516e+02
3.017494158277322072e+02 1.687633563432976302e+02 2.257476766608059506e+02
3.017512319804206982e+02 1.687795541385058300e+02 2.257744310701489496e+02
3.017530481331092460e+02 1.687957519337140297e+02 2.258011854794919486e+02
3.017548642857977939e+02 1.688119497289222295e+02 2.258279398888349760e+02
3.017566804384862849e+02 1.688281475241304292e+02 2.258546942981779750e+02
3.017584965911748327e+02 1.688443453193386574e+02 2.258814487075209740e+02
3.017603127438633805e+02 1.688605431145468572e+02 2.259082031168639730e+02
3.017621288965518715e+02 1.688767409097550569e+02 2.259349575262069720e+02
3.017639450492404194e+02 1.688929387049632567e+02 2.259617119355499710e+02
3.017657612019289672e+02 1.689091365001714848e+02 2.259884663448929984e+02
3.017675773546174582e+02 1.689253342953796846e+02 2.260152207542359974e+02
3.017693935073060061e+02 1.689415320905878843e+02 2.260419751635789964e+02
3.017693935073060061e+02 1.689415320905878843e+02 2.260419751635789964e+02
3.017683222393844744e+02 1.689728911488120957e+02 2.260421634310730781e+02
3.017672509714628859e+02 1.690042502070362787e+02 2.260423516985671313e+02
3.017661797035413542e+02 1.690356092652604900e+02 2.260425399660612129e+02
3.017651084356198226e+02 1.690669683234846730e+02 2.260427282335552661e+02
3.017640371676982340e+02 1.690983273817088843e+02 2.260429165010493477e+02
3.017629658997767024e+02 1.691296864399330957e+02 2.260431047685434294e+02
3.017618946318551707e+02 1.691610454981572786e+02 2.260432930360374826e+02
3.017608233639335822e+02 1.691924045563814900e+02 2.260434813035315642e+02
3.017597520960120505e+02 1.692237636146057014e+02 2.260436695710256174e+02
3.017586808280905188e+02 1.692551226728298843e+02 2.260438578385196990e+02
3.017576095601689303e+02 1.692864817310540957e+02 2.260440461060137523e+02
3.017565382922473987e+02 1.693178407892782786e+02 2.260442343735078339e+02
3.017554670243258670e+02 1.693491998475024900e+02 2.260444226410019155e+02
3.017543957564042785e+02 1.693805589057267014e+02 2.260446109084959687e+02
3.017533244884827468e+02 1.694119179639508843e+02 2.260447991759900503e+02
3.017522532205611583e+02 1.694432770221750957e+02 2.260449874434841036e+02
3.017511819526396266e+02 1.694746360803993070e+02 2.260451757109781852e+02
3.017501106847180949e+02 1.695059951386234900e+02 2.260453639784722668e+02
3.017490394167965064e+02 1.695373541968477014e+02 2.260455522459663200e+02
3.017479681488749748e+02 1.695687132550718843e+02 2.260457405134604016e+02
3.017468968809534431e+02 1.696000723132960957e+02 2.260459287809544549e+02
3.017458256130318546e+02 1.696314313715203070e+02 2.260461170484485365e+02
3.017447543451103229e+02 1.696627904297444900e+02 2.260463053159425897e+02
3.017436830771887912e+02 1.696941494879687014e+02 2.260464935834366713e+02
3.017426118092672027e+02 1.697255085461929127e+02 2.260466818509307529e+02
3.017415405413456710e+02 1.697568676044170957e+02 2.260468701184248062e+02
3.017404692734241394e+02 1.697882266626413070e+02 2.260470583859188878e+02
3.017393980055025509e+02 1.698195857208654900e+02 2.260472466534129410e+02
3.017383267375810192e+02 1.698509447790897013e+02 2.260474349209070226e+02
3.017383267375810192e+02 1.698509447790897013e+02 2.260474349209070226e+02
3.017372400138818875e+02 1.698827562718724380e+02 2.260476259046408529e+02
3.017361532901827559e+02 1.699145677646552031e+02 2.260478168883746548e+02
3.017350665664836242e+02 1.699463792574379397e+02 2.260480078721084851e+02
3.017339798427844926e+02 1.699781907502207048e+02 2.260481988558423154e+02
3.017328931190853609e+02 1.700100022430034414e+02 2.260483898395761457e+02
3.017318063953862293e+02 1.700418137357861781e+02 2.260485808233099476e+02
3.017307196716870976e+02 1.700736252285689432e+02 2.260487718070437779e+02
3.017296329479879091e+02 1.701054367213516798e+02 2.260489627907776082e+02
3.017285462242887775e+02 1.701372482141344165e+02 2.260491537745114385e+02
3.017274595005896458e+02 1.701690597069171815e+02 2.260493447582452404e+02
3.017263727768905142e+02 1.702008711996999182e+02 2.260495357419790707e+02
3.017252860531913825e+02 1.702326826924826833e+02 2.260497267257129010e+02
3.017241993294922509e+02 1.702644941852654199e+02 2.260499177094467314e+02
3.017231126057931192e+02 1.702963056780481566e+02 2.260501086931805332e+02
3.017220258820939875e+02 1.703281171708309216e+02 2.260502996769143635e+02
3.017209391583948559e+02 1.703599286636136583e+02 2.260504906606481939e+02
3.017198524346957242e+02 1.703917401563964233e+02 2.260506816443820242e+02
3.017187657109965926e+02 1.704235516491791600e+02 2.260508726281158260e+02
3.017176789872974609e+02 1.704553631419618966e+02 2.260510636118496564e+02
3.017165922635983293e+02 1.704871746347446617e+02 2.260512545955834867e+02
3.017155055398991976e+02 1.705189861275273984e+02 2.260514455793173170e+02
3.017144188162000660e+02 1.705507976203101634e+02 2.260516365630511189e+02
3.017133320925009343e+02 1.705826091130929001e+02 2.260518275467849492e+02
3.017122453688017458e+02 1.706144206058756367e+02 2.260520185305187795e+02
3.017111586451026142e+02 1.706462320986584018e+02 2.260522095142526098e+02
3.017100719214034825e+02 1.706780435914411385e+02 2.260524004979864117e+02
3.017089851977043509e+02 1.707098550842238751e+02 2.260525914817202420e+02
3.017078984740052192e+02 1.707416665770066402e+02 2.260527824654540723e+02
3.017068117503060876e+02 1.707734780697893768e+02 2.260529734491879026e+02
3.017057250266069559e+02 1.708052895625721419e+02 2.260531644329217045e+02
3.017046383029078243e+02 1.708371010553548786e+02 2.260533554166555348e+02
3.017046383029078243e+02 1.708371010553548786e+02 2.260533554166555348e+02
3.016928567147875242e+02 1.708662341987333946e+02 2.260545504389856717e+02
3.016810751266672241e+02 1.708953673421119106e+02 2.260557454613158086e+02
3.016692935385469241e+02 1.709245004854904266e+02 2.260569404836459455e+02
3.016575119504266240e+02 1.709536336288689427e+02 2.260581355059760824e+02
3.016457303623063240e+02 1.709827667722474587e+02 2.260593305283062193e+02
3.016339487741859671e+02 1.710118999156259747e+02 2.260605255506363847e+02
3.016221671860656670e+02 1.710410330590044907e+02 2.260617205729665216e+02
3.016103855979453670e+02 1.710701662023830067e+02 2.260629155952966585e+02
3.015986040098250669e+02 1.710992993457615512e+02 2.260641106176267954e+02
3.015868224217047668e+02 1.711284324891400672e+02 2.260653056399569323e+02
3.015750408335844668e+02 1.711575656325185832e+02 2.260665006622870692e+02
3.015632592454641667e+02 1.711866987758970993e+02 2.260676956846172061e+02
3.015514776573438667e+02 1.712158319192756153e+02 2.260688907069473430e+02
3.015396960692235666e+02 1.712449650626541313e+02 2.260700857292774799e+02
3.015279144811032666e+02 1.712740982060326473e+02 2.260712807516076168e+02
3.015161328929829665e+02 1.713032313494111634e+02 2.260724757739377537e+02
3.015043513048626096e+02 1.713323644927896794e+02 2.260736707962679191e+02
3.014925697167423095e+02 1.713614976361681954e+02 2.260748658185980560e+02
3.014807881286220095e+02 1.713906307795467114e+02 2.260760608409281929e+02
3.014690065405017094e+02 1.714197639229252275e+02 2.260772558632583298e+02
3.014572249523814094e+02 1.714488970663037435e+02 2.260784508855884667e+02
3.014454433642611093e+02 1.714780302096822595e+02 2.260796459079186036e+02
3.014336617761408093e+02 1.715071633530607755e+02 2.260808409302487405e+02
3.014218801880205092e+02 1.715362964964392916e+02 2.260820359525788774e+02
3.014100985999002091e+02 1.715654296398178360e+02 2.260832309749090143e+02
3.013983170117799091e+02 1.715945627831963520e+02 2.260844259972391512e+02
3.013865354236596090e+02 1.716236959265748681e+02 2.260856210195692881e+02
3.013747538355392521e+02 1.716528290699533841e+02 2.260868160418994535e+02
3.013629722474189521e+02 1.716819622133319001e+02 2.260880110642295904e+02
3.013511906592986520e+02 1.717110953567104161e+02 2.260892060865597273e+02
3.013394090711783520e+02 1.717402285000889322e+02 2.260904011088898642e+02
3.013276274830580519e+02 1.717693616434674482e+02 2.260915961312200011e+02
3.013158458949377518e+02 1.717984947868459642e+02 2.260927911535501380e+02
