1.679560581233257039e+02 3.185315738850192702e+02 1.518599011126756579e+02
1.679288878055355667e+02 3.185244787633606052e+02 1.518571358212040252e+02
1.679017174877454579e+02 3.185173836417019970e+02 1.518543705297323925e+02
1.678745471699553207e+02 3.185102885200433320e+02 1.518516052382607597e+02
1.678473768521651834e+02 3.185031933983847239e+02 1.518488399467891270e+02
1.678202065343750746e+02 3.184960982767260589e+02 1.518460746553174943e+02
1.677930362165849374e+02 3.184890031550673939e+02 1.518433093638458331e+02
1.677658658987948002e+02 3.184819080334087857e+02 1.518405440723742004e+02
1.677386955810046913e+02 3.184748129117501207e+02 1.518377787809025676e+02
1.677115252632145541e+02 3.184677177900914558e+02 1.518350134894309349e+02
1.676843549454244169e+02 3.184606226684328476e+02 1.518322481979593022e+02
1.676571846276343081e+02 3.184535275467741826e+02 1.518294829064876694e+02
1.676300143098441708e+02 3.184464324251155745e+02 1.518267176150160367e+02
1.676028439920540336e+02 3.184393373034569095e+02 1.518239523235444040e+02
1.675756736742639248e+02 3.184322421817982445e+02 1.518211870320727712e+02
1.675485033564737876e+02 3.184251470601396363e+02 1.518184217406011385e+02
1.675213330386836503e+02 3.184180519384809713e+02 1.518156564491294773e+02
1.674941627208935131e+02 3.184109568168223632e+02 1.518128911576578446e+02
1.674669924031034043e+02 3.184038616951636982e+02 1.518101258661862119e+02
1.674398220853132671e+02 3.183967665735050332e+02 1.518073605747145791e+02
1.674126517675231298e+02 3.183896714518464250e+02 1.518045952832429464e+02
1.673854814497330210e+02 3.183825763301877600e+02 1.518018299917713136e+02
1.673583111319428838e+02 3.183754812085291519e+02 1.517990647002996809e+02
1.673311408141527465e+02 3.183683860868704869e+02 1.517962994088280482e+02
1.673039704963626377e+02 3.183612909652118219e+02 1.517935341173564154e+02
1.672768001785725005e+02 3.183541958435532138e+02 1.517907688258847827e+02
1.672496298607823633e+02 3.183471007218945488e+02 1.517880035344131215e+02
1.672224595429922545e+02 3.183400056002358838e+02 1.517852382429414888e+02
1.671952892252021172e+02 3.183329104785772756e+02 1.517824729514698561e+02
1.671681189074119800e+02 3.183258153569186106e+02 1.517797076599982233e+02
1.671409485896218712e+02 3.183187202352600025e+02 1.517769423685265906e+02
1.671137782718317339e+02 3.183116251136013375e+02 1.517741770770549579e+02
1.671137782718317339e+02 3.183116251136013375e+02 1.517741770770549579e+02
1.670924538603406404e+02 3.183122986130165941e+02 1.517922325773238867e+02
1.670711294488495184e+02 3.183129721124318507e+02 1.518102880775928156e+02
1.670498050373584249e+02 3.183136456118471642e+02 1.518283435778617729e+02
1.670284806258673314e+02 3.183143191112624208e+02 1.518463990781307018e+02
1.670071562143762378e+02 3.183149926106776775e+02 1.518644545783996307e+02
1.669858318028851158e+02 3.183156661100929341e+02 1.518825100786685880e+02
1.669645073913940223e+02 3.183163396095081907e+02 1.519005655789375169e+02
1.669431829799029288e+02 3.183170131089234474e+02 1.519186210792064458e+02
1.669218585684118068e+02 3.183176866083387608e+02 1.519366765794753746e+02
1.669005341569207133e+02 3.183183601077540175e+02 1.519547320797443035e+02
1.668792097454296197e+02 3.183190336071692741e+02 1.519727875800132608e+02
1.668578853339385262e+02 3.183197071065845307e+02 1.519908430802821897e+02
1.668365609224474042e+02 3.183203806059997873e+02 1.520088985805511186e+02
1.668152365109563107e+02 3.183210541054151008e+02 1.520269540808200759e+02
1.667939120994652171e+02 3.183217276048303574e+02 1.520450095810890048e+02
1.667725876879740952e+02 3.183224011042456141e+02 1.520630650813579336e+02
1.667512632764830016e+02 3.183230746036608707e+02 1.520811205816268625e+02
1.667299388649919081e+02 3.183237481030761273e+02 1.520991760818957914e+02
1.667086144535008145e+02 3.183244216024913840e+02 1.521172315821647487e+02
1.666872900420096926e+02 3.183250951019066974e+02 1.521352870824336776e+02
1.666659656305185990e+02 3.183257686013219541e+02 1.521533425827026065e+02
1.666446412190275055e+02 3.183264421007372107e+02 1.521713980829715638e+02
1.666233168075363835e+02 3.183271156001524673e+02 1.521894535832404927e+02
1.666019923960452900e+02 3.183277890995677240e+02 1.522075090835094215e+02
1.665806679845541964e+02 3.183284625989829806e+02 1.522255645837783504e+02
1.665593435730631029e+02 3.183291360983982941e+02 1.522436200840472793e+02
1.665380191615719809e+02 3.183298095978135507e+02 1.522616755843162366e+02
1.665166947500808874e+02 3.183304830972288073e+02 1.522797310845851655e+02
1.665166947500808874e+02 3.183304830972288073e+02 1.522797310845851655e+02
1.664861485713851437e+02 3.183148960808020433e+02 1.522781519253825877e+02
1.664556023926893999e+02 3.182993090643752794e+02 1.522765727661800099e+02
1.664250562139936562e+02 3.182837220479485154e+02 1.522749936069774321e+02
1.663945100352979125e+02 3.182681350315217514e+02 1.522734144477748544e+02
1.663639638566021404e+02 3.182525480150949306e+02 1.522718352885722766e+02
1.663334176779063966e+02 3.182369609986681667e+02 1.522702561293696988e+02
1.663028714992106529e+02 3.182213739822414027e+02 1.522686769701671494e+02
1.662723253205149092e+02 3.182057869658146387e+02 1.522670978109645716e+02
1.662417791418191655e+02 3.181901999493878748e+02 1.522655186517619939e+02
1.662112329631234218e+02 3.181746129329611108e+02 1.522639394925594161e+02
1.661806867844276780e+02 3.181590259165343468e+02 1.522623603333568383e+02
1.661501406057319343e+02 3.181434389001075829e+02 1.522607811741542605e+02
1.661195944270361622e+02 3.181278518836807621e+02 1.522592020149516827e+02
1.660890482483404185e+02 3.181122648672539981e+02 1.522576228557491049e+02
1.660585020696446747e+02 3.180966778508272341e+02 1.522560436965465271e+02
1.660279558909489310e+02 3.180810908344004702e+02 1.522544645373439494e+02
1.659974097122531873e+02 3.180655038179737062e+02 1.522528853781413716e+02
1.659668635335574436e+02 3.180499168015469422e+02 1.522513062189387938e+02
1.659363173548616999e+02 3.180343297851201783e+02 1.522497270597362444e+02
1.659057711761659561e+02 3.180187427686934143e+02 1.522481479005336666e+02
1.658752249974701840e+02 3.180031557522665935e+02 1.522465687413310889e+02
1.658446788187744403e+02 3.179875687358398295e+02 1.522449895821285111e+02
1.658141326400786966e+02 3.179719817194130655e+02 1.522434104229259333e+02
1.657835864613829528e+02 3.179563947029863016e+02 1.522418312637233555e+02
1.657530402826872091e+02 3.179408076865595376e+02 1.522402521045207777e+02
1.657530402826872091e+02 3.179408076865595376e+02 1.522402521045207777e+02
1.657266440009230450e+02 3.179411260361942482e+02 1.522421045226167564e+02
1.657002477191588525e+02 3.179414443858289019e+02 1.522439569407127351e+02
1.656738514373946884e+02 3.179417627354636124e+02 1.522458093588087138e+02
1.656474551556304959e+02 3.179420810850982662e+02 1.522476617769046925e+02
1.656210588738663319e+02 3.179423994347329767e+02 1.522495141950006712e+02
1.655946625921021393e+02 3.179427177843676304e+02 1.522513666130966499e+02
1.655682663103379753e+02 3.179430361340023410e+02 1.522532190311926286e+02
1.655418700285737827e+02 3.179433544836369947e+02 1.522550714492886073e+02
1.655154737468096187e+02 3.179436728332717053e+02 1.522569238673845859e+02
1.654890774650454262e+02 3.179439911829063590e+02 1.522587762854805646e+02
1.654626811832812621e+02 3.179443095325410695e+02 1.522606287035765433e+02
1.654362849015170696e+02 3.179446278821757232e+02 1.522624811216725220e+02
1.654098886197529055e+02 3.179449462318104338e+02 1.522643335397685007e+02
1.653834923379887130e+02 3.179452645814450875e+02 1.522661859578644510e+02
1.653570960562245489e+02 3.179455829310797981e+02 1.522680383759604297e+02
1.653306997744603564e+02 3.179459012807144518e+02 1.522698907940564084e+02
1.653043034926961923e+02 3.179462196303491623e+02 1.522717432121523871e+02
1.652779072109319998e+02 3.179465379799838161e+02 1.522735956302483658e+02
1.652515109291678357e+02 3.179468563296185266e+02 1.522754480483443444e+02
1.652251146474036432e+02 3.179471746792531803e+02 1.522773004664403231e+02
1.651987183656394791e+02 3.179474930288878909e+02 1.522791528845363018e+02
1.651723220838752866e+02 3.179478113785225446e+02 1.522810053026322805e+02
1.651459258021111225e+02 3.179481297281572552e+02 1.522828577207282592e+02
1.651195295203469300e+02 3.179484480777919089e+02 1.522847101388242379e+02
1.650931332385827659e+02 3.179487664274266194e+02 1.522865625569202166e+02
1.650667369568185734e+02 3.179490847770612731e+02 1.522884149750161953e+02
1.650403406750544093e+02 3.179494031266959837e+02 1.522902673931121740e+02
1.650403406750544093e+02 3.179494031266959837e+02 1.522902673931121740e+02
1.650196793952669907e+02 3.179483467015700739e+02 1.523162240545424595e+02
1.649990181154795437e+02 3.179472902764441073e+02 1.523421807159727166e+02
1.649783568356921251e+02 3.179462338513181976e+02 1.523681373774030021e+02
1.649576955559047065e+02 3.179451774261922310e+02 1.523940940388332592e+02
1.649370342761172594e+02 3.179441210010663212e+02 1.524200507002635447e+02
1.649163729963298408e+02 3.179430645759404115e+02 1.524460073616938018e+02
1.648957117165424222e+02 3.179420081508144449e+02 1.524719640231240874e+02
1.648750504367549752e+02 3.179409517256885351e+02 1.524979206845543445e+02
1.648543891569675566e+02 3.179398953005625685e+02 1.525238773459846300e+02
1.648337278771801380e+02 3.179388388754366588e+02 1.525498340074148871e+02
1.648130665973926909e+02 3.179377824503106922e+02 1.525757906688451726e+02
1.647924053176052723e+02 3.179367260251847824e+02 1.526017473302754581e+02
1.647717440378178537e+02 3.179356696000588727e+02 1.526277039917057152e+02
1.647510827580304351e+02 3.179346131749329061e+02 1.526536606531360007e+02
1.647304214782429881e+02 3.179335567498069963e+02 1.526796173145662578e+02
1.647097601984555695e+02 3.179325003246810297e+02 1.527055739759965434e+02
1.646890989186681509e+02 3.179314438995551200e+02 1.527315306374268005e+02
1.646684376388807038e+02 3.179303874744292102e+02 1.527574872988570860e+02
1.646477763590932852e+02 3.179293310493032436e+02 1.527834439602873431e+02
1.646271150793058666e+02 3.179282746241773339e+02 1.528094006217176286e+02
1.646064537995184196e+02 3.179272181990513673e+02 1.528353572831478857e+02
1.645857925197310010e+02 3.179261617739254575e+02 1.528613139445781712e+02
1.645857925197310010e+02 3.179261617739254575e+02 1.528613139445781712e+02
1.645529001413720493e+02 3.179145971608582499e+02 1.528626398161286772e+02
1.645200077630130977e+02 3.179030325477909855e+02 1.528639656876792117e+02
1.644871153846541461e+02 3.178914679347237779e+02 1.528652915592297177e+02
1.644542230062951944e+02 3.178799033216565135e+02 1.528666174307802521e+02
1.644213306279362428e+02 3.178683387085893060e+02 1.528679433023307581e+02
1.643884382495773195e+02 3.178567740955220415e+02 1.528692691738812925e+02
1.643555458712183679e+02 3.178452094824548340e+02 1.528705950454317986e+02
1.643226534928594162e+02 3.178336448693876264e+02 1.528719209169823046e+02
1.642897611145004646e+02 3.178220802563203620e+02 1.528732467885328390e+02
1.642568687361415130e+02 3.178105156432531544e+02 1.528745726600833450e+02
1.642239763577825613e+02 3.177989510301858900e+02 1.528758985316338794e+02
1.641910839794236097e+02 3.177873864171186824e+02 1.528772244031843854e+02
1.641581916010646580e+02 3.177758218040514180e+02 1.528785502747349199e+02
1.641252992227057064e+02 3.177642571909842104e+02 1.528798761462854259e+02
1.640924068443467547e+02 3.177526925779169460e+02 1.528812020178359603e+02
1.640595144659878031e+02 3.177411279648497384e+02 1.528825278893864663e+02
1.640266220876288514e+02 3.177295633517825308e+02 1.528838537609369723e+02
1.639937297092699282e+02 3.177179987387152664e+02 1.528851796324875068e+02
1.639608373309109766e+02 3.177064341256480589e+02 1.528865055040380128e+02
1.639279449525520249e+02 3.176948695125807944e+02 1.528878313755885472e+02
1.638950525741930733e+02 3.176833048995135869e+02 1.528891572471390532e+02
1.638621601958341216e+02 3.176717402864463224e+02 1.528904831186895876e+02
1.638292678174751700e+02 3.176601756733791149e+02 1.528918089902400936e+02
1.638292678174751700e+02 3.176601756733791149e+02 1.528918089902400936e+02
1.638083134638843887e+02 3.176390101192995985e+02 1.528774612068796159e+02
1.637873591102936075e+02 3.176178445652200821e+02 1.528631134235191382e+02
1.637664047567028263e+02 3.175966790111405658e+02 1.528487656401586605e+02
1.637454504031120450e+02 3.175755134570610494e+02 1.528344178567981828e+02
1.637244960495212638e+02 3.175543479029815330e+02 1.528200700734376767e+02
1.637035416959304825e+02 3.175331823489020167e+02 1.528057222900771990e+02
1.636825873423397297e+02 3.175120167948224434e+02 1.527913745067167213e+02
1.636616329887489485e+02 3.174908512407429271e+02 1.527770267233562436e+02
1.636406786351581673e+02 3.174696856866634107e+02 1.527626789399957659e+02
1.636197242815673860e+02 3.174485201325838943e+02 1.527483311566352882e+02
1.635987699279766048e+02 3.174273545785043780e+02 1.527339833732748104e+02
1.635778155743858235e+02 3.174061890244248616e+02 1.527196355899143327e+02
1.635568612207950423e+02 3.173850234703453452e+02 1.527052878065538266e+02
1.635359068672042611e+02 3.173638579162658289e+02 1.526909400231933489e+02
1.635149525136134798e+02 3.173426923621863125e+02 1.526765922398328712e+02
1.634939981600226986e+02 3.173215268081067961e+02 1.526622444564723935e+02
1.634730438064319173e+02 3.173003612540272798e+02 1.526478966731119158e+02
1.634520894528411361e+02 3.172791956999477634e+02 1.526335488897514381e+02
1.634311350992503833e+02 3.172580301458681902e+02 1.526192011063909604e+02
1.634101807456596021e+02 3.172368645917886738e+02 1.526048533230304827e+02
1.633892263920688208e+02 3.172156990377091574e+02 1.525905055396699765e+02
1.633682720384780396e+02 3.171945334836296411e+02 1.525761577563094988e+02
1.633473176848872583e+02 3.171733679295501247e+02 1.525618099729490211e+02
1.633263633312964771e+02 3.171522023754706083e+02 1.525474621895885434e+02
1.633054089777056959e+02 3.171310368213910920e+02 1.525331144062280657e+02
1.633054089777056959e+02 3.171310368213910920e+02 1.525331144062280657e+02
1.632880221209127853e+02 3.171134747211750664e+02 1.525212093453774003e+02
1.632706352641198748e+02 3.170959126209590409e+02 1.525093042845267632e+02
1.632532484073269643e+02 3.170783505207430153e+02 1.524973992236760978e+02
1.632358615505340538e+02 3.170607884205269897e+02 1.524854941628254323e+02
1.632184746937411433e+02 3.170432263203109642e+02 1.524735891019747953e+02
1.632010878369482327e+02 3.170256642200949386e+02 1.524616840411241299e+02
1.631837009801553222e+02 3.170081021198789131e+02 1.524497789802734644e+02
1.631663141233624117e+02 3.169905400196628875e+02 1.524378739194227990e+02
1.631489272665695012e+02 3.169729779194468620e+02 1.524259688585721619e+02
1.631315404097765906e+02 3.169554158192308364e+02 1.524140637977214965e+02
1.631141535529836801e+02 3.169378537190148108e+02 1.524021587368708310e+02
1.630967666961907696e+02 3.169202916187987853e+02 1.523902536760201940e+02
1.630793798393978591e+02 3.169027295185827597e+02 1.523783486151695286e+02
1.630619929826049201e+02 3.168851674183667910e+02 1.523664435543188631e+02
1.630446061258120096e+02 3.168676053181507655e+02 1.523545384934682261e+02
1.630272192690190991e+02 3.168500432179347399e+02 1.523426334326175606e+02
1.630098324122261886e+02 3.168324811177187144e+02 1.523307283717668952e+02
1.629924455554332781e+02 3.168149190175026888e+02 1.523188233109162582e+02
1.629750586986403675e+02 3.167973569172866632e+02 1.523069182500655927e+02
1.629576718418474570e+02 3.167797948170706377e+02 1.522950131892149273e+02
1.629402849850545465e+02 3.167622327168546121e+02 1.522831081283642618e+02
1.629228981282616360e+02 3.167446706166385866e+02 1.522712030675136248e+02
1.629055112714687255e+02 3.167271085164225610e+02 1.522592980066629593e+02
1.628881244146758149e+02 3.167095464162065355e+02 1.522473929458122939e+02
1.628707375578829044e+02 3.166919843159905099e+02 1.522354878849616568e+02
1.628533507010899939e+02 3.166744222157744844e+02 1.522235828241109914e+02
1.628533507010899939e+02 3.166744222157744844e+02 1.522235828241109914e+02
1.628406170450077468e+02 3.166511595143668387e+02 1.522328537007570333e+02
1.628278833889254997e+02 3.166278968129591931e+02 1.522421245774030751e+02
1.628151497328432527e+02 3.166046341115515474e+02 1.522513954540491170e+02
1.628024160767610056e+02 3.165813714101439018e+02 1.522606663306951589e+02
1.627896824206787585e+02 3.165581087087362562e+02 1.522699372073412007e+02
1.627769487645965114e+02 3.165348460073286674e+02 1.522792080839872426e+02
1.627642151085142643e+02 3.165115833059210217e+02 1.522884789606332845e+02
1.627514814524320172e+02 3.164883206045133761e+02 1.522977498372793264e+02
1.627387477963497702e+02 3.164650579031057305e+02 1.523070207139253682e+02
1.627260141402675231e+02 3.164417952016980848e+02 1.523162915905714101e+02
1.627132804841853044e+02 3.164185325002904392e+02 1.523255624672174520e+02
1.627005468281030574e+02 3.163952697988827936e+02 1.523348333438634938e+02
1.626878131720208103e+02 3.163720070974751479e+02 1.523441042205095357e+02
1.626750795159385632e+02 3.163487443960675023e+02 1.523533750971555776e+02
1.626623458598563161e+02 3.163254816946598567e+02 1.523626459738016194e+02
1.626496122037740690e+02 3.163022189932522110e+02 1.523719168504476613e+02
1.626368785476918220e+02 3.162789562918446222e+02 1.523811877270937032e+02
1.626241448916095749e+02 3.162556935904369766e+02 1.523904586037397451e+02
1.626114112355273278e+02 3.162324308890293310e+02 1.523997294803857869e+02
1.625986775794450807e+02 3.162091681876216853e+02 1.524090003570318288e+02
1.625859439233628336e+02 3.161859054862140397e+02 1.524182712336778707e+02
1.625732102672805865e+02 3.161626427848063940e+02 1.524275421103239125e+02
1.625732102672805865e+02 3.161626427848063940e+02 1.524275421103239125e+02
1.625573930050028650e+02 3.161337467437105602e+02 1.524390580399601163e+02
1.625415757427251719e+02 3.161048507026147263e+02 1.524505739695963200e+02
1.625257584804474504e+02 3.160759546615188924e+02 1.524620898992325237e+02
1.625099412181697289e+02 3.160470586204230585e+02 1.524736058288687275e+02
1.624941239558920358e+02 3.160181625793272815e+02 1.524851217585049312e+02
1.624783066936143143e+02 3.159892665382314476e+02 1.524966376881411350e+02
1.624624894313366212e+02 3.159603704971356137e+02 1.525081536177773387e+02
1.624466721690588997e+02 3.159314744560397799e+02 1.525196695474135424e+02
1.624308549067811782e+02 3.159025784149439460e+02 1.525311854770497462e+02
1.624150376445034851e+02 3.158736823738481121e+02 1.525427014066859215e+02
1.623992203822257636e+02 3.158447863327522782e+02 1.525542173363221252e+02
1.623834031199480421e+02 3.158158902916564443e+02 1.525657332659583290e+02
1.623675858576703490e+02 3.157869942505606105e+02 1.525772491955945327e+02
1.623517685953926275e+02 3.157580982094647766e+02 1.525887651252307364e+02
1.623359513331149344e+02 3.157292021683689995e+02 1.526002810548669402e+02
1.623201340708372129e+02 3.157003061272731657e+02 1.526117969845031439e+02
1.623043168085594914e+02 3.156714100861773318e+02 1.526233129141393476e+02
1.622884995462817983e+02 3.156425140450814979e+02 1.526348288437755514e+02
1.622726822840040768e+02 3.156136180039856640e+02 1.526463447734117551e+02
1.622726822840040768e+02 3.156136180039856640e+02 1.526463447734117551e+02
1.622596974133372214e+02 3.155843980990339901e+02 1.526631854984873939e+02
1.622467125426703660e+02 3.155551781940822593e+02 1.526800262235630044e+02
1.622337276720034822e+02 3.155259582891305854e+02 1.526968669486386432e+02
1.622207428013366268e+02 3.154967383841788546e+02 1.527137076737142820e+02
1.622077579306697714e+02 3.154675184792271807e+02 1.527305483987899208e+02
1.621947730600029161e+02 3.154382985742754499e+02 1.527473891238655312e+02
1.621817881893360607e+02 3.154090786693237760e+02 1.527642298489411701e+02
1.621688033186691769e+02 3.153798587643721021e+02 1.527810705740168089e+02
1.621558184480023215e+02 3.153506388594203713e+02 1.527979112990924193e+02
1.621428335773354661e+02 3.153214189544686974e+02 1.528147520241680581e+02
1.621298487066686107e+02 3.152921990495169666e+02 1.528315927492436970e+02
1.621168638360017553e+02 3.152629791445652927e+02 1.528484334743193358e+02
1.621038789653348999e+02 3.152337592396135619e+02 1.528652741993949462e+02
1.620908940946680161e+02 3.152045393346618880e+02 1.528821149244705850e+02
1.620779092240011607e+02 3.151753194297102141e+02 1.528989556495462239e+02
1.620649243533343054e+02 3.151460995247584833e+02 1.529157963746218343e+02
1.620519394826674500e+02 3.151168796198068094e+02 1.529326370996974731e+02
1.620389546120005946e+02 3.150876597148550786e+02 1.529494778247731119e+02
1.620259697413337108e+02 3.150584398099034047e+02 1.529663185498487508e+02
1.620129848706668554e+02 3.150292199049516739e+02 1.529831592749243612e+02
1.620000000000000000e+02 3.150000000000000000e+02 1.530000000000000000e+02
1.620000000000000000e+02 3.150000000000000000e+02 1.530000000000000000e+02
1.620000000000000000e+02 3.150000000000000000e+02 1.530000000000000000e+02
1.620000000000000000e+02 3.150000000000000000e+02 1.530000000000000000e+02
1.620000000000000000e+02 3.150000000000000000e+02 1.530000000000000000e+02
1.620000000000000000e+02 3.150000000000000000e+02 1.530000000000000000e+02
1.620000000000000000e+02 3.150000000000000000e+02 1.530000000000000000e+02
1.620000000000000000e+02 3.150000000000000000e+02 1.530000000000000000e+02
1.620000000000000000e+02 3.150000000000000000e+02 1.530000000000000000e+02
1.620000000000000000e+02 3.150000000000000000e+02 1.530000000000000000e+02
1.620000000000000000e+02 3.150000000000000000e+02 1.530000000000000000e+02
1.620000000000000000e+02 3.150000000000000000e+02 1.530000000000000000e+02
1.620000000000000000e+02 3.150000000000000000e+02 1.530000000000000000e+02
1.620000000000000000e+02 3.150000000000000000e+02 1.530000000000000000e+02
1.620000000000000000e+02 3.150000000000000000e+02 1.530000000000000000e+02
1.620000000000000000e+02 3.150000000000000000e+02 1.530000000000000000e+02
1.620000000000000000e+02 3.150000000000000000e+02 1.530000000000000000e+02
1.620000000000000000e+02 3.150000000000000000e+02 1.530000000000000000e+02
1.620000000000000000e+02 3.150000000000000000e+02 1.530000000000000000e+02
1.620000000000000000e+02 3.150000000000000000e+02 1.530000000000000000e+02
1.620000000000000000e+02 3.150000000000000000e+02 1.530000000000000000e+02
1.620000000000000000e+02 3.150000000000000000e+02 1.530000000000000000e+02
1.620000000000000000e+02 3.150000000000000000e+02 1.530000000000000000e+02
1.620000000000000000e+02 3.150000000000000000e+02 1.530000000000000000e+02
1.620000000000000000e+02 3.150000000000000000e+02 1.530000000000000000e+02
1.620000000000000000e+02 3.150000000000000000e+02 1.530000000000000000e+02
1.620000000000000000e+02 3.150000000000000000e+02 1.530000000000000000e+02
1.619850135750403695e+02 3.149739857696908985e+02 1.530099291614045569e+02
1.619700271500807105e+02 3.149479715393817969e+02 1.530198583228091422e+02
1.619550407251210800e+02 3.149219573090726954e+02 1.530297874842136991e+02
1.619400543001614210e+02 3.148959430787635938e+02 1.530397166456182845e+02
1.619250678752017905e+02 3.148699288484544923e+02 1.530496458070228414e+02
1.619100814502421599e+02 3.148439146181453907e+02 1.530595749684274267e+02
1.618950950252825010e+02 3.148179003878362892e+02 1.530695041298319836e+02
1.618801086003228704e+02 3.147918861575271876e+02 1.530794332912365689e+02
1.618651221753632115e+02 3.147658719272180861e+02 1.530893624526411259e+02
1.618501357504035809e+02 3.147398576969089845e+02 1.530992916140457112e+02
1.618351493254439220e+02 3.147138434665998830e+02 1.531092207754502681e+02
1.618201629004842914e+02 3.146878292362907814e+02 1.531191499368548534e+02
1.618051764755246609e+02 3.146618150059816230e+02 1.531290790982594103e+02
1.617901900505650019e+02 3.146358007756725215e+02 1.531390082596639672e+02
1.617752036256053714e+02 3.146097865453634199e+02 1.531489374210685526e+02
1.617602172006457124e+02 3.145837723150543184e+02 1.531588665824731095e+02
1.617452307756860819e+02 3.145577580847452168e+02 1.531687957438776948e+02
1.617302443507264229e+02 3.145317438544361153e+02 1.531787249052822517e+02
1.617152579257667924e+02 3.145057296241270137e+02 1.531886540666868370e+02
1.617002715008071618e+02 3.144797153938179122e+02 1.531985832280913939e+02
1.616852850758475029e+02 3.144537011635088106e+02 1.532085123894959793e+02
1.616702986508878723e+02 3.144276869331997091e+02 1.532184415509005362e+02
1.616553122259282134e+02 3.144016727028906075e+02 1.532283707123051215e+02
1.616403258009685828e+02 3.143756584725815060e+02 1.532382998737096784e+02
1.616403258009685828e+02 3.143756584725815060e+02 1.532382998737096784e+02
1.616389499002222294e+02 3.143561265487002743e+02 1.532631938827562408e+02
1.616375739994758760e+02 3.143365946248190426e+02 1.532880878918027747e+02
1.616361980987294942e+02 3.143170627009378677e+02 1.533129819008493371e+02
1.616348221979831408e+02 3.142975307770566360e+02 1.533378759098958994e+02
1.616334462972367874e+02 3.142779988531754043e+02 1.533627699189424618e+02
1.616320703964904340e+02 3.142584669292941726e+02 1.533876639279889957e+02
1.616306944957440805e+02 3.142389350054129977e+02 1.534125579370355581e+02
1.616293185949976987e+02 3.142194030815317660e+02 1.534374519460821205e+02
1.616279426942513453e+02 3.141998711576505343e+02 1.534623459551286544e+02
1.616265667935049919e+02 3.141803392337693026e+02 1.534872399641752168e+02
1.616251908927586385e+02 3.141608073098881277e+02 1.535121339732217791e+02
1.616238149920122851e+02 3.141412753860068960e+02 1.535370279822683415e+02
1.616224390912659032e+02 3.141217434621256643e+02 1.535619219913148754e+02
1.616210631905195498e+02 3.141022115382444326e+02 1.535868160003614378e+02
1.616196872897731964e+02 3.140826796143632578e+02 1.536117100094080001e+02
1.616183113890268430e+02 3.140631476904820261e+02 1.536366040184545625e+02
1.616169354882804896e+02 3.140436157666007944e+02 1.536614980275010964e+02
1.616155595875341078e+02 3.140240838427195627e+02 1.536863920365476588e+02
1.616141836867877544e+02 3.140045519188383878e+02 1.537112860455942212e+02
1.616128077860414010e+02 3.139850199949571561e+02 1.537361800546407551e+02
1.616114318852950476e+02 3.139654880710759244e+02 1.537610740636873174e+02
1.616100559845486941e+02 3.139459561471946927e+02 1.537859680727338798e+02
1.616086800838023123e+02 3.139264242233135178e+02 1.538108620817804422e+02
1.616073041830559589e+02 3.139068922994322861e+02 1.538357560908269761e+02
1.616059282823096055e+02 3.138873603755510544e+02 1.538606500998735385e+02
1.616059282823096055e+02 3.138873603755510544e+02 1.538606500998735385e+02
1.615905492413406819e+02 3.138715201671736850e+02 1.538836885395827494e+02
1.615751702003717298e+02 3.138556799587963155e+02 1.539067269792919603e+02
1.615597911594028062e+02 3.138398397504188893e+02 1.539297654190011713e+02
1.615444121184338542e+02 3.138239995420415198e+02 1.539528038587103538e+02
1.615290330774649306e+02 3.138081593336641504e+02 1.539758422984195647e+02
1.615136540364960069e+02 3.137923191252867809e+02 1.539988807381287756e+02
1.614982749955270549e+02 3.137764789169094115e+02 1.540219191778379866e+02
1.614828959545581313e+02 3.137606387085320421e+02 1.540449576175471975e+02
1.614675169135891792e+02 3.137447985001546158e+02 1.540679960572564084e+02
1.614521378726202556e+02 3.137289582917772464e+02 1.540910344969656194e+02
1.614367588316513320e+02 3.137131180833998769e+02 1.541140729366748303e+02
1.614213797906823800e+02 3.136972778750225075e+02 1.541371113763840128e+02
1.614060007497134563e+02 3.136814376666451381e+02 1.541601498160932238e+02
1.613906217087445327e+02 3.136655974582677686e+02 1.541831882558024347e+02
1.613752426677755807e+02 3.136497572498903423e+02 1.542062266955116456e+02
1.613598636268066571e+02 3.136339170415129729e+02 1.542292651352208566e+02
1.613444845858377050e+02 3.136180768331356035e+02 1.542523035749300675e+02
1.613291055448687814e+02 3.136022366247582340e+02 1.542753420146392784e+02
1.613137265038998578e+02 3.135863964163808646e+02 1.542983804543484894e+02
1.612983474629309057e+02 3.135705562080034952e+02 1.543214188940576719e+02
1.612829684219619821e+02 3.135547159996260689e+02 1.543444573337668828e+02
1.612675893809930301e+02 3.135388757912486994e+02 1.543674957734760937e+02
1.612522103400241065e+02 3.135230355828713300e+02 1.543905342131853047e+02
1.612522103400241065e+02 3.135230355828713300e+02 1.543905342131853047e+02
1.612286030785055573e+02 3.135063477658445663e+02 1.544038364363286746e+02
1.612049958169870365e+02 3.134896599488177458e+02 1.544171386594720445e+02
1.611813885554684873e+02 3.134729721317909821e+02 1.544304408826154145e+02
1.611577812939499381e+02 3.134562843147641615e+02 1.544437431057587844e+02
1.611341740324314173e+02 3.134395964977373978e+02 1.544570453289021543e+02
1.611105667709128682e+02 3.134229086807105773e+02 1.544703475520455243e+02
1.610869595093943190e+02 3.134062208636838136e+02 1.544836497751888942e+02
1.610633522478757698e+02 3.133895330466570499e+02 1.544969519983322641e+02
1.610397449863572490e+02 3.133728452296302294e+02 1.545102542214756340e+02
1.610161377248386998e+02 3.133561574126034657e+02 1.545235564446190040e+02
1.609925304633201506e+02 3.133394695955766451e+02 1.545368586677623739e+02
1.609689232018016298e+02 3.133227817785498814e+02 1.545501608909057438e+02
1.609453159402830806e+02 3.133060939615230609e+02 1.545634631140491138e+02
1.609217086787645314e+02 3.132894061444962972e+02 1.545767653371924837e+02
1.608981014172460107e+02 3.132727183274694767e+02 1.545900675603358536e+02
1.608744941557274615e+02 3.132560305104427130e+02 1.546033697834792235e+02
1.608508868942089123e+02 3.132393426934159493e+02 1.546166720066225935e+02
1.608272796326903631e+02 3.132226548763891287e+02 1.546299742297659634e+02
1.608036723711718423e+02 3.132059670593623650e+02 1.546432764529093333e+02
1.607800651096532931e+02 3.131892792423355445e+02 1.546565786760527033e+02
1.607564578481347439e+02 3.131725914253087808e+02 1.546698808991960732e+02
1.607328505866162232e+02 3.131559036082819603e+02 1.546831831223394431e+02
1.607092433250976740e+02 3.131392157912551966e+02 1.546964853454828130e+02
1.607092433250976740e+02 3.131392157912551966e+02 1.546964853454828130e+02
1.606800324584774273e+02 3.131398531684828299e+02 1.546852828847582373e+02
1.606508215918571523e+02 3.131404905457104633e+02 1.546740804240336615e+02
1.606216107252369056e+02 3.131411279229380966e+02 1.546628779633090858e+02
1.605923998586166590e+02 3.131417653001657300e+02 1.546516755025845100e+02
1.605631889919964124e+02 3.131424026773933633e+02 1.546404730418599343e+02
1.605339781253761373e+02 3.131430400546209967e+02 1.546292705811353585e+02
1.605047672587558907e+02 3.131436774318486300e+02 1.546180681204108112e+02
1.604755563921356440e+02 3.131443148090762634e+02 1.546068656596862354e+02
1.604463455255153974e+02 3.131449521863038967e+02 1.545956631989616596e+02
1.604171346588951224e+02 3.131455895635315301e+02 1.545844607382370839e+02
1.603879237922748757e+02 3.131462269407591634e+02 1.545732582775125081e+02
1.603587129256546291e+02 3.131468643179867968e+02 1.545620558167879324e+02
1.603295020590343825e+02 3.131475016952143733e+02 1.545508533560633566e+02
1.603002911924141074e+02 3.131481390724420066e+02 1.545396508953387809e+02
1.602710803257938608e+02 3.131487764496696400e+02 1.545284484346142051e+02
1.602418694591736141e+02 3.131494138268972733e+02 1.545172459738896293e+02
1.602126585925533391e+02 3.131500512041249067e+02 1.545060435131650536e+02
1.601834477259330924e+02 3.131506885813525400e+02 1.544948410524404778e+02
1.601542368593128458e+02 3.131513259585801734e+02 1.544836385917159021e+02
1.601250259926925992e+02 3.131519633358078067e+02 1.544724361309913547e+02
1.600958151260723241e+02 3.131526007130354401e+02 1.544612336702667790e+02
1.600666042594520775e+02 3.131532380902630734e+02 1.544500312095422032e+02
1.600373933928318309e+02 3.131538754674907068e+02 1.544388287488176275e+02
1.600081825262115842e+02 3.131545128447183401e+02 1.544276262880930517e+02
1.599789716595913092e+02 3.131551502219459735e+02 1.544164238273684759e+02
1.599497607929710625e+02 3.131557875991736068e+02 1.544052213666439002e+02
1.599497607929710625e+02 3.131557875991736068e+02 1.544052213666439002e+02
1.599274464637346966e+02 3.131336839180424363e+02 1.544098566960096264e+02
1.599051321344983023e+02 3.131115802369113226e+02 1.544144920253753526e+02
1.598828178052619364e+02 3.130894765557801520e+02 1.544191273547410788e+02
1.598605034760255421e+02 3.130673728746489815e+02 1.544237626841068334e+02
1.598381891467891762e+02 3.130452691935178677e+02 1.544283980134725596e+02
1.598158748175527819e+02 3.130231655123866972e+02 1.544330333428382858e+02
1.597935604883164160e+02 3.130010618312555835e+02 1.544376686722040120e+02
1.597712461590800217e+02 3.129789581501244129e+02 1.544423040015697381e+02
1.597489318298436558e+02 3.129568544689932423e+02 1.544469393309354643e+02
1.597266175006072899e+02 3.129347507878621286e+02 1.544515746603012190e+02
1.597043031713708956e+02 3.129126471067309581e+02 1.544562099896669451e+02
1.596819888421345297e+02 3.128905434255997875e+02 1.544608453190326713e+02
1.596596745128981354e+02 3.128684397444686738e+02 1.544654806483983975e+02
1.596373601836617695e+02 3.128463360633375032e+02 1.544701159777641237e+02
1.596150458544253752e+02 3.128242323822063327e+02 1.544747513071298499e+02
1.595927315251890093e+02 3.128021287010752189e+02 1.544793866364956045e+02
1.595704171959526434e+02 3.127800250199440484e+02 1.544840219658613307e+02
1.595481028667162491e+02 3.127579213388128778e+02 1.544886572952270569e+02
1.595257885374798832e+02 3.127358176576817641e+02 1.544932926245927831e+02
1.595034742082434889e+02 3.127137139765505935e+02 1.544979279539585093e+02
1.594811598790071230e+02 3.126916102954194798e+02 1.545025632833242355e+02
1.594588455497707287e+02 3.126695066142883093e+02 1.545071986126899901e+02
1.594365312205343628e+02 3.126474029331571387e+02 1.545118339420557163e+02
1.594142168912979685e+02 3.126252992520260250e+02 1.545164692714214425e+02
1.593919025620616026e+02 3.126031955708948544e+02 1.545211046007871687e+02
1.593919025620616026e+02 3.126031955708948544e+02 1.545211046007871687e+02
1.593699364264636813e+02 3.125814367964411531e+02 1.545256676002979361e+02
1.593479702908657600e+02 3.125596780219874518e+02 1.545302305998087036e+02
1.593260041552678388e+02 3.125379192475337504e+02 1.545347935993194710e+02
1.593040380196699175e+02 3.125161604730800491e+02 1.545393565988302385e+02
1.592820718840720247e+02 3.124944016986263478e+02 1.545439195983410059e+02
1.592601057484741034e+02 3.124726429241726464e+02 1.545484825978517733e+02
1.592381396128761821e+02 3.124508841497189451e+02 1.545530455973625408e+02
1.592161734772782609e+02 3.124291253752652437e+02 1.545576085968732798e+02
1.591942073416803396e+02 3.124073666008115424e+02 1.545621715963840472e+02
1.591722412060824183e+02 3.123856078263578411e+02 1.545667345958948147e+02
1.591502750704844971e+02 3.123638490519041397e+02 1.545712975954055821e+02
1.591283089348865758e+02 3.123420902774504384e+02 1.545758605949163496e+02
1.591063427992886545e+02 3.123203315029967371e+02 1.545804235944271170e+02
1.590843766636907333e+02 3.122985727285430357e+02 1.545849865939378844e+02
1.590624105280928120e+02 3.122768139540893344e+02 1.545895495934486519e+02
1.590404443924949192e+02 3.122550551796355762e+02 1.545941125929594193e+02
1.590184782568969979e+02 3.122332964051818749e+02 1.545986755924701868e+02
1.589965121212990766e+02 3.122115376307281736e+02 1.546032385919809542e+02
1.589745459857011554e+02 3.121897788562744722e+02 1.546078015914917216e+02
1.589525798501032341e+02 3.121680200818207709e+02 1.546123645910024891e+02
1.589306137145053128e+02 3.121462613073670695e+02 1.546169275905132565e+02
1.589086475789073916e+02 3.121245025329133682e+02 1.546214905900240240e+02
1.588866814433094703e+02 3.121027437584596669e+02 1.546260535895347630e+02
1.588647153077115490e+02 3.120809849840059655e+02 1.546306165890455304e+02
1.588427491721136562e+02 3.120592262095522642e+02 1.546351795885562979e+02
1.588207830365157349e+02 3.120374674350985629e+02 1.546397425880670653e+02
1.587988169009178137e+02 3.120157086606448615e+02 1.546443055875778327e+02
1.587768507653198924e+02 3.119939498861911602e+02 1.546488685870886002e+02
1.587548846297219711e+02 3.119721911117374589e+02 1.546534315865993676e+02
1.587329184941240499e+02 3.119504323372837575e+02 1.546579945861101351e+02
1.587329184941240499e+02 3.119504323372837575e+02 1.546579945861101351e+02
1.587131314599801328e+02 3.119287207191603102e+02 1.546695476359367660e+02
1.586933444258362158e+02 3.119070091010368628e+02 1.546811006857633686e+02
1.586735573916922988e+02 3.118852974829134723e+02 1.546926537355899995e+02
1.586537703575483818e+02 3.118635858647900250e+02 1.547042067854166305e+02
1.586339833234044647e+02 3.118418742466665776e+02 1.547157598352432615e+02
1.586141962892605477e+02 3.118201626285431303e+02 1.547273128850698640e+02
1.585944092551166307e+02 3.117984510104197398e+02 1.547388659348964950e+02
1.585746222209727421e+02 3.117767393922962924e+02 1.547504189847231260e+02
1.585548351868288250e+02 3.117550277741728451e+02 1.547619720345497285e+02
1.585350481526849080e+02 3.117333161560493977e+02 1.547735250843763595e+02
1.585152611185409910e+02 3.117116045379260072e+02 1.547850781342029904e+02
1.584954740843970740e+02 3.116898929198025598e+02 1.547966311840295930e+02
1.584756870502531569e+02 3.116681813016791125e+02 1.548081842338562240e+02
1.584559000161092399e+02 3.116464696835556651e+02 1.548197372836828549e+02
1.584361129819653229e+02 3.116247580654322746e+02 1.548312903335094575e+02
1.584163259478214059e+02 3.116030464473088273e+02 1.548428433833360884e+02
1.583965389136774888e+02 3.115813348291853799e+02 1.548543964331627194e+02
1.583767518795335718e+02 3.115596232110619326e+02 1.548659494829893504e+02
1.583569648453896548e+02 3.115379115929384852e+02 1.548775025328159529e+02
1.583371778112457378e+02 3.115161999748150947e+02 1.548890555826425839e+02
1.583173907771018207e+02 3.114944883566916474e+02 1.549006086324692149e+02
1.582976037429579037e+02 3.114727767385682000e+02 1.549121616822958174e+02
1.582778167088140151e+02 3.114510651204447527e+02 1.549237147321224484e+02
1.582580296746700981e+02 3.114293535023213622e+02 1.549352677819490793e+02
1.582382426405261810e+02 3.114076418841979148e+02 1.549468208317757103e+02
1.582184556063822640e+02 3.113859302660744675e+02 1.549583738816023128e+02
1.581986685722383470e+02 3.113642186479510201e+02 1.549699269314289438e+02
1.581788815380944300e+02 3.113425070298276296e+02 1.549814799812555748e+02
1.581590945039505129e+02 3.113207954117041822e+02 1.549930330310821773e+02
1.581393074698065959e+02 3.112990837935807349e+02 1.550045860809088083e+02
1.581393074698065959e+02 3.112990837935807349e+02 1.550045860809088083e+02
1.581155819343580902e+02 3.112791811665557020e+02 1.550136884765469745e+02
1.580918563989096128e+02 3.112592785395306123e+02 1.550227908721851691e+02
1.580681308634611071e+02 3.112393759125055794e+02 1.550318932678233352e+02
1.580444053280126013e+02 3.112194732854804897e+02 1.550409956634615014e+02
1.580206797925641240e+02 3.111995706584554569e+02 1.550500980590996960e+02
1.579969542571156182e+02 3.111796680314303671e+02 1.550592004547378622e+02
1.579732287216671125e+02 3.111597654044053343e+02 1.550683028503760283e+02
1.579495031862186067e+02 3.111398627773802446e+02 1.550774052460142229e+02
1.579257776507701294e+02 3.111199601503552117e+02 1.550865076416523891e+02
1.579020521153216237e+02 3.111000575233301220e+02 1.550956100372905553e+02
1.578783265798731179e+02 3.110801548963050891e+02 1.551047124329287499e+02
1.578546010444246406e+02 3.110602522692799994e+02 1.551138148285669160e+02
1.578308755089761348e+02 3.110403496422549665e+02 1.551229172242051106e+02
1.578071499735276291e+02 3.110204470152298768e+02 1.551320196198432768e+02
1.577834244380791517e+02 3.110005443882048439e+02 1.551411220154814430e+02
1.577596989026306460e+02 3.109806417611797542e+02 1.551502244111196376e+02
1.577359733671821402e+02 3.109607391341547213e+02 1.551593268067578038e+02
1.577122478317336345e+02 3.109408365071296316e+02 1.551684292023959699e+02
1.576885222962851572e+02 3.109209338801045988e+02 1.551775315980341645e+02
1.576647967608366514e+02 3.109010312530795090e+02 1.551866339936723307e+02
1.576410712253881456e+02 3.108811286260544762e+02 1.551957363893104969e+02
1.576173456899396683e+02 3.108612259990293865e+02 1.552048387849486915e+02
1.575936201544911626e+02 3.108413233720043536e+02 1.552139411805868576e+02
1.575936201544911626e+02 3.108413233720043536e+02 1.552139411805868576e+02
1.575737867539354795e+02 3.108257254053490328e+02 1.552348468146258256e+02
1.575539533533797965e+02 3.108101274386937121e+02 1.552557524486648219e+02
1.575341199528241418e+02 3.107945294720384481e+02 1.552766580827037899e+02
1.575142865522684588e+02 3.107789315053831274e+02 1.552975637167427578e+02
1.574944531517127757e+02 3.107633335387278066e+02 1.553184693507817542e+02
1.574746197511570927e+02 3.107477355720724859e+02 1.553393749848207221e+02
1.574547863506014380e+02 3.107321376054172219e+02 1.553602806188596901e+02
1.574349529500457550e+02 3.107165396387619012e+02 1.553811862528986865e+02
1.574151195494900719e+02 3.107009416721065804e+02 1.554020918869376544e+02
1.573952861489343888e+02 3.106853437054512597e+02 1.554229975209766224e+02
1.573754527483787058e+02 3.106697457387959389e+02 1.554439031550156187e+02
1.573556193478230512e+02 3.106541477721406750e+02 1.554648087890545867e+02
1.573357859472673681e+02 3.106385498054853542e+02 1.554857144230935546e+02
1.573159525467116850e+02 3.106229518388300335e+02 1.555066200571325510e+02
1.572961191461560020e+02 3.106073538721747127e+02 1.555275256911715189e+02
1.572762857456003474e+02 3.105917559055194488e+02 1.555484313252104869e+02
1.572564523450446643e+02 3.105761579388641280e+02 1.555693369592494832e+02
1.572366189444889812e+02 3.105605599722088073e+02 1.555902425932884512e+02
1.572366189444889812e+02 3.105605599722088073e+02 1.555902425932884512e+02
1.572154453523122584e+02 3.105358001330080242e+02 1.555905683964177513e+02
1.571942717601355639e+02 3.105110402938071843e+02 1.555908941995470514e+02
1.571730981679588410e+02 3.104862804546064012e+02 1.555912200026763514e+02
1.571519245757821466e+02 3.104615206154056182e+02 1.555915458058056515e+02
1.571307509836054237e+02 3.104367607762047783e+02 1.555918716089349232e+02
1.571095773914287292e+02 3.104120009370039952e+02 1.555921974120642233e+02
1.570884037992520064e+02 3.103872410978032121e+02 1.555925232151935234e+02
1.570672302070752835e+02 3.103624812586023722e+02 1.555928490183228234e+02
1.570460566148985890e+02 3.103377214194015892e+02 1.555931748214521235e+02
1.570248830227218662e+02 3.103129615802008061e+02 1.555935006245814236e+02
1.570037094305451717e+02 3.102882017410000230e+02 1.555938264277107237e+02
1.569825358383684488e+02 3.102634419017991831e+02 1.555941522308400238e+02
1.569613622461917259e+02 3.102386820625984001e+02 1.555944780339693239e+02
1.569401886540150315e+02 3.102139222233976170e+02 1.555948038370986239e+02
1.569190150618383086e+02 3.101891623841967771e+02 1.555951296402278956e+02
1.568978414696616142e+02 3.101644025449959940e+02 1.555954554433571957e+02
1.568766678774848913e+02 3.101396427057952110e+02 1.555957812464864958e+02
1.568554942853081968e+02 3.101148828665943711e+02 1.555961070496157959e+02
1.568343206931314739e+02 3.100901230273935880e+02 1.555964328527450959e+02
1.568343206931314739e+02 3.100901230273935880e+02 1.555964328527450959e+02
1.568136609980584240e+02 3.100659641258866372e+02 1.555967507484166958e+02
1.567930013029854024e+02 3.100418052243796296e+02 1.555970686440882957e+02
1.567723416079123524e+02 3.100176463228726789e+02 1.555973865397598956e+02
1.567516819128393024e+02 3.099934874213656713e+02 1.555977044354314671e+02
1.567310222177662808e+02 3.099693285198587205e+02 1.555980223311030670e+02
1.567103625226932309e+02 3.099451696183517129e+02 1.555983402267746669e+02
1.566897028276201809e+02 3.099210107168447621e+02 1.555986581224462668e+02
1.566690431325471593e+02 3.098968518153377545e+02 1.555989760181178667e+02
1.566483834374741093e+02 3.098726929138308037e+02 1.555992939137894666e+02
1.566277237424010593e+02 3.098485340123237961e+02 1.555996118094610665e+02
1.566070640473280378e+02 3.098243751108168453e+02 1.555999297051326664e+02
1.565864043522549878e+02 3.098002162093098377e+02 1.556002476008042379e+02
1.565657446571819662e+02 3.097760573078028870e+02 1.556005654964758378e+02
1.565450849621089162e+02 3.097518984062958793e+02 1.556008833921474377e+02
1.565244252670358662e+02 3.097277395047889286e+02 1.556012012878190376e+02
1.565037655719628447e+02 3.097035806032819210e+02 1.556015191834906375e+02
1.564831058768897947e+02 3.096794217017749702e+02 1.556018370791622374e+02
1.564624461818167447e+02 3.096552628002679626e+02 1.556021549748338373e+02
1.564417864867437231e+02 3.096311038987610118e+02 1.556024728705054372e+02
1.564211267916706731e+02 3.096069449972540042e+02 1.556027907661770087e+02
1.564004670965976231e+02 3.095827860957470534e+02 1.556031086618486086e+02
1.563798074015246016e+02 3.095586271942400458e+02 1.556034265575202085e+02
1.563591477064515516e+02 3.095344682927330950e+02 1.556037444531918084e+02
1.563591477064515516e+02 3.095344682927330950e+02 1.556037444531918084e+02
1.563383273210388609e+02 3.095101214841889714e+02 1.556040648214440978e+02
1.563175069356261417e+02 3.094857746756449046e+02 1.556043851896964156e+02
1.562966865502134510e+02 3.094614278671007810e+02 1.556047055579487051e+02
1.562758661648007603e+02 3.094370810585567142e+02 1.556050259262010229e+02
1.562550457793880412e+02 3.094127342500125906e+02 1.556053462944533123e+02
1.562342253939753505e+02 3.093883874414685238e+02 1.556056666627056302e+02
1.562134050085626598e+02 3.093640406329244001e+02 1.556059870309579196e+02
1.561925846231499406e+02 3.093396938243803334e+02 1.556063073992102375e+02
1.561717642377372499e+02 3.093153470158362097e+02 1.556066277674625269e+02
1.561509438523245592e+02 3.092910002072921429e+02 1.556069481357148447e+02
1.561301234669118685e+02 3.092666533987480193e+02 1.556072685039671342e+02
1.561093030814991494e+02 3.092423065902039525e+02 1.556075888722194520e+02
1.560884826960864586e+02 3.092179597816598289e+02 1.556079092404717414e+02
1.560676623106737679e+02 3.091936129731157621e+02 1.556082296087240593e+02
1.560468419252610488e+02 3.091692661645716385e+02 1.556085499769763487e+02
1.560260215398483581e+02 3.091449193560275717e+02 1.556088703452286666e+02
1.560052011544356674e+02 3.091205725474834480e+02 1.556091907134809560e+02
1.559843807690229482e+02 3.090962257389393812e+02 1.556095110817332738e+02
1.559635603836102575e+02 3.090718789303952576e+02 1.556098314499855633e+02
1.559635603836102575e+02 3.090718789303952576e+02 1.556098314499855633e+02
1.559335892294121777e+02 3.090627140415521694e+02 1.556107721067220666e+02
1.559036180752140979e+02 3.090535491527091381e+02 1.556117127634585415e+02
1.558736469210160180e+02 3.090443842638660499e+02 1.556126534201950449e+02
1.558436757668179666e+02 3.090352193750229617e+02 1.556135940769315198e+02
1.558137046126198868e+02 3.090260544861799303e+02 1.556145347336680231e+02
1.557837334584218070e+02 3.090168895973368421e+02 1.556154753904045265e+02
1.557537623042237271e+02 3.090077247084937540e+02 1.556164160471410014e+02
1.557237911500256473e+02 3.089985598196507226e+02 1.556173567038775047e+02
1.556938199958275959e+02 3.089893949308076344e+02 1.556182973606140081e+02
1.556638488416295161e+02 3.089802300419645462e+02 1.556192380173504830e+02
1.556338776874314362e+02 3.089710651531215149e+02 1.556201786740869863e+02
1.556039065332333564e+02 3.089619002642784267e+02 1.556211193308234897e+02
1.555739353790352766e+02 3.089527353754353385e+02 1.556220599875599646e+02
1.555439642248371968e+02 3.089435704865923071e+02 1.556230006442964680e+02
1.555139930706391169e+02 3.089344055977492189e+02 1.556239413010329429e+02
1.554840219164410655e+02 3.089252407089061307e+02 1.556248819577694462e+02
1.554540507622429857e+02 3.089160758200630994e+02 1.556258226145059496e+02
1.554240796080449059e+02 3.089069109312200112e+02 1.556267632712424245e+02
1.553941084538468260e+02 3.088977460423769230e+02 1.556277039279789278e+02
1.553641372996487462e+02 3.088885811535338917e+02 1.556286445847154027e+02
1.553341661454506948e+02 3.088794162646908035e+02 1.556295852414519061e+02
1.553041949912526150e+02 3.088702513758477153e+02 1.556305258981884094e+02
1.552742238370545351e+02 3.088610864870046839e+02 1.556314665549248843e+02
1.552442526828564553e+02 3.088519215981615957e+02 1.556324072116613877e+02
1.552442526828564553e+02 3.088519215981615957e+02 1.556324072116613877e+02
1.552287857953195669e+02 3.088359909089834900e+02 1.556555772491642244e+02
1.552133189077826785e+02 3.088200602198053275e+02 1.556787472866670328e+02
1.551978520202457901e+02 3.088041295306272218e+02 1.557019173241698695e+02
1.551823851327089017e+02 3.087881988414490593e+02 1.557250873616727063e+02
1.551669182451720133e+02 3.087722681522709536e+02 1.557482573991755146e+02
1.551514513576350964e+02 3.087563374630927910e+02 1.557714274366783513e+02
1.551359844700982080e+02 3.087404067739146853e+02 1.557945974741811881e+02
1.551205175825613196e+02 3.087244760847365228e+02 1.558177675116840248e+02
1.551050506950244312e+02 3.087085453955584171e+02 1.558409375491868332e+02
1.550895838074875428e+02 3.086926147063802546e+02 1.558641075866896699e+02
1.550741169199506544e+02 3.086766840172021489e+02 1.558872776241925067e+02
1.550586500324137660e+02 3.086607533280239863e+02 1.559104476616953150e+02
1.550431831448768776e+02 3.086448226388458806e+02 1.559336176991981517e+02
1.550277162573399892e+02 3.086288919496677181e+02 1.559567877367009885e+02
1.550122493698031008e+02 3.086129612604896124e+02 1.559799577742037968e+02
1.549967824822662124e+02 3.085970305713114499e+02 1.560031278117066336e+02
1.549813155947293239e+02 3.085810998821333442e+02 1.560262978492094703e+02
1.549658487071924071e+02 3.085651691929551816e+02 1.560494678867123071e+02
1.549503818196555187e+02 3.085492385037770759e+02 1.560726379242151154e+02
1.549349149321186303e+02 3.085333078145989134e+02 1.560958079617179521e+02
1.549194480445817419e+02 3.085173771254208077e+02 1.561189779992207889e+02
1.549039811570448535e+02 3.085014464362426452e+02 1.561421480367235972e+02
1.548885142695079651e+02 3.084855157470645395e+02 1.561653180742264340e+02
1.548885142695079651e+02 3.084855157470645395e+02 1.561653180742264340e+02
1.548871211578654083e+02 3.084657395018430179e+02 1.561905234779770240e+02
1.548857280462228516e+02 3.084459632566214395e+02 1.562157288817276140e+02
1.548843349345802949e+02 3.084261870113999180e+02 1.562409342854782039e+02
1.548829418229377382e+02 3.084064107661783964e+02 1.562661396892287939e+02
1.548815487112951814e+02 3.083866345209568181e+02 1.562913450929793839e+02
1.548801555996525963e+02 3.083668582757352965e+02 1.563165504967300024e+02
1.548787624880100395e+02 3.083470820305137181e+02 1.563417559004805923e+02
1.548773693763674828e+02 3.083273057852921966e+02 1.563669613042311823e+02
1.548759762647249261e+02 3.083075295400706750e+02 1.563921667079817723e+02
1.548745831530823693e+02 3.082877532948490966e+02 1.564173721117323623e+02
1.548731900414398126e+02 3.082679770496275751e+02 1.564425775154829523e+02
1.548717969297972559e+02 3.082482008044060535e+02 1.564677829192335423e+02
1.548704038181546991e+02 3.082284245591844751e+02 1.564929883229841323e+02
1.548690107065121424e+02 3.082086483139629536e+02 1.565181937267347223e+02
1.548676175948695857e+02 3.081888720687414320e+02 1.565433991304853123e+02
1.548662244832270289e+02 3.081690958235198536e+02 1.565686045342359023e+02
1.548648313715844438e+02 3.081493195782983321e+02 1.565938099379865207e+02
1.548634382599418871e+02 3.081295433330767537e+02 1.566190153417371107e+02
1.548620451482993303e+02 3.081097670878552321e+02 1.566442207454877007e+02
1.548606520366567736e+02 3.080899908426337106e+02 1.566694261492382907e+02
1.548592589250142169e+02 3.080702145974121322e+02 1.566946315529888807e+02
1.548578658133716601e+02 3.080504383521906107e+02 1.567198369567394707e+02
