2.153144353898663326e+02 2.092327170454268526e+02 1.414289562374353011e+02
2.153513068922415812e+02 2.092375916200119548e+02 1.414171740185260262e+02
2.153881783946168298e+02 2.092424661945970854e+02 1.414053917996167797e+02
2.154250498969920784e+02 2.092473407691821876e+02 1.413936095807075048e+02
2.154619213993673270e+02 2.092522153437672898e+02 1.413818273617982584e+02
2.154987929017425756e+02 2.092570899183523920e+02 1.413700451428889835e+02
2.155356644041178242e+02 2.092619644929375227e+02 1.413582629239797086e+02
2.155725359064930728e+02 2.092668390675226249e+02 1.413464807050704621e+02
2.156094074088683215e+02 2.092717136421077271e+02 1.413346984861611872e+02
2.156462789112435701e+02 2.092765882166928577e+02 1.413229162672519408e+02
2.156831504136188187e+02 2.092814627912779599e+02 1.413111340483426659e+02
2.157200219159940673e+02 2.092863373658630621e+02 1.412993518294333910e+02
2.157568934183693159e+02 2.092912119404481928e+02 1.412875696105241445e+02
2.157937649207445645e+02 2.092960865150332950e+02 1.412757873916148696e+02
2.158306364231198131e+02 2.093009610896183972e+02 1.412640051727056232e+02
2.158675079254950333e+02 2.093058356642035278e+02 1.412522229537963483e+02
2.159043794278702819e+02 2.093107102387886300e+02 1.412404407348870734e+02
2.159412509302455305e+02 2.093155848133737322e+02 1.412286585159778269e+02
2.159781224326207791e+02 2.093204593879588344e+02 1.412168762970685520e+02
2.160149939349960277e+02 2.093253339625439651e+02 1.412050940781593056e+02
2.160518654373712764e+02 2.093302085371290673e+02 1.411933118592500307e+02
2.160887369397465250e+02 2.093350831117141695e+02 1.411815296403407558e+02
2.161256084421217736e+02 2.093399576862993001e+02 1.411697474214315093e+02
2.161624799444970222e+02 2.093448322608844023e+02 1.411579652025222344e+02
2.161993514468722708e+02 2.093497068354695045e+02 1.411461829836129880e+02
2.162362229492475194e+02 2.093545814100546067e+02 1.411344007647037131e+02
2.162730944516227680e+02 2.093594559846397374e+02 1.411226185457944382e+02
2.163099659539980166e+02 2.093643305592248396e+02 1.411108363268851917e+02
2.163468374563732652e+02 2.093692051338099418e+02 1.410990541079759168e+02
2.163837089587485139e+02 2.093740797083950724e+02 1.410872718890666704e+02
2.164205804611237625e+02 2.093789542829801746e+02 1.410754896701573955e+02
2.164205804611237625e+02 2.093789542829801746e+02 1.410754896701573955e+02
2.164366364708220090e+02 2.093965719789228501e+02 1.410661150524803986e+02
2.164526924805202839e+02 2.094141896748654972e+02 1.410567404348034302e+02
2.164687484902185304e+02 2.094318073708081727e+02 1.410473658171264333e+02
2.164848044999167769e+02 2.094494250667508481e+02 1.410379911994494648e+02
2.165008605096150518e+02 2.094670427626935236e+02 1.410286165817724680e+02
2.165169165193132983e+02 2.094846604586361707e+02 1.410192419640954711e+02
2.165329725290115448e+02 2.095022781545788462e+02 1.410098673464185026e+02
2.165490285387098197e+02 2.095198958505215217e+02 1.410004927287415057e+02
2.165650845484080662e+02 2.095375135464641687e+02 1.409911181110645373e+02
2.165811405581063127e+02 2.095551312424068442e+02 1.409817434933875404e+02
2.165971965678045592e+02 2.095727489383495197e+02 1.409723688757105435e+02
2.166132525775028341e+02 2.095903666342921952e+02 1.409629942580335751e+02
2.166293085872010806e+02 2.096079843302348422e+02 1.409536196403565782e+02
2.166453645968993271e+02 2.096256020261775177e+02 1.409442450226796097e+02
2.166614206065976020e+02 2.096432197221201932e+02 1.409348704050026129e+02
2.166774766162958485e+02 2.096608374180628402e+02 1.409254957873256160e+02
2.166935326259940950e+02 2.096784551140055157e+02 1.409161211696486475e+02
2.167095886356923700e+02 2.096960728099481912e+02 1.409067465519716507e+02
2.167256446453906165e+02 2.097136905058908383e+02 1.408973719342946538e+02
2.167417006550888630e+02 2.097313082018335137e+02 1.408879973166176853e+02
2.167577566647871379e+02 2.097489258977761892e+02 1.408786226989406885e+02
2.167738126744853844e+02 2.097665435937188647e+02 1.408692480812637200e+02
2.167898686841836309e+02 2.097841612896615118e+02 1.408598734635867231e+02
2.168059246938819058e+02 2.098017789856041873e+02 1.408504988459097262e+02
2.168219807035801523e+02 2.098193966815468627e+02 1.408411242282327578e+02
2.168380367132783988e+02 2.098370143774895098e+02 1.408317496105557609e+02
2.168540927229766737e+02 2.098546320734321853e+02 1.408223749928787925e+02
2.168701487326749202e+02 2.098722497693748608e+02 1.408130003752017956e+02
2.168862047423731667e+02 2.098898674653175362e+02 1.408036257575247987e+02
2.169022607520714132e+02 2.099074851612601833e+02 1.407942511398478302e+02
2.169183167617696881e+02 2.099251028572028588e+02 1.407848765221708334e+02
2.169343727714679346e+02 2.099427205531455343e+02 1.407755019044938649e+02
2.169504287811661811e+02 2.099603382490881813e+02 1.407661272868168680e+02
2.169664847908644560e+02 2.099779559450308568e+02 1.407567526691398712e+02
2.169825408005627025e+02 2.099955736409735323e+02 1.407473780514629027e+02
2.169985968102609490e+02 2.100131913369162078e+02 1.407380034337859058e+02
2.170146528199592240e+02 2.100308090328588548e+02 1.407286288161089374e+02
2.170307088296574705e+02 2.100484267288015303e+02 1.407192541984319405e+02
2.170307088296574705e+02 2.100484267288015303e+02 1.407192541984319405e+02
2.170529851509146795e+02 2.100719316854635679e+02 1.407262099220406242e+02
2.170752614721719169e+02 2.100954366421255770e+02 1.407331656456493363e+02
2.170975377934291259e+02 2.101189415987876146e+02 1.407401213692580200e+02
2.171198141146863350e+02 2.101424465554496521e+02 1.407470770928667037e+02
2.171420904359435440e+02 2.101659515121116897e+02 1.407540328164754158e+02
2.171643667572007814e+02 2.101894564687736988e+02 1.407609885400840994e+02
2.171866430784579904e+02 2.102129614254357364e+02 1.407679442636927831e+02
2.172089193997151995e+02 2.102364663820977739e+02 1.407748999873014952e+02
2.172311957209724369e+02 2.102599713387598115e+02 1.407818557109101789e+02
2.172534720422296459e+02 2.102834762954218206e+02 1.407888114345188910e+02
2.172757483634868549e+02 2.103069812520838582e+02 1.407957671581275747e+02
2.172980246847440640e+02 2.103304862087458957e+02 1.408027228817362584e+02
2.173203010060013014e+02 2.103539911654079333e+02 1.408096786053449705e+02
2.173425773272585104e+02 2.103774961220699424e+02 1.408166343289536542e+02
2.173648536485157194e+02 2.104010010787319800e+02 1.408235900525623379e+02
2.173871299697729569e+02 2.104245060353940175e+02 1.408305457761710500e+02
2.174094062910301659e+02 2.104480109920560551e+02 1.408375014997797336e+02
2.174316826122873749e+02 2.104715159487180642e+02 1.408444572233884173e+02
2.174539589335446124e+02 2.104950209053801018e+02 1.408514129469971294e+02
2.174762352548018214e+02 2.105185258620421394e+02 1.408583686706058131e+02
2.174985115760590304e+02 2.105420308187041769e+02 1.408653243942144968e+02
2.175207878973162394e+02 2.105655357753661860e+02 1.408722801178232089e+02
2.175430642185734769e+02 2.105890407320282236e+02 1.408792358414318926e+02
2.175653405398306859e+02 2.106125456886902612e+02 1.408861915650406047e+02
2.175876168610878949e+02 2.106360506453522987e+02 1.408931472886492884e+02
2.176098931823451323e+02 2.106595556020143079e+02 1.409001030122579721e+02
2.176321695036023414e+02 2.106830605586763454e+02 1.409070587358666842e+02
2.176544458248595504e+02 2.107065655153383830e+02 1.409140144594753679e+02
2.176767221461167594e+02 2.107300704720004205e+02 1.409209701830840515e+02
2.176989984673739968e+02 2.107535754286624297e+02 1.409279259066927636e+02
2.177212747886312059e+02 2.107770803853244672e+02 1.409348816303014473e+02
2.177212747886312059e+02 2.107770803853244672e+02 1.409348816303014473e+02
2.177360282813212677e+02 2.107984017215109418e+02 1.409218163902434071e+02
2.177507817740113296e+02 2.108197230576974164e+02 1.409087511501853953e+02
2.177655352667013915e+02 2.108410443938838910e+02 1.408956859101273551e+02
2.177802887593914534e+02 2.108623657300703655e+02 1.408826206700693149e+02
2.177950422520815152e+02 2.108836870662568117e+02 1.408695554300113031e+02
2.178097957447715771e+02 2.109050084024432863e+02 1.408564901899532629e+02
2.178245492374616390e+02 2.109263297386297609e+02 1.408434249498952227e+02
2.178393027301517009e+02 2.109476510748162355e+02 1.408303597098371824e+02
2.178540562228417343e+02 2.109689724110027100e+02 1.408172944697791706e+02
2.178688097155317962e+02 2.109902937471891846e+02 1.408042292297211304e+02
2.178835632082218581e+02 2.110116150833756592e+02 1.407911639896630902e+02
2.178983167009119200e+02 2.110329364195621338e+02 1.407780987496050784e+02
2.179130701936019818e+02 2.110542577557485799e+02 1.407650335095470382e+02
2.179278236862920437e+02 2.110755790919350545e+02 1.407519682694889980e+02
2.179425771789821056e+02 2.110969004281215291e+02 1.407389030294309862e+02
2.179573306716721675e+02 2.111182217643080037e+02 1.407258377893729460e+02
2.179720841643622293e+02 2.111395431004944783e+02 1.407127725493149057e+02
2.179868376570522912e+02 2.111608644366809528e+02 1.406997073092568655e+02
2.180015911497423531e+02 2.111821857728674274e+02 1.406866420691988537e+02
2.180163446424324150e+02 2.112035071090539020e+02 1.406735768291408135e+02
2.180310981351224768e+02 2.112248284452403482e+02 1.406605115890827733e+02
2.180458516278125387e+02 2.112461497814268228e+02 1.406474463490247615e+02
2.180606051205026006e+02 2.112674711176132973e+02 1.406343811089667213e+02
2.180753586131926625e+02 2.112887924537997719e+02 1.406213158689086811e+02
2.180901121058826959e+02 2.113101137899862465e+02 1.406082506288506693e+02
2.181048655985727578e+02 2.113314351261727211e+02 1.405951853887926291e+02
2.181196190912628197e+02 2.113527564623591957e+02 1.405821201487345888e+02
2.181343725839528815e+02 2.113740777985456702e+02 1.405690549086765486e+02
2.181491260766429434e+02 2.113953991347321164e+02 1.405559896686185368e+02
2.181638795693330053e+02 2.114167204709185910e+02 1.405429244285604966e+02
2.181786330620230672e+02 2.114380418071050656e+02 1.405298591885024564e+02
2.181933865547131290e+02 2.114593631432915402e+02 1.405167939484444446e+02
2.182081400474031909e+02 2.114806844794780147e+02 1.405037287083864044e+02
2.182081400474031909e+02 2.114806844794780147e+02 1.405037287083864044e+02
2.182101301143775061e+02 2.114935909410884278e+02 1.404726318591912388e+02
2.182121201813517928e+02 2.115064974026988125e+02 1.404415350099960733e+02
2.182141102483261079e+02 2.115194038643092256e+02 1.404104381608009078e+02
2.182161003153004231e+02 2.115323103259196387e+02 1.403793413116057422e+02
2.182180903822747098e+02 2.115452167875300233e+02 1.403482444624106051e+02
2.182200804492490249e+02 2.115581232491404364e+02 1.403171476132154396e+02
2.182220705162233401e+02 2.115710297107508495e+02 1.402860507640202741e+02
2.182240605831976268e+02 2.115839361723612342e+02 1.402549539148251085e+02
2.182260506501719419e+02 2.115968426339716473e+02 1.402238570656299430e+02
2.182280407171462571e+02 2.116097490955820604e+02 1.401927602164347775e+02
2.182300307841205438e+02 2.116226555571924450e+02 1.401616633672396119e+02
2.182320208510948589e+02 2.116355620188028581e+02 1.401305665180444464e+02
2.182340109180691741e+02 2.116484684804132712e+02 1.400994696688492809e+02
2.182360009850434608e+02 2.116613749420236559e+02 1.400683728196541153e+02
2.182379910520177759e+02 2.116742814036340690e+02 1.400372759704589498e+02
2.182399811189920911e+02 2.116871878652444821e+02 1.400061791212638127e+02
2.182419711859663778e+02 2.117000943268548667e+02 1.399750822720686472e+02
2.182439612529406929e+02 2.117130007884652798e+02 1.399439854228734816e+02
2.182459513199150081e+02 2.117259072500756929e+02 1.399128885736783161e+02
2.182479413868892948e+02 2.117388137116860776e+02 1.398817917244831506e+02
2.182499314538636099e+02 2.117517201732964907e+02 1.398506948752879850e+02
2.182519215208379251e+02 2.117646266349069037e+02 1.398195980260928195e+02
2.182539115878122118e+02 2.117775330965172884e+02 1.397885011768976540e+02
2.182559016547865269e+02 2.117904395581277015e+02 1.397574043277024884e+02
2.182578917217608421e+02 2.118033460197381146e+02 1.397263074785073513e+02
2.182598817887351288e+02 2.118162524813484993e+02 1.396952106293121858e+02
2.182618718557094439e+02 2.118291589429589123e+02 1.396641137801170203e+02
2.182638619226837591e+02 2.118420654045693254e+02 1.396330169309218547e+02
2.182658519896580458e+02 2.118549718661797101e+02 1.396019200817266892e+02
2.182678420566323609e+02 2.118678783277901232e+02 1.395708232325315237e+02
2.182678420566323609e+02 2.118678783277901232e+02 1.395708232325315237e+02
2.182729472441453140e+02 2.118664000572025259e+02 1.395431908087804800e+02
2.182780524316582671e+02 2.118649217866149570e+02 1.395155583850294079e+02
2.182831576191712202e+02 2.118634435160273597e+02 1.394879259612783642e+02
2.182882628066842017e+02 2.118619652454397624e+02 1.394602935375272921e+02
2.182933679941971548e+02 2.118604869748521935e+02 1.394326611137762484e+02
2.182984731817101078e+02 2.118590087042645962e+02 1.394050286900251763e+02
2.183035783692230609e+02 2.118575304336770273e+02 1.393773962662741326e+02
2.183086835567360140e+02 2.118560521630894300e+02 1.393497638425230889e+02
2.183137887442489671e+02 2.118545738925018327e+02 1.393221314187720168e+02
2.183188939317619202e+02 2.118530956219142638e+02 1.392944989950209731e+02
2.183239991192748732e+02 2.118516173513266665e+02 1.392668665712699010e+02
2.183291043067878263e+02 2.118501390807390976e+02 1.392392341475188573e+02
2.183342094943008078e+02 2.118486608101515003e+02 1.392116017237677852e+02
2.183393146818137609e+02 2.118471825395639030e+02 1.391839693000167415e+02
2.183444198693267140e+02 2.118457042689763341e+02 1.391563368762656694e+02
2.183495250568396671e+02 2.118442259983887368e+02 1.391287044525146257e+02
2.183546302443526201e+02 2.118427477278011395e+02 1.391010720287635820e+02
2.183597354318655732e+02 2.118412694572135706e+02 1.390734396050125099e+02
2.183648406193785263e+02 2.118397911866259733e+02 1.390458071812614662e+02
2.183699458068915078e+02 2.118383129160383760e+02 1.390181747575103941e+02
2.183750509944044609e+02 2.118368346454508071e+02 1.389905423337593504e+02
2.183801561819174140e+02 2.118353563748632098e+02 1.389629099100082783e+02
2.183852613694303670e+02 2.118338781042756409e+02 1.389352774862572346e+02
2.183903665569433201e+02 2.118323998336880436e+02 1.389076450625061625e+02
2.183954717444562732e+02 2.118309215631004463e+02 1.388800126387551188e+02
2.184005769319692263e+02 2.118294432925128774e+02 1.388523802150040751e+02
2.184056821194821794e+02 2.118279650219252801e+02 1.388247477912530030e+02
2.184107873069951324e+02 2.118264867513377112e+02 1.387971153675019593e+02
2.184158924945081139e+02 2.118250084807501139e+02 1.387694829437508872e+02
2.184209976820210670e+02 2.118235302101625166e+02 1.387418505199998435e+02
2.184261028695340201e+02 2.118220519395749477e+02 1.387142180962487714e+02
2.184312080570469732e+02 2.118205736689873504e+02 1.386865856724977277e+02
2.184312080570469732e+02 2.118205736689873504e+02 1.386865856724977277e+02
2.184356192647780404e+02 2.118192963488834266e+02 1.386627094953799713e+02
2.184400304725091075e+02 2.118180190287795028e+02 1.386388333182622432e+02
2.184444416802401463e+02 2.118167417086756075e+02 1.386149571411444867e+02
2.184488528879712135e+02 2.118154643885716837e+02 1.385910809640267587e+02
2.184532640957022807e+02 2.118141870684677599e+02 1.385672047869090022e+02
2.184576753034333478e+02 2.118129097483638361e+02 1.385433286097912742e+02
2.184620865111644150e+02 2.118116324282599408e+02 1.385194524326735177e+02
2.184664977188954538e+02 2.118103551081560170e+02 1.384955762555557897e+02
2.184709089266265210e+02 2.118090777880520932e+02 1.384717000784380332e+02
2.184753201343575881e+02 2.118078004679481694e+02 1.384478239013203051e+02
2.184797313420886553e+02 2.118065231478442740e+02 1.384239477242025487e+02
2.184841425498197225e+02 2.118052458277403503e+02 1.384000715470848206e+02
2.184885537575507612e+02 2.118039685076364265e+02 1.383761953699670642e+02
2.184929649652818284e+02 2.118026911875325027e+02 1.383523191928493361e+02
2.184973761730128956e+02 2.118014138674286073e+02 1.383284430157315796e+02
2.185017873807439628e+02 2.118001365473246835e+02 1.383045668386138516e+02
2.185061985884750015e+02 2.117988592272207597e+02 1.382806906614960951e+02
2.185106097962060687e+02 2.117975819071168360e+02 1.382568144843783671e+02
2.185150210039371359e+02 2.117963045870129406e+02 1.382329383072606106e+02
2.185194322116682031e+02 2.117950272669090168e+02 1.382090621301428826e+02
2.185238434193992703e+02 2.117937499468050930e+02 1.381851859530251261e+02
2.185282546271303090e+02 2.117924726267011692e+02 1.381613097759073980e+02
2.185326658348613762e+02 2.117911953065972739e+02 1.381374335987896416e+02
2.185370770425924434e+02 2.117899179864933501e+02 1.381135574216719135e+02
2.185414882503235106e+02 2.117886406663894263e+02 1.380896812445541570e+02
2.185458994580545777e+02 2.117873633462855025e+02 1.380658050674364290e+02
2.185503106657856165e+02 2.117860860261816072e+02 1.380419288903186725e+02
2.185547218735166837e+02 2.117848087060776834e+02 1.380180527132009445e+02
2.185591330812477509e+02 2.117835313859737596e+02 1.379941765360831880e+02
2.185591330812477509e+02 2.117835313859737596e+02 1.379941765360831880e+02
2.185744594821594262e+02 2.117767677786457909e+02 1.379599859329570108e+02
2.185897858830711016e+02 2.117700041713178223e+02 1.379257953298308337e+02
2.186051122839828054e+02 2.117632405639898536e+02 1.378916047267046565e+02
2.186204386848944807e+02 2.117564769566618850e+02 1.378574141235784793e+02
2.186357650858061561e+02 2.117497133493339163e+02 1.378232235204523022e+02
2.186510914867178315e+02 2.117429497420059477e+02 1.377890329173261250e+02
2.186664178876295068e+02 2.117361861346779790e+02 1.377548423141999479e+02
2.186817442885411822e+02 2.117294225273500103e+02 1.377206517110737707e+02
2.186970706894528860e+02 2.117226589200220417e+02 1.376864611079475935e+02
2.187123970903645613e+02 2.117158953126940730e+02 1.376522705048214164e+02
2.187277234912762367e+02 2.117091317053661044e+02 1.376180799016952392e+02
2.187430498921879121e+02 2.117023680980381357e+02 1.375838892985690336e+02
2.187583762930995874e+02 2.116956044907101671e+02 1.375496986954428564e+02
2.187737026940112912e+02 2.116888408833821984e+02 1.375155080923166793e+02
2.187890290949229666e+02 2.116820772760542297e+02 1.374813174891905021e+02
2.188043554958346419e+02 2.116753136687262611e+02 1.374471268860643249e+02
2.188196818967463173e+02 2.116685500613982924e+02 1.374129362829381478e+02
2.188350082976579927e+02 2.116617864540703238e+02 1.373787456798119706e+02
2.188503346985696680e+02 2.116550228467423551e+02 1.373445550766857934e+02
2.188656610994813718e+02 2.116482592394143865e+02 1.373103644735596163e+02
2.188809875003930472e+02 2.116414956320864178e+02 1.372761738704334391e+02
2.188963139013047225e+02 2.116347320247584491e+02 1.372419832673072619e+02
2.188963139013047225e+02 2.116347320247584491e+02 1.372419832673072619e+02
2.188988227769669948e+02 2.116510031894169401e+02 1.372027794972199501e+02
2.189013316526292670e+02 2.116672743540754595e+02 1.371635757271326383e+02
2.189038405282915392e+02 2.116835455187339505e+02 1.371243719570453266e+02
2.189063494039538114e+02 2.116998166833924415e+02 1.370851681869580148e+02
2.189088582796160836e+02 2.117160878480509609e+02 1.370459644168706745e+02
2.189113671552783558e+02 2.117323590127094519e+02 1.370067606467833627e+02
2.189138760309406280e+02 2.117486301773679429e+02 1.369675568766960509e+02
2.189163849066029002e+02 2.117649013420264339e+02 1.369283531066087392e+02
2.189188937822651724e+02 2.117811725066849533e+02 1.368891493365214274e+02
2.189214026579274446e+02 2.117974436713434443e+02 1.368499455664341156e+02
2.189239115335897168e+02 2.118137148360019353e+02 1.368107417963468038e+02
2.189264204092519890e+02 2.118299860006604547e+02 1.367715380262594920e+02
2.189289292849142612e+02 2.118462571653189457e+02 1.367323342561721802e+02
2.189314381605765050e+02 2.118625283299774367e+02 1.366931304860848400e+02
2.189339470362387772e+02 2.118787994946359561e+02 1.366539267159975282e+02
2.189364559119010494e+02 2.118950706592944471e+02 1.366147229459102164e+02
2.189389647875633216e+02 2.119113418239529381e+02 1.365755191758229046e+02
2.189414736632255938e+02 2.119276129886114575e+02 1.365363154057355928e+02
2.189439825388878660e+02 2.119438841532699485e+02 1.364971116356482810e+02
2.189464914145501382e+02 2.119601553179284394e+02 1.364579078655609692e+02
2.189490002902124104e+02 2.119764264825869304e+02 1.364187040954736574e+02
2.189515091658746826e+02 2.119926976472454498e+02 1.363795003253863172e+02
2.189540180415369548e+02 2.120089688119039408e+02 1.363402965552990054e+02
2.189565269171992270e+02 2.120252399765624318e+02 1.363010927852116936e+02
2.189590357928614992e+02 2.120415111412209512e+02 1.362618890151243818e+02
2.189615446685237714e+02 2.120577823058794422e+02 1.362226852450370700e+02
2.189615446685237714e+02 2.120577823058794422e+02 1.362226852450370700e+02
2.189493837319157876e+02 2.120462507605055862e+02 1.362010909178938221e+02
2.189372227953077754e+02 2.120347192151317302e+02 1.361794965907505457e+02
2.189250618586997916e+02 2.120231876697578457e+02 1.361579022636072978e+02
2.189129009220917794e+02 2.120116561243839897e+02 1.361363079364640214e+02
2.189007399854837956e+02 2.120001245790101336e+02 1.361147136093207735e+02
2.188885790488757834e+02 2.119885930336362776e+02 1.360931192821774971e+02
2.188764181122677996e+02 2.119770614882624216e+02 1.360715249550342492e+02
2.188642571756597874e+02 2.119655299428885655e+02 1.360499306278910012e+02
2.188520962390518036e+02 2.119539983975146811e+02 1.360283363007477249e+02
2.188399353024437914e+02 2.119424668521408250e+02 1.360067419736044769e+02
2.188277743658358077e+02 2.119309353067669690e+02 1.359851476464612006e+02
2.188156134292278239e+02 2.119194037613931130e+02 1.359635533193179526e+02
2.188034524926198117e+02 2.119078722160192569e+02 1.359419589921746763e+02
2.187912915560118279e+02 2.118963406706454009e+02 1.359203646650314283e+02
2.187791306194038157e+02 2.118848091252715165e+02 1.358987703378881804e+02
2.187669696827958319e+02 2.118732775798976604e+02 1.358771760107449040e+02
2.187548087461878197e+02 2.118617460345238044e+02 1.358555816836016561e+02
2.187426478095798359e+02 2.118502144891499483e+02 1.358339873564583797e+02
2.187304868729718237e+02 2.118386829437760923e+02 1.358123930293151318e+02
2.187183259363638399e+02 2.118271513984022363e+02 1.357907987021718554e+02
2.187061649997558277e+02 2.118156198530283518e+02 1.357692043750286075e+02
2.186940040631478439e+02 2.118040883076544958e+02 1.357476100478853596e+02
2.186818431265398317e+02 2.117925567622806398e+02 1.357260157207420832e+02
2.186696821899318479e+02 2.117810252169067837e+02 1.357044213935988353e+02
2.186575212533238641e+02 2.117694936715329277e+02 1.356828270664555589e+02
2.186453603167158519e+02 2.117579621261590717e+02 1.356612327393123110e+02
2.186331993801078681e+02 2.117464305807851872e+02 1.356396384121690346e+02
2.186210384434998559e+02 2.117348990354113312e+02 1.356180440850257867e+02
2.186088775068918721e+02 2.117233674900374751e+02 1.355964497578825387e+02
2.185967165702838599e+02 2.117118359446636191e+02 1.355748554307392624e+02
2.185845556336758762e+02 2.117003043992897631e+02 1.355532611035960144e+02
2.185723946970678639e+02 2.116887728539159070e+02 1.355316667764527381e+02
2.185602337604598802e+02 2.116772413085420226e+02 1.355100724493094901e+02
2.185480728238518680e+02 2.116657097631681665e+02 1.354884781221662138e+02
2.185359118872438842e+02 2.116541782177943105e+02 1.354668837950229658e+02
2.185359118872438842e+02 2.116541782177943105e+02 1.354668837950229658e+02
2.185201391619517324e+02 2.116318526081265929e+02 1.354623962194442868e+02
2.185043664366595806e+02 2.116095269984588754e+02 1.354579086438655793e+02
2.184885937113674288e+02 2.115872013887911578e+02 1.354534210682869002e+02
2.184728209860752770e+02 2.115648757791234402e+02 1.354489334927082211e+02
2.184570482607831252e+02 2.115425501694557511e+02 1.354444459171295136e+02
2.184412755354909734e+02 2.115202245597880335e+02 1.354399583415508346e+02
2.184255028101988216e+02 2.114978989501203159e+02 1.354354707659721271e+02
2.184097300849066983e+02 2.114755733404525984e+02 1.354309831903934480e+02
2.183939573596145465e+02 2.114532477307848808e+02 1.354264956148147689e+02
2.183781846343223947e+02 2.114309221211171632e+02 1.354220080392360614e+02
2.183624119090302429e+02 2.114085965114494456e+02 1.354175204636573824e+02
2.183466391837380911e+02 2.113862709017817281e+02 1.354130328880787033e+02
2.183308664584459393e+02 2.113639452921140105e+02 1.354085453124999958e+02
2.183150937331537875e+02 2.113416196824462929e+02 1.354040577369213167e+02
2.182993210078616357e+02 2.113192940727785754e+02 1.353995701613426377e+02
2.182835482825694839e+02 2.112969684631108862e+02 1.353950825857639302e+02
2.182677755572773322e+02 2.112746428534431686e+02 1.353905950101852511e+02
2.182520028319851804e+02 2.112523172437754511e+02 1.353861074346065436e+02
2.182362301066930286e+02 2.112299916341077335e+02 1.353816198590278645e+02
2.182204573814008768e+02 2.112076660244400159e+02 1.353771322834491855e+02
2.182046846561087250e+02 2.111853404147722983e+02 1.353726447078704780e+02
2.181889119308165732e+02 2.111630148051045808e+02 1.353681571322917989e+02
2.181731392055244498e+02 2.111406891954368632e+02 1.353636695567131198e+02
2.181573664802322980e+02 2.111183635857691456e+02 1.353591819811344124e+02
2.181415937549401463e+02 2.110960379761014565e+02 1.353546944055557333e+02
2.181258210296479945e+02 2.110737123664337389e+02 1.353502068299770258e+02
2.181100483043558427e+02 2.110513867567660213e+02 1.353457192543983467e+02
2.180942755790636909e+02 2.110290611470983038e+02 1.353412316788196676e+02
2.180785028537715391e+02 2.110067355374305862e+02 1.353367441032409602e+02
2.180627301284793873e+02 2.109844099277628686e+02 1.353322565276622811e+02
2.180627301284793873e+02 2.109844099277628686e+02 1.353322565276622811e+02
2.180353026177024844e+02 2.109710822842723701e+02 1.353513154371701717e+02
2.180078751069255532e+02 2.109577546407818431e+02 1.353703743466780907e+02
2.179804475961486503e+02 2.109444269972913446e+02 1.353894332561859812e+02
2.179530200853717474e+02 2.109310993538008461e+02 1.354084921656938718e+02
2.179255925745948446e+02 2.109177717103103191e+02 1.354275510752017624e+02
2.178981650638179133e+02 2.109044440668198206e+02 1.354466099847096814e+02
2.178707375530410104e+02 2.108911164233293221e+02 1.354656688942175720e+02
2.178433100422641076e+02 2.108777887798388235e+02 1.354847278037254625e+02
2.178158825314872047e+02 2.108644611363482966e+02 1.355037867132333531e+02
2.177884550207102734e+02 2.108511334928577980e+02 1.355228456227412721e+02
2.177610275099333705e+02 2.108378058493672995e+02 1.355419045322491627e+02
2.177335999991564677e+02 2.108244782058767726e+02 1.355609634417570533e+02
2.177061724883795364e+02 2.108111505623862740e+02 1.355800223512649723e+02
2.176787449776026335e+02 2.107978229188957755e+02 1.355990812607728628e+02
2.176513174668257307e+02 2.107844952754052485e+02 1.356181401702807534e+02
2.176238899560488278e+02 2.107711676319147500e+02 1.356371990797886440e+02
2.175964624452718965e+02 2.107578399884242515e+02 1.356562579892965630e+02
2.175690349344949936e+02 2.107445123449337245e+02 1.356753168988044536e+02
2.175416074237180908e+02 2.107311847014432260e+02 1.356943758083123441e+02
2.175141799129411879e+02 2.107178570579527275e+02 1.357134347178202347e+02
2.174867524021642566e+02 2.107045294144622289e+02 1.357324936273281537e+02
2.174593248913873538e+02 2.106912017709717020e+02 1.357515525368360443e+02
2.174318973806104509e+02 2.106778741274812035e+02 1.357706114463439349e+02
2.174044698698335480e+02 2.106645464839907049e+02 1.357896703558518254e+02
2.173770423590566168e+02 2.106512188405001780e+02 1.358087292653597444e+02
2.173496148482797139e+02 2.106378911970096794e+02 1.358277881748676350e+02
2.173496148482797139e+02 2.106378911970096794e+02 1.358277881748676350e+02
2.173499536020493395e+02 2.106147458508369255e+02 1.358438465275764599e+02
2.173502923558189650e+02 2.105916005046641999e+02 1.358599048802852565e+02
2.173506311095885906e+02 2.105684551584914459e+02 1.358759632329940814e+02
2.173509698633582445e+02 2.105453098123187203e+02 1.358920215857029063e+02
2.173513086171278701e+02 2.105221644661459663e+02 1.359080799384117313e+02
2.173516473708974956e+02 2.104990191199732408e+02 1.359241382911205278e+02
2.173519861246671212e+02 2.104758737738004868e+02 1.359401966438293528e+02
2.173523248784367468e+02 2.104527284276277612e+02 1.359562549965381777e+02
2.173526636322063723e+02 2.104295830814550072e+02 1.359723133492469742e+02
2.173530023859759979e+02 2.104064377352822817e+02 1.359883717019557992e+02
2.173533411397456234e+02 2.103832923891095277e+02 1.360044300546646241e+02
2.173536798935152774e+02 2.103601470429368021e+02 1.360204884073734206e+02
2.173540186472849030e+02 2.103370016967640481e+02 1.360365467600822456e+02
2.173543574010545285e+02 2.103138563505913226e+02 1.360526051127910705e+02
2.173546961548241541e+02 2.102907110044185686e+02 1.360686634654998670e+02
2.173550349085937796e+02 2.102675656582458146e+02 1.360847218182086920e+02
2.173553736623634052e+02 2.102444203120730890e+02 1.361007801709175169e+02
2.173557124161330307e+02 2.102212749659003350e+02 1.361168385236263418e+02
2.173560511699026847e+02 2.101981296197276095e+02 1.361328968763351384e+02
2.173563899236723103e+02 2.101749842735548555e+02 1.361489552290439633e+02
2.173567286774419358e+02 2.101518389273821299e+02 1.361650135817527882e+02
2.173570674312115614e+02 2.101286935812093759e+02 1.361810719344615848e+02
2.173574061849811869e+02 2.101055482350366503e+02 1.361971302871704097e+02
2.173577449387508125e+02 2.100824028888638964e+02 1.362131886398792346e+02
2.173580836925204380e+02 2.100592575426911708e+02 1.362292469925880312e+02
2.173584224462900636e+02 2.100361121965184168e+02 1.362453053452968561e+02
2.173587612000597176e+02 2.100129668503456912e+02 1.362613636980056810e+02
2.173590999538293431e+02 2.099898215041729372e+02 1.362774220507145060e+02
2.173594387075989687e+02 2.099666761580002117e+02 1.362934804034233025e+02
2.173597774613685942e+02 2.099435308118274577e+02 1.363095387561321274e+02
2.173597774613685942e+02 2.099435308118274577e+02 1.363095387561321274e+02
2.173742594203256147e+02 2.099223944702403912e+02 1.363098974952432911e+02
2.173887413792826351e+02 2.099012581286533532e+02 1.363102562343544548e+02
2.174032233382396839e+02 2.098801217870662867e+02 1.363106149734655901e+02
2.174177052971967044e+02 2.098589854454792203e+02 1.363109737125767538e+02
2.174321872561537248e+02 2.098378491038921823e+02 1.363113324516879175e+02
2.174466692151107452e+02 2.098167127623051158e+02 1.363116911907990811e+02
2.174611511740677656e+02 2.097955764207180493e+02 1.363120499299102448e+02
2.174756331330247860e+02 2.097744400791310113e+02 1.363124086690214085e+02
2.174901150919818349e+02 2.097533037375439449e+02 1.363127674081325438e+02
2.175045970509388553e+02 2.097321673959568784e+02 1.363131261472437075e+02
2.175190790098958757e+02 2.097110310543698404e+02 1.363134848863548712e+02
2.175335609688528962e+02 2.096898947127827739e+02 1.363138436254660348e+02
2.175480429278099166e+02 2.096687583711957075e+02 1.363142023645771985e+02
2.175625248867669654e+02 2.096476220296086694e+02 1.363145611036883338e+02
2.175770068457239859e+02 2.096264856880216030e+02 1.363149198427994975e+02
2.175914888046810063e+02 2.096053493464345365e+02 1.363152785819106612e+02
2.176059707636380267e+02 2.095842130048474985e+02 1.363156373210218248e+02
2.176204527225950471e+02 2.095630766632604320e+02 1.363159960601329885e+02
2.176349346815520960e+02 2.095419403216733656e+02 1.363163547992441238e+02
2.176494166405091164e+02 2.095208039800863276e+02 1.363167135383552875e+02
2.176638985994661368e+02 2.094996676384992611e+02 1.363170722774664512e+02
2.176783805584231573e+02 2.094785312969121946e+02 1.363174310165776149e+02
2.176928625173801777e+02 2.094573949553251566e+02 1.363177897556887785e+02
2.177073444763371981e+02 2.094362586137380902e+02 1.363181484947999422e+02
2.177218264352942469e+02 2.094151222721510237e+02 1.363185072339110775e+02
2.177363083942512674e+02 2.093939859305639857e+02 1.363188659730222412e+02
2.177507903532082878e+02 2.093728495889769192e+02 1.363192247121334049e+02
2.177507903532082878e+02 2.093728495889769192e+02 1.363192247121334049e+02
2.177592559047315603e+02 2.093397720690137760e+02 1.363207969837405358e+02
2.177677214562548329e+02 2.093066945490506328e+02 1.363223692553476951e+02
2.177761870077781339e+02 2.092736170290874895e+02 1.363239415269548260e+02
2.177846525593014064e+02 2.092405395091243463e+02 1.363255137985619569e+02
2.177931181108246790e+02 2.092074619891612031e+02 1.363270860701690879e+02
2.178015836623479515e+02 2.091743844691980883e+02 1.363286583417762472e+02
2.178100492138712525e+02 2.091413069492349450e+02 1.363302306133833781e+02
2.178185147653945251e+02 2.091082294292718018e+02 1.363318028849905090e+02
2.178269803169177976e+02 2.090751519093086586e+02 1.363333751565976399e+02
2.178354458684410702e+02 2.090420743893455153e+02 1.363349474282047993e+02
2.178439114199643427e+02 2.090089968693823721e+02 1.363365196998119302e+02
2.178523769714876437e+02 2.089759193494192289e+02 1.363380919714190611e+02
2.178608425230109162e+02 2.089428418294560856e+02 1.363396642430262204e+02
2.178693080745341888e+02 2.089097643094929424e+02 1.363412365146333514e+02
2.178777736260574613e+02 2.088766867895297992e+02 1.363428087862404823e+02
2.178862391775807623e+02 2.088436092695666559e+02 1.363443810578476132e+02
2.178947047291040349e+02 2.088105317496035411e+02 1.363459533294547725e+02
2.179031702806273074e+02 2.087774542296403979e+02 1.363475256010619034e+02
2.179116358321505800e+02 2.087443767096772547e+02 1.363490978726690344e+02
2.179201013836738809e+02 2.087112991897141114e+02 1.363506701442761653e+02
2.179285669351971535e+02 2.086782216697509682e+02 1.363522424158833246e+02
2.179370324867204260e+02 2.086451441497878250e+02 1.363538146874904555e+02
2.179370324867204260e+02 2.086451441497878250e+02 1.363538146874904555e+02
2.179396561331070643e+02 2.086182631435466703e+02 1.363807390755116842e+02
2.179422797794937310e+02 2.085913821373055157e+02 1.364076634635329128e+02
2.179449034258803692e+02 2.085645011310643326e+02 1.364345878515541415e+02
2.179475270722670075e+02 2.085376201248231780e+02 1.364615122395753701e+02
2.179501507186536742e+02 2.085107391185820234e+02 1.364884366275965988e+02
2.179527743650403124e+02 2.084838581123408687e+02 1.365153610156178274e+02
2.179553980114269791e+02 2.084569771060997141e+02 1.365422854036390845e+02
2.179580216578136174e+02 2.084300960998585595e+02 1.365692097916603132e+02
2.179606453042002556e+02 2.084032150936174048e+02 1.365961341796815418e+02
2.179632689505869223e+02 2.083763340873762218e+02 1.366230585677027705e+02
2.179658925969735606e+02 2.083494530811350671e+02 1.366499829557239991e+02
2.179685162433602272e+02 2.083225720748939125e+02 1.366769073437452278e+02
2.179711398897468655e+02 2.082956910686527578e+02 1.367038317317664564e+02
2.179737635361335037e+02 2.082688100624116032e+02 1.367307561197876851e+02
2.179763871825201704e+02 2.082419290561704202e+02 1.367576805078089137e+02
2.179790108289068087e+02 2.082150480499292655e+02 1.367846048958301424e+02
2.179816344752934469e+02 2.081881670436881109e+02 1.368115292838513710e+02
2.179842581216801136e+02 2.081612860374469562e+02 1.368384536718726281e+02
2.179868817680667519e+02 2.081344050312058016e+02 1.368653780598938567e+02
2.179895054144533901e+02 2.081075240249646470e+02 1.368923024479150854e+02
2.179921290608400568e+02 2.080806430187234923e+02 1.369192268359363140e+02
2.179947527072266951e+02 2.080537620124823093e+02 1.369461512239575427e+02
2.179973763536133617e+02 2.080268810062411546e+02 1.369730756119787713e+02
2.180000000000000000e+02 2.080000000000000000e+02 1.370000000000000000e+02
2.180000000000000000e+02 2.080000000000000000e+02 1.370000000000000000e+02
2.180000000000000000e+02 2.080000000000000000e+02 1.370000000000000000e+02
2.180000000000000000e+02 2.080000000000000000e+02 1.370000000000000000e+02
2.180000000000000000e+02 2.080000000000000000e+02 1.370000000000000000e+02
2.180000000000000000e+02 2.080000000000000000e+02 1.370000000000000000e+02
2.180000000000000000e+02 2.080000000000000000e+02 1.370000000000000000e+02
2.180000000000000000e+02 2.080000000000000000e+02 1.370000000000000000e+02
2.180000000000000000e+02 2.080000000000000000e+02 1.370000000000000000e+02
2.180000000000000000e+02 2.080000000000000000e+02 1.370000000000000000e+02
2.180000000000000000e+02 2.080000000000000000e+02 1.370000000000000000e+02
2.180000000000000000e+02 2.080000000000000000e+02 1.370000000000000000e+02
2.180000000000000000e+02 2.080000000000000000e+02 1.370000000000000000e+02
2.180000000000000000e+02 2.080000000000000000e+02 1.370000000000000000e+02
2.180000000000000000e+02 2.080000000000000000e+02 1.370000000000000000e+02
2.180000000000000000e+02 2.080000000000000000e+02 1.370000000000000000e+02
2.180000000000000000e+02 2.080000000000000000e+02 1.370000000000000000e+02
2.180000000000000000e+02 2.080000000000000000e+02 1.370000000000000000e+02
2.180000000000000000e+02 2.080000000000000000e+02 1.370000000000000000e+02
2.180000000000000000e+02 2.080000000000000000e+02 1.370000000000000000e+02
2.180000000000000000e+02 2.080000000000000000e+02 1.370000000000000000e+02
2.180000000000000000e+02 2.080000000000000000e+02 1.370000000000000000e+02
2.180000000000000000e+02 2.080000000000000000e+02 1.370000000000000000e+02
2.180000000000000000e+02 2.080000000000000000e+02 1.370000000000000000e+02
2.180000000000000000e+02 2.080000000000000000e+02 1.370000000000000000e+02
2.180000000000000000e+02 2.080000000000000000e+02 1.370000000000000000e+02
2.180000000000000000e+02 2.080000000000000000e+02 1.370000000000000000e+02
2.180000000000000000e+02 2.080000000000000000e+02 1.370000000000000000e+02
2.180000000000000000e+02 2.080000000000000000e+02 1.370000000000000000e+02
2.180000000000000000e+02 2.080000000000000000e+02 1.370000000000000000e+02
2.180000000000000000e+02 2.080000000000000000e+02 1.370000000000000000e+02
2.180000000000000000e+02 2.080000000000000000e+02 1.370000000000000000e+02
2.179835083355220888e+02 2.080175625830284218e+02 1.370203885763349092e+02
2.179670166710441492e+02 2.080351251660568721e+02 1.370407771526698468e+02
2.179505250065662381e+02 2.080526877490852939e+02 1.370611657290047560e+02
2.179340333420882985e+02 2.080702503321137442e+02 1.370815543053396937e+02
2.179175416776103873e+02 2.080878129151421660e+02 1.371019428816746029e+02
2.179010500131324761e+02 2.081053754981706163e+02 1.371223314580095121e+02
2.178845583486545365e+02 2.081229380811990382e+02 1.371427200343444497e+02
2.178680666841766254e+02 2.081405006642274884e+02 1.371631086106793589e+02
2.178515750196986858e+02 2.081580632472559103e+02 1.371834971870142681e+02
2.178350833552207746e+02 2.081756258302843321e+02 1.372038857633492057e+02
2.178185916907428350e+02 2.081931884133127824e+02 1.372242743396841149e+02
2.178021000262649238e+02 2.082107509963412042e+02 1.372446629160190525e+02
2.177856083617870127e+02 2.082283135793696545e+02 1.372650514923539617e+02
2.177691166973090731e+02 2.082458761623980763e+02 1.372854400686888710e+02
2.177526250328311619e+02 2.082634387454265266e+02 1.373058286450238086e+02
2.177361333683532223e+02 2.082810013284549484e+02 1.373262172213587178e+02
2.177196417038753111e+02 2.082985639114833987e+02 1.373466057976936270e+02
2.177031500393974000e+02 2.083161264945118205e+02 1.373669943740285646e+02
2.176866583749194604e+02 2.083336890775402708e+02 1.373873829503634738e+02
2.176701667104415492e+02 2.083512516605686926e+02 1.374077715266984114e+02
2.176536750459636096e+02 2.083688142435971145e+02 1.374281601030333206e+02
2.176371833814856984e+02 2.083863768266255647e+02 1.374485486793682298e+02
2.176206917170077588e+02 2.084039394096539866e+02 1.374689372557031675e+02
2.176042000525298477e+02 2.084215019926824368e+02 1.374893258320380767e+02
2.175877083880519365e+02 2.084390645757108587e+02 1.375097144083729859e+02
2.175712167235739969e+02 2.084566271587393089e+02 1.375301029847079235e+02
2.175547250590960857e+02 2.084741897417677308e+02 1.375504915610428327e+02
2.175382333946181461e+02 2.084917523247961810e+02 1.375708801373777703e+02
2.175217417301402349e+02 2.085093149078246029e+02 1.375912687137126795e+02
2.175217417301402349e+02 2.085093149078246029e+02 1.375912687137126795e+02
2.174908134245191604e+02 2.085068242709738797e+02 1.375938216422526921e+02
2.174598851188980859e+02 2.085043336341231281e+02 1.375963745707927046e+02
2.174289568132770114e+02 2.085018429972724050e+02 1.375989274993327172e+02
2.173980285076559369e+02 2.084993523604216534e+02 1.376014804278727297e+02
2.173671002020348624e+02 2.084968617235709303e+02 1.376040333564127423e+02
2.173361718964137879e+02 2.084943710867201787e+02 1.376065862849527548e+02
2.173052435907927133e+02 2.084918804498694556e+02 1.376091392134927673e+02
2.172743152851716673e+02 2.084893898130187324e+02 1.376116921420328083e+02
2.172433869795505927e+02 2.084868991761679808e+02 1.376142450705728209e+02
2.172124586739295182e+02 2.084844085393172577e+02 1.376167979991128334e+02
2.171815303683084437e+02 2.084819179024665061e+02 1.376193509276528459e+02
2.171506020626873692e+02 2.084794272656157830e+02 1.376219038561928585e+02
2.171196737570662947e+02 2.084769366287650598e+02 1.376244567847328710e+02
2.170887454514452202e+02 2.084744459919143083e+02 1.376270097132728836e+02
2.170578171458241457e+02 2.084719553550635851e+02 1.376295626418128961e+02
2.170268888402030711e+02 2.084694647182128335e+02 1.376321155703529087e+02
2.169959605345819966e+02 2.084669740813621104e+02 1.376346684988929212e+02
2.169650322289609221e+02 2.084644834445113588e+02 1.376372214274329338e+02
2.169341039233398476e+02 2.084619928076606357e+02 1.376397743559729463e+02
2.169031756177187731e+02 2.084595021708099125e+02 1.376423272845129588e+02
2.168722473120976986e+02 2.084570115339591609e+02 1.376448802130529714e+02
2.168413190064766241e+02 2.084545208971084378e+02 1.376474331415929839e+02
2.168103907008555495e+02 2.084520302602576862e+02 1.376499860701329965e+02
2.167794623952345034e+02 2.084495396234069631e+02 1.376525389986730374e+02
2.167485340896134289e+02 2.084470489865562399e+02 1.376550919272130500e+02
2.167176057839923544e+02 2.084445583497054884e+02 1.376576448557530625e+02
2.166866774783712799e+02 2.084420677128547652e+02 1.376601977842930751e+02
2.166557491727502054e+02 2.084395770760040136e+02 1.376627507128330876e+02
2.166248208671291309e+02 2.084370864391532905e+02 1.376653036413731002e+02
2.165938925615080564e+02 2.084345958023025389e+02 1.376678565699131127e+02
2.165629642558869818e+02 2.084321051654518158e+02 1.376704094984531253e+02
2.165629642558869818e+02 2.084321051654518158e+02 1.376704094984531253e+02
2.165480645000195352e+02 2.084042432854959941e+02 1.376690813078554925e+02
2.165331647441521170e+02 2.083763814055401440e+02 1.376677531172578881e+02
2.165182649882846704e+02 2.083485195255843223e+02 1.376664249266602553e+02
2.165033652324172522e+02 2.083206576456284722e+02 1.376650967360626510e+02
2.164884654765498055e+02 2.082927957656726505e+02 1.376637685454650182e+02
2.164735657206823873e+02 2.082649338857168004e+02 1.376624403548673854e+02
2.164586659648149407e+02 2.082370720057609788e+02 1.376611121642697810e+02
2.164437662089475225e+02 2.082092101258051287e+02 1.376597839736721482e+02
2.164288664530800759e+02 2.081813482458493070e+02 1.376584557830745439e+02
2.164139666972126577e+02 2.081534863658934569e+02 1.376571275924769111e+02
2.163990669413452110e+02 2.081256244859376352e+02 1.376557994018792783e+02
2.163841671854777644e+02 2.080977626059818135e+02 1.376544712112816740e+02
2.163692674296103462e+02 2.080699007260259634e+02 1.376531430206840412e+02
2.163543676737428996e+02 2.080420388460701417e+02 1.376518148300864368e+02
2.163394679178754814e+02 2.080141769661142916e+02 1.376504866394888040e+02
2.163245681620080347e+02 2.079863150861584700e+02 1.376491584488911997e+02
2.163096684061406165e+02 2.079584532062026199e+02 1.376478302582935669e+02
2.162947686502731699e+02 2.079305913262467982e+02 1.376465020676959341e+02
2.162798688944057517e+02 2.079027294462909481e+02 1.376451738770983297e+02
2.162649691385383051e+02 2.078748675663351264e+02 1.376438456865006970e+02
2.162500693826708869e+02 2.078470056863792763e+02 1.376425174959030926e+02
2.162351696268034402e+02 2.078191438064234546e+02 1.376411893053054598e+02
2.162351696268034402e+02 2.078191438064234546e+02 1.376411893053054598e+02
2.162073741271117910e+02 2.078034804460488942e+02 1.376404872248172637e+02
2.161795786274201703e+02 2.077878170856743338e+02 1.376397851443290392e+02
2.161517831277285211e+02 2.077721537252997734e+02 1.376390830638408431e+02
2.161239876280368719e+02 2.077564903649252415e+02 1.376383809833526470e+02
2.160961921283452227e+02 2.077408270045506811e+02 1.376376789028644225e+02
2.160683966286536020e+02 2.077251636441761207e+02 1.376369768223762264e+02
2.160406011289619528e+02 2.077095002838015603e+02 1.376362747418880303e+02
2.160128056292703036e+02 2.076938369234269999e+02 1.376355726613998058e+02
2.159850101295786544e+02 2.076781735630524395e+02 1.376348705809116097e+02
2.159572146298870337e+02 2.076625102026778791e+02 1.376341685004234137e+02
2.159294191301953845e+02 2.076468468423033187e+02 1.376334664199352176e+02
2.159016236305037353e+02 2.076311834819287867e+02 1.376327643394469931e+02
2.158738281308121145e+02 2.076155201215542263e+02 1.376320622589587970e+02
2.158460326311204653e+02 2.075998567611796659e+02 1.376313601784706009e+02
2.158182371314288162e+02 2.075841934008051055e+02 1.376306580979823764e+02
2.157904416317371670e+02 2.075685300404305451e+02 1.376299560174941803e+02
2.157626461320455462e+02 2.075528666800559847e+02 1.376292539370059842e+02
2.157348506323538970e+02 2.075372033196814243e+02 1.376285518565177597e+02
2.157070551326622478e+02 2.075215399593068923e+02 1.376278497760295636e+02
2.156792596329705987e+02 2.075058765989323319e+02 1.376271476955413675e+02
2.156514641332789779e+02 2.074902132385577715e+02 1.376264456150531430e+02
2.156236686335873287e+02 2.074745498781832111e+02 1.376257435345649469e+02
2.156236686335873287e+02 2.074745498781832111e+02 1.376257435345649469e+02
2.155976162854611573e+02 2.074580616684455094e+02 1.376319714869260622e+02
2.155715639373350143e+02 2.074415734587078077e+02 1.376381994392871491e+02
2.155455115892088429e+02 2.074250852489701344e+02 1.376444273916482643e+02
2.155194592410826999e+02 2.074085970392324327e+02 1.376506553440093796e+02
2.154934068929565285e+02 2.073921088294947310e+02 1.376568832963704949e+02
2.154673545448303571e+02 2.073756206197570293e+02 1.376631112487315818e+02
2.154413021967042141e+02 2.073591324100193560e+02 1.376693392010926971e+02
2.154152498485780427e+02 2.073426442002816543e+02 1.376755671534538124e+02
2.153891975004518997e+02 2.073261559905439526e+02 1.376817951058148992e+02
2.153631451523257283e+02 2.073096677808062509e+02 1.376880230581760145e+02
2.153370928041995569e+02 2.072931795710685776e+02 1.376942510105371298e+02
2.153110404560734139e+02 2.072766913613308759e+02 1.377004789628982167e+02
2.152849881079472425e+02 2.072602031515931742e+02 1.377067069152593319e+02
2.152589357598210995e+02 2.072437149418554725e+02 1.377129348676204472e+02
2.152328834116949281e+02 2.072272267321177708e+02 1.377191628199815341e+02
2.152068310635687567e+02 2.072107385223800975e+02 1.377253907723426494e+02
2.151807787154426137e+02 2.071942503126423958e+02 1.377316187247037647e+02
2.151547263673164423e+02 2.071777621029046941e+02 1.377378466770648799e+02
2.151286740191902993e+02 2.071612738931669924e+02 1.377440746294259668e+02
2.151026216710641279e+02 2.071447856834293191e+02 1.377503025817870821e+02
2.150765693229379565e+02 2.071282974736916174e+02 1.377565305341481974e+02
2.150505169748118135e+02 2.071118092639539157e+02 1.377627584865092842e+02
2.150244646266856421e+02 2.070953210542162140e+02 1.377689864388703995e+02
2.149984122785594991e+02 2.070788328444785407e+02 1.377752143912315148e+02
2.149723599304333277e+02 2.070623446347408390e+02 1.377814423435926301e+02
2.149463075823071563e+02 2.070458564250031372e+02 1.377876702959537170e+02
2.149202552341810133e+02 2.070293682152654355e+02 1.377938982483148322e+02
2.148942028860548419e+02 2.070128800055277623e+02 1.378001262006759475e+02
2.148681505379286989e+02 2.069963917957900605e+02 1.378063541530370344e+02
2.148420981898025275e+02 2.069799035860523588e+02 1.378125821053981497e+02
2.148420981898025275e+02 2.069799035860523588e+02 1.378125821053981497e+02
2.148407280935753647e+02 2.069604540615936514e+02 1.378373710939673629e+02
2.148393579973481735e+02 2.069410045371349440e+02 1.378621600825365476e+02
2.148379879011210107e+02 2.069215550126762651e+02 1.378869490711057608e+02
2.148366178048938480e+02 2.069021054882175576e+02 1.379117380596749740e+02
2.148352477086666568e+02 2.068826559637588502e+02 1.379365270482441588e+02
2.148338776124394940e+02 2.068632064393001428e+02 1.379613160368133720e+02
2.148325075162123312e+02 2.068437569148414639e+02 1.379861050253825852e+02
2.148311374199851400e+02 2.068243073903827565e+02 1.380108940139517699e+02
2.148297673237579772e+02 2.068048578659240491e+02 1.380356830025209831e+02
2.148283972275308145e+02 2.067854083414653417e+02 1.380604719910901679e+02
2.148270271313036233e+02 2.067659588170066627e+02 1.380852609796593811e+02
2.148256570350764605e+02 2.067465092925479553e+02 1.381100499682285943e+02
2.148242869388492977e+02 2.067270597680892479e+02 1.381348389567977790e+02
2.148229168426221065e+02 2.067076102436305405e+02 1.381596279453669922e+02
2.148215467463949437e+02 2.066881607191718615e+02 1.381844169339362054e+02
2.148201766501677810e+02 2.066687111947131541e+02 1.382092059225053902e+02
2.148188065539405898e+02 2.066492616702544467e+02 1.382339949110746034e+02
2.148174364577134270e+02 2.066298121457957393e+02 1.382587838996438165e+02
2.148160663614862642e+02 2.066103626213370319e+02 1.382835728882130013e+02
2.148146962652591014e+02 2.065909130968783529e+02 1.383083618767822145e+02
2.148133261690319102e+02 2.065714635724196455e+02 1.383331508653514277e+02
2.148119560728047475e+02 2.065520140479609381e+02 1.383579398539206124e+02
2.148105859765775847e+02 2.065325645235022307e+02 1.383827288424898256e+02
2.148092158803503935e+02 2.065131149990435517e+02 1.384075178310590388e+02
2.148078457841232307e+02 2.064936654745848443e+02 1.384323068196282236e+02
2.148064756878960679e+02 2.064742159501261369e+02 1.384570958081974368e+02
2.148051055916688767e+02 2.064547664256674295e+02 1.384818847967666215e+02
2.148037354954417140e+02 2.064353169012087506e+02 1.385066737853358347e+02
2.148023653992145512e+02 2.064158673767500431e+02 1.385314627739050479e+02
2.148009953029873600e+02 2.063964178522913357e+02 1.385562517624742327e+02
2.147996252067601972e+02 2.063769683278326283e+02 1.385810407510434459e+02
2.147982551105330344e+02 2.063575188033739494e+02 1.386058297396126591e+02
2.147968850143058432e+02 2.063380692789152420e+02 1.386306187281818438e+02
2.147955149180786805e+02 2.063186197544565346e+02 1.386554077167510570e+02
2.147955149180786805e+02 2.063186197544565346e+02 1.386554077167510570e+02
2.147952750720084794e+02 2.063294765184564028e+02 1.386847934449672266e+02
2.147950352259382498e+02 2.063403332824562426e+02 1.387141791731833962e+02
2.147947953798680487e+02 2.063511900464561108e+02 1.387435649013995658e+02
2.147945555337978476e+02 2.063620468104559507e+02 1.387729506296157354e+02
2.147943156877276181e+02 2.063729035744558189e+02 1.388023363578319049e+02
2.147940758416574170e+02 2.063837603384556587e+02 1.388317220860480745e+02
2.147938359955872158e+02 2.063946171024555269e+02 1.388611078142642441e+02
2.147935961495169863e+02 2.064054738664553668e+02 1.388904935424804137e+02
2.147933563034467852e+02 2.064163306304552350e+02 1.389198792706966117e+02
2.147931164573765841e+02 2.064271873944550748e+02 1.389492649989127813e+02
2.147928766113063830e+02 2.064380441584549430e+02 1.389786507271289508e+02
2.147926367652361535e+02 2.064489009224547829e+02 1.390080364553451204e+02
2.147923969191659523e+02 2.064597576864546511e+02 1.390374221835612900e+02
2.147921570730957512e+02 2.064706144504544909e+02 1.390668079117774596e+02
2.147919172270255217e+02 2.064814712144543591e+02 1.390961936399936292e+02
2.147916773809553206e+02 2.064923279784541990e+02 1.391255793682097988e+02
2.147914375348851195e+02 2.065031847424540672e+02 1.391549650964259683e+02
2.147911976888148899e+02 2.065140415064539070e+02 1.391843508246421379e+02
2.147909578427446888e+02 2.065248982704537752e+02 1.392137365528583075e+02
2.147907179966744877e+02 2.065357550344536151e+02 1.392431222810744771e+02
2.147904781506042582e+02 2.065466117984534833e+02 1.392725080092906467e+02
2.147902383045340571e+02 2.065574685624533231e+02 1.393018937375068163e+02
2.147899984584638560e+02 2.065683253264531913e+02 1.393312794657229858e+02
2.147897586123936264e+02 2.065791820904530312e+02 1.393606651939391554e+02
2.147895187663234253e+02 2.065900388544528994e+02 1.393900509221553250e+02
2.147892789202532242e+02 2.066008956184527392e+02 1.394194366503714946e+02
2.147890390741830231e+02 2.066117523824526074e+02 1.394488223785876926e+02
2.147887992281127936e+02 2.066226091464524472e+02 1.394782081068038622e+02
2.147885593820425925e+02 2.066334659104523155e+02 1.395075938350200317e+02
2.147883195359723913e+02 2.066443226744521553e+02 1.395369795632362013e+02
2.147880796899021618e+02 2.066551794384520235e+02 1.395663652914523709e+02
2.147878398438319607e+02 2.066660362024518633e+02 1.395957510196685405e+02
2.147875999977617596e+02 2.066768929664517316e+02 1.396251367478847101e+02
2.147873601516915301e+02 2.066877497304515714e+02 1.396545224761008797e+02
2.147871203056213290e+02 2.066986064944514396e+02 1.396839082043170492e+02
2.147871203056213290e+02 2.066986064944514396e+02 1.396839082043170492e+02
2.147951010584894505e+02 2.067146417180782976e+02 1.397097616776624989e+02
2.148030818113575720e+02 2.067306769417051271e+02 1.397356151510079201e+02
2.148110625642257219e+02 2.067467121653319850e+02 1.397614686243533697e+02
2.148190433170938434e+02 2.067627473889588146e+02 1.397873220976987909e+02
2.148270240699619649e+02 2.067787826125856725e+02 1.398131755710442405e+02
2.148350048228301148e+02 2.067948178362125304e+02 1.398390290443896902e+02
2.148429855756982363e+02 2.068108530598393600e+02 1.398648825177351114e+02
2.148509663285663578e+02 2.068268882834662179e+02 1.398907359910805610e+02
2.148589470814344793e+02 2.068429235070930474e+02 1.399165894644260106e+02
2.148669278343026008e+02 2.068589587307199054e+02 1.399424429377714318e+02
2.148749085871707507e+02 2.068749939543467349e+02 1.399682964111168815e+02
2.148828893400388722e+02 2.068910291779735928e+02 1.399941498844623027e+02
2.148908700929069937e+02 2.069070644016004508e+02 1.400200033578077523e+02
2.148988508457751436e+02 2.069230996252272803e+02 1.400458568311532019e+02
2.149068315986432651e+02 2.069391348488541382e+02 1.400717103044986231e+02
2.149148123515113866e+02 2.069551700724809677e+02 1.400975637778440728e+02
2.149227931043795081e+02 2.069712052961078257e+02 1.401234172511894940e+02
2.149307738572476296e+02 2.069872405197346552e+02 1.401492707245349436e+02
2.149387546101157795e+02 2.070032757433615132e+02 1.401751241978803932e+02
2.149467353629839010e+02 2.070193109669883711e+02 1.402009776712258144e+02
2.149547161158520225e+02 2.070353461906152006e+02 1.402268311445712641e+02
2.149626968687201725e+02 2.070513814142420586e+02 1.402526846179166853e+02
2.149706776215882940e+02 2.070674166378688881e+02 1.402785380912621349e+02
2.149786583744564155e+02 2.070834518614957460e+02 1.403043915646075845e+02
2.149866391273245370e+02 2.070994870851226040e+02 1.403302450379530057e+02
2.149946198801926585e+02 2.071155223087494335e+02 1.403560985112984554e+02
2.150026006330608084e+02 2.071315575323762914e+02 1.403819519846438766e+02
2.150105813859289299e+02 2.071475927560031209e+02 1.404078054579893262e+02
2.150185621387970514e+02 2.071636279796299789e+02 1.404336589313347758e+02
2.150265428916652013e+02 2.071796632032568368e+02 1.404595124046801971e+02
2.150345236445333228e+02 2.071956984268836663e+02 1.404853658780256467e+02
2.150425043974014443e+02 2.072117336505105243e+02 1.405112193513710963e+02
2.150504851502695658e+02 2.072277688741373538e+02 1.405370728247165175e+02
2.150584659031376873e+02 2.072438040977642117e+02 1.405629262980619671e+02
2.150664466560058372e+02 2.072598393213910413e+02 1.405887797714073884e+02
2.150744274088739587e+02 2.072758745450178992e+02 1.406146332447528380e+02
2.150744274088739587e+02 2.072758745450178992e+02 1.406146332447528380e+02
2.150581763504177388e+02 2.072931808978011077e+02 1.406347243608618953e+02
2.150419252919615474e+02 2.073104872505842877e+02 1.406548154769709527e+02
2.150256742335053275e+02 2.073277936033674962e+02 1.406749065930800384e+02
2.150094231750491076e+02 2.073450999561507047e+02 1.406949977091890958e+02
2.149931721165929162e+02 2.073624063089339131e+02 1.407150888252981531e+02
2.149769210581366963e+02 2.073797126617171216e+02 1.407351799414072389e+02
2.149606699996804764e+02 2.073970190145003016e+02 1.407552710575162962e+02
2.149444189412242849e+02 2.074143253672835101e+02 1.407753621736253535e+02
2.149281678827680651e+02 2.074316317200667186e+02 1.407954532897344109e+02
2.149119168243118736e+02 2.074489380728498986e+02 1.408155444058434682e+02
2.148956657658556537e+02 2.074662444256331071e+02 1.408356355219525540e+02
2.148794147073994338e+02 2.074835507784163156e+02 1.408557266380616113e+02
2.148631636489432424e+02 2.075008571311995240e+02 1.408758177541706686e+02
2.148469125904870225e+02 2.075181634839827325e+02 1.408959088702797544e+02
2.148306615320308026e+02 2.075354698367659125e+02 1.409159999863888117e+02
2.148144104735746112e+02 2.075527761895491210e+02 1.409360911024978691e+02
2.147981594151183913e+02 2.075700825423323295e+02 1.409561822186069264e+02
2.147819083566621714e+02 2.075873888951155095e+02 1.409762733347159838e+02
2.147656572982059799e+02 2.076046952478987180e+02 1.409963644508250695e+02
2.147494062397497601e+02 2.076220016006819264e+02 1.410164555669341269e+02
2.147331551812935686e+02 2.076393079534651349e+02 1.410365466830431842e+02
2.147169041228373487e+02 2.076566143062483434e+02 1.410566377991522700e+02
2.147006530643811288e+02 2.076739206590315234e+02 1.410767289152613273e+02
2.146844020059249374e+02 2.076912270118147319e+02 1.410968200313703846e+02
2.146681509474687175e+02 2.077085333645979404e+02 1.411169111474794420e+02
2.146518998890124976e+02 2.077258397173811204e+02 1.411370022635884993e+02
2.146356488305563062e+02 2.077431460701643289e+02 1.411570933796975851e+02
2.146193977721000863e+02 2.077604524229475373e+02 1.411771844958066424e+02
2.146193977721000863e+02 2.077604524229475373e+02 1.411771844958066424e+02
2.145901694609602259e+02 2.077729320781032527e+02 1.411761033145614590e+02
2.145609411498203656e+02 2.077854117332589396e+02 1.411750221333162472e+02
2.145317128386805052e+02 2.077978913884146550e+02 1.411739409520710637e+02
2.145024845275406449e+02 2.078103710435703704e+02 1.411728597708258803e+02
2.144732562164007845e+02 2.078228506987260573e+02 1.411717785895806969e+02
2.144440279052609242e+02 2.078353303538817727e+02 1.411706974083355135e+02
2.144147995941210638e+02 2.078478100090374880e+02 1.411696162270903017e+02
2.143855712829812035e+02 2.078602896641931750e+02 1.411685350458451182e+02
2.143563429718413431e+02 2.078727693193488903e+02 1.411674538645999348e+02
2.143271146607014828e+02 2.078852489745046057e+02 1.411663726833547230e+02
2.142978863495616224e+02 2.078977286296602927e+02 1.411652915021095396e+02
2.142686580384217621e+02 2.079102082848160080e+02 1.411642103208643562e+02
2.142394297272819017e+02 2.079226879399717234e+02 1.411631291396191727e+02
2.142102014161420698e+02 2.079351675951274387e+02 1.411620479583739893e+02
2.141809731050022094e+02 2.079476472502831257e+02 1.411609667771287775e+02
2.141517447938623491e+02 2.079601269054388410e+02 1.411598855958835941e+02
2.141225164827224887e+02 2.079726065605945564e+02 1.411588044146384107e+02
2.140932881715826284e+02 2.079850862157502434e+02 1.411577232333931988e+02
2.140640598604427680e+02 2.079975658709059587e+02 1.411566420521480154e+02
2.140348315493029077e+02 2.080100455260616741e+02 1.411555608709028320e+02
2.140056032381630473e+02 2.080225251812173610e+02 1.411544796896576486e+02
2.139763749270231870e+02 2.080350048363730764e+02 1.411533985084124652e+02
2.139471466158833266e+02 2.080474844915287918e+02 1.411523173271672533e+02
2.139179183047434663e+02 2.080599641466844787e+02 1.411512361459220699e+02
2.138886899936036059e+02 2.080724438018401941e+02 1.411501549646768865e+02
2.138594616824637455e+02 2.080849234569959094e+02 1.411490737834316747e+02
2.138302333713238852e+02 2.080974031121515964e+02 1.411479926021864912e+02
2.138010050601840248e+02 2.081098827673073117e+02 1.411469114209413078e+02
2.138010050601840248e+02 2.081098827673073117e+02 1.411469114209413078e+02
2.137852298004945055e+02 2.081195404392279329e+02 1.411728319891765295e+02
2.137694545408050146e+02 2.081291981111485256e+02 1.411987525574117512e+02
2.137536792811155237e+02 2.081388557830691184e+02 1.412246731256469729e+02
2.137379040214260044e+02 2.081485134549897396e+02 1.412505936938821947e+02
2.137221287617364851e+02 2.081581711269103607e+02 1.412765142621173879e+02
2.137063535020469942e+02 2.081678287988309535e+02 1.413024348303526097e+02
2.136905782423575033e+02 2.081774864707515462e+02 1.413283553985878314e+02
2.136748029826679840e+02 2.081871441426721674e+02 1.413542759668230531e+02
2.136590277229784647e+02 2.081968018145927886e+02 1.413801965350582748e+02
2.136432524632889738e+02 2.082064594865133813e+02 1.414061171032934965e+02
2.136274772035994829e+02 2.082161171584339741e+02 1.414320376715287182e+02
2.136117019439099636e+02 2.082257748303545952e+02 1.414579582397639115e+02
2.135959266842204443e+02 2.082354325022752164e+02 1.414838788079991332e+02
2.135801514245309534e+02 2.082450901741958091e+02 1.415097993762343549e+02
2.135643761648414625e+02 2.082547478461164019e+02 1.415357199444695766e+02
2.135486009051519432e+02 2.082644055180370231e+02 1.415616405127047983e+02
2.135328256454624238e+02 2.082740631899576442e+02 1.415875610809400200e+02
2.135170503857729329e+02 2.082837208618782370e+02 1.416134816491752417e+02
2.135012751260834420e+02 2.082933785337988297e+02 1.416394022174104634e+02
2.134854998663939227e+02 2.083030362057194509e+02 1.416653227856456851e+02
2.134697246067044034e+02 2.083126938776400721e+02 1.416912433538808784e+02
2.134539493470149125e+02 2.083223515495606648e+02 1.417171639221161001e+02
2.134381740873254216e+02 2.083320092214812576e+02 1.417430844903513218e+02
2.134223988276359023e+02 2.083416668934018787e+02 1.417690050585865436e+02
2.134066235679463830e+02 2.083513245653224999e+02 1.417949256268217653e+02
2.133908483082568921e+02 2.083609822372430926e+02 1.418208461950569870e+02
2.133750730485674012e+02 2.083706399091636854e+02 1.418467667632922087e+02
2.133592977888778819e+02 2.083802975810843066e+02 1.418726873315274020e+02
2.133435225291883626e+02 2.083899552530049277e+02 1.418986078997626237e+02
2.133277472694988717e+02 2.083996129249255205e+02 1.419245284679978454e+02
2.133119720098093808e+02 2.084092705968461132e+02 1.419504490362330671e+02
2.132961967501198615e+02 2.084189282687667344e+02 1.419763696044682888e+02
2.132961967501198615e+02 2.084189282687667344e+02 1.419763696044682888e+02
2.132883204825001826e+02 2.084246951780194195e+02 1.420060692604510564e+02
2.132804442148805038e+02 2.084304620872720761e+02 1.420357689164337955e+02
2.132725679472608533e+02 2.084362289965247612e+02 1.420654685724165631e+02
2.132646916796411745e+02 2.084419959057774463e+02 1.420951682283993023e+02
2.132568154120214956e+02 2.084477628150301314e+02 1.421248678843820699e+02
2.132489391444018167e+02 2.084535297242827880e+02 1.421545675403648090e+02
2.132410628767821379e+02 2.084592966335354731e+02 1.421842671963475766e+02
2.132331866091624875e+02 2.084650635427881582e+02 1.422139668523303442e+02
2.132253103415428086e+02 2.084708304520408433e+02 1.422436665083130833e+02
2.132174340739231297e+02 2.084765973612934999e+02 1.422733661642958509e+02
2.132095578063034509e+02 2.084823642705461850e+02 1.423030658202785901e+02
2.132016815386837720e+02 2.084881311797988701e+02 1.423327654762613577e+02
2.131938052710641216e+02 2.084938980890515552e+02 1.423624651322441252e+02
2.131859290034444427e+02 2.084996649983042118e+02 1.423921647882268644e+02
2.131780527358247639e+02 2.085054319075568969e+02 1.424218644442096320e+02
2.131701764682050850e+02 2.085111988168095820e+02 1.424515641001923711e+02
2.131623002005854062e+02 2.085169657260622671e+02 1.424812637561751387e+02
2.131544239329657273e+02 2.085227326353149238e+02 1.425109634121578779e+02
2.131465476653460769e+02 2.085284995445676088e+02 1.425406630681406455e+02
2.131386713977263980e+02 2.085342664538202939e+02 1.425703627241234130e+02
2.131307951301067192e+02 2.085400333630729790e+02 1.426000623801061522e+02
2.131229188624870403e+02 2.085458002723256357e+02 1.426297620360889198e+02
2.131150425948673615e+02 2.085515671815783207e+02 1.426594616920716589e+02
2.131071663272477110e+02 2.085573340908310058e+02 1.426891613480544265e+02
2.130992900596280322e+02 2.085631010000836909e+02 1.427188610040371941e+02
2.130914137920083533e+02 2.085688679093363476e+02 1.427485606600199333e+02
2.130835375243886745e+02 2.085746348185890326e+02 1.427782603160027008e+02
2.130756612567689956e+02 2.085804017278417177e+02 1.428079599719854400e+02
2.130677849891493452e+02 2.085861686370944028e+02 1.428376596279682076e+02
2.130599087215296663e+02 2.085919355463470595e+02 1.428673592839509467e+02
2.130520324539099875e+02 2.085977024555997446e+02 1.428970589399337143e+02
2.130520324539099875e+02 2.085977024555997446e+02 1.428970589399337143e+02
2.130736057257960567e+02 2.085989667899744688e+02 1.429198729444609057e+02
2.130951789976821544e+02 2.086002311243491647e+02 1.429426869489880971e+02
2.131167522695682237e+02 2.086014954587238890e+02 1.429655009535153170e+02
2.131383255414542930e+02 2.086027597930985849e+02 1.429883149580425084e+02
2.131598988133403907e+02 2.086040241274733091e+02 1.430111289625696998e+02
2.131814720852264600e+02 2.086052884618480050e+02 1.430339429670968912e+02
2.132030453571125577e+02 2.086065527962227293e+02 1.430567569716241110e+02
2.132246186289986269e+02 2.086078171305974251e+02 1.430795709761513024e+02
2.132461919008846962e+02 2.086090814649721494e+02 1.431023849806784938e+02
2.132677651727707939e+02 2.086103457993468737e+02 1.431251989852056852e+02
2.132893384446568632e+02 2.086116101337215696e+02 1.431480129897328766e+02
2.133109117165429325e+02 2.086128744680962939e+02 1.431708269942600964e+02
2.133324849884290302e+02 2.086141388024709897e+02 1.431936409987872878e+02
2.133540582603150995e+02 2.086154031368457140e+02 1.432164550033144792e+02
2.133756315322011972e+02 2.086166674712204099e+02 1.432392690078416706e+02
2.133972048040872664e+02 2.086179318055951342e+02 1.432620830123688904e+02
2.134187780759733357e+02 2.086191961399698300e+02 1.432848970168960818e+02
2.134403513478594334e+02 2.086204604743445543e+02 1.433077110214232732e+02
2.134619246197455027e+02 2.086217248087192786e+02 1.433305250259504646e+02
2.134834978916315720e+02 2.086229891430939745e+02 1.433533390304776560e+02
2.135050711635176697e+02 2.086242534774686987e+02 1.433761530350048758e+02
2.135266444354037390e+02 2.086255178118433946e+02 1.433989670395320672e+02
2.135482177072898367e+02 2.086267821462181189e+02 1.434217810440592586e+02
2.135697909791759059e+02 2.086280464805928148e+02 1.434445950485864500e+02
2.135913642510619752e+02 2.086293108149675390e+02 1.434674090531136699e+02
2.136129375229480729e+02 2.086305751493422349e+02 1.434902230576408613e+02
2.136345107948341422e+02 2.086318394837169592e+02 1.435130370621680527e+02
2.136345107948341422e+02 2.086318394837169592e+02 1.435130370621680527e+02
2.136394783406785791e+02 2.086145527690533470e+02 1.435386148229836749e+02
2.136444458865230445e+02 2.085972660543897064e+02 1.435641925837992972e+02
2.136494134323674814e+02 2.085799793397260942e+02 1.435897703446149194e+02
2.136543809782119183e+02 2.085626926250624820e+02 1.436153481054305416e+02
2.136593485240563837e+02 2.085454059103988698e+02 1.436409258662461639e+02
2.136643160699008206e+02 2.085281191957352291e+02 1.436665036270617861e+02
2.136692836157452859e+02 2.085108324810716169e+02 1.436920813878774084e+02
2.136742511615897229e+02 2.084935457664080047e+02 1.437176591486930022e+02
2.136792187074341598e+02 2.084762590517443641e+02 1.437432369095086244e+02
2.136841862532786251e+02 2.084589723370807519e+02 1.437688146703242467e+02
2.136891537991230621e+02 2.084416856224171397e+02 1.437943924311398689e+02
2.136941213449674990e+02 2.084243989077534991e+02 1.438199701919554911e+02
2.136990888908119643e+02 2.084071121930898869e+02 1.438455479527711134e+02
2.137040564366564013e+02 2.083898254784262747e+02 1.438711257135867356e+02
2.137090239825008666e+02 2.083725387637626341e+02 1.438967034744023579e+02
2.137139915283453035e+02 2.083552520490990219e+02 1.439222812352179801e+02
2.137189590741897405e+02 2.083379653344354097e+02 1.439478589960336024e+02
2.137239266200342058e+02 2.083206786197717975e+02 1.439734367568492246e+02
2.137288941658786428e+02 2.083033919051081568e+02 1.439990145176648468e+02
2.137338617117230797e+02 2.082861051904445446e+02 1.440245922784804691e+02
2.137388292575675450e+02 2.082688184757809324e+02 1.440501700392960913e+02
2.137437968034119820e+02 2.082515317611172918e+02 1.440757478001117136e+02
2.137487643492564189e+02 2.082342450464536796e+02 1.441013255609273074e+02
2.137537318951008842e+02 2.082169583317900674e+02 1.441269033217429296e+02
2.137586994409453212e+02 2.081996716171264268e+02 1.441524810825585519e+02
2.137636669867897865e+02 2.081823849024628146e+02 1.441780588433741741e+02
2.137686345326342234e+02 2.081650981877992024e+02 1.442036366041897963e+02
2.137736020784786604e+02 2.081478114731355902e+02 1.442292143650054186e+02
2.137785696243231257e+02 2.081305247584719496e+02 1.442547921258210408e+02
2.137835371701675626e+02 2.081132380438083374e+02 1.442803698866366631e+02
2.137835371701675626e+02 2.081132380438083374e+02 1.442803698866366631e+02
2.137635803749375611e+02 2.080946805251504088e+02 1.442961877450980808e+02
2.137436235797075597e+02 2.080761230064925087e+02 1.443120056035594700e+02
2.137236667844775582e+02 2.080575654878345802e+02 1.443278234620208877e+02
2.137037099892475567e+02 2.080390079691766516e+02 1.443436413204823054e+02
2.136837531940175552e+02 2.080204504505187231e+02 1.443594591789437231e+02
2.136637963987875537e+02 2.080018929318608230e+02 1.443752770374051124e+02
2.136438396035575522e+02 2.079833354132028944e+02 1.443910948958665301e+02
2.136238828083275223e+02 2.079647778945449659e+02 1.444069127543279478e+02
2.136039260130975208e+02 2.079462203758870373e+02 1.444227306127893655e+02
2.135839692178675193e+02 2.079276628572291372e+02 1.444385484712507548e+02
2.135640124226375178e+02 2.079091053385712087e+02 1.444543663297121725e+02
2.135440556274075163e+02 2.078905478199132801e+02 1.444701841881735902e+02
2.135240988321775149e+02 2.078719903012553516e+02 1.444860020466350079e+02
2.135041420369475134e+02 2.078534327825974515e+02 1.445018199050963972e+02
2.134841852417175119e+02 2.078348752639395229e+02 1.445176377635578149e+02
2.134642284464875104e+02 2.078163177452815944e+02 1.445334556220192326e+02
2.134442716512575089e+02 2.077977602266236659e+02 1.445492734804806503e+02
2.134243148560275074e+02 2.077792027079657657e+02 1.445650913389420396e+02
2.134043580607975059e+02 2.077606451893078372e+02 1.445809091974034573e+02
2.133844012655675044e+02 2.077420876706499087e+02 1.445967270558648750e+02
2.133644444703375029e+02 2.077235301519919801e+02 1.446125449143262927e+02
2.133444876751075014e+02 2.077049726333340800e+02 1.446283627727876819e+02
2.133245308798775000e+02 2.076864151146761515e+02 1.446441806312490996e+02
2.133045740846474700e+02 2.076678575960182229e+02 1.446599984897105173e+02
2.132846172894174686e+02 2.076493000773602944e+02 1.446758163481719350e+02
2.132646604941874671e+02 2.076307425587023943e+02 1.446916342066333243e+02
2.132447036989574656e+02 2.076121850400444657e+02 1.447074520650947420e+02
2.132247469037274641e+02 2.075936275213865372e+02 1.447232699235561597e+02
2.132047901084974626e+02 2.075750700027286086e+02 1.447390877820175774e+02
2.131848333132674611e+02 2.075565124840707085e+02 1.447549056404789667e+02
2.131648765180374596e+02 2.075379549654127800e+02 1.447707234989403844e+02
