2.228230763099947183e+02 1.861467460473275537e+02 8.783377325475214548e+01
2.228435701611767286e+02 1.861267460728527112e+02 8.785775125982078748e+01
2.228640640123587389e+02 1.861067460983778972e+02 8.788172926488942949e+01
2.228845578635407492e+02 1.860867461239030547e+02 8.790570726995807149e+01
2.229050517147227595e+02 1.860667461494282122e+02 8.792968527502671350e+01
2.229255455659047698e+02 1.860467461749533982e+02 8.795366328009535550e+01
2.229460394170867801e+02 1.860267462004785557e+02 8.797764128516399751e+01
2.229665332682687904e+02 1.860067462260037132e+02 8.800161929023263951e+01
2.229870271194508007e+02 1.859867462515288992e+02 8.802559729530128152e+01
2.230075209706328110e+02 1.859667462770540567e+02 8.804957530036992353e+01
2.230280148218148213e+02 1.859467463025792142e+02 8.807355330543856553e+01
2.230485086729968316e+02 1.859267463281044002e+02 8.809753131050722175e+01
2.230690025241788419e+02 1.859067463536295577e+02 8.812150931557586375e+01
2.230894963753608522e+02 1.858867463791547152e+02 8.814548732064450576e+01
2.231099902265428625e+02 1.858667464046799012e+02 8.816946532571314776e+01
2.231304840777248728e+02 1.858467464302050587e+02 8.819344333078178977e+01
2.231509779289068831e+02 1.858267464557302162e+02 8.821742133585043177e+01
2.231714717800888934e+02 1.858067464812554022e+02 8.824139934091907378e+01
2.231919656312709037e+02 1.857867465067805597e+02 8.826537734598771578e+01
2.232124594824529140e+02 1.857667465323057172e+02 8.828935535105635779e+01
2.232329533336349243e+02 1.857467465578309032e+02 8.831333335612499980e+01
2.232534471848169346e+02 1.857267465833560607e+02 8.833731136119364180e+01
2.232534471848169346e+02 1.857267465833560607e+02 8.833731136119364180e+01
2.232603801770443965e+02 1.856996572450917995e+02 8.833859899694918738e+01
2.232673131692718300e+02 1.856725679068275099e+02 8.833988663270471875e+01
2.232742461614992919e+02 1.856454785685632487e+02 8.834117426846026433e+01
2.232811791537267254e+02 1.856183892302989875e+02 8.834246190421579570e+01
2.232881121459541873e+02 1.855912998920346979e+02 8.834374953997134128e+01
2.232950451381816208e+02 1.855642105537704367e+02 8.834503717572687265e+01
2.233019781304090827e+02 1.855371212155061755e+02 8.834632481148241823e+01
2.233089111226365162e+02 1.855100318772418859e+02 8.834761244723794960e+01
2.233158441148639781e+02 1.854829425389776247e+02 8.834890008299349518e+01
2.233227771070914116e+02 1.854558532007133635e+02 8.835018771874902654e+01
2.233297100993188735e+02 1.854287638624490739e+02 8.835147535450457212e+01
2.233366430915463070e+02 1.854016745241848128e+02 8.835276299026010349e+01
2.233435760837737689e+02 1.853745851859205516e+02 8.835405062601564907e+01
2.233505090760012024e+02 1.853474958476562904e+02 8.835533826177118044e+01
2.233574420682286643e+02 1.853204065093920008e+02 8.835662589752672602e+01
2.233643750604560978e+02 1.852933171711277396e+02 8.835791353328225739e+01
2.233713080526835597e+02 1.852662278328634784e+02 8.835920116903780297e+01
2.233782410449109932e+02 1.852391384945991888e+02 8.836048880479333434e+01
2.233851740371384551e+02 1.852120491563349276e+02 8.836177644054887992e+01
2.233921070293658886e+02 1.851849598180706664e+02 8.836306407630441129e+01
2.233990400215933505e+02 1.851578704798063768e+02 8.836435171205995687e+01
2.234059730138207840e+02 1.851307811415421156e+02 8.836563934781548824e+01
2.234129060060482459e+02 1.851036918032778544e+02 8.836692698357103382e+01
2.234198389982756794e+02 1.850766024650135648e+02 8.836821461932656518e+01
2.234267719905031413e+02 1.850495131267493036e+02 8.836950225508211076e+01
2.234267719905031413e+02 1.850495131267493036e+02 8.836950225508211076e+01
2.233922337921938492e+02 1.850099138625045896e+02 8.838470923940700175e+01
2.233576955938845856e+02 1.849703145982598471e+02 8.839991622373189273e+01
2.233231573955752935e+02 1.849307153340151331e+02 8.841512320805678371e+01
2.232886191972660299e+02 1.848911160697703906e+02 8.843033019238166048e+01
2.232540809989567379e+02 1.848515168055256765e+02 8.844553717670655146e+01
2.232195428006474458e+02 1.848119175412809625e+02 8.846074416103144245e+01
2.231850046023381822e+02 1.847723182770362200e+02 8.847595114535633343e+01
2.231504664040288901e+02 1.847327190127915060e+02 8.849115812968122441e+01
2.231159282057196265e+02 1.846931197485467635e+02 8.850636511400611539e+01
2.230813900074103344e+02 1.846535204843020495e+02 8.852157209833100637e+01
2.230468518091010424e+02 1.846139212200573070e+02 8.853677908265589735e+01
2.230123136107917787e+02 1.845743219558125929e+02 8.855198606698077413e+01
2.229777754124824867e+02 1.845347226915678789e+02 8.856719305130566511e+01
2.229432372141732230e+02 1.844951234273231364e+02 8.858240003563055609e+01
2.229086990158639310e+02 1.844555241630784224e+02 8.859760701995544707e+01
2.228741608175546673e+02 1.844159248988336799e+02 8.861281400428033805e+01
2.228396226192453753e+02 1.843763256345889658e+02 8.862802098860522904e+01
2.228050844209360832e+02 1.843367263703442518e+02 8.864322797293012002e+01
2.227705462226268196e+02 1.842971271060995093e+02 8.865843495725499679e+01
2.227360080243175275e+02 1.842575278418547953e+02 8.867364194157988777e+01
2.227014698260082639e+02 1.842179285776100528e+02 8.868884892590477875e+01
2.226669316276989719e+02 1.841783293133653387e+02 8.870405591022966973e+01
2.226669316276989719e+02 1.841783293133653387e+02 8.870405591022966973e+01
2.226461408261394297e+02 1.841544919250498253e+02 8.871320998915952316e+01
2.226253500245798591e+02 1.841306545367343119e+02 8.872236406808937659e+01
2.226045592230203169e+02 1.841068171484187985e+02 8.873151814701923001e+01
2.225837684214607464e+02 1.840829797601032851e+02 8.874067222594908344e+01
2.225629776199012042e+02 1.840591423717877717e+02 8.874982630487893687e+01
2.225421868183416336e+02 1.840353049834722583e+02 8.875898038380879029e+01
2.225213960167820915e+02 1.840114675951567449e+02 8.876813446273862951e+01
2.225006052152225209e+02 1.839876302068412315e+02 8.877728854166848294e+01
2.224798144136629787e+02 1.839637928185257181e+02 8.878644262059833636e+01
2.224590236121034081e+02 1.839399554302102047e+02 8.879559669952818979e+01
2.224382328105438660e+02 1.839161180418946913e+02 8.880475077845804321e+01
2.224174420089842954e+02 1.838922806535791779e+02 8.881390485738789664e+01
2.223966512074247532e+02 1.838684432652636644e+02 8.882305893631775007e+01
2.223758604058651827e+02 1.838446058769481510e+02 8.883221301524760349e+01
2.223550696043056405e+02 1.838207684886326376e+02 8.884136709417745692e+01
2.223342788027460699e+02 1.837969311003171242e+02 8.885052117310731035e+01
2.223134880011865278e+02 1.837730937120016108e+02 8.885967525203716377e+01
2.222926971996269572e+02 1.837492563236860974e+02 8.886882933096701720e+01
2.222719063980674150e+02 1.837254189353705840e+02 8.887798340989687063e+01
2.222511155965078444e+02 1.837015815470550990e+02 8.888713748882670984e+01
2.222303247949483023e+02 1.836777441587395856e+02 8.889629156775656327e+01
2.222095339933887317e+02 1.836539067704240722e+02 8.890544564668641669e+01
2.221887431918291895e+02 1.836300693821085588e+02 8.891459972561627012e+01
2.221679523902696189e+02 1.836062319937930454e+02 8.892375380454612355e+01
2.221471615887100768e+02 1.835823946054775320e+02 8.893290788347597697e+01
2.221263707871505062e+02 1.835585572171620186e+02 8.894206196240583040e+01
2.221055799855909640e+02 1.835347198288465052e+02 8.895121604133568383e+01
2.220847891840313935e+02 1.835108824405309917e+02 8.896037012026553725e+01
2.220639983824718513e+02 1.834870450522154783e+02 8.896952419919539068e+01
2.220432075809122807e+02 1.834632076638999649e+02 8.897867827812524411e+01
2.220224167793527386e+02 1.834393702755844515e+02 8.898783235705509753e+01
2.220016259777931680e+02 1.834155328872689381e+02 8.899698643598495096e+01
2.219808351762336258e+02 1.833916954989534247e+02 8.900614051491479017e+01
2.219600443746740552e+02 1.833678581106379113e+02 8.901529459384464360e+01
2.219392535731145131e+02 1.833440207223223979e+02 8.902444867277449703e+01
2.219184627715549425e+02 1.833201833340068845e+02 8.903360275170435045e+01
2.218976719699954003e+02 1.832963459456913711e+02 8.904275683063420388e+01
2.218768811684358297e+02 1.832725085573758577e+02 8.905191090956405731e+01
2.218560903668762876e+02 1.832486711690603443e+02 8.906106498849391073e+01
2.218560903668762876e+02 1.832486711690603443e+02 8.906106498849391073e+01
2.218366686260720542e+02 1.832277735979805584e+02 8.905883291433787008e+01
2.218172468852678207e+02 1.832068760269007726e+02 8.905660084018182943e+01
2.217978251444636157e+02 1.831859784558209867e+02 8.905436876602578877e+01
2.217784034036593823e+02 1.831650808847412293e+02 8.905213669186974812e+01
2.217589816628551489e+02 1.831441833136614434e+02 8.904990461771370747e+01
2.217395599220509155e+02 1.831232857425816576e+02 8.904767254355766681e+01
2.217201381812466821e+02 1.831023881715018717e+02 8.904544046940162616e+01
2.217007164404424771e+02 1.830814906004220859e+02 8.904320839524558551e+01
2.216812946996382436e+02 1.830605930293423000e+02 8.904097632108954485e+01
2.216618729588340102e+02 1.830396954582625142e+02 8.903874424693350420e+01
2.216424512180297768e+02 1.830187978871827568e+02 8.903651217277747776e+01
2.216230294772255434e+02 1.829979003161029709e+02 8.903428009862143711e+01
2.216036077364213384e+02 1.829770027450231851e+02 8.903204802446539645e+01
2.215841859956171049e+02 1.829561051739433992e+02 8.902981595030935580e+01
2.215647642548128715e+02 1.829352076028636134e+02 8.902758387615331515e+01
2.215453425140086381e+02 1.829143100317838275e+02 8.902535180199727449e+01
2.215259207732044047e+02 1.828934124607040417e+02 8.902311972784123384e+01
2.215064990324001997e+02 1.828725148896242843e+02 8.902088765368519319e+01
2.214870772915959662e+02 1.828516173185444984e+02 8.901865557952915253e+01
2.214676555507917328e+02 1.828307197474647126e+02 8.901642350537311188e+01
2.214482338099874994e+02 1.828098221763849267e+02 8.901419143121707123e+01
2.214288120691832660e+02 1.827889246053051409e+02 8.901195935706103057e+01
2.214093903283790326e+02 1.827680270342253550e+02 8.900972728290498992e+01
2.213899685875748276e+02 1.827471294631455976e+02 8.900749520874894927e+01
2.213705468467705941e+02 1.827262318920658117e+02 8.900526313459290861e+01
2.213511251059663607e+02 1.827053343209860259e+02 8.900303106043686796e+01
2.213317033651621273e+02 1.826844367499062400e+02 8.900079898628082731e+01
2.213122816243578939e+02 1.826635391788264542e+02 8.899856691212478665e+01
2.212928598835536889e+02 1.826426416077466683e+02 8.899633483796874600e+01
2.212734381427494554e+02 1.826217440366668825e+02 8.899410276381270535e+01
2.212540164019452220e+02 1.826008464655871251e+02 8.899187068965667891e+01
2.212345946611409886e+02 1.825799488945073392e+02 8.898963861550063825e+01
2.212151729203367552e+02 1.825590513234275534e+02 8.898740654134459760e+01
2.211957511795325502e+02 1.825381537523477675e+02 8.898517446718855695e+01
2.211763294387283167e+02 1.825172561812679817e+02 8.898294239303251629e+01
2.211569076979240833e+02 1.824963586101881958e+02 8.898071031887647564e+01
2.211374859571198499e+02 1.824754610391084100e+02 8.897847824472043499e+01
2.211180642163156165e+02 1.824545634680286526e+02 8.897624617056439433e+01
2.210986424755114115e+02 1.824336658969488667e+02 8.897401409640835368e+01
2.210792207347071781e+02 1.824127683258690809e+02 8.897178202225231303e+01
2.210597989939029446e+02 1.823918707547892950e+02 8.896954994809627237e+01
2.210597989939029446e+02 1.823918707547892950e+02 8.896954994809627237e+01
2.210436875164090793e+02 1.823799461791465149e+02 8.897420028366539668e+01
2.210275760389151856e+02 1.823680216035037347e+02 8.897885061923453520e+01
2.210114645614213202e+02 1.823560970278609545e+02 8.898350095480365951e+01
2.209953530839274265e+02 1.823441724522182028e+02 8.898815129037279803e+01
2.209792416064335612e+02 1.823322478765754227e+02 8.899280162594192234e+01
2.209631301289396959e+02 1.823203233009326425e+02 8.899745196151106086e+01
2.209470186514458021e+02 1.823083987252898623e+02 8.900210229708018517e+01
2.209309071739519368e+02 1.822964741496470822e+02 8.900675263264932369e+01
2.209147956964580430e+02 1.822845495740043020e+02 8.901140296821844800e+01
2.208986842189641777e+02 1.822726249983615503e+02 8.901605330378757230e+01
2.208825727414703124e+02 1.822607004227187701e+02 8.902070363935671082e+01
2.208664612639764186e+02 1.822487758470759900e+02 8.902535397492583513e+01
2.208503497864825533e+02 1.822368512714332098e+02 8.903000431049497365e+01
2.208342383089886596e+02 1.822249266957904297e+02 8.903465464606409796e+01
2.208181268314947943e+02 1.822130021201476495e+02 8.903930498163323648e+01
2.208020153540009289e+02 1.822010775445048978e+02 8.904395531720236079e+01
2.207859038765070352e+02 1.821891529688621176e+02 8.904860565277149931e+01
2.207697923990131699e+02 1.821772283932193375e+02 8.905325598834062362e+01
2.207536809215192761e+02 1.821653038175765573e+02 8.905790632390974793e+01
2.207375694440254108e+02 1.821533792419337772e+02 8.906255665947888644e+01
2.207214579665315455e+02 1.821414546662909970e+02 8.906720699504801075e+01
2.207053464890376517e+02 1.821295300906482169e+02 8.907185733061714927e+01
2.206892350115437864e+02 1.821176055150054651e+02 8.907650766618627358e+01
2.206731235340499211e+02 1.821056809393626850e+02 8.908115800175541210e+01
2.206570120565560273e+02 1.820937563637199048e+02 8.908580833732453641e+01
2.206409005790621620e+02 1.820818317880771247e+02 8.909045867289367493e+01
2.206247891015682683e+02 1.820699072124343445e+02 8.909510900846279924e+01
2.206086776240744030e+02 1.820579826367915643e+02 8.909975934403193776e+01
2.205925661465805376e+02 1.820460580611488126e+02 8.910440967960106207e+01
2.205764546690866439e+02 1.820341334855060325e+02 8.910906001517018638e+01
2.205603431915927786e+02 1.820222089098632523e+02 8.911371035073932489e+01
2.205442317140988848e+02 1.820102843342204721e+02 8.911836068630844920e+01
2.205281202366050195e+02 1.819983597585776920e+02 8.912301102187758772e+01
2.205120087591111542e+02 1.819864351829349118e+02 8.912766135744671203e+01
2.204958972816172604e+02 1.819745106072921601e+02 8.913231169301585055e+01
2.204797858041233951e+02 1.819625860316493799e+02 8.913696202858497486e+01
2.204636743266295014e+02 1.819506614560065998e+02 8.914161236415411338e+01
2.204475628491356360e+02 1.819387368803638196e+02 8.914626269972323769e+01
2.204475628491356360e+02 1.819387368803638196e+02 8.914626269972323769e+01
2.204346810826027365e+02 1.819168720288971315e+02 8.914560266459940863e+01
2.204217993160698086e+02 1.818950071774304149e+02 8.914494262947559378e+01
2.204089175495369091e+02 1.818731423259637268e+02 8.914428259435176471e+01
2.203960357830040095e+02 1.818512774744970386e+02 8.914362255922793565e+01
2.203831540164711100e+02 1.818294126230303505e+02 8.914296252410410659e+01
2.203702722499381821e+02 1.818075477715636339e+02 8.914230248898029174e+01
2.203573904834052826e+02 1.817856829200969457e+02 8.914164245385646268e+01
2.203445087168723830e+02 1.817638180686302576e+02 8.914098241873263362e+01
2.203316269503394551e+02 1.817419532171635410e+02 8.914032238360881877e+01
2.203187451838065556e+02 1.817200883656968529e+02 8.913966234848498971e+01
2.203058634172736561e+02 1.816982235142301647e+02 8.913900231336116065e+01
2.202929816507407565e+02 1.816763586627634766e+02 8.913834227823733158e+01
2.202800998842078286e+02 1.816544938112967600e+02 8.913768224311351673e+01
2.202672181176749291e+02 1.816326289598300718e+02 8.913702220798968767e+01
2.202543363511420296e+02 1.816107641083633837e+02 8.913636217286585861e+01
2.202414545846091301e+02 1.815888992568966955e+02 8.913570213774202955e+01
2.202285728180762021e+02 1.815670344054299790e+02 8.913504210261821470e+01
2.202156910515433026e+02 1.815451695539632908e+02 8.913438206749438564e+01
2.202028092850104031e+02 1.815233047024966027e+02 8.913372203237055658e+01
2.201899275184774751e+02 1.815014398510298861e+02 8.913306199724674173e+01
2.201770457519445756e+02 1.814795749995631979e+02 8.913240196212291266e+01
2.201641639854116761e+02 1.814577101480965098e+02 8.913174192699908360e+01
2.201512822188787766e+02 1.814358452966298216e+02 8.913108189187525454e+01
2.201384004523458486e+02 1.814139804451631051e+02 8.913042185675143969e+01
2.201255186858129491e+02 1.813921155936964169e+02 8.912976182162761063e+01
2.201255186858129491e+02 1.813921155936964169e+02 8.912976182162761063e+01
2.200944817285306385e+02 1.813587201824691135e+02 8.912619485042094425e+01
2.200634447712482995e+02 1.813253247712417817e+02 8.912262787921427787e+01
2.200324078139659889e+02 1.812919293600144783e+02 8.911906090800761149e+01
2.200013708566836499e+02 1.812585339487871749e+02 8.911549393680094511e+01
2.199703338994013393e+02 1.812251385375598431e+02 8.911192696559427873e+01
2.199392969421190003e+02 1.811917431263325398e+02 8.910835999438762656e+01
2.199082599848366897e+02 1.811583477151052364e+02 8.910479302318096018e+01
2.198772230275543507e+02 1.811249523038779046e+02 8.910122605197429380e+01
2.198461860702720401e+02 1.810915568926506012e+02 8.909765908076762742e+01
2.198151491129897295e+02 1.810581614814232694e+02 8.909409210956096103e+01
2.197841121557073905e+02 1.810247660701959660e+02 8.909052513835429465e+01
2.197530751984250799e+02 1.809913706589686626e+02 8.908695816714762827e+01
2.197220382411427408e+02 1.809579752477413308e+02 8.908339119594096189e+01
2.196910012838604302e+02 1.809245798365140274e+02 8.907982422473429551e+01
2.196599643265780912e+02 1.808911844252867240e+02 8.907625725352764334e+01
2.196289273692957806e+02 1.808577890140593922e+02 8.907269028232097696e+01
2.195978904120134416e+02 1.808243936028320888e+02 8.906912331111431058e+01
2.195668534547311310e+02 1.807909981916047855e+02 8.906555633990764420e+01
2.195358164974487920e+02 1.807576027803774537e+02 8.906198936870097782e+01
2.195047795401664814e+02 1.807242073691501503e+02 8.905842239749431144e+01
2.195047795401664814e+02 1.807242073691501503e+02 8.905842239749431144e+01
2.194801808458839787e+02 1.806977394553096872e+02 8.905559535380477598e+01
2.194555821516014760e+02 1.806712715414691957e+02 8.905276831011525474e+01
2.194309834573190017e+02 1.806448036276287326e+02 8.904994126642571928e+01
2.194063847630364990e+02 1.806183357137882695e+02 8.904711422273618382e+01
2.193817860687539962e+02 1.805918677999478064e+02 8.904428717904666257e+01
2.193571873744714935e+02 1.805653998861073148e+02 8.904146013535712711e+01
2.193325886801890192e+02 1.805389319722668517e+02 8.903863309166759166e+01
2.193079899859065165e+02 1.805124640584263886e+02 8.903580604797807041e+01
2.192833912916240138e+02 1.804859961445859255e+02 8.903297900428853495e+01
2.192587925973415111e+02 1.804595282307454340e+02 8.903015196059899949e+01
2.192341939030590368e+02 1.804330603169049709e+02 8.902732491690947825e+01
2.192095952087765340e+02 1.804065924030645078e+02 8.902449787321994279e+01
2.191849965144940313e+02 1.803801244892240163e+02 8.902167082953040733e+01
2.191603978202115286e+02 1.803536565753835532e+02 8.901884378584088608e+01
2.191357991259290543e+02 1.803271886615430901e+02 8.901601674215135063e+01
2.191112004316465516e+02 1.803007207477026270e+02 8.901318969846182938e+01
2.190866017373640489e+02 1.802742528338621355e+02 8.901036265477229392e+01
2.190620030430815461e+02 1.802477849200216724e+02 8.900753561108275846e+01
2.190374043487990718e+02 1.802213170061812093e+02 8.900470856739323722e+01
2.190128056545165691e+02 1.801948490923407178e+02 8.900188152370370176e+01
2.189882069602340664e+02 1.801683811785002547e+02 8.899905448001416630e+01
2.189636082659515637e+02 1.801419132646597916e+02 8.899622743632464505e+01
2.189390095716690894e+02 1.801154453508193285e+02 8.899340039263510960e+01
2.189144108773865867e+02 1.800889774369788370e+02 8.899057334894557414e+01
2.188898121831040839e+02 1.800625095231383739e+02 8.898774630525605289e+01
2.188652134888215812e+02 1.800360416092979108e+02 8.898491926156651743e+01
2.188406147945391069e+02 1.800095736954574477e+02 8.898209221787698198e+01
2.188160161002566042e+02 1.799831057816169562e+02 8.897926517418746073e+01
2.187914174059741015e+02 1.799566378677764931e+02 8.897643813049792527e+01
2.187914174059741015e+02 1.799566378677764931e+02 8.897643813049792527e+01
2.187806648081806600e+02 1.799360504599805779e+02 8.897054331897285806e+01
2.187699122103872469e+02 1.799154630521846912e+02 8.896464850744779085e+01
2.187591596125938054e+02 1.798948756443887760e+02 8.895875369592273785e+01
2.187484070148003923e+02 1.798742882365928608e+02 8.895285888439767064e+01
2.187376544170069508e+02 1.798537008287969741e+02 8.894696407287260342e+01
2.187269018192135377e+02 1.798331134210010589e+02 8.894106926134753621e+01
2.187161492214200962e+02 1.798125260132051437e+02 8.893517444982246900e+01
2.187053966236266831e+02 1.797919386054092570e+02 8.892927963829741600e+01
2.186946440258332416e+02 1.797713511976133418e+02 8.892338482677234879e+01
2.186838914280398001e+02 1.797507637898174551e+02 8.891749001524728158e+01
2.186731388302463870e+02 1.797301763820215399e+02 8.891159520372221436e+01
2.186623862324529455e+02 1.797095889742256247e+02 8.890570039219714715e+01
2.186516336346595324e+02 1.796890015664297380e+02 8.889980558067209415e+01
2.186408810368660909e+02 1.796684141586338228e+02 8.889391076914702694e+01
2.186301284390726778e+02 1.796478267508379076e+02 8.888801595762195973e+01
2.186193758412792363e+02 1.796272393430420209e+02 8.888212114609689252e+01
2.186086232434857948e+02 1.796066519352461057e+02 8.887622633457183952e+01
2.185978706456923817e+02 1.795860645274501906e+02 8.887033152304677230e+01
2.185871180478989402e+02 1.795654771196543038e+02 8.886443671152170509e+01
2.185763654501055271e+02 1.795448897118583886e+02 8.885854189999663788e+01
2.185656128523120856e+02 1.795243023040624735e+02 8.885264708847157067e+01
2.185548602545186725e+02 1.795037148962665867e+02 8.884675227694651767e+01
2.185441076567252310e+02 1.794831274884706716e+02 8.884085746542145046e+01
2.185333550589318179e+02 1.794625400806747564e+02 8.883496265389638324e+01
2.185226024611383764e+02 1.794419526728788696e+02 8.882906784237131603e+01
2.185118498633449349e+02 1.794213652650829545e+02 8.882317303084624882e+01
2.185010972655515218e+02 1.794007778572870677e+02 8.881727821932119582e+01
2.184903446677580803e+02 1.793801904494911525e+02 8.881138340779612861e+01
2.184795920699646672e+02 1.793596030416952374e+02 8.880548859627106140e+01
2.184688394721712257e+02 1.793390156338993506e+02 8.879959378474599418e+01
2.184580868743778126e+02 1.793184282261034355e+02 8.879369897322092697e+01
2.184473342765843711e+02 1.792978408183075203e+02 8.878780416169587397e+01
2.184365816787909580e+02 1.792772534105116335e+02 8.878190935017080676e+01
2.184258290809975165e+02 1.792566660027157184e+02 8.877601453864573955e+01
2.184258290809975165e+02 1.792566660027157184e+02 8.877601453864573955e+01
2.184094510394207020e+02 1.792467942333805127e+02 8.874616782562090123e+01
2.183930729978438592e+02 1.792369224640452785e+02 8.871632111259606290e+01
2.183766949562670447e+02 1.792270506947100444e+02 8.868647439957122458e+01
2.183603169146902019e+02 1.792171789253748386e+02 8.865662768654640047e+01
2.183439388731133874e+02 1.792073071560396329e+02 8.862678097352156215e+01
2.183275608315365446e+02 1.791974353867043988e+02 8.859693426049672382e+01
2.183111827899597301e+02 1.791875636173691646e+02 8.856708754747188550e+01
2.182948047483828873e+02 1.791776918480339589e+02 8.853724083444704718e+01
2.182784267068060728e+02 1.791678200786987532e+02 8.850739412142220885e+01
2.182620486652292300e+02 1.791579483093635190e+02 8.847754740839738474e+01
2.182456706236524155e+02 1.791480765400282849e+02 8.844770069537254642e+01
2.182292925820755727e+02 1.791382047706930791e+02 8.841785398234770810e+01
2.182129145404987582e+02 1.791283330013578734e+02 8.838800726932286977e+01
2.181965364989219438e+02 1.791184612320226393e+02 8.835816055629803145e+01
2.181801584573451009e+02 1.791085894626874051e+02 8.832831384327319313e+01
2.181637804157682865e+02 1.790987176933521994e+02 8.829846713024835481e+01
2.181474023741914436e+02 1.790888459240169936e+02 8.826862041722353069e+01
2.181310243326146292e+02 1.790789741546817595e+02 8.823877370419869237e+01
2.181146462910377863e+02 1.790691023853465254e+02 8.820892699117385405e+01
2.180982682494609719e+02 1.790592306160113196e+02 8.817908027814901573e+01
2.180818902078841290e+02 1.790493588466761139e+02 8.814923356512417740e+01
2.180655121663073146e+02 1.790394870773408798e+02 8.811938685209933908e+01
2.180491341247304717e+02 1.790296153080056456e+02 8.808954013907451497e+01
2.180327560831536573e+02 1.790197435386704399e+02 8.805969342604967665e+01
2.180163780415768144e+02 1.790098717693352341e+02 8.802984671302483832e+01
2.180000000000000000e+02 1.790000000000000000e+02 8.800000000000000000e+01
2.180000000000000000e+02 1.790000000000000000e+02 8.800000000000000000e+01
2.180000000000000000e+02 1.790000000000000000e+02 8.800000000000000000e+01
2.180000000000000000e+02 1.790000000000000000e+02 8.800000000000000000e+01
2.180000000000000000e+02 1.790000000000000000e+02 8.800000000000000000e+01
2.180000000000000000e+02 1.790000000000000000e+02 8.800000000000000000e+01
2.180000000000000000e+02 1.790000000000000000e+02 8.800000000000000000e+01
2.180000000000000000e+02 1.790000000000000000e+02 8.800000000000000000e+01
2.180000000000000000e+02 1.790000000000000000e+02 8.800000000000000000e+01
2.180000000000000000e+02 1.790000000000000000e+02 8.800000000000000000e+01
2.180000000000000000e+02 1.790000000000000000e+02 8.800000000000000000e+01
2.180000000000000000e+02 1.790000000000000000e+02 8.800000000000000000e+01
2.180000000000000000e+02 1.790000000000000000e+02 8.800000000000000000e+01
2.180000000000000000e+02 1.790000000000000000e+02 8.800000000000000000e+01
2.180000000000000000e+02 1.790000000000000000e+02 8.800000000000000000e+01
2.180000000000000000e+02 1.790000000000000000e+02 8.800000000000000000e+01
2.180000000000000000e+02 1.790000000000000000e+02 8.800000000000000000e+01
2.180000000000000000e+02 1.790000000000000000e+02 8.800000000000000000e+01
2.180000000000000000e+02 1.790000000000000000e+02 8.800000000000000000e+01
2.180000000000000000e+02 1.790000000000000000e+02 8.800000000000000000e+01
2.180000000000000000e+02 1.790000000000000000e+02 8.800000000000000000e+01
2.180000000000000000e+02 1.790000000000000000e+02 8.800000000000000000e+01
2.180000000000000000e+02 1.790000000000000000e+02 8.800000000000000000e+01
2.180000000000000000e+02 1.790000000000000000e+02 8.800000000000000000e+01
2.180000000000000000e+02 1.790000000000000000e+02 8.800000000000000000e+01
2.180000000000000000e+02 1.790000000000000000e+02 8.800000000000000000e+01
2.180000000000000000e+02 1.790000000000000000e+02 8.800000000000000000e+01
2.180000000000000000e+02 1.790000000000000000e+02 8.800000000000000000e+01
2.180000000000000000e+02 1.790000000000000000e+02 8.800000000000000000e+01
2.180000000000000000e+02 1.790000000000000000e+02 8.800000000000000000e+01
2.180000000000000000e+02 1.790000000000000000e+02 8.800000000000000000e+01
2.180000000000000000e+02 1.790000000000000000e+02 8.800000000000000000e+01
2.179876114126245739e+02 1.789904055816043069e+02 8.797235102593899114e+01
2.179752228252491761e+02 1.789808111632086138e+02 8.794470205187798229e+01
2.179628342378737500e+02 1.789712167448129208e+02 8.791705307781695922e+01
2.179504456504983239e+02 1.789616223264172277e+02 8.788940410375595036e+01
2.179380570631229261e+02 1.789520279080215346e+02 8.786175512969494150e+01
2.179256684757475000e+02 1.789424334896258415e+02 8.783410615563393264e+01
2.179132798883720739e+02 1.789328390712301484e+02 8.780645718157290958e+01
2.179008913009966477e+02 1.789232446528344553e+02 8.777880820751190072e+01
2.178885027136212500e+02 1.789136502344387623e+02 8.775115923345089186e+01
2.178761141262458239e+02 1.789040558160430692e+02 8.772351025938988300e+01
2.178637255388703977e+02 1.788944613976473761e+02 8.769586128532885994e+01
2.178513369514950000e+02 1.788848669792516830e+02 8.766821231126785108e+01
2.178389483641195739e+02 1.788752725608559899e+02 8.764056333720684222e+01
2.178265597767441477e+02 1.788656781424602968e+02 8.761291436314583336e+01
2.178141711893687500e+02 1.788560837240645753e+02 8.758526538908481029e+01
2.178017826019933239e+02 1.788464893056688823e+02 8.755761641502380144e+01
2.177893940146178977e+02 1.788368948872731892e+02 8.752996744096279258e+01
2.177770054272425000e+02 1.788273004688774961e+02 8.750231846690178372e+01
2.177646168398670738e+02 1.788177060504818030e+02 8.747466949284076065e+01
2.177522282524916477e+02 1.788081116320861099e+02 8.744702051877975180e+01
2.177398396651162500e+02 1.787985172136904168e+02 8.741937154471874294e+01
2.177274510777408238e+02 1.787889227952947238e+02 8.739172257065773408e+01
2.177150624903653977e+02 1.787793283768990307e+02 8.736407359659671101e+01
2.177026739029899716e+02 1.787697339585033376e+02 8.733642462253570216e+01
2.176902853156145738e+02 1.787601395401076445e+02 8.730877564847469330e+01
2.176778967282391477e+02 1.787505451217119514e+02 8.728112667441368444e+01
2.176655081408637216e+02 1.787409507033162583e+02 8.725347770035266137e+01
2.176531195534883238e+02 1.787313562849205653e+02 8.722582872629165252e+01
2.176407309661128977e+02 1.787217618665248722e+02 8.719817975223064366e+01
2.176407309661128977e+02 1.787217618665248722e+02 8.719817975223064366e+01
2.176147321149933589e+02 1.787236606151040235e+02 8.717971568444923491e+01
2.175887332638738201e+02 1.787255593636831748e+02 8.716125161666781196e+01
2.175627344127542813e+02 1.787274581122623260e+02 8.714278754888640321e+01
2.175367355616347425e+02 1.787293568608414773e+02 8.712432348110499447e+01
2.175107367105151752e+02 1.787312556094206286e+02 8.710585941332358573e+01
2.174847378593956364e+02 1.787331543579997799e+02 8.708739534554216277e+01
2.174587390082760976e+02 1.787350531065789596e+02 8.706893127776075403e+01
2.174327401571565588e+02 1.787369518551581109e+02 8.705046720997934528e+01
2.174067413060370200e+02 1.787388506037372622e+02 8.703200314219792233e+01
2.173807424549174812e+02 1.787407493523164135e+02 8.701353907441651359e+01
2.173547436037979423e+02 1.787426481008955648e+02 8.699507500663510484e+01
2.173287447526784035e+02 1.787445468494747161e+02 8.697661093885368189e+01
2.173027459015588647e+02 1.787464455980538673e+02 8.695814687107227314e+01
2.172767470504392975e+02 1.787483443466330186e+02 8.693968280329086440e+01
2.172507481993197587e+02 1.787502430952121699e+02 8.692121873550945566e+01
2.172247493482002199e+02 1.787521418437913212e+02 8.690275466772803270e+01
2.171987504970806810e+02 1.787540405923704725e+02 8.688429059994662396e+01
2.171727516459611422e+02 1.787559393409496238e+02 8.686582653216521521e+01
2.171467527948416034e+02 1.787578380895287751e+02 8.684736246438379226e+01
2.171207539437220646e+02 1.787597368381079264e+02 8.682889839660238351e+01
2.170947550926025258e+02 1.787616355866871061e+02 8.681043432882097477e+01
2.170687562414829870e+02 1.787635343352662574e+02 8.679197026103955181e+01
2.170427573903634197e+02 1.787654330838454086e+02 8.677350619325814307e+01
2.170167585392438809e+02 1.787673318324245599e+02 8.675504212547673433e+01
2.169907596881243421e+02 1.787692305810037112e+02 8.673657805769532558e+01
2.169647608370048033e+02 1.787711293295828625e+02 8.671811398991390263e+01
2.169387619858852645e+02 1.787730280781620138e+02 8.669964992213249388e+01
2.169387619858852645e+02 1.787730280781620138e+02 8.669964992213249388e+01
2.169079768622432596e+02 1.787636142853419301e+02 8.670061612562757603e+01
2.168771917386012262e+02 1.787542004925218748e+02 8.670158232912264396e+01
2.168464066149592213e+02 1.787447866997017911e+02 8.670254853261772610e+01
2.168156214913171880e+02 1.787353729068817074e+02 8.670351473611279403e+01
2.167848363676751831e+02 1.787259591140616521e+02 8.670448093960787617e+01
2.167540512440331497e+02 1.787165453212415684e+02 8.670544714310294410e+01
2.167232661203911448e+02 1.787071315284214847e+02 8.670641334659802624e+01
2.166924809967491399e+02 1.786977177356014295e+02 8.670737955009310838e+01
2.166616958731071065e+02 1.786883039427813458e+02 8.670834575358817631e+01
2.166309107494651016e+02 1.786788901499612621e+02 8.670931195708325845e+01
2.166001256258230683e+02 1.786694763571411784e+02 8.671027816057832638e+01
2.165693405021810634e+02 1.786600625643211231e+02 8.671124436407340852e+01
2.165385553785390584e+02 1.786506487715010394e+02 8.671221056756849066e+01
2.165077702548970251e+02 1.786412349786809557e+02 8.671317677106355859e+01
2.164769851312550202e+02 1.786318211858609004e+02 8.671414297455864073e+01
2.164462000076129868e+02 1.786224073930408167e+02 8.671510917805370866e+01
2.164154148839709819e+02 1.786129936002207330e+02 8.671607538154879080e+01
2.163846297603289486e+02 1.786035798074006777e+02 8.671704158504385873e+01
2.163538446366869437e+02 1.785941660145805940e+02 8.671800778853894087e+01
2.163538446366869437e+02 1.785941660145805940e+02 8.671800778853894087e+01
2.163280870694541989e+02 1.785960471417104429e+02 8.669971507763862917e+01
2.163023295022214256e+02 1.785979282688402634e+02 8.668142236673833168e+01
2.162765719349886808e+02 1.785998093959701123e+02 8.666312965583801997e+01
2.162508143677559076e+02 1.786016905230999612e+02 8.664483694493770827e+01
2.162250568005231628e+02 1.786035716502298101e+02 8.662654423403741077e+01
2.161992992332904180e+02 1.786054527773596305e+02 8.660825152313709907e+01
2.161735416660576448e+02 1.786073339044894794e+02 8.658995881223678737e+01
2.161477840988249000e+02 1.786092150316193283e+02 8.657166610133648987e+01
2.161220265315921552e+02 1.786110961587491488e+02 8.655337339043617817e+01
2.160962689643593819e+02 1.786129772858789977e+02 8.653508067953588068e+01
2.160705113971266371e+02 1.786148584130088466e+02 8.651678796863556897e+01
2.160447538298938639e+02 1.786167395401386671e+02 8.649849525773525727e+01
2.160189962626611191e+02 1.786186206672685159e+02 8.648020254683495978e+01
2.159932386954283743e+02 1.786205017943983648e+02 8.646190983593464807e+01
2.159674811281956011e+02 1.786223829215282137e+02 8.644361712503433637e+01
2.159417235609628563e+02 1.786242640486580342e+02 8.642532441413403888e+01
2.159159659937300830e+02 1.786261451757878831e+02 8.640703170323372717e+01
2.158902084264973382e+02 1.786280263029177320e+02 8.638873899233341547e+01
2.158644508592645934e+02 1.786299074300475525e+02 8.637044628143311797e+01
2.158386932920318202e+02 1.786317885571774013e+02 8.635215357053280627e+01
2.158129357247990754e+02 1.786336696843072502e+02 8.633386085963249457e+01
2.157871781575663306e+02 1.786355508114370991e+02 8.631556814873219707e+01
2.157614205903335574e+02 1.786374319385669196e+02 8.629727543783188537e+01
2.157356630231008126e+02 1.786393130656967685e+02 8.627898272693157367e+01
2.157099054558680393e+02 1.786411941928266174e+02 8.626069001603127617e+01
2.156841478886352945e+02 1.786430753199564379e+02 8.624239730513096447e+01
2.156583903214025497e+02 1.786449564470862867e+02 8.622410459423066698e+01
2.156326327541697765e+02 1.786468375742161356e+02 8.620581188333035527e+01
2.156068751869370317e+02 1.786487187013459561e+02 8.618751917243004357e+01
2.155811176197042869e+02 1.786505998284758050e+02 8.616922646152974608e+01
2.155553600524715137e+02 1.786524809556056539e+02 8.615093375062943437e+01
2.155296024852387688e+02 1.786543620827355028e+02 8.613264103972912267e+01
2.155038449180059956e+02 1.786562432098653233e+02 8.611434832882882517e+01
2.154780873507732508e+02 1.786581243369951721e+02 8.609605561792851347e+01
2.154780873507732508e+02 1.786581243369951721e+02 8.609605561792851347e+01
2.154543250405645836e+02 1.786368774395756702e+02 8.609369031038109199e+01
2.154305627303559163e+02 1.786156305421561967e+02 8.609132500283365630e+01
2.154068004201472206e+02 1.785943836447366948e+02 8.608895969528623482e+01
2.153830381099385534e+02 1.785731367473171929e+02 8.608659438773879913e+01
2.153592757997298861e+02 1.785518898498976910e+02 8.608422908019137765e+01
2.153355134895212188e+02 1.785306429524782175e+02 8.608186377264394196e+01
2.153117511793125516e+02 1.785093960550587155e+02 8.607949846509652048e+01
2.152879888691038843e+02 1.784881491576392136e+02 8.607713315754908479e+01
2.152642265588951886e+02 1.784669022602197401e+02 8.607476785000166331e+01
2.152404642486865214e+02 1.784456553628002382e+02 8.607240254245424182e+01
2.152167019384778541e+02 1.784244084653807363e+02 8.607003723490680613e+01
2.151929396282691869e+02 1.784031615679612628e+02 8.606767192735938465e+01
2.151691773180605196e+02 1.783819146705417609e+02 8.606530661981194896e+01
2.151454150078518239e+02 1.783606677731222590e+02 8.606294131226452748e+01
2.151216526976431567e+02 1.783394208757027570e+02 8.606057600471709179e+01
2.150978903874344894e+02 1.783181739782832835e+02 8.605821069716967031e+01
2.150741280772258222e+02 1.782969270808637816e+02 8.605584538962223462e+01
2.150503657670171549e+02 1.782756801834442797e+02 8.605348008207481314e+01
2.150266034568084592e+02 1.782544332860248062e+02 8.605111477452739166e+01
2.150028411465997920e+02 1.782331863886053043e+02 8.604874946697995597e+01
2.149790788363911247e+02 1.782119394911858024e+02 8.604638415943253449e+01
2.149553165261824574e+02 1.781906925937663289e+02 8.604401885188509880e+01
2.149315542159737902e+02 1.781694456963468269e+02 8.604165354433767732e+01
2.149077919057651229e+02 1.781481987989273250e+02 8.603928823679024163e+01
2.148840295955564272e+02 1.781269519015078231e+02 8.603692292924282015e+01
2.148602672853477600e+02 1.781057050040883496e+02 8.603455762169538446e+01
2.148365049751390927e+02 1.780844581066688477e+02 8.603219231414796297e+01
2.148365049751390927e+02 1.780844581066688477e+02 8.603219231414796297e+01
2.148049109737842457e+02 1.780861464960709100e+02 8.603212903585517779e+01
2.147733169724294271e+02 1.780878348854730007e+02 8.603206575756239260e+01
2.147417229710745801e+02 1.780895232748750630e+02 8.603200247926959321e+01
2.147101289697197615e+02 1.780912116642771537e+02 8.603193920097680802e+01
2.146785349683649144e+02 1.780929000536792159e+02 8.603187592268402284e+01
2.146469409670100674e+02 1.780945884430813067e+02 8.603181264439123765e+01
2.146153469656552488e+02 1.780962768324833689e+02 8.603174936609845247e+01
2.145837529643004018e+02 1.780979652218854596e+02 8.603168608780566728e+01
2.145521589629455832e+02 1.780996536112875219e+02 8.603162280951286789e+01
2.145205649615907362e+02 1.781013420006896126e+02 8.603155953122008270e+01
2.144889709602359176e+02 1.781030303900916749e+02 8.603149625292729752e+01
2.144573769588810705e+02 1.781047187794937656e+02 8.603143297463451233e+01
2.144257829575262235e+02 1.781064071688958279e+02 8.603136969634172715e+01
2.143941889561714049e+02 1.781080955582979186e+02 8.603130641804894196e+01
2.143625949548165579e+02 1.781097839476999809e+02 8.603124313975614257e+01
2.143310009534617393e+02 1.781114723371020716e+02 8.603117986146335738e+01
2.142994069521068923e+02 1.781131607265041339e+02 8.603111658317057220e+01
2.142678129507520453e+02 1.781148491159062246e+02 8.603105330487778701e+01
2.142362189493972267e+02 1.781165375053082869e+02 8.603099002658500183e+01
2.142046249480423796e+02 1.781182258947103776e+02 8.603092674829221664e+01
2.141730309466875610e+02 1.781199142841124399e+02 8.603086346999941725e+01
2.141414369453327140e+02 1.781216026735145306e+02 8.603080019170663206e+01
2.141098429439778954e+02 1.781232910629165929e+02 8.603073691341384688e+01
2.140782489426230484e+02 1.781249794523186836e+02 8.603067363512106169e+01
2.140466549412682014e+02 1.781266678417207459e+02 8.603061035682827651e+01
2.140150609399133828e+02 1.781283562311228366e+02 8.603054707853549132e+01
2.139834669385585357e+02 1.781300446205248988e+02 8.603048380024269193e+01
2.139518729372037171e+02 1.781317330099269896e+02 8.603042052194990674e+01
2.139202789358488701e+02 1.781334213993290518e+02 8.603035724365712156e+01
2.139202789358488701e+02 1.781334213993290518e+02 8.603035724365712156e+01
2.138917978605603878e+02 1.781455820060901942e+02 8.602930370333119470e+01
2.138633167852718771e+02 1.781577426128513366e+02 8.602825016300525363e+01
2.138348357099833947e+02 1.781699032196124790e+02 8.602719662267932677e+01
2.138063546346948840e+02 1.781820638263736214e+02 8.602614308235338569e+01
2.137778735594064017e+02 1.781942244331347638e+02 8.602508954202745883e+01
2.137493924841179194e+02 1.782063850398959062e+02 8.602403600170151776e+01
2.137209114088294086e+02 1.782185456466570486e+02 8.602298246137559090e+01
2.136924303335409263e+02 1.782307062534181625e+02 8.602192892104964983e+01
2.136639492582524440e+02 1.782428668601793049e+02 8.602087538072372297e+01
2.136354681829639333e+02 1.782550274669404473e+02 8.601982184039778190e+01
2.136069871076754509e+02 1.782671880737015897e+02 8.601876830007185504e+01
2.135785060323869402e+02 1.782793486804627321e+02 8.601771475974591397e+01
2.135500249570984579e+02 1.782915092872238745e+02 8.601666121941998711e+01
2.135215438818099756e+02 1.783036698939850169e+02 8.601560767909404603e+01
2.134930628065214648e+02 1.783158305007461593e+02 8.601455413876811917e+01
2.134645817312329825e+02 1.783279911075073016e+02 8.601350059844217810e+01
2.134361006559444718e+02 1.783401517142684440e+02 8.601244705811625124e+01
2.134076195806559895e+02 1.783523123210295864e+02 8.601139351779031017e+01
2.133791385053675072e+02 1.783644729277907288e+02 8.601033997746438331e+01
2.133506574300789964e+02 1.783766335345518712e+02 8.600928643713844224e+01
2.133221763547905141e+02 1.783887941413130136e+02 8.600823289681251538e+01
2.132936952795020034e+02 1.784009547480741560e+02 8.600717935648657431e+01
2.132652142042135210e+02 1.784131153548352984e+02 8.600612581616064745e+01
2.132367331289250387e+02 1.784252759615964123e+02 8.600507227583470637e+01
2.132082520536365280e+02 1.784374365683575547e+02 8.600401873550877951e+01
2.131797709783480457e+02 1.784495971751186971e+02 8.600296519518283844e+01
2.131512899030595634e+02 1.784617577818798395e+02 8.600191165485691158e+01
2.131228088277710526e+02 1.784739183886409819e+02 8.600085811453097051e+01
2.130943277524825703e+02 1.784860789954021243e+02 8.599980457420504365e+01
2.130658466771940596e+02 1.784982396021632667e+02 8.599875103387910258e+01
2.130373656019055773e+02 1.785104002089244091e+02 8.599769749355317572e+01
2.130373656019055773e+02 1.785104002089244091e+02 8.599769749355317572e+01
2.130114713607880788e+02 1.784994848562990626e+02 8.601266055306368230e+01
2.129855771196705518e+02 1.784885695036736877e+02 8.602762361257418888e+01
2.129596828785530533e+02 1.784776541510483412e+02 8.604258667208468125e+01
2.129337886374355264e+02 1.784667387984229663e+02 8.605754973159518784e+01
2.129078943963180279e+02 1.784558234457976198e+02 8.607251279110569442e+01
2.128820001552005294e+02 1.784449080931722449e+02 8.608747585061620100e+01
2.128561059140830025e+02 1.784339927405468984e+02 8.610243891012669337e+01
2.128302116729655040e+02 1.784230773879215235e+02 8.611740196963719995e+01
2.128043174318480055e+02 1.784121620352961770e+02 8.613236502914770654e+01
2.127784231907304786e+02 1.784012466826708021e+02 8.614732808865821312e+01
2.127525289496129801e+02 1.783903313300454556e+02 8.616229114816870549e+01
2.127266347084954532e+02 1.783794159774200807e+02 8.617725420767921207e+01
2.127007404673779547e+02 1.783685006247947342e+02 8.619221726718971865e+01
2.126748462262604562e+02 1.783575852721693593e+02 8.620718032670022524e+01
2.126489519851429293e+02 1.783466699195440128e+02 8.622214338621071761e+01
2.126230577440254308e+02 1.783357545669186379e+02 8.623710644572122419e+01
2.125971635029079323e+02 1.783248392142932914e+02 8.625206950523173077e+01
2.125712692617904054e+02 1.783139238616679165e+02 8.626703256474223735e+01
2.125453750206729069e+02 1.783030085090425700e+02 8.628199562425272973e+01
2.125194807795553800e+02 1.782920931564171951e+02 8.629695868376323631e+01
2.124935865384378815e+02 1.782811778037918486e+02 8.631192174327374289e+01
2.124935865384378815e+02 1.782811778037918486e+02 8.631192174327374289e+01
2.124786223628042876e+02 1.782657649012116110e+02 8.633433869754473733e+01
2.124636581871706937e+02 1.782503519986313734e+02 8.635675565181574598e+01
2.124486940115370999e+02 1.782349390960511073e+02 8.637917260608674042e+01
2.124337298359035344e+02 1.782195261934708697e+02 8.640158956035773485e+01
2.124187656602699406e+02 1.782041132908906320e+02 8.642400651462872929e+01
2.124038014846363467e+02 1.781887003883103944e+02 8.644642346889973794e+01
2.123888373090027528e+02 1.781732874857301567e+02 8.646884042317073238e+01
2.123738731333691589e+02 1.781578745831498907e+02 8.649125737744172682e+01
2.123589089577355935e+02 1.781424616805696530e+02 8.651367433171273547e+01
2.123439447821019996e+02 1.781270487779894154e+02 8.653609128598372990e+01
2.123289806064684058e+02 1.781116358754091777e+02 8.655850824025472434e+01
2.123140164308348119e+02 1.780962229728289401e+02 8.658092519452573299e+01
2.122990522552012180e+02 1.780808100702486740e+02 8.660334214879672743e+01
2.122840880795676242e+02 1.780653971676684364e+02 8.662575910306772187e+01
2.122691239039340303e+02 1.780499842650881988e+02 8.664817605733873052e+01
2.122541597283004648e+02 1.780345713625079611e+02 8.667059301160972495e+01
2.122391955526668710e+02 1.780191584599277235e+02 8.669300996588071939e+01
2.122242313770332771e+02 1.780037455573474574e+02 8.671542692015171383e+01
2.122092672013996832e+02 1.779883326547672198e+02 8.673784387442272248e+01
2.121943030257660894e+02 1.779729197521869821e+02 8.676026082869371692e+01
2.121793388501325239e+02 1.779575068496067445e+02 8.678267778296471135e+01
2.121643746744989301e+02 1.779420939470265068e+02 8.680509473723572000e+01
2.121494104988653362e+02 1.779266810444462408e+02 8.682751169150671444e+01
2.121344463232317423e+02 1.779112681418660031e+02 8.684992864577770888e+01
2.121194821475981485e+02 1.778958552392857655e+02 8.687234560004870332e+01
2.121045179719645546e+02 1.778804423367055279e+02 8.689476255431971197e+01
2.120895537963309607e+02 1.778650294341252902e+02 8.691717950859070640e+01
2.120745896206973953e+02 1.778496165315450241e+02 8.693959646286170084e+01
2.120596254450638014e+02 1.778342036289647865e+02 8.696201341713270949e+01
2.120446612694302075e+02 1.778187907263845489e+02 8.698443037140370393e+01
2.120446612694302075e+02 1.778187907263845489e+02 8.698443037140370393e+01
2.120293593428478118e+02 1.778030299448032849e+02 8.700735329057111755e+01
2.120140574162654161e+02 1.777872691632220494e+02 8.703027620973853118e+01
2.119987554896830204e+02 1.777715083816407855e+02 8.705319912890594480e+01
2.119834535631006247e+02 1.777557476000595500e+02 8.707612204807335843e+01
2.119681516365182290e+02 1.777399868184782861e+02 8.709904496724077205e+01
2.119528497099358333e+02 1.777242260368970221e+02 8.712196788640818568e+01
2.119375477833534376e+02 1.777084652553157866e+02 8.714489080557558509e+01
2.119222458567710419e+02 1.776927044737345227e+02 8.716781372474299872e+01
2.119069439301886462e+02 1.776769436921532872e+02 8.719073664391041234e+01
2.118916420036062505e+02 1.776611829105720233e+02 8.721365956307782596e+01
2.118763400770238547e+02 1.776454221289907593e+02 8.723658248224523959e+01
2.118610381504414590e+02 1.776296613474095238e+02 8.725950540141265321e+01
2.118457362238590633e+02 1.776139005658282599e+02 8.728242832058006684e+01
2.118304342972766960e+02 1.775981397842470244e+02 8.730535123974748046e+01
2.118151323706943003e+02 1.775823790026657605e+02 8.732827415891489409e+01
2.117998304441119046e+02 1.775666182210845250e+02 8.735119707808230771e+01
2.117845285175295089e+02 1.775508574395032610e+02 8.737411999724972134e+01
2.117692265909471132e+02 1.775350966579219971e+02 8.739704291641713496e+01
2.117539246643647175e+02 1.775193358763407616e+02 8.741996583558454859e+01
2.117386227377823218e+02 1.775035750947594977e+02 8.744288875475196221e+01
2.117233208111999261e+02 1.774878143131782622e+02 8.746581167391936162e+01
2.117080188846175304e+02 1.774720535315969983e+02 8.748873459308677525e+01
2.116927169580351347e+02 1.774562927500157343e+02 8.751165751225418887e+01
2.116774150314527390e+02 1.774405319684344988e+02 8.753458043142160250e+01
2.116621131048703432e+02 1.774247711868532349e+02 8.755750335058901612e+01
2.116468111782879475e+02 1.774090104052719994e+02 8.758042626975642975e+01
2.116315092517055518e+02 1.773932496236907355e+02 8.760334918892384337e+01
2.116315092517055518e+02 1.773932496236907355e+02 8.760334918892384337e+01
2.116161746566348825e+02 1.773774551939995376e+02 8.762632104683839884e+01
2.116008400615642415e+02 1.773616607643083114e+02 8.764929290475295431e+01
2.115855054664935722e+02 1.773458663346171136e+02 8.767226476266750979e+01
2.115701708714229028e+02 1.773300719049259158e+02 8.769523662058207947e+01
2.115548362763522334e+02 1.773142774752346895e+02 8.771820847849663494e+01
2.115395016812815925e+02 1.772984830455434917e+02 8.774118033641119041e+01
2.115241670862109231e+02 1.772826886158522939e+02 8.776415219432574588e+01
2.115088324911402538e+02 1.772668941861610961e+02 8.778712405224030135e+01
2.114934978960695844e+02 1.772510997564698698e+02 8.781009591015485682e+01
2.114781633009989434e+02 1.772353053267786720e+02 8.783306776806942651e+01
2.114628287059282741e+02 1.772195108970874742e+02 8.785603962598398198e+01
2.114474941108576047e+02 1.772037164673962479e+02 8.787901148389853745e+01
2.114321595157869638e+02 1.771879220377050501e+02 8.790198334181309292e+01
2.114168249207162944e+02 1.771721276080138523e+02 8.792495519972764839e+01
2.114014903256456250e+02 1.771563331783226261e+02 8.794792705764220386e+01
2.113861557305749557e+02 1.771405387486314282e+02 8.797089891555675933e+01
2.113708211355043147e+02 1.771247443189402304e+02 8.799387077347132902e+01
2.113554865404336454e+02 1.771089498892490042e+02 8.801684263138588449e+01
2.113401519453629760e+02 1.770931554595578064e+02 8.803981448930043996e+01
2.113248173502923066e+02 1.770773610298666085e+02 8.806278634721499543e+01
2.113094827552216657e+02 1.770615666001754107e+02 8.808575820512955090e+01
2.112941481601509963e+02 1.770457721704841845e+02 8.810873006304410637e+01
2.112788135650803270e+02 1.770299777407929867e+02 8.813170192095867606e+01
2.112634789700096576e+02 1.770141833111017888e+02 8.815467377887323153e+01
2.112481443749390166e+02 1.769983888814105626e+02 8.817764563678778700e+01
2.112328097798683473e+02 1.769825944517193648e+02 8.820061749470234247e+01
2.112328097798683473e+02 1.769825944517193648e+02 8.820061749470234247e+01
2.112048673423282992e+02 1.769668482887149707e+02 8.819991170274295200e+01
2.111769249047882795e+02 1.769511021257105767e+02 8.819920591078354732e+01
2.111489824672482314e+02 1.769353559627061827e+02 8.819850011882415686e+01
2.111210400297081833e+02 1.769196097997017887e+02 8.819779432686475218e+01
2.110930975921681352e+02 1.769038636366973947e+02 8.819708853490536171e+01
2.110651551546281155e+02 1.768881174736930006e+02 8.819638274294597124e+01
2.110372127170880674e+02 1.768723713106886066e+02 8.819567695098656657e+01
2.110092702795480193e+02 1.768566251476842126e+02 8.819497115902717610e+01
2.109813278420079712e+02 1.768408789846798186e+02 8.819426536706778563e+01
2.109533854044679515e+02 1.768251328216754246e+02 8.819355957510838095e+01
2.109254429669279034e+02 1.768093866586710305e+02 8.819285378314899049e+01
2.108975005293878553e+02 1.767936404956666365e+02 8.819214799118958581e+01
2.108695580918478072e+02 1.767778943326622425e+02 8.819144219923019534e+01
2.108416156543077875e+02 1.767621481696578201e+02 8.819073640727080488e+01
2.108136732167677394e+02 1.767464020066534260e+02 8.819003061531140020e+01
2.107857307792276913e+02 1.767306558436490320e+02 8.818932482335200973e+01
2.107577883416876716e+02 1.767149096806446380e+02 8.818861903139260505e+01
2.107298459041476235e+02 1.766991635176402440e+02 8.818791323943321459e+01
2.107019034666075754e+02 1.766834173546358500e+02 8.818720744747382412e+01
2.106739610290675273e+02 1.766676711916314559e+02 8.818650165551441944e+01
2.106460185915275076e+02 1.766519250286270619e+02 8.818579586355502897e+01
2.106180761539874595e+02 1.766361788656226679e+02 8.818509007159563851e+01
2.105901337164474114e+02 1.766204327026182739e+02 8.818438427963623383e+01
2.105621912789073633e+02 1.766046865396138799e+02 8.818367848767684336e+01
2.105342488413673436e+02 1.765889403766094858e+02 8.818297269571743868e+01
2.105063064038272955e+02 1.765731942136050918e+02 8.818226690375804822e+01
2.105063064038272955e+02 1.765731942136050918e+02 8.818226690375804822e+01
2.104853458359289107e+02 1.765532265766994442e+02 8.816847899266429067e+01
2.104643852680305258e+02 1.765332589397937681e+02 8.815469108157054734e+01
2.104434247001321125e+02 1.765132913028881205e+02 8.814090317047678980e+01
2.104224641322337277e+02 1.764933236659824445e+02 8.812711525938303225e+01
2.104015035643353428e+02 1.764733560290767969e+02 8.811332734828928892e+01
2.103805429964369580e+02 1.764533883921711208e+02 8.809953943719553138e+01
2.103595824285385447e+02 1.764334207552654732e+02 8.808575152610177383e+01
2.103386218606401599e+02 1.764134531183597971e+02 8.807196361500801629e+01
2.103176612927417750e+02 1.763934854814541495e+02 8.805817570391427296e+01
2.102967007248433902e+02 1.763735178445484735e+02 8.804438779282051541e+01
2.102757401569450053e+02 1.763535502076428259e+02 8.803059988172675787e+01
2.102547795890465920e+02 1.763335825707371498e+02 8.801681197063301454e+01
2.102338190211482072e+02 1.763136149338315022e+02 8.800302405953925700e+01
2.102128584532498223e+02 1.762936472969258261e+02 8.798923614844549945e+01
2.101918978853514375e+02 1.762736796600201785e+02 8.797544823735175612e+01
2.101709373174530526e+02 1.762537120231145025e+02 8.796166032625799858e+01
2.101499767495546394e+02 1.762337443862088548e+02 8.794787241516424103e+01
2.101290161816562545e+02 1.762137767493031788e+02 8.793408450407048349e+01
2.101080556137578697e+02 1.761938091123975312e+02 8.792029659297674016e+01
2.100870950458594848e+02 1.761738414754918551e+02 8.790650868188298261e+01
2.100661344779610715e+02 1.761538738385862075e+02 8.789272077078922507e+01
2.100451739100626867e+02 1.761339062016805315e+02 8.787893285969548174e+01
2.100242133421643018e+02 1.761139385647748838e+02 8.786514494860172420e+01
2.100242133421643018e+02 1.761139385647748838e+02 8.786514494860172420e+01
2.100093711898435629e+02 1.760861844008861681e+02 8.786382189288616473e+01
2.099945290375228240e+02 1.760584302369974239e+02 8.786249883717060527e+01
2.099796868852020566e+02 1.760306760731087081e+02 8.786117578145504581e+01
2.099648447328813177e+02 1.760029219092199639e+02 8.785985272573948635e+01
2.099500025805605787e+02 1.759751677453312482e+02 8.785852967002391267e+01
2.099351604282398398e+02 1.759474135814425040e+02 8.785720661430835321e+01
2.099203182759191009e+02 1.759196594175537882e+02 8.785588355859279375e+01
2.099054761235983335e+02 1.758919052536650440e+02 8.785456050287723428e+01
2.098906339712775946e+02 1.758641510897763283e+02 8.785323744716167482e+01
2.098757918189568556e+02 1.758363969258875841e+02 8.785191439144611536e+01
2.098609496666361167e+02 1.758086427619988683e+02 8.785059133573055590e+01
2.098461075143153778e+02 1.757808885981101241e+02 8.784926828001499644e+01
2.098312653619946104e+02 1.757531344342214084e+02 8.784794522429942276e+01
2.098164232096738715e+02 1.757253802703326642e+02 8.784662216858386330e+01
2.098015810573531326e+02 1.756976261064439484e+02 8.784529911286830384e+01
2.097867389050323936e+02 1.756698719425552042e+02 8.784397605715274437e+01
2.097718967527116547e+02 1.756421177786664884e+02 8.784265300143718491e+01
2.097570546003908873e+02 1.756143636147777443e+02 8.784132994572162545e+01
2.097422124480701484e+02 1.755866094508890285e+02 8.784000689000606599e+01
2.097273702957494095e+02 1.755588552870002843e+02 8.783868383429050652e+01
2.097125281434286705e+02 1.755311011231115685e+02 8.783736077857493285e+01
2.096976859911079316e+02 1.755033469592228244e+02 8.783603772285937339e+01
2.096828438387871643e+02 1.754755927953341086e+02 8.783471466714381393e+01
2.096680016864664253e+02 1.754478386314453644e+02 8.783339161142825446e+01
2.096531595341456864e+02 1.754200844675566486e+02 8.783206855571269500e+01
2.096531595341456864e+02 1.754200844675566486e+02 8.783206855571269500e+01
2.096435139904304776e+02 1.753915298272894461e+02 8.782210052367396713e+01
2.096338684467152973e+02 1.753629751870222151e+02 8.781213249163523926e+01
2.096242229030000885e+02 1.753344205467550125e+02 8.780216445959649718e+01
2.096145773592848798e+02 1.753058659064878100e+02 8.779219642755776931e+01
2.096049318155696994e+02 1.752773112662205790e+02 8.778222839551904144e+01
2.095952862718544907e+02 1.752487566259533764e+02 8.777226036348031357e+01
2.095856407281392819e+02 1.752202019856861739e+02 8.776229233144158570e+01
2.095759951844241016e+02 1.751916473454189429e+02 8.775232429940285783e+01
2.095663496407088928e+02 1.751630927051517403e+02 8.774235626736411575e+01
2.095567040969936841e+02 1.751345380648845378e+02 8.773238823532538788e+01
2.095470585532785037e+02 1.751059834246173068e+02 8.772242020328666001e+01
2.095374130095632950e+02 1.750774287843501043e+02 8.771245217124793214e+01
2.095277674658481146e+02 1.750488741440828733e+02 8.770248413920920427e+01
2.095181219221329059e+02 1.750203195038156707e+02 8.769251610717047640e+01
2.095084763784176971e+02 1.749917648635484682e+02 8.768254807513173432e+01
2.094988308347025168e+02 1.749632102232812372e+02 8.767258004309300645e+01
2.094891852909873080e+02 1.749346555830140346e+02 8.766261201105427858e+01
2.094795397472720992e+02 1.749061009427468321e+02 8.765264397901555071e+01
2.094698942035569189e+02 1.748775463024796011e+02 8.764267594697682284e+01
2.094602486598417102e+02 1.748489916622123985e+02 8.763270791493809497e+01
2.094506031161265014e+02 1.748204370219451960e+02 8.762273988289935289e+01
2.094409575724113211e+02 1.747918823816779650e+02 8.761277185086062502e+01
2.094313120286961123e+02 1.747633277414107624e+02 8.760280381882189715e+01
2.094313120286961123e+02 1.747633277414107624e+02 8.760280381882189715e+01
2.094084762152403414e+02 1.747441714749901109e+02 8.761156486909388263e+01
2.093856404017845421e+02 1.747250152085694310e+02 8.762032591936586812e+01
2.093628045883287712e+02 1.747058589421487795e+02 8.762908696963785360e+01
2.093399687748729718e+02 1.746867026757280996e+02 8.763784801990985329e+01
2.093171329614172009e+02 1.746675464093074481e+02 8.764660907018183877e+01
2.092942971479614016e+02 1.746483901428867682e+02 8.765537012045382426e+01
2.092714613345056307e+02 1.746292338764661167e+02 8.766413117072580974e+01
2.092486255210498598e+02 1.746100776100454652e+02 8.767289222099779522e+01
2.092257897075940605e+02 1.745909213436247853e+02 8.768165327126979491e+01
2.092029538941382896e+02 1.745717650772041338e+02 8.769041432154178040e+01
2.091801180806824902e+02 1.745526088107834539e+02 8.769917537181376588e+01
2.091572822672267193e+02 1.745334525443628024e+02 8.770793642208575136e+01
2.091344464537709200e+02 1.745142962779421225e+02 8.771669747235773684e+01
2.091116106403151491e+02 1.744951400115214710e+02 8.772545852262972232e+01
2.090887748268593782e+02 1.744759837451007911e+02 8.773421957290170781e+01
2.090659390134035789e+02 1.744568274786801396e+02 8.774298062317370750e+01
2.090431031999478080e+02 1.744376712122594881e+02 8.775174167344569298e+01
2.090202673864920087e+02 1.744185149458388082e+02 8.776050272371767846e+01
2.089974315730362378e+02 1.743993586794181567e+02 8.776926377398966395e+01
2.089745957595804384e+02 1.743802024129974768e+02 8.777802482426164943e+01
2.089517599461246675e+02 1.743610461465768253e+02 8.778678587453364912e+01
2.089289241326688682e+02 1.743418898801561454e+02 8.779554692480563460e+01
2.089060883192130973e+02 1.743227336137354939e+02 8.780430797507762009e+01
2.088832525057573264e+02 1.743035773473148424e+02 8.781306902534960557e+01
2.088604166923015271e+02 1.742844210808941625e+02 8.782183007562159105e+01
2.088375808788457562e+02 1.742652648144735110e+02 8.783059112589357653e+01
2.088147450653899568e+02 1.742461085480528311e+02 8.783935217616556201e+01
2.087919092519341859e+02 1.742269522816321796e+02 8.784811322643756171e+01
2.087690734384783866e+02 1.742077960152114997e+02 8.785687427670954719e+01
2.087462376250226157e+02 1.741886397487908482e+02 8.786563532698153267e+01
2.087462376250226157e+02 1.741886397487908482e+02 8.786563532698153267e+01
2.087139351119001844e+02 1.741903660011956561e+02 8.786557062964040199e+01
2.086816325987777532e+02 1.741920922536004639e+02 8.786550593229928552e+01
2.086493300856553219e+02 1.741938185060052717e+02 8.786544123495815484e+01
2.086170275725328906e+02 1.741955447584100796e+02 8.786537653761703837e+01
2.085847250594104594e+02 1.741972710108148874e+02 8.786531184027590768e+01
2.085524225462880281e+02 1.741989972632196952e+02 8.786524714293479121e+01
2.085201200331655969e+02 1.742007235156245031e+02 8.786518244559366053e+01
2.084878175200431940e+02 1.742024497680293393e+02 8.786511774825254406e+01
2.084555150069207627e+02 1.742041760204341472e+02 8.786505305091141338e+01
2.084232124937983315e+02 1.742059022728389550e+02 8.786498835357029691e+01
2.083909099806759002e+02 1.742076285252437629e+02 8.786492365622916623e+01
2.083586074675534690e+02 1.742093547776485707e+02 8.786485895888804976e+01
2.083263049544310377e+02 1.742110810300533785e+02 8.786479426154691907e+01
2.082940024413086064e+02 1.742128072824581864e+02 8.786472956420580260e+01
2.082616999281861752e+02 1.742145335348629942e+02 8.786466486686467192e+01
2.082616999281861752e+02 1.742145335348629942e+02 8.786466486686467192e+01
2.082293974150637439e+02 1.742162597872678020e+02 8.786460016952354124e+01
2.081970949019413126e+02 1.742179860396726099e+02 8.786453547218242477e+01
2.081647923888188814e+02 1.742197122920774177e+02 8.786447077484129409e+01
2.081324898756964501e+02 1.742214385444822256e+02 8.786440607750017762e+01
2.081001873625740188e+02 1.742231647968870334e+02 8.786434138015904693e+01
2.080678848494515876e+02 1.742248910492918412e+02 8.786427668281793046e+01
2.080355823363291563e+02 1.742266173016966491e+02 8.786421198547679978e+01
2.080032798232067535e+02 1.742283435541014853e+02 8.786414728813568331e+01
2.079709773100843222e+02 1.742300698065062932e+02 8.786408259079455263e+01
2.079386747969618909e+02 1.742317960589111010e+02 8.786401789345343616e+01
2.079063722838394597e+02 1.742335223113159088e+02 8.786395319611230548e+01
2.078740697707170284e+02 1.742352485637207167e+02 8.786388849877118901e+01
2.078417672575945971e+02 1.742369748161255245e+02 8.786382380143005832e+01
2.078094647444721659e+02 1.742387010685303323e+02 8.786375910408894185e+01
2.077771622313497346e+02 1.742404273209351402e+02 8.786369440674781117e+01
2.077771622313497346e+02 1.742404273209351402e+02 8.786369440674781117e+01
2.077447643856895354e+02 1.742421586679287770e+02 8.786362951846916758e+01
2.077123665400293646e+02 1.742438900149224139e+02 8.786356463019052399e+01
2.076799686943691654e+02 1.742456213619160508e+02 8.786349974191188039e+01
2.076475708487089946e+02 1.742473527089096876e+02 8.786343485363323680e+01
2.076151730030487954e+02 1.742490840559033245e+02 8.786336996535459321e+01
2.075827751573886246e+02 1.742508154028969614e+02 8.786330507707594961e+01
2.075503773117284254e+02 1.742525467498905982e+02 8.786324018879730602e+01
2.075179794660682546e+02 1.742542780968842635e+02 8.786317530051866243e+01
2.074855816204080554e+02 1.742560094438779004e+02 8.786311041224001883e+01
2.074531837747478846e+02 1.742577407908715372e+02 8.786304552396137524e+01
2.074207859290876854e+02 1.742594721378651741e+02 8.786298063568273164e+01
2.073883880834275146e+02 1.742612034848588110e+02 8.786291574740408805e+01
2.073559902377673154e+02 1.742629348318524478e+02 8.786285085912544446e+01
2.073235923921071446e+02 1.742646661788460847e+02 8.786278597084680086e+01
2.072911945464469454e+02 1.742663975258397215e+02 8.786272108256815727e+01
2.072911945464469454e+02 1.742663975258397215e+02 8.786272108256815727e+01
2.072712643496467990e+02 1.742688813878834537e+02 8.783612664622812360e+01
2.072513341528466526e+02 1.742713652499271859e+02 8.780953220988808994e+01
2.072314039560465346e+02 1.742738491119708897e+02 8.778293777354805627e+01
2.072114737592463882e+02 1.742763329740146219e+02 8.775634333720802260e+01
2.071915435624462418e+02 1.742788168360583541e+02 8.772974890086798894e+01
2.071716133656461238e+02 1.742813006981020862e+02 8.770315446452795527e+01
2.071516831688459774e+02 1.742837845601458184e+02 8.767656002818792160e+01
2.071317529720458310e+02 1.742862684221895506e+02 8.764996559184788794e+01
2.071118227752456846e+02 1.742887522842332544e+02 8.762337115550785427e+01
2.070918925784455382e+02 1.742912361462769866e+02 8.759677671916782060e+01
2.070719623816454202e+02 1.742937200083207188e+02 8.757018228282778693e+01
2.070520321848452738e+02 1.742962038703644509e+02 8.754358784648775327e+01
2.070321019880451274e+02 1.742986877324081831e+02 8.751699341014771960e+01
2.070121717912450094e+02 1.743011715944518869e+02 8.749039897380768593e+01
2.069922415944448630e+02 1.743036554564956191e+02 8.746380453746765227e+01
2.069723113976447166e+02 1.743061393185393513e+02 8.743721010112761860e+01
2.069723113976447166e+02 1.743061393185393513e+02 8.743721010112761860e+01
2.069407041500221283e+02 1.743078284158244742e+02 8.743714679630444664e+01
2.069090969023995115e+02 1.743095175131095971e+02 8.743708349148126047e+01
2.068774896547769231e+02 1.743112066103947484e+02 8.743702018665808851e+01
2.068458824071543063e+02 1.743128957076798713e+02 8.743695688183490233e+01
2.068142751595317179e+02 1.743145848049649942e+02 8.743689357701173037e+01
2.067826679119091011e+02 1.743162739022501171e+02 8.743683027218854420e+01
2.067510606642865127e+02 1.743179629995352400e+02 8.743676696736537224e+01
2.067194534166639244e+02 1.743196520968203913e+02 8.743670366254218607e+01
2.066878461690413076e+02 1.743213411941055142e+02 8.743664035771901410e+01
2.066562389214187192e+02 1.743230302913906371e+02 8.743657705289582793e+01
2.066246316737961024e+02 1.743247193886757600e+02 8.743651374807265597e+01
2.065930244261735140e+02 1.743264084859608829e+02 8.743645044324946980e+01
2.065614171785509257e+02 1.743280975832460058e+02 8.743638713842629784e+01
2.065298099309283089e+02 1.743297866805311571e+02 8.743632383360312588e+01
2.064982026833057205e+02 1.743314757778162800e+02 8.743626052877993970e+01
2.064665954356831037e+02 1.743331648751014029e+02 8.743619722395676774e+01
2.064349881880605153e+02 1.743348539723865258e+02 8.743613391913358157e+01
2.064033809404378985e+02 1.743365430696716487e+02 8.743607061431040961e+01
2.063717736928153101e+02 1.743382321669568000e+02 8.743600730948722344e+01
2.063401664451927218e+02 1.743399212642419229e+02 8.743594400466405148e+01
2.063085591975701050e+02 1.743416103615270458e+02 8.743588069984086530e+01
2.062769519499475166e+02 1.743432994588121687e+02 8.743581739501769334e+01
2.062453447023248998e+02 1.743449885560972916e+02 8.743575409019450717e+01
2.062137374547023114e+02 1.743466776533824429e+02 8.743569078537133521e+01
2.061821302070796946e+02 1.743483667506675658e+02 8.743562748054814904e+01
2.061505229594571063e+02 1.743500558479526887e+02 8.743556417572497708e+01
2.061505229594571063e+02 1.743500558479526887e+02 8.743556417572497708e+01
2.061276928029340070e+02 1.743365970057859897e+02 8.745319999439269054e+01
2.061048626464109361e+02 1.743231381636193191e+02 8.747083581306040401e+01
2.060820324898878368e+02 1.743096793214526201e+02 8.748847163172810326e+01
2.060592023333647376e+02 1.742962204792859495e+02 8.750610745039581673e+01
2.060363721768416383e+02 1.742827616371192505e+02 8.752374326906353019e+01
2.060135420203185390e+02 1.742693027949525799e+02 8.754137908773122945e+01
2.059907118637954682e+02 1.742558439527858809e+02 8.755901490639894291e+01
2.059678817072723689e+02 1.742423851106192103e+02 8.757665072506665638e+01
2.059450515507492696e+02 1.742289262684525113e+02 8.759428654373436984e+01
2.059222213942261988e+02 1.742154674262858407e+02 8.761192236240208331e+01
2.058993912377030995e+02 1.742020085841191417e+02 8.762955818106978256e+01
2.058765610811800002e+02 1.741885497419524711e+02 8.764719399973749603e+01
2.058537309246569009e+02 1.741750908997857721e+02 8.766482981840520949e+01
2.058309007681338016e+02 1.741616320576191015e+02 8.768246563707290875e+01
2.058080706116107308e+02 1.741481732154524025e+02 8.770010145574062221e+01
2.057852404550876315e+02 1.741347143732857035e+02 8.771773727440833568e+01
2.057624102985645322e+02 1.741212555311190329e+02 8.773537309307604914e+01
2.057395801420414614e+02 1.741077966889523339e+02 8.775300891174376261e+01
2.057167499855183621e+02 1.740943378467856633e+02 8.777064473041146186e+01
2.056939198289952628e+02 1.740808790046189642e+02 8.778828054907917533e+01
2.056710896724721636e+02 1.740674201624522937e+02 8.780591636774688880e+01
2.056482595159490643e+02 1.740539613202855946e+02 8.782355218641458805e+01
2.056254293594259934e+02 1.740405024781189240e+02 8.784118800508230152e+01
2.056025992029028941e+02 1.740270436359522250e+02 8.785882382375001498e+01
2.055797690463797949e+02 1.740135847937855544e+02 8.787645964241772845e+01
2.055569388898567240e+02 1.740001259516188554e+02 8.789409546108544191e+01
2.055341087333336247e+02 1.739866671094521848e+02 8.791173127975314117e+01
2.055112785768105255e+02 1.739732082672854858e+02 8.792936709842085463e+01
2.054884484202874262e+02 1.739597494251188152e+02 8.794700291708856810e+01
2.054656182637643269e+02 1.739462905829521162e+02 8.796463873575626735e+01
2.054427881072412561e+02 1.739328317407854456e+02 8.798227455442398082e+01
2.054199579507181568e+02 1.739193728986187466e+02 8.799991037309169428e+01
2.054199579507181568e+02 1.739193728986187466e+02 8.799991037309169428e+01
2.053996103413266212e+02 1.738955789418611744e+02 8.800022346662623818e+01
2.053792627319350856e+02 1.738717849851036021e+02 8.800053656016076786e+01
2.053589151225435501e+02 1.738479910283460299e+02 8.800084965369531176e+01
2.053385675131520145e+02 1.738241970715884577e+02 8.800116274722984144e+01
2.053182199037604789e+02 1.738004031148308854e+02 8.800147584076438534e+01
2.052978722943689434e+02 1.737766091580733132e+02 8.800178893429891502e+01
2.052775246849774078e+02 1.737528152013157410e+02 8.800210202783345892e+01
2.052571770755858722e+02 1.737290212445581403e+02 8.800241512136800281e+01
2.052368294661943366e+02 1.737052272878005681e+02 8.800272821490253250e+01
2.052164818568028011e+02 1.736814333310429959e+02 8.800304130843707640e+01
2.051961342474112655e+02 1.736576393742854236e+02 8.800335440197160608e+01
2.051757866380197299e+02 1.736338454175278514e+02 8.800366749550614998e+01
2.051554390286281944e+02 1.736100514607702792e+02 8.800398058904067966e+01
2.051350914192366304e+02 1.735862575040127069e+02 8.800429368257522356e+01
2.051147438098450948e+02 1.735624635472551347e+02 8.800460677610976745e+01
2.050943962004535592e+02 1.735386695904975625e+02 8.800491986964429714e+01
2.050740485910620237e+02 1.735148756337399902e+02 8.800523296317884103e+01
2.050537009816704881e+02 1.734910816769824180e+02 8.800554605671337072e+01
2.050333533722789525e+02 1.734672877202248458e+02 8.800585915024791461e+01
2.050130057628874169e+02 1.734434937634672735e+02 8.800617224378244430e+01
2.049926581534958814e+02 1.734196998067096729e+02 8.800648533731698819e+01
2.049723105441043458e+02 1.733959058499521007e+02 8.800679843085153209e+01
2.049519629347128102e+02 1.733721118931945284e+02 8.800711152438606177e+01
2.049316153253212747e+02 1.733483179364369562e+02 8.800742461792060567e+01
2.049112677159297391e+02 1.733245239796793840e+02 8.800773771145513535e+01
2.048909201065382035e+02 1.733007300229218117e+02 8.800805080498967925e+01
2.048705724971466680e+02 1.732769360661642395e+02 8.800836389852420893e+01
2.048502248877551324e+02 1.732531421094066673e+02 8.800867699205875283e+01
2.048502248877551324e+02 1.732531421094066673e+02 8.800867699205875283e+01
2.048294309212281519e+02 1.732288261944094359e+02 8.800899695379733600e+01
2.048086369547011714e+02 1.732045102794122045e+02 8.800931691553591918e+01
2.047878429881741624e+02 1.731801943644149446e+02 8.800963687727451656e+01
2.047670490216471819e+02 1.731558784494177132e+02 8.800995683901309974e+01
2.047462550551202014e+02 1.731315625344204818e+02 8.801027680075168291e+01
2.047254610885932209e+02 1.731072466194232504e+02 8.801059676249026609e+01
2.047046671220662120e+02 1.730829307044260190e+02 8.801091672422886347e+01
2.046838731555392314e+02 1.730586147894287592e+02 8.801123668596744665e+01
2.046630791890122509e+02 1.730342988744315278e+02 8.801155664770602982e+01
2.046422852224852704e+02 1.730099829594342964e+02 8.801187660944461300e+01
2.046214912559582615e+02 1.729856670444370650e+02 8.801219657118321038e+01
2.046006972894312810e+02 1.729613511294398336e+02 8.801251653292179356e+01
2.045799033229043005e+02 1.729370352144425738e+02 8.801283649466037673e+01
2.045591093563773200e+02 1.729127192994453424e+02 8.801315645639895990e+01
2.045383153898503110e+02 1.728884033844481110e+02 8.801347641813755729e+01
2.045175214233233305e+02 1.728640874694508796e+02 8.801379637987614046e+01
2.044967274567963500e+02 1.728397715544536482e+02 8.801411634161472364e+01
2.044759334902693695e+02 1.728154556394563883e+02 8.801443630335330681e+01
2.044551395237423606e+02 1.727911397244591569e+02 8.801475626509190420e+01
2.044343455572153800e+02 1.727668238094619255e+02 8.801507622683048737e+01
2.044135515906883995e+02 1.727425078944646941e+02 8.801539618856907055e+01
2.043927576241614190e+02 1.727181919794674627e+02 8.801571615030765372e+01
2.043719636576344101e+02 1.726938760644702029e+02 8.801603611204625111e+01
2.043511696911074296e+02 1.726695601494729715e+02 8.801635607378483428e+01
2.043303757245804491e+02 1.726452442344757401e+02 8.801667603552341745e+01
2.043303757245804491e+02 1.726452442344757401e+02 8.801667603552341745e+01
2.043043527963070005e+02 1.726461261302320906e+02 8.803492802202701739e+01
2.042783298680335804e+02 1.726470080259884412e+02 8.805318000853061733e+01
2.042523069397601319e+02 1.726478899217448202e+02 8.807143199503421727e+01
2.042262840114867117e+02 1.726487718175011707e+02 8.808968398153781720e+01
2.042002610832132632e+02 1.726496537132575213e+02 8.810793596804141714e+01
2.041742381549398146e+02 1.726505356090138719e+02 8.812618795454501708e+01
2.041482152266663945e+02 1.726514175047702508e+02 8.814443994104861702e+01
2.041221922983929460e+02 1.726522994005266014e+02 8.816269192755223116e+01
2.040961693701195259e+02 1.726531812962829520e+02 8.818094391405583110e+01
2.040701464418460773e+02 1.726540631920393025e+02 8.819919590055943104e+01
2.040441235135726572e+02 1.726549450877956815e+02 8.821744788706303098e+01
2.040181005852992087e+02 1.726558269835520321e+02 8.823569987356663091e+01
2.039920776570257601e+02 1.726567088793083826e+02 8.825395186007023085e+01
2.039660547287523400e+02 1.726575907750647332e+02 8.827220384657383079e+01
2.039400318004788915e+02 1.726584726708211122e+02 8.829045583307743073e+01
2.039140088722054713e+02 1.726593545665774627e+02 8.830870781958103066e+01
2.038879859439320228e+02 1.726602364623338133e+02 8.832695980608463060e+01
2.038619630156585742e+02 1.726611183580901638e+02 8.834521179258823054e+01
2.038359400873851541e+02 1.726620002538465428e+02 8.836346377909183047e+01
2.038099171591117056e+02 1.726628821496028934e+02 8.838171576559543041e+01
2.037838942308382855e+02 1.726637640453592439e+02 8.839996775209903035e+01
2.037578713025648369e+02 1.726646459411155945e+02 8.841821973860264450e+01
2.037318483742914168e+02 1.726655278368719735e+02 8.843647172510624443e+01
2.037058254460179683e+02 1.726664097326283240e+02 8.845472371160984437e+01
2.036798025177445197e+02 1.726672916283846746e+02 8.847297569811344431e+01
2.036537795894710996e+02 1.726681735241410252e+02 8.849122768461704425e+01
2.036277566611976511e+02 1.726690554198974041e+02 8.850947967112064418e+01
2.036017337329242309e+02 1.726699373156537547e+02 8.852773165762424412e+01
2.035757108046507824e+02 1.726708192114101053e+02 8.854598364412784406e+01
