1.218784112549874408e+02 2.538163074656060587e+02 1.436390719306468782e+02
1.218924828750432141e+02 2.538025749543549807e+02 1.436555358628782813e+02
1.219065544950989874e+02 2.537888424431039027e+02 1.436719997951097127e+02
1.219206261151547608e+02 2.537751099318527963e+02 1.436884637273411158e+02
1.219346977352105341e+02 2.537613774206017183e+02 1.437049276595725473e+02
1.219487693552663075e+02 2.537476449093506403e+02 1.437213915918039504e+02
1.219628409753220666e+02 2.537339123980995623e+02 1.437378555240353819e+02
1.219769125953778399e+02 2.537201798868484843e+02 1.437543194562667850e+02
1.219909842154336133e+02 2.537064473755973779e+02 1.437707833884981881e+02
1.220050558354893866e+02 2.536927148643462999e+02 1.437872473207296196e+02
1.220191274555451599e+02 2.536789823530952219e+02 1.438037112529610226e+02
1.220331990756009333e+02 2.536652498418441439e+02 1.438201751851924541e+02
1.220472706956567066e+02 2.536515173305930375e+02 1.438366391174238572e+02
1.220613423157124799e+02 2.536377848193419595e+02 1.438531030496552603e+02
1.220754139357682533e+02 2.536240523080908815e+02 1.438695669818866918e+02
1.220894855558240266e+02 2.536103197968398035e+02 1.438860309141180949e+02
1.221035571758798000e+02 2.535965872855887255e+02 1.439024948463495264e+02
1.221176287959355591e+02 2.535828547743376191e+02 1.439189587785809294e+02
1.221317004159913324e+02 2.535691222630865411e+02 1.439354227108123609e+02
1.221457720360471058e+02 2.535553897518354631e+02 1.439518866430437640e+02
1.221598436561028791e+02 2.535416572405843851e+02 1.439683505752751671e+02
1.221739152761586524e+02 2.535279247293333071e+02 1.439848145075065986e+02
1.221879868962144258e+02 2.535141922180822007e+02 1.440012784397380017e+02
1.222020585162701991e+02 2.535004597068311227e+02 1.440177423719694332e+02
1.222161301363259724e+02 2.534867271955800447e+02 1.440342063042008363e+02
1.222302017563817458e+02 2.534729946843289667e+02 1.440506702364322393e+02
1.222442733764375191e+02 2.534592621730778887e+02 1.440671341686636708e+02
1.222583449964932782e+02 2.534455296618267823e+02 1.440835981008950739e+02
1.222724166165490516e+02 2.534317971505757043e+02 1.441000620331265054e+02
1.222864882366048249e+02 2.534180646393246263e+02 1.441165259653579085e+02
1.223005598566605983e+02 2.534043321280735483e+02 1.441329898975893400e+02
1.223146314767163716e+02 2.533905996168224704e+02 1.441494538298207431e+02
1.223287030967721449e+02 2.533768671055713639e+02 1.441659177620521461e+02
1.223427747168279183e+02 2.533631345943202859e+02 1.441823816942835776e+02
1.223568463368836916e+02 2.533494020830692079e+02 1.441988456265149807e+02
1.223709179569394649e+02 2.533356695718181300e+02 1.442153095587464122e+02
1.223849895769952383e+02 2.533219370605670235e+02 1.442317734909778153e+02
1.223990611970510116e+02 2.533082045493159455e+02 1.442482374232092184e+02
1.224131328171067707e+02 2.532944720380648675e+02 1.442647013554406499e+02
1.224272044371625441e+02 2.532807395268137896e+02 1.442811652876720530e+02
1.224412760572183174e+02 2.532670070155627116e+02 1.442976292199034845e+02
1.224553476772740908e+02 2.532532745043116051e+02 1.443140931521348875e+02
1.224694192973298641e+02 2.532395419930605271e+02 1.443305570843663190e+02
1.224834909173856374e+02 2.532258094818094492e+02 1.443470210165977221e+02
1.224834909173856374e+02 2.532258094818094492e+02 1.443470210165977221e+02
1.225001077239870426e+02 2.532015573415116023e+02 1.443474326389789439e+02
1.225167245305884478e+02 2.531773052012137839e+02 1.443478442613601374e+02
1.225333413371898388e+02 2.531530530609159371e+02 1.443482558837413592e+02
1.225499581437912440e+02 2.531288009206180902e+02 1.443486675061225526e+02
1.225665749503926492e+02 2.531045487803202718e+02 1.443490791285037744e+02
1.225831917569940543e+02 2.530802966400224250e+02 1.443494907508849963e+02
1.225998085635954595e+02 2.530560444997246066e+02 1.443499023732661897e+02
1.226164253701968647e+02 2.530317923594267597e+02 1.443503139956474115e+02
1.226330421767982557e+02 2.530075402191289129e+02 1.443507256180286049e+02
1.226496589833996609e+02 2.529832880788310945e+02 1.443511372404098267e+02
1.226662757900010661e+02 2.529590359385332476e+02 1.443515488627910486e+02
1.226828925966024713e+02 2.529347837982354008e+02 1.443519604851722420e+02
1.226995094032038764e+02 2.529105316579375824e+02 1.443523721075534638e+02
1.227161262098052816e+02 2.528862795176397356e+02 1.443527837299346572e+02
1.227327430164066726e+02 2.528620273773419171e+02 1.443531953523158791e+02
1.227493598230080778e+02 2.528377752370440703e+02 1.443536069746971009e+02
1.227659766296094830e+02 2.528135230967462235e+02 1.443540185970782943e+02
1.227825934362108882e+02 2.527892709564484051e+02 1.443544302194595161e+02
1.227992102428122934e+02 2.527650188161505582e+02 1.443548418418407095e+02
1.228158270494136985e+02 2.527407666758527114e+02 1.443552534642219314e+02
1.228324438560150895e+02 2.527165145355548930e+02 1.443556650866031532e+02
1.228490606626164947e+02 2.526922623952570461e+02 1.443560767089843466e+02
1.228656774692178999e+02 2.526680102549592277e+02 1.443564883313655685e+02
1.228822942758193051e+02 2.526437581146613809e+02 1.443568999537467619e+02
1.228989110824207103e+02 2.526195059743635341e+02 1.443573115761279837e+02
1.229155278890221155e+02 2.525952538340657156e+02 1.443577231985092055e+02
1.229321446956235064e+02 2.525710016937678688e+02 1.443581348208903989e+02
1.229487615022249116e+02 2.525467495534700220e+02 1.443585464432716208e+02
1.229653783088263168e+02 2.525224974131722036e+02 1.443589580656528142e+02
1.229819951154277220e+02 2.524982452728743567e+02 1.443593696880340360e+02
1.229986119220291272e+02 2.524739931325765383e+02 1.443597813104152578e+02
1.230152287286305324e+02 2.524497409922786915e+02 1.443601929327964513e+02
1.230318455352319233e+02 2.524254888519808446e+02 1.443606045551776731e+02
1.230484623418333285e+02 2.524012367116830262e+02 1.443610161775588665e+02
1.230650791484347337e+02 2.523769845713851794e+02 1.443614277999400883e+02
1.230650791484347337e+02 2.523769845713851794e+02 1.443614277999400883e+02
1.230573506479660324e+02 2.523533469788061154e+02 1.443620746117324245e+02
1.230496221474973169e+02 2.523297093862270515e+02 1.443627214235247891e+02
1.230418936470286155e+02 2.523060717936479875e+02 1.443633682353171253e+02
1.230341651465599000e+02 2.522824342010689236e+02 1.443640150471094614e+02
1.230264366460911987e+02 2.522587966084898596e+02 1.443646618589018260e+02
1.230187081456224973e+02 2.522351590159107957e+02 1.443653086706941622e+02
1.230109796451537818e+02 2.522115214233317317e+02 1.443659554824864983e+02
1.230032511446850805e+02 2.521878838307526678e+02 1.443666022942788345e+02
1.229955226442163649e+02 2.521642462381735754e+02 1.443672491060711991e+02
1.229877941437476636e+02 2.521406086455945115e+02 1.443678959178635353e+02
1.229800656432789623e+02 2.521169710530154475e+02 1.443685427296558714e+02
1.229723371428102467e+02 2.520933334604363836e+02 1.443691895414482360e+02
1.229646086423415454e+02 2.520696958678573196e+02 1.443698363532405722e+02
1.229568801418728299e+02 2.520460582752782557e+02 1.443704831650329083e+02
1.229491516414041286e+02 2.520224206826991917e+02 1.443711299768252729e+02
1.229414231409354272e+02 2.519987830901201278e+02 1.443717767886176091e+02
1.229336946404667117e+02 2.519751454975410638e+02 1.443724236004099453e+02
1.229259661399980104e+02 2.519515079049619999e+02 1.443730704122022814e+02
1.229182376395293090e+02 2.519278703123829359e+02 1.443737172239946460e+02
1.229105091390605935e+02 2.519042327198038720e+02 1.443743640357869822e+02
1.229027806385918922e+02 2.518805951272248080e+02 1.443750108475793184e+02
1.228950521381231766e+02 2.518569575346457441e+02 1.443756576593716829e+02
1.228873236376544753e+02 2.518333199420666801e+02 1.443763044711640191e+02
1.228795951371857740e+02 2.518096823494876162e+02 1.443769512829563553e+02
1.228718666367170584e+02 2.517860447569085238e+02 1.443775980947487199e+02
1.228641381362483571e+02 2.517624071643294599e+02 1.443782449065410560e+02
1.228564096357796416e+02 2.517387695717503959e+02 1.443788917183333922e+02
1.228486811353109402e+02 2.517151319791713320e+02 1.443795385301257284e+02
1.228409526348422389e+02 2.516914943865922680e+02 1.443801853419180929e+02
1.228332241343735234e+02 2.516678567940132041e+02 1.443808321537104291e+02
1.228254956339048221e+02 2.516442192014341401e+02 1.443814789655027653e+02
1.228177671334361065e+02 2.516205816088550762e+02 1.443821257772951299e+02
1.228100386329674052e+02 2.515969440162760122e+02 1.443827725890874660e+02
1.228100386329674052e+02 2.515969440162760122e+02 1.443827725890874660e+02
1.227963038520645682e+02 2.515839200811724652e+02 1.443583835669572295e+02
1.227825690711617455e+02 2.515708961460688897e+02 1.443339945448269930e+02
1.227688342902589085e+02 2.515578722109653427e+02 1.443096055226967565e+02
1.227550995093560715e+02 2.515448482758617672e+02 1.442852165005665483e+02
1.227413647284532345e+02 2.515318243407582202e+02 1.442608274784363118e+02
1.227276299475504118e+02 2.515188004056546447e+02 1.442364384563060753e+02
1.227138951666475748e+02 2.515057764705510976e+02 1.442120494341758388e+02
1.227001603857447378e+02 2.514927525354475222e+02 1.441876604120456022e+02
1.226864256048419008e+02 2.514797286003439751e+02 1.441632713899153657e+02
1.226726908239390781e+02 2.514667046652403997e+02 1.441388823677851576e+02
1.226589560430362411e+02 2.514536807301368526e+02 1.441144933456549211e+02
1.226452212621334041e+02 2.514406567950332771e+02 1.440901043235246846e+02
1.226314864812305814e+02 2.514276328599297301e+02 1.440657153013944480e+02
1.226177517003277444e+02 2.514146089248261831e+02 1.440413262792642115e+02
1.226040169194249074e+02 2.514015849897226076e+02 1.440169372571339750e+02
1.225902821385220705e+02 2.513885610546190605e+02 1.439925482350037385e+02
1.225765473576192477e+02 2.513755371195154851e+02 1.439681592128735304e+02
1.225628125767164107e+02 2.513625131844119380e+02 1.439437701907432938e+02
1.225490777958135737e+02 2.513494892493083626e+02 1.439193811686130573e+02
1.225353430149107368e+02 2.513364653142048155e+02 1.438949921464828208e+02
1.225216082340079140e+02 2.513234413791012400e+02 1.438706031243525842e+02
1.225078734531050770e+02 2.513104174439976930e+02 1.438462141022223477e+02
1.224941386722022401e+02 2.512973935088941175e+02 1.438218250800921396e+02
1.224804038912994031e+02 2.512843695737905705e+02 1.437974360579619031e+02
1.224666691103965803e+02 2.512713456386869950e+02 1.437730470358316666e+02
1.224529343294937433e+02 2.512583217035834480e+02 1.437486580137014300e+02
1.224529343294937433e+02 2.512583217035834480e+02 1.437486580137014300e+02
1.224381552600726479e+02 2.512443075272821886e+02 1.437224146353960066e+02
1.224233761906515525e+02 2.512302933509809577e+02 1.436961712570905547e+02
1.224085971212304571e+02 2.512162791746796984e+02 1.436699278787851313e+02
1.223938180518093617e+02 2.512022649983784390e+02 1.436436845004796794e+02
1.223790389823882663e+02 2.511882508220772081e+02 1.436174411221742560e+02
1.223642599129671709e+02 2.511742366457759488e+02 1.435911977438688325e+02
1.223494808435460754e+02 2.511602224694746894e+02 1.435649543655633806e+02
1.223347017741249800e+02 2.511462082931734585e+02 1.435387109872579572e+02
1.223199227047038846e+02 2.511321941168721992e+02 1.435124676089525053e+02
1.223051436352827892e+02 2.511181799405709398e+02 1.434862242306470819e+02
1.222903645658616938e+02 2.511041657642697089e+02 1.434599808523416584e+02
1.222755854964405984e+02 2.510901515879684496e+02 1.434337374740362065e+02
1.222608064270195172e+02 2.510761374116671902e+02 1.434074940957307831e+02
1.222460273575984218e+02 2.510621232353659309e+02 1.433812507174253312e+02
1.222312482881773263e+02 2.510481090590647000e+02 1.433550073391199078e+02
1.222164692187562309e+02 2.510340948827634406e+02 1.433287639608144843e+02
1.222016901493351355e+02 2.510200807064621813e+02 1.433025205825090325e+02
1.221869110799140401e+02 2.510060665301609504e+02 1.432762772042036090e+02
1.221721320104929447e+02 2.509920523538596910e+02 1.432500338258981571e+02
1.221573529410718493e+02 2.509780381775584317e+02 1.432237904475927337e+02
1.221425738716507539e+02 2.509640240012572008e+02 1.431975470692873103e+02
1.221277948022296584e+02 2.509500098249559414e+02 1.431713036909818584e+02
1.221130157328085630e+02 2.509359956486546821e+02 1.431450603126764349e+02
1.220982366633874676e+02 2.509219814723534512e+02 1.431188169343709831e+02
1.220834575939663722e+02 2.509079672960521918e+02 1.430925735560655596e+02
1.220834575939663722e+02 2.509079672960521918e+02 1.430925735560655596e+02
1.220711044377845127e+02 2.508831468780857961e+02 1.430525557783750514e+02
1.220587512816026532e+02 2.508583264601194003e+02 1.430125380006845148e+02
1.220463981254207937e+02 2.508335060421530045e+02 1.429725202229940066e+02
1.220340449692389342e+02 2.508086856241866087e+02 1.429325024453034700e+02
1.220216918130570747e+02 2.507838652062202129e+02 1.428924846676129619e+02
1.220093386568752152e+02 2.507590447882538172e+02 1.428524668899224253e+02
1.219969855006933557e+02 2.507342243702873930e+02 1.428124491122319171e+02
1.219846323445114962e+02 2.507094039523209972e+02 1.427724313345414089e+02
1.219722791883296367e+02 2.506845835343546014e+02 1.427324135568508723e+02
1.219599260321477772e+02 2.506597631163882056e+02 1.426923957791603641e+02
1.219475728759659177e+02 2.506349426984218098e+02 1.426523780014698275e+02
1.219352197197840582e+02 2.506101222804554141e+02 1.426123602237793193e+02
1.219228665636021987e+02 2.505853018624890183e+02 1.425723424460887827e+02
1.219105134074203391e+02 2.505604814445226225e+02 1.425323246683982745e+02
1.218981602512384796e+02 2.505356610265562267e+02 1.424923068907077663e+02
1.218858070950566201e+02 2.505108406085898309e+02 1.424522891130172297e+02
1.218734539388747606e+02 2.504860201906234352e+02 1.424122713353267216e+02
1.218611007826929011e+02 2.504611997726570394e+02 1.423722535576361850e+02
1.218487476265110416e+02 2.504363793546906436e+02 1.423322357799456768e+02
1.218363944703291821e+02 2.504115589367242194e+02 1.422922180022551686e+02
1.218240413141473226e+02 2.503867385187578236e+02 1.422522002245646320e+02
1.218116881579654631e+02 2.503619181007914278e+02 1.422121824468741238e+02
1.217993350017836036e+02 2.503370976828250321e+02 1.421721646691835872e+02
1.217869818456017441e+02 2.503122772648586363e+02 1.421321468914930790e+02
1.217746286894198846e+02 2.502874568468922405e+02 1.420921291138025424e+02
1.217622755332380251e+02 2.502626364289258447e+02 1.420521113361120342e+02
1.217622755332380251e+02 2.502626364289258447e+02 1.420521113361120342e+02
1.217466119883754061e+02 2.502457826337162601e+02 1.420503111785446890e+02
1.217309484435127729e+02 2.502289288385066754e+02 1.420485110209773438e+02
1.217152848986501539e+02 2.502120750432970908e+02 1.420467108634099702e+02
1.216996213537875207e+02 2.501952212480875062e+02 1.420449107058426250e+02
1.216839578089249017e+02 2.501783674528779216e+02 1.420431105482752798e+02
1.216682942640622827e+02 2.501615136576683653e+02 1.420413103907079346e+02
1.216526307191996494e+02 2.501446598624587807e+02 1.420395102331405894e+02
1.216369671743370304e+02 2.501278060672491961e+02 1.420377100755732442e+02
1.216213036294743972e+02 2.501109522720396114e+02 1.420359099180058706e+02
1.216056400846117782e+02 2.500940984768300268e+02 1.420341097604385254e+02
1.215899765397491592e+02 2.500772446816204422e+02 1.420323096028711802e+02
1.215743129948865260e+02 2.500603908864108575e+02 1.420305094453038350e+02
1.215586494500239070e+02 2.500435370912012729e+02 1.420287092877364898e+02
1.215429859051612880e+02 2.500266832959916883e+02 1.420269091301691446e+02
1.215273223602986548e+02 2.500098295007821037e+02 1.420251089726017710e+02
1.215116588154360358e+02 2.499929757055725474e+02 1.420233088150344258e+02
1.214959952705734025e+02 2.499761219103629628e+02 1.420215086574670806e+02
1.214803317257107835e+02 2.499592681151533782e+02 1.420197084998997354e+02
1.214646681808481645e+02 2.499424143199437935e+02 1.420179083423323902e+02
1.214490046359855313e+02 2.499255605247342089e+02 1.420161081847650451e+02
1.214333410911229123e+02 2.499087067295246243e+02 1.420143080271976714e+02
1.214176775462602791e+02 2.498918529343150396e+02 1.420125078696303262e+02
1.214020140013976601e+02 2.498749991391054550e+02 1.420107077120629810e+02
1.213863504565350411e+02 2.498581453438958704e+02 1.420089075544956358e+02
1.213706869116724079e+02 2.498412915486862858e+02 1.420071073969282907e+02
1.213550233668097889e+02 2.498244377534767295e+02 1.420053072393609455e+02
1.213393598219471556e+02 2.498075839582671449e+02 1.420035070817935718e+02
1.213236962770845366e+02 2.497907301630575603e+02 1.420017069242262266e+02
1.213080327322219176e+02 2.497738763678479756e+02 1.419999067666588815e+02
1.212923691873592844e+02 2.497570225726383910e+02 1.419981066090915363e+02
1.212767056424966654e+02 2.497401687774288064e+02 1.419963064515241911e+02
1.212610420976340464e+02 2.497233149822192217e+02 1.419945062939568459e+02
1.212453785527714132e+02 2.497064611870096371e+02 1.419927061363894722e+02
1.212297150079087942e+02 2.496896073918000525e+02 1.419909059788221271e+02
1.212140514630461610e+02 2.496727535965904679e+02 1.419891058212547819e+02
1.211983879181835420e+02 2.496558998013809116e+02 1.419873056636874367e+02
1.211827243733209230e+02 2.496390460061713270e+02 1.419855055061200915e+02
1.211670608284582897e+02 2.496221922109617424e+02 1.419837053485527463e+02
1.211513972835956707e+02 2.496053384157521577e+02 1.419819051909853727e+02
1.211357337387330375e+02 2.495884846205425731e+02 1.419801050334180275e+02
1.211200701938704185e+02 2.495716308253329885e+02 1.419783048758506823e+02
1.211200701938704185e+02 2.495716308253329885e+02 1.419783048758506823e+02
1.210966347079346406e+02 2.495464145103759961e+02 1.419756115157127283e+02
1.210731992219988484e+02 2.495211981954190321e+02 1.419729181555748028e+02
1.210497637360630705e+02 2.494959818804620397e+02 1.419702247954368772e+02
1.210263282501272926e+02 2.494707655655050758e+02 1.419675314352989233e+02
1.210028927641915004e+02 2.494455492505480834e+02 1.419648380751609693e+02
1.209794572782557225e+02 2.494203329355911194e+02 1.419621447150230438e+02
1.209560217923199446e+02 2.493951166206341270e+02 1.419594513548851182e+02
1.209325863063841666e+02 2.493699003056771630e+02 1.419567579947471643e+02
1.209091508204483745e+02 2.493446839907201706e+02 1.419540646346092103e+02
1.208857153345125965e+02 2.493194676757632067e+02 1.419513712744712848e+02
1.208622798485768186e+02 2.492942513608062143e+02 1.419486779143333592e+02
1.208388443626410265e+02 2.492690350458492503e+02 1.419459845541954053e+02
1.208154088767052485e+02 2.492438187308922579e+02 1.419432911940574513e+02
1.207919733907694706e+02 2.492186024159352939e+02 1.419405978339195258e+02
1.207685379048336927e+02 2.491933861009783016e+02 1.419379044737816002e+02
1.207451024188979005e+02 2.491681697860213092e+02 1.419352111136436463e+02
1.207216669329621226e+02 2.491429534710643452e+02 1.419325177535056923e+02
1.206982314470263447e+02 2.491177371561073528e+02 1.419298243933677668e+02
1.206747959610905525e+02 2.490925208411503888e+02 1.419271310332298413e+02
1.206513604751547746e+02 2.490673045261933964e+02 1.419244376730918873e+02
1.206279249892189966e+02 2.490420882112364325e+02 1.419217443129539333e+02
1.206044895032832045e+02 2.490168718962794401e+02 1.419190509528160078e+02
1.205810540173474266e+02 2.489916555813224761e+02 1.419163575926780823e+02
1.205576185314116486e+02 2.489664392663654837e+02 1.419136642325401283e+02
1.205341830454758565e+02 2.489412229514085197e+02 1.419109708724021743e+02
1.205107475595400786e+02 2.489160066364515274e+02 1.419082775122642488e+02
1.204873120736043006e+02 2.488907903214945634e+02 1.419055841521263233e+02
1.204638765876685227e+02 2.488655740065375710e+02 1.419028907919883693e+02
1.204404411017327305e+02 2.488403576915806070e+02 1.419001974318504153e+02
1.204170056157969526e+02 2.488151413766236146e+02 1.418975040717124898e+02
1.204170056157969526e+02 2.488151413766236146e+02 1.418975040717124898e+02
1.203930576085211044e+02 2.487954469772344339e+02 1.418976901114853888e+02
1.203691096012452562e+02 2.487757525778452532e+02 1.418978761512582878e+02
1.203451615939694221e+02 2.487560581784560725e+02 1.418980621910311868e+02
1.203212135866935739e+02 2.487363637790668918e+02 1.418982482308040858e+02
1.202972655794177257e+02 2.487166693796777395e+02 1.418984342705769848e+02
1.202733175721418775e+02 2.486969749802885588e+02 1.418986203103498838e+02
1.202493695648660434e+02 2.486772805808993780e+02 1.418988063501227828e+02
1.202254215575901952e+02 2.486575861815101973e+02 1.418989923898956818e+02
1.202014735503143470e+02 2.486378917821210166e+02 1.418991784296686092e+02
1.201775255430384988e+02 2.486181973827318359e+02 1.418993644694415082e+02
1.201535775357626648e+02 2.485985029833426552e+02 1.418995505092144072e+02
1.201296295284868165e+02 2.485788085839534745e+02 1.418997365489873062e+02
1.201056815212109683e+02 2.485591141845643222e+02 1.418999225887602051e+02
1.200817335139351201e+02 2.485394197851751414e+02 1.419001086285331041e+02
1.200577855066592861e+02 2.485197253857859607e+02 1.419002946683060031e+02
1.200338374993834378e+02 2.485000309863967800e+02 1.419004807080789021e+02
1.200098894921075896e+02 2.484803365870075993e+02 1.419006667478518011e+02
1.199859414848317414e+02 2.484606421876184186e+02 1.419008527876247001e+02
1.199619934775559074e+02 2.484409477882292379e+02 1.419010388273975991e+02
1.199380454702800591e+02 2.484212533888400571e+02 1.419012248671704981e+02
1.199140974630042109e+02 2.484015589894509048e+02 1.419014109069433971e+02
1.198901494557283627e+02 2.483818645900617241e+02 1.419015969467162961e+02
1.198662014484525287e+02 2.483621701906725434e+02 1.419017829864891951e+02
1.198422534411766804e+02 2.483424757912833627e+02 1.419019690262620941e+02
1.198183054339008322e+02 2.483227813918941820e+02 1.419021550660350215e+02
1.197943574266249840e+02 2.483030869925050013e+02 1.419023411058079205e+02
1.197704094193491500e+02 2.482833925931158205e+02 1.419025271455808195e+02
1.197464614120733017e+02 2.482636981937266398e+02 1.419027131853537185e+02
1.197225134047974535e+02 2.482440037943374875e+02 1.419028992251266175e+02
1.196985653975216053e+02 2.482243093949483068e+02 1.419030852648995165e+02
1.196746173902457713e+02 2.482046149955591261e+02 1.419032713046724155e+02
1.196506693829699230e+02 2.481849205961699454e+02 1.419034573444453144e+02
1.196267213756940748e+02 2.481652261967807647e+02 1.419036433842182134e+02
1.196267213756940748e+02 2.481652261967807647e+02 1.419036433842182134e+02
1.196009719051608613e+02 2.481492793815671689e+02 1.419063803717439782e+02
1.195752224346276336e+02 2.481333325663535732e+02 1.419091173592697430e+02
1.195494729640944200e+02 2.481173857511399774e+02 1.419118543467955078e+02
1.195237234935611923e+02 2.481014389359263816e+02 1.419145913343212726e+02
1.194979740230279788e+02 2.480854921207128143e+02 1.419173283218470374e+02
1.194722245524947652e+02 2.480695453054992186e+02 1.419200653093728022e+02
1.194464750819615375e+02 2.480535984902856228e+02 1.419228022968985670e+02
1.194207256114283240e+02 2.480376516750720270e+02 1.419255392844243318e+02
1.193949761408950963e+02 2.480217048598584313e+02 1.419282762719501250e+02
1.193692266703618827e+02 2.480057580446448355e+02 1.419310132594758898e+02
1.193434771998286692e+02 2.479898112294312398e+02 1.419337502470016545e+02
1.193177277292954415e+02 2.479738644142176440e+02 1.419364872345274193e+02
1.192919782587622279e+02 2.479579175990040767e+02 1.419392242220531841e+02
1.192662287882290002e+02 2.479419707837904809e+02 1.419419612095789489e+02
1.192404793176957867e+02 2.479260239685768852e+02 1.419446981971047137e+02
1.192147298471625732e+02 2.479100771533632894e+02 1.419474351846304785e+02
1.191889803766293454e+02 2.478941303381496937e+02 1.419501721721562433e+02
1.191632309060961319e+02 2.478781835229360979e+02 1.419529091596820081e+02
1.191374814355629184e+02 2.478622367077225022e+02 1.419556461472077729e+02
1.191117319650296906e+02 2.478462898925089064e+02 1.419583831347335376e+02
1.190859824944964771e+02 2.478303430772953391e+02 1.419611201222593024e+02
1.190602330239632494e+02 2.478143962620817433e+02 1.419638571097850672e+02
1.190344835534300358e+02 2.477984494468681476e+02 1.419665940973108320e+02
1.190087340828968223e+02 2.477825026316545518e+02 1.419693310848365968e+02
1.189829846123635946e+02 2.477665558164409561e+02 1.419720680723623900e+02
1.189572351418303811e+02 2.477506090012273603e+02 1.419748050598881548e+02
1.189314856712971533e+02 2.477346621860137645e+02 1.419775420474139196e+02
1.189057362007639398e+02 2.477187153708001688e+02 1.419802790349396844e+02
1.188799867302307263e+02 2.477027685555866015e+02 1.419830160224654492e+02
1.188542372596974985e+02 2.476868217403730057e+02 1.419857530099912140e+02
1.188284877891642850e+02 2.476708749251594099e+02 1.419884899975169787e+02
1.188027383186310573e+02 2.476549281099458142e+02 1.419912269850427435e+02
1.187769888480978437e+02 2.476389812947322184e+02 1.419939639725685083e+02
1.187769888480978437e+02 2.476389812947322184e+02 1.419939639725685083e+02
1.187527079465947821e+02 2.476190131292718490e+02 1.419941525984257282e+02
1.187284270450917347e+02 2.475990449638114512e+02 1.419943412242829766e+02
1.187041461435886731e+02 2.475790767983510818e+02 1.419945298501402249e+02
1.186798652420856115e+02 2.475591086328906840e+02 1.419947184759974448e+02
1.186555843405825499e+02 2.475391404674303146e+02 1.419949071018546647e+02
1.186313034390795025e+02 2.475191723019699168e+02 1.419950957277119130e+02
1.186070225375764409e+02 2.474992041365095474e+02 1.419952843535691613e+02
1.185827416360733793e+02 2.474792359710491496e+02 1.419954729794263812e+02
1.185584607345703319e+02 2.474592678055887802e+02 1.419956616052836011e+02
1.185341798330672702e+02 2.474392996401284108e+02 1.419958502311408495e+02
1.185098989315642086e+02 2.474193314746680130e+02 1.419960388569980978e+02
1.184856180300611470e+02 2.473993633092076436e+02 1.419962274828553177e+02
1.184613371285580996e+02 2.473793951437472458e+02 1.419964161087125376e+02
1.184370562270550380e+02 2.473594269782868764e+02 1.419966047345697859e+02
1.184127753255519764e+02 2.473394588128264786e+02 1.419967933604270343e+02
1.183884944240489290e+02 2.473194906473661092e+02 1.419969819862842542e+02
1.183642135225458674e+02 2.472995224819057398e+02 1.419971706121414741e+02
1.183399326210428057e+02 2.472795543164453420e+02 1.419973592379987224e+02
1.183156517195397441e+02 2.472595861509849726e+02 1.419975478638559707e+02
1.182913708180366967e+02 2.472396179855245748e+02 1.419977364897131906e+02
1.182670899165336351e+02 2.472196498200642054e+02 1.419979251155704105e+02
1.182428090150305735e+02 2.471996816546038076e+02 1.419981137414276589e+02
1.182185281135275119e+02 2.471797134891434382e+02 1.419983023672849072e+02
1.181942472120244645e+02 2.471597453236830688e+02 1.419984909931421271e+02
1.181699663105214029e+02 2.471397771582226710e+02 1.419986796189993470e+02
1.181456854090183413e+02 2.471198089927623016e+02 1.419988682448565953e+02
1.181214045075152939e+02 2.470998408273019038e+02 1.419990568707138436e+02
1.180971236060122322e+02 2.470798726618415344e+02 1.419992454965710635e+02
1.180728427045091706e+02 2.470599044963811366e+02 1.419994341224282834e+02
1.180485618030061090e+02 2.470399363309207672e+02 1.419996227482855318e+02
1.180242809015030616e+02 2.470199681654603694e+02 1.419998113741427801e+02
1.180000000000000000e+02 2.470000000000000000e+02 1.420000000000000000e+02
1.180000000000000000e+02 2.470000000000000000e+02 1.420000000000000000e+02
1.180000000000000000e+02 2.470000000000000000e+02 1.420000000000000000e+02
1.180000000000000000e+02 2.470000000000000000e+02 1.420000000000000000e+02
1.180000000000000000e+02 2.470000000000000000e+02 1.420000000000000000e+02
1.180000000000000000e+02 2.470000000000000000e+02 1.420000000000000000e+02
1.180000000000000000e+02 2.470000000000000000e+02 1.420000000000000000e+02
1.180000000000000000e+02 2.470000000000000000e+02 1.420000000000000000e+02
1.180000000000000000e+02 2.470000000000000000e+02 1.420000000000000000e+02
1.180000000000000000e+02 2.470000000000000000e+02 1.420000000000000000e+02
1.180000000000000000e+02 2.470000000000000000e+02 1.420000000000000000e+02
1.180000000000000000e+02 2.470000000000000000e+02 1.420000000000000000e+02
1.180000000000000000e+02 2.470000000000000000e+02 1.420000000000000000e+02
1.180000000000000000e+02 2.470000000000000000e+02 1.420000000000000000e+02
1.180000000000000000e+02 2.470000000000000000e+02 1.420000000000000000e+02
1.180000000000000000e+02 2.470000000000000000e+02 1.420000000000000000e+02
1.180000000000000000e+02 2.470000000000000000e+02 1.420000000000000000e+02
1.180000000000000000e+02 2.470000000000000000e+02 1.420000000000000000e+02
1.180000000000000000e+02 2.470000000000000000e+02 1.420000000000000000e+02
1.180000000000000000e+02 2.470000000000000000e+02 1.420000000000000000e+02
1.180000000000000000e+02 2.470000000000000000e+02 1.420000000000000000e+02
1.180000000000000000e+02 2.470000000000000000e+02 1.420000000000000000e+02
1.180000000000000000e+02 2.470000000000000000e+02 1.420000000000000000e+02
1.180000000000000000e+02 2.470000000000000000e+02 1.420000000000000000e+02
1.180000000000000000e+02 2.470000000000000000e+02 1.420000000000000000e+02
1.180000000000000000e+02 2.470000000000000000e+02 1.420000000000000000e+02
1.180000000000000000e+02 2.470000000000000000e+02 1.420000000000000000e+02
1.180000000000000000e+02 2.470000000000000000e+02 1.420000000000000000e+02
1.180000000000000000e+02 2.470000000000000000e+02 1.420000000000000000e+02
1.180000000000000000e+02 2.470000000000000000e+02 1.420000000000000000e+02
1.180000000000000000e+02 2.470000000000000000e+02 1.420000000000000000e+02
1.180000000000000000e+02 2.470000000000000000e+02 1.420000000000000000e+02
1.180000000000000000e+02 2.470000000000000000e+02 1.420000000000000000e+02
1.180000000000000000e+02 2.470000000000000000e+02 1.420000000000000000e+02
1.180000000000000000e+02 2.470000000000000000e+02 1.420000000000000000e+02
1.179795690167060940e+02 2.469761085480040776e+02 1.420003143764287188e+02
1.179591380334122022e+02 2.469522170960081553e+02 1.420006287528574376e+02
1.179387070501182961e+02 2.469283256440122045e+02 1.420009431292861564e+02
1.179182760668243901e+02 2.469044341920162822e+02 1.420012575057149036e+02
1.178978450835304983e+02 2.468805427400203598e+02 1.420015718821436224e+02
1.178774141002365923e+02 2.468566512880244375e+02 1.420018862585723411e+02
1.178569831169426863e+02 2.468327598360284867e+02 1.420022006350010599e+02
1.178365521336487944e+02 2.468088683840325643e+02 1.420025150114297787e+02
1.178161211503548884e+02 2.467849769320366420e+02 1.420028293878584975e+02
1.177956901670609824e+02 2.467610854800407196e+02 1.420031437642872447e+02
1.177752591837670906e+02 2.467371940280447973e+02 1.420034581407159635e+02
1.177548282004731846e+02 2.467133025760488465e+02 1.420037725171446823e+02
1.177343972171792785e+02 2.466894111240529242e+02 1.420040868935734011e+02
1.177139662338853867e+02 2.466655196720570018e+02 1.420044012700021199e+02
1.176935352505914807e+02 2.466416282200610794e+02 1.420047156464308387e+02
1.176731042672975889e+02 2.466177367680651287e+02 1.420050300228595574e+02
1.176526732840036829e+02 2.465938453160692063e+02 1.420053443992883047e+02
1.176322423007097768e+02 2.465699538640732840e+02 1.420056587757170234e+02
1.176118113174158850e+02 2.465460624120773616e+02 1.420059731521457422e+02
1.175913803341219790e+02 2.465221709600814393e+02 1.420062875285744610e+02
1.175709493508280730e+02 2.464982795080854885e+02 1.420066019050031798e+02
1.175505183675341812e+02 2.464743880560895661e+02 1.420069162814318986e+02
1.175300873842402751e+02 2.464504966040936438e+02 1.420072306578606458e+02
1.175096564009463691e+02 2.464266051520977214e+02 1.420075450342893646e+02
1.174892254176524773e+02 2.464027137001017991e+02 1.420078594107180834e+02
1.174687944343585713e+02 2.463788222481058483e+02 1.420081737871468022e+02
1.174483634510646652e+02 2.463549307961099260e+02 1.420084881635755210e+02
1.174279324677707734e+02 2.463310393441140036e+02 1.420088025400042397e+02
1.174075014844768674e+02 2.463071478921180812e+02 1.420091169164329870e+02
1.173870705011829614e+02 2.462832564401221305e+02 1.420094312928617057e+02
1.173666395178890696e+02 2.462593649881262081e+02 1.420097456692904245e+02
1.173462085345951635e+02 2.462354735361302858e+02 1.420100600457191433e+02
1.173462085345951635e+02 2.462354735361302858e+02 1.420100600457191433e+02
1.173454727737442056e+02 2.462079180279157242e+02 1.419940601458874596e+02
1.173447370128932619e+02 2.461803625197011627e+02 1.419780602460557759e+02
1.173440012520423039e+02 2.461528070114866296e+02 1.419620603462240922e+02
1.173432654911913460e+02 2.461252515032720680e+02 1.419460604463924085e+02
1.173425297303403880e+02 2.460976959950575065e+02 1.419300605465607248e+02
1.173417939694894443e+02 2.460701404868429449e+02 1.419140606467290411e+02
1.173410582086384863e+02 2.460425849786284118e+02 1.418980607468973574e+02
1.173403224477875284e+02 2.460150294704138503e+02 1.418820608470656737e+02
1.173395866869365705e+02 2.459874739621992887e+02 1.418660609472339900e+02
1.173388509260856267e+02 2.459599184539847272e+02 1.418500610474023063e+02
1.173381151652346688e+02 2.459323629457701941e+02 1.418340611475705941e+02
1.173373794043837108e+02 2.459048074375556325e+02 1.418180612477389104e+02
1.173366436435327671e+02 2.458772519293410710e+02 1.418020613479072267e+02
1.173359078826818092e+02 2.458496964211265094e+02 1.417860614480755430e+02
1.173351721218308512e+02 2.458221409129119479e+02 1.417700615482438593e+02
1.173344363609798933e+02 2.457945854046974148e+02 1.417540616484121756e+02
1.173337006001289495e+02 2.457670298964828532e+02 1.417380617485804919e+02
1.173329648392779916e+02 2.457394743882682917e+02 1.417220618487488082e+02
1.173322290784270336e+02 2.457119188800537302e+02 1.417060619489171245e+02
1.173314933175760757e+02 2.456843633718391970e+02 1.416900620490854408e+02
1.173307575567251320e+02 2.456568078636246355e+02 1.416740621492537571e+02
1.173300217958741740e+02 2.456292523554100740e+02 1.416580622494220734e+02
1.173300217958741740e+02 2.456292523554100740e+02 1.416580622494220734e+02
1.173090680307995228e+02 2.456047495762137203e+02 1.416583846700191600e+02
1.172881142657248574e+02 2.455802467970173382e+02 1.416587070906162182e+02
1.172671605006502062e+02 2.455557440178209845e+02 1.416590295112133049e+02
1.172462067355755551e+02 2.455312412386246024e+02 1.416593519318103915e+02
1.172252529705009039e+02 2.455067384594282487e+02 1.416596743524074498e+02
1.172042992054262385e+02 2.454822356802318950e+02 1.416599967730045364e+02
1.171833454403515873e+02 2.454577329010355129e+02 1.416603191936016231e+02
1.171623916752769361e+02 2.454332301218391592e+02 1.416606416141986813e+02
1.171414379102022707e+02 2.454087273426427771e+02 1.416609640347957679e+02
1.171204841451276195e+02 2.453842245634464234e+02 1.416612864553928262e+02
1.170995303800529683e+02 2.453597217842500413e+02 1.416616088759899128e+02
1.170785766149783029e+02 2.453352190050536876e+02 1.416619312965869995e+02
1.170576228499036517e+02 2.453107162258573339e+02 1.416622537171840577e+02
1.170366690848290006e+02 2.452862134466609518e+02 1.416625761377811443e+02
1.170157153197543494e+02 2.452617106674645981e+02 1.416628985583782310e+02
1.169947615546796840e+02 2.452372078882682160e+02 1.416632209789752892e+02
1.169738077896050328e+02 2.452127051090718624e+02 1.416635433995723758e+02
1.169738077896050328e+02 2.452127051090718624e+02 1.416635433995723758e+02
1.169650071428382461e+02 2.451934104792979667e+02 1.416392008021202855e+02
1.169562064960714736e+02 2.451741158495240427e+02 1.416148582046682236e+02
1.169474058493046869e+02 2.451548212197501471e+02 1.415905156072161333e+02
1.169386052025379144e+02 2.451355265899762230e+02 1.415661730097640714e+02
1.169298045557711276e+02 2.451162319602023274e+02 1.415418304123119810e+02
1.169210039090043409e+02 2.450969373304284318e+02 1.415174878148599191e+02
1.169122032622375684e+02 2.450776427006545077e+02 1.414931452174078288e+02
1.169034026154707817e+02 2.450583480708806121e+02 1.414688026199557669e+02
1.168946019687040092e+02 2.450390534411066881e+02 1.414444600225036766e+02
1.168858013219372225e+02 2.450197588113327924e+02 1.414201174250516146e+02
1.168770006751704500e+02 2.450004641815588684e+02 1.413957748275995243e+02
1.168682000284036633e+02 2.449811695517849728e+02 1.413714322301474340e+02
1.168593993816368766e+02 2.449618749220110772e+02 1.413470896326953721e+02
1.168505987348701041e+02 2.449425802922371531e+02 1.413227470352432817e+02
1.168417980881033174e+02 2.449232856624632575e+02 1.412984044377912198e+02
1.168329974413365449e+02 2.449039910326893335e+02 1.412740618403391295e+02
1.168241967945697581e+02 2.448846964029154378e+02 1.412497192428870676e+02
1.168153961478029714e+02 2.448654017731415422e+02 1.412253766454349773e+02
1.168065955010361989e+02 2.448461071433676182e+02 1.412010340479829154e+02
1.167977948542694122e+02 2.448268125135937225e+02 1.411766914505308250e+02
1.167889942075026397e+02 2.448075178838197985e+02 1.411523488530787631e+02
1.167801935607358530e+02 2.447882232540459029e+02 1.411280062556266728e+02
1.167801935607358530e+02 2.447882232540459029e+02 1.411280062556266728e+02
1.167794675574233167e+02 2.447610331824125751e+02 1.411122185438137819e+02
1.167787415541107805e+02 2.447338431107792758e+02 1.410964308320008627e+02
1.167780155507982442e+02 2.447066530391459480e+02 1.410806431201879718e+02
1.167772895474857080e+02 2.446794629675126487e+02 1.410648554083750810e+02
1.167765635441731575e+02 2.446522728958793209e+02 1.410490676965621617e+02
1.167758375408606213e+02 2.446250828242460216e+02 1.410332799847492709e+02
1.167751115375480850e+02 2.445978927526126938e+02 1.410174922729363800e+02
1.167743855342355488e+02 2.445707026809793945e+02 1.410017045611234892e+02
1.167736595309230125e+02 2.445435126093460667e+02 1.409859168493105699e+02
1.167729335276104763e+02 2.445163225377127674e+02 1.409701291374976790e+02
1.167722075242979400e+02 2.444891324660794396e+02 1.409543414256847882e+02
1.167714815209854038e+02 2.444619423944461403e+02 1.409385537138718689e+02
1.167707555176728533e+02 2.444347523228128125e+02 1.409227660020589781e+02
1.167700295143603171e+02 2.444075622511794847e+02 1.409069782902460872e+02
1.167693035110477808e+02 2.443803721795461854e+02 1.408911905784331680e+02
1.167685775077352446e+02 2.443531821079128576e+02 1.408754028666202771e+02
1.167678515044227083e+02 2.443259920362795583e+02 1.408596151548073863e+02
1.167671255011101721e+02 2.442988019646462305e+02 1.408438274429944670e+02
1.167663994977976358e+02 2.442716118930129312e+02 1.408280397311815761e+02
1.167656734944850996e+02 2.442444218213796034e+02 1.408122520193686853e+02
1.167649474911725633e+02 2.442172317497463041e+02 1.407964643075557944e+02
1.167642214878600129e+02 2.441900416781129763e+02 1.407806765957428752e+02
1.167634954845474766e+02 2.441628516064796770e+02 1.407648888839299843e+02
1.167627694812349404e+02 2.441356615348463492e+02 1.407491011721170935e+02
1.167620434779224041e+02 2.441084714632130499e+02 1.407333134603041742e+02
1.167613174746098679e+02 2.440812813915797221e+02 1.407175257484912834e+02
1.167613174746098679e+02 2.440812813915797221e+02 1.407175257484912834e+02
1.167464822745909743e+02 2.440535402281858524e+02 1.407162033125161997e+02
1.167316470745720665e+02 2.440257990647919826e+02 1.407148808765411445e+02
1.167168118745531729e+02 2.439980579013980844e+02 1.407135584405660609e+02
1.167019766745342793e+02 2.439703167380042146e+02 1.407122360045909772e+02
1.166871414745153714e+02 2.439425755746103448e+02 1.407109135686159220e+02
1.166723062744964778e+02 2.439148344112164750e+02 1.407095911326408384e+02
1.166574710744775842e+02 2.438870932478225768e+02 1.407082686966657548e+02
1.166426358744586764e+02 2.438593520844287070e+02 1.407069462606906711e+02
1.166278006744397828e+02 2.438316109210348372e+02 1.407056238247156159e+02
1.166129654744208892e+02 2.438038697576409675e+02 1.407043013887405323e+02
1.165981302744019814e+02 2.437761285942470977e+02 1.407029789527654486e+02
1.165832950743830878e+02 2.437483874308531995e+02 1.407016565167903934e+02
1.165684598743641942e+02 2.437206462674593297e+02 1.407003340808153098e+02
1.165536246743452864e+02 2.436929051040654599e+02 1.406990116448402262e+02
1.165387894743263928e+02 2.436651639406715901e+02 1.406976892088651709e+02
1.165239542743074992e+02 2.436374227772776919e+02 1.406963667728900873e+02
1.165091190742885914e+02 2.436096816138838221e+02 1.406950443369150037e+02
1.164942838742696978e+02 2.435819404504899524e+02 1.406937219009399200e+02
1.164794486742508042e+02 2.435541992870960826e+02 1.406923994649648648e+02
1.164646134742318964e+02 2.435264581237022128e+02 1.406910770289897812e+02
1.164497782742130028e+02 2.434987169603083146e+02 1.406897545930146975e+02
1.164349430741941092e+02 2.434709757969144448e+02 1.406884321570396423e+02
1.164201078741752013e+02 2.434432346335205750e+02 1.406871097210645587e+02
1.164052726741563077e+02 2.434154934701267052e+02 1.406857872850894751e+02
1.163904374741374141e+02 2.433877523067328070e+02 1.406844648491144198e+02
1.163756022741185063e+02 2.433600111433389372e+02 1.406831424131393362e+02
1.163607670740996127e+02 2.433322699799450675e+02 1.406818199771642526e+02
1.163459318740807191e+02 2.433045288165511977e+02 1.406804975411891974e+02
1.163310966740618113e+02 2.432767876531573279e+02 1.406791751052141137e+02
1.163162614740429177e+02 2.432490464897634297e+02 1.406778526692390301e+02
1.163014262740240241e+02 2.432213053263695599e+02 1.406765302332639465e+02
1.162865910740051163e+02 2.431935641629756901e+02 1.406752077972888912e+02
1.162717558739862227e+02 2.431658229995818203e+02 1.406738853613138076e+02
1.162569206739673291e+02 2.431380818361879221e+02 1.406725629253387240e+02
1.162420854739484213e+02 2.431103406727940524e+02 1.406712404893636688e+02
1.162272502739295277e+02 2.430825995094001826e+02 1.406699180533885851e+02
1.162272502739295277e+02 2.430825995094001826e+02 1.406699180533885851e+02
1.162175004734568091e+02 2.430579637803693629e+02 1.406531841486015821e+02
1.162077506729840763e+02 2.430333280513385432e+02 1.406364502438145507e+02
1.161980008725113578e+02 2.430086923223076951e+02 1.406197163390275477e+02
1.161882510720386392e+02 2.429840565932768754e+02 1.406029824342405448e+02
1.161785012715659207e+02 2.429594208642460558e+02 1.405862485294535134e+02
1.161687514710931879e+02 2.429347851352152361e+02 1.405695146246665104e+02
1.161590016706204693e+02 2.429101494061843880e+02 1.405527807198795074e+02
1.161492518701477508e+02 2.428855136771535683e+02 1.405360468150924760e+02
1.161395020696750180e+02 2.428608779481227486e+02 1.405193129103054730e+02
1.161297522692022994e+02 2.428362422190919290e+02 1.405025790055184700e+02
1.161200024687295809e+02 2.428116064900611093e+02 1.404858451007314386e+02
1.161102526682568481e+02 2.427869707610302612e+02 1.404691111959444356e+02
1.161005028677841295e+02 2.427623350319994415e+02 1.404523772911574326e+02
1.160907530673114110e+02 2.427376993029686219e+02 1.404356433863704012e+02
1.160810032668386924e+02 2.427130635739378022e+02 1.404189094815833982e+02
1.160712534663659596e+02 2.426884278449069825e+02 1.404021755767963953e+02
1.160615036658932411e+02 2.426637921158761344e+02 1.403854416720093639e+02
1.160517538654205225e+02 2.426391563868453147e+02 1.403687077672223609e+02
1.160420040649477897e+02 2.426145206578144951e+02 1.403519738624353579e+02
1.160322542644750712e+02 2.425898849287836754e+02 1.403352399576483549e+02
1.160225044640023526e+02 2.425652491997528273e+02 1.403185060528613235e+02
1.160127546635296198e+02 2.425406134707220076e+02 1.403017721480743205e+02
1.160030048630569013e+02 2.425159777416911879e+02 1.402850382432873175e+02
1.159932550625841827e+02 2.424913420126603683e+02 1.402683043385002861e+02
1.159835052621114642e+02 2.424667062836295486e+02 1.402515704337132831e+02
1.159737554616387314e+02 2.424420705545987005e+02 1.402348365289262802e+02
1.159640056611660128e+02 2.424174348255678808e+02 1.402181026241392487e+02
1.159542558606932943e+02 2.423927990965370611e+02 1.402013687193522458e+02
1.159445060602205615e+02 2.423681633675062415e+02 1.401846348145652428e+02
1.159347562597478429e+02 2.423435276384754218e+02 1.401679009097782114e+02
1.159250064592751244e+02 2.423188919094445737e+02 1.401511670049912084e+02
1.159152566588023916e+02 2.422942561804137540e+02 1.401344331002042054e+02
1.159055068583296730e+02 2.422696204513829343e+02 1.401176991954171740e+02
1.158957570578569545e+02 2.422449847223521147e+02 1.401009652906301710e+02
1.158860072573842359e+02 2.422203489933212666e+02 1.400842313858431680e+02
1.158762574569115031e+02 2.421957132642904469e+02 1.400674974810561366e+02
1.158665076564387846e+02 2.421710775352596272e+02 1.400507635762691336e+02
1.158665076564387846e+02 2.421710775352596272e+02 1.400507635762691336e+02
1.158462363187571924e+02 2.421473727686242512e+02 1.400510754961926239e+02
1.158259649810755860e+02 2.421236680019888752e+02 1.400513874161161141e+02
1.158056936433939939e+02 2.420999632353534992e+02 1.400516993360396043e+02
1.157854223057124017e+02 2.420762584687181231e+02 1.400520112559630661e+02
1.157651509680307953e+02 2.420525537020827755e+02 1.400523231758865563e+02
1.157448796303492031e+02 2.420288489354473995e+02 1.400526350958100466e+02
1.157246082926676110e+02 2.420051441688120235e+02 1.400529470157335368e+02
1.157043369549860046e+02 2.419814394021766475e+02 1.400532589356570270e+02
1.156840656173044124e+02 2.419577346355412715e+02 1.400535708555805172e+02
1.156637942796228202e+02 2.419340298689058955e+02 1.400538827755040074e+02
1.156435229419412138e+02 2.419103251022705194e+02 1.400541946954274692e+02
1.156232516042596217e+02 2.418866203356351434e+02 1.400545066153509595e+02
1.156029802665780295e+02 2.418629155689997674e+02 1.400548185352744497e+02
1.155827089288964231e+02 2.418392108023643914e+02 1.400551304551979399e+02
1.155624375912148309e+02 2.418155060357290438e+02 1.400554423751214301e+02
1.155421662535332246e+02 2.417918012690936678e+02 1.400557542950449204e+02
1.155218949158516324e+02 2.417680965024582918e+02 1.400560662149684106e+02
1.155016235781700402e+02 2.417443917358229157e+02 1.400563781348919008e+02
1.154813522404884338e+02 2.417206869691875397e+02 1.400566900548153626e+02
1.154610809028068417e+02 2.416969822025521637e+02 1.400570019747388528e+02
1.154408095651252495e+02 2.416732774359167877e+02 1.400573138946623430e+02
1.154205382274436431e+02 2.416495726692814117e+02 1.400576258145858333e+02
1.154002668897620509e+02 2.416258679026460356e+02 1.400579377345093235e+02
1.153799955520804588e+02 2.416021631360106596e+02 1.400582496544328137e+02
1.153597242143988524e+02 2.415784583693753120e+02 1.400585615743563039e+02
1.153394528767172602e+02 2.415547536027399360e+02 1.400588734942797657e+02
1.153191815390356680e+02 2.415310488361045600e+02 1.400591854142032560e+02
1.152989102013540617e+02 2.415073440694691840e+02 1.400594973341267462e+02
1.152786388636724695e+02 2.414836393028338080e+02 1.400598092540502364e+02
1.152786388636724695e+02 2.414836393028338080e+02 1.400598092540502364e+02
1.152473378315611257e+02 2.414757909047934277e+02 1.400535641974210534e+02
1.152160367994497960e+02 2.414679425067530190e+02 1.400473191407918705e+02
1.151847357673384522e+02 2.414600941087126387e+02 1.400410740841626875e+02
1.151534347352271084e+02 2.414522457106722300e+02 1.400348290275335046e+02
1.151221337031157645e+02 2.414443973126318497e+02 1.400285839709043216e+02
1.150908326710044207e+02 2.414365489145914410e+02 1.400223389142751387e+02
1.150595316388930911e+02 2.414287005165510607e+02 1.400160938576459557e+02
1.150282306067817473e+02 2.414208521185106520e+02 1.400098488010167728e+02
1.149969295746704034e+02 2.414130037204702717e+02 1.400036037443875898e+02
1.149656285425590738e+02 2.414051553224298914e+02 1.399973586877584353e+02
1.149343275104477300e+02 2.413973069243894827e+02 1.399911136311292523e+02
1.149030264783363862e+02 2.413894585263491024e+02 1.399848685745000694e+02
1.148717254462250423e+02 2.413816101283086937e+02 1.399786235178708864e+02
1.148404244141136985e+02 2.413737617302683134e+02 1.399723784612417035e+02
1.148091233820023689e+02 2.413659133322279047e+02 1.399661334046125205e+02
1.147778223498910251e+02 2.413580649341875244e+02 1.399598883479833376e+02
1.147465213177796812e+02 2.413502165361471157e+02 1.399536432913541546e+02
1.147152202856683516e+02 2.413423681381067354e+02 1.399473982347249716e+02
1.146839192535570078e+02 2.413345197400663267e+02 1.399411531780957887e+02
1.146526182214456639e+02 2.413266713420259464e+02 1.399349081214666057e+02
1.146526182214456639e+02 2.413266713420259464e+02 1.399349081214666057e+02
1.146226123671748951e+02 2.413191476959358965e+02 1.399289214735355813e+02
1.145926065129041262e+02 2.413116240498458467e+02 1.399229348256045853e+02
1.145626006586333574e+02 2.413041004037557968e+02 1.399169481776735608e+02
1.145325948043625885e+02 2.412965767576657470e+02 1.399109615297425648e+02
1.145025889500918197e+02 2.412890531115756971e+02 1.399049748818115404e+02
1.144725830958210508e+02 2.412815294654856473e+02 1.398989882338805160e+02
1.144425772415502820e+02 2.412740058193955974e+02 1.398930015859495199e+02
1.144125713872795131e+02 2.412664821733055476e+02 1.398870149380184955e+02
1.143825655330087443e+02 2.412589585272154977e+02 1.398810282900874995e+02
1.143525596787379754e+02 2.412514348811254479e+02 1.398750416421564751e+02
1.143225538244672066e+02 2.412439112350353980e+02 1.398690549942254506e+02
1.142925479701964235e+02 2.412363875889453482e+02 1.398630683462944546e+02
1.142625421159256547e+02 2.412288639428552983e+02 1.398570816983634302e+02
1.142325362616548858e+02 2.412213402967652485e+02 1.398510950504324342e+02
1.142025304073841170e+02 2.412138166506751986e+02 1.398451084025014097e+02
1.141725245531133481e+02 2.412062930045851488e+02 1.398391217545704137e+02
1.141425186988425793e+02 2.411987693584950989e+02 1.398331351066393893e+02
1.141125128445718104e+02 2.411912457124050491e+02 1.398271484587083648e+02
1.140825069903010416e+02 2.411837220663149992e+02 1.398211618107773688e+02
1.140525011360302727e+02 2.411761984202249494e+02 1.398151751628463444e+02
1.140224952817595039e+02 2.411686747741348995e+02 1.398091885149153484e+02
1.139924894274887350e+02 2.411611511280448497e+02 1.398032018669843239e+02
1.139924894274887350e+02 2.411611511280448497e+02 1.398032018669843239e+02
1.139648468807049966e+02 2.411620879113479248e+02 1.398225898230790563e+02
1.139372043339212581e+02 2.411630246946509715e+02 1.398419777791738170e+02
1.139095617871375055e+02 2.411639614779540466e+02 1.398613657352685493e+02
1.138819192403537670e+02 2.411648982612571217e+02 1.398807536913632816e+02
1.138542766935700286e+02 2.411658350445601968e+02 1.399001416474580424e+02
1.138266341467862901e+02 2.411667718278632435e+02 1.399195296035527747e+02
1.137989916000025516e+02 2.411677086111663186e+02 1.399389175596475070e+02
1.137713490532187990e+02 2.411686453944693938e+02 1.399583055157422677e+02
1.137437065064350605e+02 2.411695821777724689e+02 1.399776934718370001e+02
1.137160639596513221e+02 2.411705189610755156e+02 1.399970814279317324e+02
1.136884214128675836e+02 2.411714557443785907e+02 1.400164693840264931e+02
1.136607788660838452e+02 2.411723925276816658e+02 1.400358573401212254e+02
1.136331363193000925e+02 2.411733293109847409e+02 1.400552452962159578e+02
1.136054937725163541e+02 2.411742660942877876e+02 1.400746332523107185e+02
1.135778512257326156e+02 2.411752028775908627e+02 1.400940212084054508e+02
1.135778512257326156e+02 2.411752028775908627e+02 1.400940212084054508e+02
1.135514076167662267e+02 2.411760990298718639e+02 1.401125682523387752e+02
1.135249640077998379e+02 2.411769951821528366e+02 1.401311152962720996e+02
1.134985203988334490e+02 2.411778913344338378e+02 1.401496623402053956e+02
1.134720767898670601e+02 2.411787874867148105e+02 1.401682093841387200e+02
1.134456331809006713e+02 2.411796836389958116e+02 1.401867564280720444e+02
1.134191895719342824e+02 2.411805797912767844e+02 1.402053034720053688e+02
1.133927459629679078e+02 2.411814759435577855e+02 1.402238505159386648e+02
1.133663023540015189e+02 2.411823720958387582e+02 1.402423975598719892e+02
1.133398587450351300e+02 2.411832682481197594e+02 1.402609446038053136e+02
1.133134151360687412e+02 2.411841644004007321e+02 1.402794916477386380e+02
1.132869715271023523e+02 2.411850605526817333e+02 1.402980386916719340e+02
1.132605279181359634e+02 2.411859567049627060e+02 1.403165857356052584e+02
1.132340843091695746e+02 2.411868528572437071e+02 1.403351327795385828e+02
1.132340843091695746e+02 2.411868528572437071e+02 1.403351327795385828e+02
1.132106406281509692e+02 2.411895973109351701e+02 1.403589309058459946e+02
1.131871969471323638e+02 2.411923417646266330e+02 1.403827290321533781e+02
1.131637532661137584e+02 2.411950862183180675e+02 1.404065271584607899e+02
1.131403095850951530e+02 2.411978306720095304e+02 1.404303252847682018e+02
1.131168659040765476e+02 2.412005751257009933e+02 1.404541234110755852e+02
1.130934222230579564e+02 2.412033195793924563e+02 1.404779215373829970e+02
1.130699785420393511e+02 2.412060640330839192e+02 1.405017196636903805e+02
1.130465348610207457e+02 2.412088084867753821e+02 1.405255177899977923e+02
1.130230911800021403e+02 2.412115529404668166e+02 1.405493159163052042e+02
1.129996474989835349e+02 2.412142973941582795e+02 1.405731140426125876e+02
1.129762038179649295e+02 2.412170418478497425e+02 1.405969121689199994e+02
1.129762038179649295e+02 2.412170418478497425e+02 1.405969121689199994e+02
1.129527601369463241e+02 2.412197863015412054e+02 1.406207102952274113e+02
1.129293164559277187e+02 2.412225307552326683e+02 1.406445084215347947e+02
1.129058727749091133e+02 2.412252752089241028e+02 1.406683065478422066e+02
1.128824290938905079e+02 2.412280196626155657e+02 1.406921046741496184e+02
1.128589854128719026e+02 2.412307641163070286e+02 1.407159028004570018e+02
1.128355417318533114e+02 2.412335085699984916e+02 1.407397009267644137e+02
1.128120980508347060e+02 2.412362530236899545e+02 1.407634990530717971e+02
1.127886543698161006e+02 2.412389974773814174e+02 1.407872971793792090e+02
1.127652106887974952e+02 2.412417419310728519e+02 1.408110953056866208e+02
1.127417670077788898e+02 2.412444863847643148e+02 1.408348934319940042e+02
1.127183233267602844e+02 2.412472308384557778e+02 1.408586915583014161e+02
1.127183233267602844e+02 2.412472308384557778e+02 1.408586915583014161e+02
1.127193407863405099e+02 2.412312086124551911e+02 1.408870200557889802e+02
1.127203582459207354e+02 2.412151863864546044e+02 1.409153485532765444e+02
1.127213757055009467e+02 2.411991641604540177e+02 1.409436770507641086e+02
1.127223931650811721e+02 2.411831419344534595e+02 1.409720055482516727e+02
1.127234106246613976e+02 2.411671197084528728e+02 1.410003340457392369e+02
1.127244280842416231e+02 2.411510974824522862e+02 1.410286625432268011e+02
1.127254455438218486e+02 2.411350752564516995e+02 1.410569910407143652e+02
1.127264630034020740e+02 2.411190530304511128e+02 1.410853195382019294e+02
1.127274804629822853e+02 2.411030308044505261e+02 1.411136480356894936e+02
1.127284979225625108e+02 2.410870085784499395e+02 1.411419765331770577e+02
1.127295153821427363e+02 2.410709863524493528e+02 1.411703050306646219e+02
1.127305328417229617e+02 2.410549641264487946e+02 1.411986335281522145e+02
1.127315503013031872e+02 2.410389419004482079e+02 1.412269620256397786e+02
1.127325677608834127e+02 2.410229196744476212e+02 1.412552905231273428e+02
1.127335852204636240e+02 2.410068974484470345e+02 1.412836190206149070e+02
1.127346026800438494e+02 2.409908752224464479e+02 1.413119475181024711e+02
1.127356201396240749e+02 2.409748529964458612e+02 1.413402760155900353e+02
1.127366375992043004e+02 2.409588307704452745e+02 1.413686045130775994e+02
1.127376550587845259e+02 2.409428085444446879e+02 1.413969330105651636e+02
1.127386725183647513e+02 2.409267863184441296e+02 1.414252615080527278e+02
1.127396899779449626e+02 2.409107640924435429e+02 1.414535900055402919e+02
1.127407074375251881e+02 2.408947418664429563e+02 1.414819185030278561e+02
1.127417248971054136e+02 2.408787196404423696e+02 1.415102470005154203e+02
1.127417248971054136e+02 2.408787196404423696e+02 1.415102470005154203e+02
1.127189359026265123e+02 2.408813874527186272e+02 1.415333805420696365e+02
1.126961469081476110e+02 2.408840552649948847e+02 1.415565140836238527e+02
1.126733579136687098e+02 2.408867230772711423e+02 1.415796476251780689e+02
1.126505689191898085e+02 2.408893908895474283e+02 1.416027811667322567e+02
1.126277799247108931e+02 2.408920587018236859e+02 1.416259147082864729e+02
1.126049909302319918e+02 2.408947265140999434e+02 1.416490482498406891e+02
1.125822019357530905e+02 2.408973943263762010e+02 1.416721817913949053e+02
1.125594129412741893e+02 2.409000621386524585e+02 1.416953153329491215e+02
1.125366239467952880e+02 2.409027299509287161e+02 1.417184488745033377e+02
1.125138349523163868e+02 2.409053977632049737e+02 1.417415824160575539e+02
1.124910459578374855e+02 2.409080655754812597e+02 1.417647159576117417e+02
1.124682569633585842e+02 2.409107333877575172e+02 1.417878494991659579e+02
1.124454679688796830e+02 2.409134012000337748e+02 1.418109830407201741e+02
1.124226789744007817e+02 2.409160690123100323e+02 1.418341165822743903e+02
1.123998899799218805e+02 2.409187368245862899e+02 1.418572501238286065e+02
1.123771009854429650e+02 2.409214046368625475e+02 1.418803836653828228e+02
1.123543119909640637e+02 2.409240724491388335e+02 1.419035172069370105e+02
1.123315229964851625e+02 2.409267402614150910e+02 1.419266507484912268e+02
1.123087340020062612e+02 2.409294080736913486e+02 1.419497842900454430e+02
1.122859450075273600e+02 2.409320758859676062e+02 1.419729178315996592e+02
1.122859450075273600e+02 2.409320758859676062e+02 1.419729178315996592e+02
1.122707623399379884e+02 2.409164379395686240e+02 1.419956620958609506e+02
1.122555796723486168e+02 2.409007999931696133e+02 1.420184063601222419e+02
1.122403970047592452e+02 2.408851620467706312e+02 1.420411506243835333e+02
1.122252143371698736e+02 2.408695241003716205e+02 1.420638948886448247e+02
1.122100316695805020e+02 2.408538861539726383e+02 1.420866391529061161e+02
1.121948490019911446e+02 2.408382482075736561e+02 1.421093834171673791e+02
1.121796663344017730e+02 2.408226102611746455e+02 1.421321276814286705e+02
1.121644836668124015e+02 2.408069723147756633e+02 1.421548719456899619e+02
1.121493009992230299e+02 2.407913343683766527e+02 1.421776162099512533e+02
1.121341183316336583e+02 2.407756964219776705e+02 1.422003604742125447e+02
1.121189356640442867e+02 2.407600584755786599e+02 1.422231047384738361e+02
1.121037529964549151e+02 2.407444205291796777e+02 1.422458490027351274e+02
1.120885703288655435e+02 2.407287825827806955e+02 1.422685932669964188e+02
1.120733876612761719e+02 2.407131446363816849e+02 1.422913375312577102e+02
1.120582049936868003e+02 2.406975066899827027e+02 1.423140817955190016e+02
1.120430223260974287e+02 2.406818687435836921e+02 1.423368260597802930e+02
1.120278396585080714e+02 2.406662307971847099e+02 1.423595703240415560e+02
1.120126569909186998e+02 2.406505928507857277e+02 1.423823145883028474e+02
1.119974743233293282e+02 2.406349549043867171e+02 1.424050588525641388e+02
1.119822916557399566e+02 2.406193169579877349e+02 1.424278031168254302e+02
1.119671089881505850e+02 2.406036790115887243e+02 1.424505473810867215e+02
1.119519263205612134e+02 2.405880410651897421e+02 1.424732916453480129e+02
1.119519263205612134e+02 2.405880410651897421e+02 1.424732916453480129e+02
1.119305425122616526e+02 2.406026840396936279e+02 1.424924281122347054e+02
1.119091587039620919e+02 2.406173270141974854e+02 1.425115645791213979e+02
1.118877748956625169e+02 2.406319699887013712e+02 1.425307010460080619e+02
1.118663910873629561e+02 2.406466129632052571e+02 1.425498375128947544e+02
1.118450072790633953e+02 2.406612559377091145e+02 1.425689739797814468e+02
1.118236234707638346e+02 2.406758989122130004e+02 1.425881104466681393e+02
1.118022396624642596e+02 2.406905418867168862e+02 1.426072469135548033e+02
1.117808558541646988e+02 2.407051848612207436e+02 1.426263833804414958e+02
1.117594720458651381e+02 2.407198278357246295e+02 1.426455198473281882e+02
1.117380882375655773e+02 2.407344708102285153e+02 1.426646563142148807e+02
1.117167044292660165e+02 2.407491137847323728e+02 1.426837927811015732e+02
1.116953206209664415e+02 2.407637567592362586e+02 1.427029292479882372e+02
1.116739368126668808e+02 2.407783997337401161e+02 1.427220657148749297e+02
1.116525530043673200e+02 2.407930427082440019e+02 1.427412021817616221e+02
1.116311691960677592e+02 2.408076856827478878e+02 1.427603386486483146e+02
1.116097853877681985e+02 2.408223286572517452e+02 1.427794751155350070e+02
1.115884015794686235e+02 2.408369716317556311e+02 1.427986115824216711e+02
1.115670177711690627e+02 2.408516146062595169e+02 1.428177480493083635e+02
1.115456339628695019e+02 2.408662575807633743e+02 1.428368845161950560e+02
1.115242501545699412e+02 2.408809005552672602e+02 1.428560209830817485e+02
1.115028663462703662e+02 2.408955435297711460e+02 1.428751574499684125e+02
1.114814825379708054e+02 2.409101865042750035e+02 1.428942939168551050e+02
1.114600987296712447e+02 2.409248294787788893e+02 1.429134303837417974e+02
1.114600987296712447e+02 2.409248294787788893e+02 1.429134303837417974e+02
1.114444905829346055e+02 2.409087532944971315e+02 1.429368120333707282e+02
1.114288824361979664e+02 2.408926771102154021e+02 1.429601936829996589e+02
1.114132742894613131e+02 2.408766009259336442e+02 1.429835753326285896e+02
1.113976661427246739e+02 2.408605247416519148e+02 1.430069569822575204e+02
1.113820579959880348e+02 2.408444485573701570e+02 1.430303386318864511e+02
1.113664498492513957e+02 2.408283723730883992e+02 1.430537202815153819e+02
1.113508417025147423e+02 2.408122961888066698e+02 1.430771019311443126e+02
1.113352335557781032e+02 2.407962200045249119e+02 1.431004835807732434e+02
1.113196254090414641e+02 2.407801438202431825e+02 1.431238652304021741e+02
1.113040172623048250e+02 2.407640676359614247e+02 1.431472468800311049e+02
1.112884091155681858e+02 2.407479914516796669e+02 1.431706285296600356e+02
1.112728009688315325e+02 2.407319152673979374e+02 1.431940101792889379e+02
1.112571928220948934e+02 2.407158390831161796e+02 1.432173918289178687e+02
1.112415846753582542e+02 2.406997628988344218e+02 1.432407734785467994e+02
1.112259765286216151e+02 2.406836867145526924e+02 1.432641551281757302e+02
1.112103683818849760e+02 2.406676105302709345e+02 1.432875367778046609e+02
1.111947602351483226e+02 2.406515343459892051e+02 1.433109184274335917e+02
1.111791520884116835e+02 2.406354581617074473e+02 1.433343000770625224e+02
1.111635439416750444e+02 2.406193819774256895e+02 1.433576817266914532e+02
1.111479357949384053e+02 2.406033057931439600e+02 1.433810633763203839e+02
1.111323276482017519e+02 2.405872296088622022e+02 1.434044450259493146e+02
1.111167195014651128e+02 2.405711534245804728e+02 1.434278266755782454e+02
1.111011113547284737e+02 2.405550772402987150e+02 1.434512083252071761e+02
1.111011113547284737e+02 2.405550772402987150e+02 1.434512083252071761e+02
1.110812171734934140e+02 2.405365779454370454e+02 1.434669765554943979e+02
1.110613229922583542e+02 2.405180786505753758e+02 1.434827447857816480e+02
1.110414288110232945e+02 2.404995793557137063e+02 1.434985130160688698e+02
1.110215346297882206e+02 2.404810800608520367e+02 1.435142812463561199e+02
1.110016404485531609e+02 2.404625807659903671e+02 1.435300494766433417e+02
1.109817462673181012e+02 2.404440814711287260e+02 1.435458177069305918e+02
1.109618520860830415e+02 2.404255821762670564e+02 1.435615859372178136e+02
1.109419579048479818e+02 2.404070828814053868e+02 1.435773541675050353e+02
1.109220637236129221e+02 2.403885835865437173e+02 1.435931223977922855e+02
1.109021695423778624e+02 2.403700842916820477e+02 1.436088906280795072e+02
1.108822753611428027e+02 2.403515849968203781e+02 1.436246588583667574e+02
1.108623811799077288e+02 2.403330857019587086e+02 1.436404270886539791e+02
1.108424869986726691e+02 2.403145864070970390e+02 1.436561953189412293e+02
1.108225928174376094e+02 2.402960871122353694e+02 1.436719635492284510e+02
1.108026986362025497e+02 2.402775878173737283e+02 1.436877317795156728e+02
1.107828044549674900e+02 2.402590885225120587e+02 1.437035000098029229e+02
1.107629102737324303e+02 2.402405892276503891e+02 1.437192682400901447e+02
1.107430160924973706e+02 2.402220899327887196e+02 1.437350364703773948e+02
1.107231219112622966e+02 2.402035906379270500e+02 1.437508047006646166e+02
1.107032277300272369e+02 2.401850913430653804e+02 1.437665729309518667e+02
1.106833335487921772e+02 2.401665920482037109e+02 1.437823411612390885e+02
1.106634393675571175e+02 2.401480927533420413e+02 1.437981093915263386e+02
1.106435451863220578e+02 2.401295934584803717e+02 1.438138776218135604e+02
1.106236510050869981e+02 2.401110941636187022e+02 1.438296458521007821e+02
1.106037568238519384e+02 2.400925948687570326e+02 1.438454140823880323e+02
1.105838626426168787e+02 2.400740955738953915e+02 1.438611823126752540e+02
1.105639684613818048e+02 2.400555962790337219e+02 1.438769505429625042e+02
1.105440742801467451e+02 2.400370969841720523e+02 1.438927187732497259e+02
1.105241800989116854e+02 2.400185976893103827e+02 1.439084870035369761e+02
1.105042859176766257e+02 2.400000983944487132e+02 1.439242552338241978e+02
1.105042859176766257e+02 2.400000983944487132e+02 1.439242552338241978e+02
1.104843736577738724e+02 2.399782493704950070e+02 1.439358813991779300e+02
1.104644613978711192e+02 2.399564003465413009e+02 1.439475075645316622e+02
1.104445491379683659e+02 2.399345513225876232e+02 1.439591337298853944e+02
1.104246368780656269e+02 2.399127022986339171e+02 1.439707598952391265e+02
1.104047246181628736e+02 2.398908532746802109e+02 1.439823860605928587e+02
1.103848123582601204e+02 2.398690042507265048e+02 1.439940122259465909e+02
1.103649000983573671e+02 2.398471552267727986e+02 1.440056383913003231e+02
1.103449878384546139e+02 2.398253062028190925e+02 1.440172645566540552e+02
1.103250755785518606e+02 2.398034571788654148e+02 1.440288907220077874e+02
1.103051633186491074e+02 2.397816081549117087e+02 1.440405168873615196e+02
1.102852510587463541e+02 2.397597591309580025e+02 1.440521430527152518e+02
1.102653387988436151e+02 2.397379101070042964e+02 1.440637692180690124e+02
1.102454265389408619e+02 2.397160610830505902e+02 1.440753953834227445e+02
1.102255142790381086e+02 2.396942120590968841e+02 1.440870215487764767e+02
1.102056020191353554e+02 2.396723630351432064e+02 1.440986477141302089e+02
1.101856897592326021e+02 2.396505140111895003e+02 1.441102738794839411e+02
1.101657774993298489e+02 2.396286649872357941e+02 1.441219000448376732e+02
1.101458652394270956e+02 2.396068159632820880e+02 1.441335262101914054e+02
1.101259529795243424e+02 2.395849669393283818e+02 1.441451523755451376e+02
1.101060407196216033e+02 2.395631179153746757e+02 1.441567785408988698e+02
1.100861284597188501e+02 2.395412688914209980e+02 1.441684047062526020e+02
1.100662161998160968e+02 2.395194198674672919e+02 1.441800308716063341e+02
1.100463039399133436e+02 2.394975708435135857e+02 1.441916570369600663e+02
1.100463039399133436e+02 2.394975708435135857e+02 1.441916570369600663e+02
1.100308009703205414e+02 2.394816029902960679e+02 1.442148811268756106e+02
1.100152980007277392e+02 2.394656351370785501e+02 1.442381052167911832e+02
1.099997950311349229e+02 2.394496672838610039e+02 1.442613293067067275e+02
1.099842920615421207e+02 2.394336994306434860e+02 1.442845533966222717e+02
1.099687890919493185e+02 2.394177315774259682e+02 1.443077774865378444e+02
1.099532861223565021e+02 2.394017637242084504e+02 1.443310015764533887e+02
1.099377831527636999e+02 2.393857958709909326e+02 1.443542256663689329e+02
1.099222801831708978e+02 2.393698280177733864e+02 1.443774497562845056e+02
1.099067772135780956e+02 2.393538601645558686e+02 1.444006738462000499e+02
1.098912742439852934e+02 2.393378923113383507e+02 1.444238979361155941e+02
1.098757712743924770e+02 2.393219244581208329e+02 1.444471220260311668e+02
1.098602683047996749e+02 2.393059566049033151e+02 1.444703461159467111e+02
1.098447653352068727e+02 2.392899887516857689e+02 1.444935702058622553e+02
1.098292623656140563e+02 2.392740208984682511e+02 1.445167942957778280e+02
1.098137593960212541e+02 2.392580530452507332e+02 1.445400183856933722e+02
1.097982564264284520e+02 2.392420851920332154e+02 1.445632424756089165e+02
1.097827534568356498e+02 2.392261173388156692e+02 1.445864665655244892e+02
1.097672504872428476e+02 2.392101494855981514e+02 1.446096906554400334e+02
1.097517475176500312e+02 2.391941816323806336e+02 1.446329147453555777e+02
1.097362445480572291e+02 2.391782137791631158e+02 1.446561388352711504e+02
1.097207415784644269e+02 2.391622459259455979e+02 1.446793629251866946e+02
1.097052386088716105e+02 2.391462780727280517e+02 1.447025870151022389e+02
1.096897356392788083e+02 2.391303102195105339e+02 1.447258111050178115e+02
1.096742326696860061e+02 2.391143423662930161e+02 1.447490351949333558e+02
1.096742326696860061e+02 2.391143423662930161e+02 1.447490351949333558e+02
1.096458374651024741e+02 2.390983410593463816e+02 1.447483179666295712e+02
1.096174422605189278e+02 2.390823397523997471e+02 1.447476007383257866e+02
1.095890470559353957e+02 2.390663384454530842e+02 1.447468835100220019e+02
1.095606518513518495e+02 2.390503371385064497e+02 1.447461662817182173e+02
1.095322566467683174e+02 2.390343358315598152e+02 1.447454490534144327e+02
1.095038614421847711e+02 2.390183345246131807e+02 1.447447318251106481e+02
1.094754662376012391e+02 2.390023332176665178e+02 1.447440145968068634e+02
1.094470710330177070e+02 2.389863319107198834e+02 1.447432973685030788e+02
1.094186758284341607e+02 2.389703306037732489e+02 1.447425801401992942e+02
1.093902806238506287e+02 2.389543292968266144e+02 1.447418629118955096e+02
1.093618854192670824e+02 2.389383279898799799e+02 1.447411456835917249e+02
1.093334902146835503e+02 2.389223266829333170e+02 1.447404284552879403e+02
1.093050950101000041e+02 2.389063253759866825e+02 1.447397112269841557e+02
1.092766998055164720e+02 2.388903240690400480e+02 1.447389939986803711e+02
1.092483046009329257e+02 2.388743227620934135e+02 1.447382767703765865e+02
1.092199093963493937e+02 2.388583214551467790e+02 1.447375595420728018e+02
1.091915141917658616e+02 2.388423201482001161e+02 1.447368423137690172e+02
1.091631189871823153e+02 2.388263188412534817e+02 1.447361250854652326e+02
1.091347237825987833e+02 2.388103175343068472e+02 1.447354078571614480e+02
1.091063285780152370e+02 2.387943162273602127e+02 1.447346906288576633e+02
1.090779333734317049e+02 2.387783149204135498e+02 1.447339734005538787e+02
1.090495381688481586e+02 2.387623136134669153e+02 1.447332561722500941e+02
1.090211429642646266e+02 2.387463123065202808e+02 1.447325389439463095e+02
1.090211429642646266e+02 2.387463123065202808e+02 1.447325389439463095e+02
1.089925639369152179e+02 2.387302074115015103e+02 1.447318170725032189e+02
1.089639849095658235e+02 2.387141025164827397e+02 1.447310952010601284e+02
1.089354058822164149e+02 2.386979976214639976e+02 1.447303733296170378e+02
1.089068268548670204e+02 2.386818927264452270e+02 1.447296514581739473e+02
1.088782478275176118e+02 2.386657878314264565e+02 1.447289295867308567e+02
1.088496688001682173e+02 2.386496829364076859e+02 1.447282077152877662e+02
1.088210897728188087e+02 2.386335780413889154e+02 1.447274858438446756e+02
1.087925107454694000e+02 2.386174731463701733e+02 1.447267639724015567e+02
1.087639317181200056e+02 2.386013682513514027e+02 1.447260421009584661e+02
1.087353526907705970e+02 2.385852633563326322e+02 1.447253202295153756e+02
1.087067736634212025e+02 2.385691584613138616e+02 1.447245983580722850e+02
1.086781946360717939e+02 2.385530535662950911e+02 1.447238764866291945e+02
1.086496156087223994e+02 2.385369486712763205e+02 1.447231546151861039e+02
1.086210365813729908e+02 2.385208437762575784e+02 1.447224327437430134e+02
1.085924575540235963e+02 2.385047388812388078e+02 1.447217108722999228e+02
1.085638785266741877e+02 2.384886339862200373e+02 1.447209890008568323e+02
1.085638785266741877e+02 2.384886339862200373e+02 1.447209890008568323e+02
1.085472294942562570e+02 2.384683778637257205e+02 1.447399509270256885e+02
1.085305804618383263e+02 2.384481217412314322e+02 1.447589128531945732e+02
1.085139314294203956e+02 2.384278656187371155e+02 1.447778747793634295e+02
1.084972823970024649e+02 2.384076094962427987e+02 1.447968367055322858e+02
1.084806333645845342e+02 2.383873533737484820e+02 1.448157986317011705e+02
1.084639843321666035e+02 2.383670972512541937e+02 1.448347605578700268e+02
1.084473352997486728e+02 2.383468411287598769e+02 1.448537224840388831e+02
1.084306862673307421e+02 2.383265850062655602e+02 1.448726844102077678e+02
1.084140372349128114e+02 2.383063288837712435e+02 1.448916463363766240e+02
1.083973882024948807e+02 2.382860727612769551e+02 1.449106082625454803e+02
1.083807391700769500e+02 2.382658166387826384e+02 1.449295701887143650e+02
1.083640901376590193e+02 2.382455605162883217e+02 1.449485321148832213e+02
1.083474411052410886e+02 2.382253043937940333e+02 1.449674940410520776e+02
1.083307920728231579e+02 2.382050482712997166e+02 1.449864559672209623e+02
1.083141430404052272e+02 2.381847921488053998e+02 1.450054178933898186e+02
1.082974940079872965e+02 2.381645360263110831e+02 1.450243798195586749e+02
1.082808449755693658e+02 2.381442799038167948e+02 1.450433417457275596e+02
1.082641959431514351e+02 2.381240237813224780e+02 1.450623036718964158e+02
1.082641959431514351e+02 2.381240237813224780e+02 1.450623036718964158e+02
1.082571261428009137e+02 2.381159555947217541e+02 1.450924134740985778e+02
1.082500563424503923e+02 2.381078874081210301e+02 1.451225232763007682e+02
1.082429865420998709e+02 2.380998192215203062e+02 1.451526330785029302e+02
1.082359167417493495e+02 2.380917510349195823e+02 1.451827428807051206e+02
1.082288469413988423e+02 2.380836828483188299e+02 1.452128526829072825e+02
1.082217771410483209e+02 2.380756146617181059e+02 1.452429624851094729e+02
1.082147073406977995e+02 2.380675464751173820e+02 1.452730722873116349e+02
1.082076375403472781e+02 2.380594782885166580e+02 1.453031820895137969e+02
1.082005677399967567e+02 2.380514101019159341e+02 1.453332918917159873e+02
1.081934979396462353e+02 2.380433419153152101e+02 1.453634016939181492e+02
1.081864281392957139e+02 2.380352737287144862e+02 1.453935114961203396e+02
1.081793583389451925e+02 2.380272055421137622e+02 1.454236212983225016e+02
1.081722885385946711e+02 2.380191373555130383e+02 1.454537311005246636e+02
1.081652187382441497e+02 2.380110691689123144e+02 1.454838409027268540e+02
1.081581489378936425e+02 2.380030009823115620e+02 1.455139507049290160e+02
1.081510791375431211e+02 2.379949327957108380e+02 1.455440605071312064e+02
1.081440093371925997e+02 2.379868646091101141e+02 1.455741703093333683e+02
1.081369395368420783e+02 2.379787964225093901e+02 1.456042801115355587e+02
1.081298697364915569e+02 2.379707282359086662e+02 1.456343899137377207e+02
1.081298697364915569e+02 2.379707282359086662e+02 1.456343899137377207e+02
1.081316864717898341e+02 2.379869312272622608e+02 1.456611529057179837e+02
1.081335032070881113e+02 2.380031342186158554e+02 1.456879158976982751e+02
1.081353199423864027e+02 2.380193372099694500e+02 1.457146788896785381e+02
1.081371366776846799e+02 2.380355402013230446e+02 1.457414418816588011e+02
1.081389534129829570e+02 2.380517431926766392e+02 1.457682048736390641e+02
1.081407701482812342e+02 2.380679461840302338e+02 1.457949678656193555e+02
1.081425868835795114e+02 2.380841491753838284e+02 1.458217308575996185e+02
1.081444036188777886e+02 2.381003521667374230e+02 1.458484938495798815e+02
1.081462203541760800e+02 2.381165551580910176e+02 1.458752568415601445e+02
1.081480370894743572e+02 2.381327581494446122e+02 1.459020198335404359e+02
1.081498538247726344e+02 2.381489611407982068e+02 1.459287828255206989e+02
1.081516705600709116e+02 2.381651641321518014e+02 1.459555458175009619e+02
1.081534872953691888e+02 2.381813671235053960e+02 1.459823088094812249e+02
1.081553040306674802e+02 2.381975701148590190e+02 1.460090718014615163e+02
1.081571207659657574e+02 2.382137731062126136e+02 1.460358347934417793e+02
1.081589375012640346e+02 2.382299760975662082e+02 1.460625977854220423e+02
1.081607542365623118e+02 2.382461790889198028e+02 1.460893607774023053e+02
1.081625709718605890e+02 2.382623820802733974e+02 1.461161237693825967e+02
1.081643877071588804e+02 2.382785850716269920e+02 1.461428867613628597e+02
1.081662044424571576e+02 2.382947880629805866e+02 1.461696497533431227e+02
1.081680211777554348e+02 2.383109910543341812e+02 1.461964127453233857e+02
1.081698379130537120e+02 2.383271940456877758e+02 1.462231757373036771e+02
1.081716546483519892e+02 2.383433970370413704e+02 1.462499387292839401e+02
1.081734713836502664e+02 2.383596000283949650e+02 1.462767017212642031e+02
1.081752881189485578e+02 2.383758030197485596e+02 1.463034647132444661e+02
1.081771048542468350e+02 2.383920060111021542e+02 1.463302277052247575e+02
1.081789215895451122e+02 2.384082090024557488e+02 1.463569906972050205e+02
1.081789215895451122e+02 2.384082090024557488e+02 1.463569906972050205e+02
1.081710694227394924e+02 2.384139582653797049e+02 1.463865994743704277e+02
1.081632172559338727e+02 2.384197075283036327e+02 1.464162082515358350e+02
1.081553650891282530e+02 2.384254567912275888e+02 1.464458170287012706e+02
1.081475129223226332e+02 2.384312060541515450e+02 1.464754258058666778e+02
1.081396607555170277e+02 2.384369553170755012e+02 1.465050345830320850e+02
1.081318085887114080e+02 2.384427045799994289e+02 1.465346433601974923e+02
1.081239564219057883e+02 2.384484538429233851e+02 1.465642521373628995e+02
1.081161042551001685e+02 2.384542031058473412e+02 1.465938609145283351e+02
1.081082520882945488e+02 2.384599523687712974e+02 1.466234696916937423e+02
1.081003999214889291e+02 2.384657016316952252e+02 1.466530784688591496e+02
1.080925477546833093e+02 2.384714508946191813e+02 1.466826872460245568e+02
1.080846955878776896e+02 2.384772001575431375e+02 1.467122960231899924e+02
1.080768434210720699e+02 2.384829494204670937e+02 1.467419048003553996e+02
1.080689912542664501e+02 2.384886986833910214e+02 1.467715135775208068e+02
1.080611390874608446e+02 2.384944479463149776e+02 1.468011223546862141e+02
1.080532869206552249e+02 2.385001972092389337e+02 1.468307311318516213e+02
1.080454347538496052e+02 2.385059464721628899e+02 1.468603399090170569e+02
1.080375825870439854e+02 2.385116957350868176e+02 1.468899486861824641e+02
1.080297304202383657e+02 2.385174449980107738e+02 1.469195574633478714e+02
1.080218782534327460e+02 2.385231942609347300e+02 1.469491662405132786e+02
1.080140260866271262e+02 2.385289435238586577e+02 1.469787750176786858e+02
1.080061739198215065e+02 2.385346927867826139e+02 1.470083837948441214e+02
1.079983217530158868e+02 2.385404420497065701e+02 1.470379925720095287e+02
1.079904695862102812e+02 2.385461913126305262e+02 1.470676013491749359e+02
1.079826174194046615e+02 2.385519405755544540e+02 1.470972101263403431e+02
1.079747652525990418e+02 2.385576898384784101e+02 1.471268189035057503e+02
1.079669130857934221e+02 2.385634391014023663e+02 1.471564276806711860e+02
1.079590609189878023e+02 2.385691883643263225e+02 1.471860364578365932e+02
1.079512087521821826e+02 2.385749376272502502e+02 1.472156452350020004e+02
1.079433565853765629e+02 2.385806868901742064e+02 1.472452540121674076e+02
1.079355044185709431e+02 2.385864361530981625e+02 1.472748627893328432e+02
1.079276522517653234e+02 2.385921854160221187e+02 1.473044715664982505e+02
1.079198000849597037e+02 2.385979346789460465e+02 1.473340803436636577e+02
1.079119479181540981e+02 2.386036839418700026e+02 1.473636891208290649e+02
1.079040957513484784e+02 2.386094332047939588e+02 1.473932978979944721e+02
1.078962435845428587e+02 2.386151824677179150e+02 1.474229066751599078e+02
1.078883914177372390e+02 2.386209317306418427e+02 1.474525154523253150e+02
1.078805392509316192e+02 2.386266809935657989e+02 1.474821242294907222e+02
1.078805392509316192e+02 2.386266809935657989e+02 1.474821242294907222e+02
1.078815294458356107e+02 2.386110881121925615e+02 1.475096936134695795e+02
1.078825196407396163e+02 2.385954952308193242e+02 1.475372629974484084e+02
1.078835098356436077e+02 2.385799023494460585e+02 1.475648323814272658e+02
1.078845000305476134e+02 2.385643094680728211e+02 1.475924017654060947e+02
1.078854902254516048e+02 2.385487165866995838e+02 1.476199711493849520e+02
1.078864804203556105e+02 2.385331237053263465e+02 1.476475405333637809e+02
1.078874706152596019e+02 2.385175308239530807e+02 1.476751099173426383e+02
1.078884608101636076e+02 2.385019379425798434e+02 1.477026793013214672e+02
1.078894510050675990e+02 2.384863450612066060e+02 1.477302486853003245e+02
1.078904411999716046e+02 2.384707521798333687e+02 1.477578180692791534e+02
1.078914313948755961e+02 2.384551592984601029e+02 1.477853874532580107e+02
1.078924215897796017e+02 2.384395664170868656e+02 1.478129568372368396e+02
1.078934117846835932e+02 2.384239735357136283e+02 1.478405262212156970e+02
1.078944019795875988e+02 2.384083806543403909e+02 1.478680956051945259e+02
1.078953921744915903e+02 2.383927877729671252e+02 1.478956649891733832e+02
1.078963823693955959e+02 2.383771948915938879e+02 1.479232343731522121e+02
1.078973725642995873e+02 2.383616020102206505e+02 1.479508037571310695e+02
1.078983627592035930e+02 2.383460091288474132e+02 1.479783731411098984e+02
1.078993529541075844e+02 2.383304162474741474e+02 1.480059425250887557e+02
1.079003431490115901e+02 2.383148233661009101e+02 1.480335119090675846e+02
1.079013333439155815e+02 2.382992304847276728e+02 1.480610812930464419e+02
1.079023235388195872e+02 2.382836376033544354e+02 1.480886506770252709e+02
1.079033137337235786e+02 2.382680447219811697e+02 1.481162200610041282e+02
1.079043039286275842e+02 2.382524518406079324e+02 1.481437894449829571e+02
1.079052941235315757e+02 2.382368589592346950e+02 1.481713588289618144e+02
1.079062843184355813e+02 2.382212660778614577e+02 1.481989282129406433e+02
1.079072745133395728e+02 2.382056731964881919e+02 1.482264975969195007e+02
1.079082647082435784e+02 2.381900803151149546e+02 1.482540669808983296e+02
1.079092549031475698e+02 2.381744874337417173e+02 1.482816363648771869e+02
1.079092549031475698e+02 2.381744874337417173e+02 1.482816363648771869e+02
1.078975902583223103e+02 2.381752519675610813e+02 1.483112136038541280e+02
1.078859256134970650e+02 2.381760165013804169e+02 1.483407908428310975e+02
1.078742609686718055e+02 2.381767810351997809e+02 1.483703680818080670e+02
1.078625963238465602e+02 2.381775455690191450e+02 1.483999453207850081e+02
1.078509316790213006e+02 2.381783101028384806e+02 1.484295225597619492e+02
1.078392670341960411e+02 2.381790746366578446e+02 1.484590997987389187e+02
1.078276023893707958e+02 2.381798391704772087e+02 1.484886770377158882e+02
1.078159377445455362e+02 2.381806037042965443e+02 1.485182542766928293e+02
1.078042730997202909e+02 2.381813682381159083e+02 1.485478315156697704e+02
1.077926084548950314e+02 2.381821327719352723e+02 1.485774087546467399e+02
1.077809438100697719e+02 2.381828973057546079e+02 1.486069859936237094e+02
1.077692791652445266e+02 2.381836618395739720e+02 1.486365632326006505e+02
1.077576145204192670e+02 2.381844263733933360e+02 1.486661404715775916e+02
1.077459498755940217e+02 2.381851909072126716e+02 1.486957177105545611e+02
1.077342852307687622e+02 2.381859554410320357e+02 1.487252949495315306e+02
1.077226205859435026e+02 2.381867199748513997e+02 1.487548721885084717e+02
1.077109559411182573e+02 2.381874845086707353e+02 1.487844494274854128e+02
1.076992912962929978e+02 2.381882490424900993e+02 1.488140266664623823e+02
1.076876266514677525e+02 2.381890135763094634e+02 1.488436039054393518e+02
1.076759620066424930e+02 2.381897781101287990e+02 1.488731811444162929e+02
1.076642973618172334e+02 2.381905426439481630e+02 1.489027583833932340e+02
1.076526327169919881e+02 2.381913071777675270e+02 1.489323356223702035e+02
1.076409680721667286e+02 2.381920717115868626e+02 1.489619128613471730e+02
1.076293034273414833e+02 2.381928362454062267e+02 1.489914901003241141e+02
1.076176387825162237e+02 2.381936007792255907e+02 1.490210673393010552e+02
1.076059741376909642e+02 2.381943653130449263e+02 1.490506445782780247e+02
1.075943094928657189e+02 2.381951298468642904e+02 1.490802218172549942e+02
1.075826448480404594e+02 2.381958943806836544e+02 1.491097990562319353e+02
1.075709802032152140e+02 2.381966589145029900e+02 1.491393762952088764e+02
1.075593155583899545e+02 2.381974234483223540e+02 1.491689535341858459e+02
1.075593155583899545e+02 2.381974234483223540e+02 1.491689535341858459e+02
1.075430663570520977e+02 2.382147278233915983e+02 1.491890423543472082e+02
1.075268171557142409e+02 2.382320321984608142e+02 1.492091311745085704e+02
1.075105679543763699e+02 2.382493365735300586e+02 1.492292199946699327e+02
1.074943187530385131e+02 2.382666409485992745e+02 1.492493088148312665e+02
1.074780695517006563e+02 2.382839453236685188e+02 1.492693976349926288e+02
1.074618203503627996e+02 2.383012496987377347e+02 1.492894864551539911e+02
1.074455711490249286e+02 2.383185540738069790e+02 1.493095752753153533e+02
1.074293219476870718e+02 2.383358584488762233e+02 1.493296640954767156e+02
1.074130727463492150e+02 2.383531628239454392e+02 1.493497529156380779e+02
1.073968235450113582e+02 2.383704671990146835e+02 1.493698417357994117e+02
1.073805743436735014e+02 2.383877715740838994e+02 1.493899305559607740e+02
1.073643251423356304e+02 2.384050759491531437e+02 1.494100193761221362e+02
1.073480759409977736e+02 2.384223803242223880e+02 1.494301081962834985e+02
1.073318267396599168e+02 2.384396846992916039e+02 1.494501970164448608e+02
1.073155775383220600e+02 2.384569890743608482e+02 1.494702858366062230e+02
1.072993283369841890e+02 2.384742934494300641e+02 1.494903746567675569e+02
1.072830791356463322e+02 2.384915978244993084e+02 1.495104634769289191e+02
1.072668299343084755e+02 2.385089021995685243e+02 1.495305522970902814e+02
1.072505807329706187e+02 2.385262065746377687e+02 1.495506411172516437e+02
1.072343315316327477e+02 2.385435109497070130e+02 1.495707299374130059e+02
1.072180823302948909e+02 2.385608153247762289e+02 1.495908187575743682e+02
1.072018331289570341e+02 2.385781196998454732e+02 1.496109075777357020e+02
1.071855839276191773e+02 2.385954240749146891e+02 1.496309963978970643e+02
1.071693347262813205e+02 2.386127284499839334e+02 1.496510852180584266e+02
1.071530855249434495e+02 2.386300328250531777e+02 1.496711740382197888e+02
1.071368363236055927e+02 2.386473372001223936e+02 1.496912628583811511e+02
1.071205871222677359e+02 2.386646415751916379e+02 1.497113516785425134e+02
1.071043379209298791e+02 2.386819459502608538e+02 1.497314404987038472e+02
1.070880887195920081e+02 2.386992503253300981e+02 1.497515293188652095e+02
1.070718395182541514e+02 2.387165547003993140e+02 1.497716181390265717e+02
1.070555903169162946e+02 2.387338590754685583e+02 1.497917069591879340e+02
1.070555903169162946e+02 2.387338590754685583e+02 1.497917069591879340e+02
1.070443155566425020e+02 2.387446992410856126e+02 1.498187941524849407e+02
1.070330407963687236e+02 2.387555394067026668e+02 1.498458813457819758e+02
1.070217660360949310e+02 2.387663795723196927e+02 1.498729685390789825e+02
1.070104912758211384e+02 2.387772197379367469e+02 1.499000557323759892e+02
1.069992165155473600e+02 2.387880599035538012e+02 1.499271429256730244e+02
1.069879417552735674e+02 2.387989000691708270e+02 1.499542301189700311e+02
1.069766669949997890e+02 2.388097402347878813e+02 1.499813173122670378e+02
1.069653922347259964e+02 2.388205804004049355e+02 1.500084045055640445e+02
1.069541174744522039e+02 2.388314205660219898e+02 1.500354916988610796e+02
1.069428427141784255e+02 2.388422607316390440e+02 1.500625788921580863e+02
1.069315679539046329e+02 2.388531008972560699e+02 1.500896660854550930e+02
1.069202931936308403e+02 2.388639410628731241e+02 1.501167532787521282e+02
1.069090184333570619e+02 2.388747812284901784e+02 1.501438404720491349e+02
1.068977436730832693e+02 2.388856213941072042e+02 1.501709276653461416e+02
1.068864689128094767e+02 2.388964615597242584e+02 1.501980148586431767e+02
1.068751941525356983e+02 2.389073017253413127e+02 1.502251020519401834e+02
1.068639193922619057e+02 2.389181418909583670e+02 1.502521892452371901e+02
1.068526446319881131e+02 2.389289820565754212e+02 1.502792764385342252e+02
1.068413698717143347e+02 2.389398222221924470e+02 1.503063636318312319e+02
1.068300951114405422e+02 2.389506623878095013e+02 1.503334508251282386e+02
1.068188203511667638e+02 2.389615025534265556e+02 1.503605380184252454e+02
1.068075455908929712e+02 2.389723427190435814e+02 1.503876252117222805e+02
1.067962708306191786e+02 2.389831828846606356e+02 1.504147124050192872e+02
1.067849960703454002e+02 2.389940230502776899e+02 1.504417995983162939e+02
1.067737213100716076e+02 2.390048632158947441e+02 1.504688867916133290e+02
1.067624465497978150e+02 2.390157033815117984e+02 1.504959739849103357e+02
1.067511717895240366e+02 2.390265435471288242e+02 1.505230611782073424e+02
1.067398970292502440e+02 2.390373837127458785e+02 1.505501483715043776e+02
1.067286222689764514e+02 2.390482238783629327e+02 1.505772355648013843e+02
1.067173475087026731e+02 2.390590640439799586e+02 1.506043227580983910e+02
1.067060727484288805e+02 2.390699042095970128e+02 1.506314099513953977e+02
1.066947979881551021e+02 2.390807443752140671e+02 1.506584971446924328e+02
1.066835232278813095e+02 2.390915845408311213e+02 1.506855843379894395e+02
1.066722484676075169e+02 2.391024247064481756e+02 1.507126715312864462e+02
1.066609737073337385e+02 2.391132648720652014e+02 1.507397587245834814e+02
1.066496989470599459e+02 2.391241050376822557e+02 1.507668459178804881e+02
1.066496989470599459e+02 2.391241050376822557e+02 1.507668459178804881e+02
1.066383076248254582e+02 2.391350572722859624e+02 1.507942131469639833e+02
1.066269163025909705e+02 2.391460095068896692e+02 1.508215803760474785e+02
1.066155249803564828e+02 2.391569617414933475e+02 1.508489476051309452e+02
1.066041336581219952e+02 2.391679139760970543e+02 1.508763148342144405e+02
1.065927423358875075e+02 2.391788662107007610e+02 1.509036820632979357e+02
1.065813510136530198e+02 2.391898184453044678e+02 1.509310492923814309e+02
1.065699596914185321e+02 2.392007706799081461e+02 1.509584165214648976e+02
1.065585683691840444e+02 2.392117229145118529e+02 1.509857837505483928e+02
1.065471770469495567e+02 2.392226751491155596e+02 1.510131509796318880e+02
1.065357857247150690e+02 2.392336273837192664e+02 1.510405182087153833e+02
1.065243944024805813e+02 2.392445796183229447e+02 1.510678854377988500e+02
1.065130030802460936e+02 2.392555318529266515e+02 1.510952526668823452e+02
1.065016117580116060e+02 2.392664840875303582e+02 1.511226198959658404e+02
1.064902204357771183e+02 2.392774363221340650e+02 1.511499871250493356e+02
1.064788291135426306e+02 2.392883885567377433e+02 1.511773543541328024e+02
1.064674377913081429e+02 2.392993407913414501e+02 1.512047215832162976e+02
1.064560464690736552e+02 2.393102930259451568e+02 1.512320888122997928e+02
1.064446551468391675e+02 2.393212452605488636e+02 1.512594560413832880e+02
1.064332638246046798e+02 2.393321974951525419e+02 1.512868232704667548e+02
1.064218725023701921e+02 2.393431497297562487e+02 1.513141904995502500e+02
1.064104811801357044e+02 2.393541019643599554e+02 1.513415577286337452e+02
1.063990898579012168e+02 2.393650541989636622e+02 1.513689249577172404e+02
1.063876985356667291e+02 2.393760064335673405e+02 1.513962921868007072e+02
1.063763072134322414e+02 2.393869586681710473e+02 1.514236594158842024e+02
1.063649158911977537e+02 2.393979109027747540e+02 1.514510266449676976e+02
1.063535245689632660e+02 2.394088631373784608e+02 1.514783938740511928e+02
1.063421332467287783e+02 2.394198153719821391e+02 1.515057611031346596e+02
1.063307419244942906e+02 2.394307676065858459e+02 1.515331283322181548e+02
1.063193506022598029e+02 2.394417198411895527e+02 1.515604955613016500e+02
1.063193506022598029e+02 2.394417198411895527e+02 1.515604955613016500e+02
1.062978017256328229e+02 2.394632628603750106e+02 1.515697288108978285e+02
1.062762528490058429e+02 2.394848058795604970e+02 1.515789620604940353e+02
1.062547039723788629e+02 2.395063488987459550e+02 1.515881953100902138e+02
1.062331550957518829e+02 2.395278919179314414e+02 1.515974285596863922e+02
1.062116062191249029e+02 2.395494349371168994e+02 1.516066618092825706e+02
1.061900573424979228e+02 2.395709779563023858e+02 1.516158950588787775e+02
1.061685084658709570e+02 2.395925209754878438e+02 1.516251283084749559e+02
1.061469595892439770e+02 2.396140639946733017e+02 1.516343615580711344e+02
1.061254107126169970e+02 2.396356070138587882e+02 1.516435948076673412e+02
1.061038618359900170e+02 2.396571500330442461e+02 1.516528280572635197e+02
1.060823129593630370e+02 2.396786930522297325e+02 1.516620613068596981e+02
1.060607640827360569e+02 2.397002360714151905e+02 1.516712945564558765e+02
1.060392152061090769e+02 2.397217790906006769e+02 1.516805278060520834e+02
1.060176663294820969e+02 2.397433221097861349e+02 1.516897610556482618e+02
1.059961174528551169e+02 2.397648651289715929e+02 1.516989943052444403e+02
1.059745685762281369e+02 2.397864081481570793e+02 1.517082275548406471e+02
1.059530196996011568e+02 2.398079511673425372e+02 1.517174608044368256e+02
1.059314708229741768e+02 2.398294941865280236e+02 1.517266940540330040e+02
1.059099219463471968e+02 2.398510372057134816e+02 1.517359273036291825e+02
1.058883730697202168e+02 2.398725802248989680e+02 1.517451605532253893e+02
1.058668241930932510e+02 2.398941232440844260e+02 1.517543938028215678e+02
1.058452753164662710e+02 2.399156662632698840e+02 1.517636270524177462e+02
1.058237264398392909e+02 2.399372092824553704e+02 1.517728603020139531e+02
1.058021775632123109e+02 2.399587523016408284e+02 1.517820935516101315e+02
1.057806286865853309e+02 2.399802953208263148e+02 1.517913268012063099e+02
1.057590798099583509e+02 2.400018383400117727e+02 1.518005600508024884e+02
1.057375309333313709e+02 2.400233813591972591e+02 1.518097933003986952e+02
1.057159820567043909e+02 2.400449243783827171e+02 1.518190265499948737e+02
