1.042385412057424645e+02 2.108008948913337974e+02 1.170597089187502888e+02
1.042605388687128851e+02 2.108266183771455360e+02 1.170593704354465103e+02
1.042825365316833199e+02 2.108523418629572745e+02 1.170590319521427176e+02
1.043045341946537405e+02 2.108780653487690131e+02 1.170586934688389249e+02
1.043265318576241754e+02 2.109037888345807517e+02 1.170583549855351464e+02
1.043485295205945960e+02 2.109295123203924902e+02 1.170580165022313679e+02
1.043705271835650308e+02 2.109552358062042572e+02 1.170576780189275752e+02
1.043925248465354514e+02 2.109809592920159957e+02 1.170573395356237825e+02
1.044145225095058862e+02 2.110066827778277343e+02 1.170570010523200040e+02
1.044365201724763068e+02 2.110324062636394729e+02 1.170566625690162255e+02
1.044585178354467416e+02 2.110581297494512114e+02 1.170563240857124327e+02
1.044805154984171622e+02 2.110838532352629500e+02 1.170559856024086400e+02
1.045025131613875828e+02 2.111095767210746885e+02 1.170556471191048615e+02
1.045245108243580177e+02 2.111353002068864271e+02 1.170553086358010830e+02
1.045465084873284383e+02 2.111610236926981656e+02 1.170549701524972903e+02
1.045685061502988731e+02 2.111867471785099042e+02 1.170546316691934976e+02
1.045905038132692937e+02 2.112124706643216427e+02 1.170542931858897191e+02
1.046125014762397285e+02 2.112381941501333813e+02 1.170539547025859406e+02
1.046344991392101491e+02 2.112639176359451199e+02 1.170536162192821479e+02
1.046564968021805839e+02 2.112896411217568868e+02 1.170532777359783552e+02
1.046784944651510045e+02 2.113153646075686254e+02 1.170529392526745767e+02
1.047004921281214394e+02 2.113410880933803639e+02 1.170526007693707982e+02
1.047224897910918600e+02 2.113668115791921025e+02 1.170522622860670054e+02
1.047444874540622948e+02 2.113925350650038411e+02 1.170519238027632127e+02
1.047664851170327154e+02 2.114182585508155796e+02 1.170515853194594342e+02
1.047664851170327154e+02 2.114182585508155796e+02 1.170515853194594342e+02
1.047920826836878092e+02 2.114481916688723686e+02 1.170511914435762577e+02
1.048176802503429030e+02 2.114781247869291576e+02 1.170507975676930812e+02
1.048432778169979827e+02 2.115080579049859466e+02 1.170504036918099047e+02
1.048688753836530765e+02 2.115379910230427356e+02 1.170500098159267282e+02
1.048944729503081703e+02 2.115679241410995246e+02 1.170496159400435516e+02
1.049200705169632641e+02 2.115978572591563136e+02 1.170492220641603751e+02
1.049456680836183438e+02 2.116277903772131310e+02 1.170488281882771986e+02
1.049712656502734376e+02 2.116577234952699200e+02 1.170484343123940221e+02
1.049968632169285314e+02 2.116876566133267090e+02 1.170480404365108456e+02
1.050224607835836252e+02 2.117175897313834980e+02 1.170476465606276690e+02
1.050480583502387049e+02 2.117475228494402870e+02 1.170472526847444925e+02
1.050736559168937987e+02 2.117774559674970760e+02 1.170468588088613160e+02
1.050992534835488925e+02 2.118073890855538650e+02 1.170464649329781537e+02
1.051248510502039863e+02 2.118373222036106540e+02 1.170460710570949772e+02
1.051504486168590802e+02 2.118672553216674430e+02 1.170456771812118006e+02
1.051760461835141598e+02 2.118971884397242320e+02 1.170452833053286241e+02
1.052016437501692536e+02 2.119271215577810210e+02 1.170448894294454476e+02
1.052272413168243475e+02 2.119570546758378100e+02 1.170444955535622711e+02
1.052528388834794413e+02 2.119869877938945990e+02 1.170441016776790946e+02
1.052784364501345209e+02 2.120169209119514164e+02 1.170437078017959180e+02
1.053040340167896147e+02 2.120468540300082054e+02 1.170433139259127415e+02
1.053296315834447086e+02 2.120767871480649944e+02 1.170429200500295650e+02
1.053552291500998024e+02 2.121067202661217834e+02 1.170425261741463885e+02
1.053808267167548820e+02 2.121366533841785724e+02 1.170421322982632120e+02
1.054064242834099758e+02 2.121665865022353614e+02 1.170417384223800354e+02
1.054320218500650697e+02 2.121965196202921504e+02 1.170413445464968589e+02
1.054320218500650697e+02 2.121965196202921504e+02 1.170413445464968589e+02
1.054530679198628320e+02 2.122160900387108597e+02 1.170246633234150408e+02
1.054741139896605802e+02 2.122356604571295691e+02 1.170079821003332228e+02
1.054951600594583425e+02 2.122552308755483068e+02 1.169913008772514047e+02
1.055162061292560907e+02 2.122748012939670161e+02 1.169746196541695866e+02
1.055372521990538530e+02 2.122943717123857255e+02 1.169579384310877543e+02
1.055582982688516012e+02 2.123139421308044348e+02 1.169412572080059363e+02
1.055793443386493635e+02 2.123335125492231441e+02 1.169245759849241182e+02
1.056003904084471259e+02 2.123530829676418819e+02 1.169078947618423001e+02
1.056214364782448740e+02 2.123726533860605912e+02 1.168912135387604820e+02
1.056424825480426364e+02 2.123922238044793005e+02 1.168745323156786640e+02
1.056635286178403845e+02 2.124117942228980098e+02 1.168578510925968459e+02
1.056845746876381469e+02 2.124313646413167476e+02 1.168411698695150278e+02
1.057056207574358950e+02 2.124509350597354569e+02 1.168244886464331955e+02
1.057266668272336574e+02 2.124705054781541662e+02 1.168078074233513775e+02
1.057477128970314197e+02 2.124900758965728755e+02 1.167911262002695594e+02
1.057687589668291679e+02 2.125096463149915849e+02 1.167744449771877413e+02
1.057898050366269302e+02 2.125292167334103226e+02 1.167577637541059232e+02
1.058108511064246784e+02 2.125487871518290319e+02 1.167410825310241052e+02
1.058318971762224407e+02 2.125683575702477413e+02 1.167244013079422871e+02
1.058529432460202031e+02 2.125879279886664506e+02 1.167077200848604690e+02
1.058739893158179513e+02 2.126074984070851599e+02 1.166910388617786367e+02
1.058950353856157136e+02 2.126270688255038976e+02 1.166743576386968186e+02
1.059160814554134618e+02 2.126466392439226070e+02 1.166576764156150006e+02
1.059371275252112241e+02 2.126662096623413163e+02 1.166409951925331825e+02
1.059581735950089723e+02 2.126857800807600256e+02 1.166243139694513644e+02
1.059792196648067346e+02 2.127053504991787634e+02 1.166076327463695463e+02
1.060002657346044970e+02 2.127249209175974727e+02 1.165909515232877283e+02
1.060213118044022451e+02 2.127444913360161820e+02 1.165742703002059102e+02
1.060423578742000075e+02 2.127640617544348913e+02 1.165575890771240779e+02
1.060634039439977556e+02 2.127836321728536007e+02 1.165409078540422598e+02
1.060844500137955180e+02 2.128032025912723384e+02 1.165242266309604418e+02
1.061054960835932661e+02 2.128227730096910477e+02 1.165075454078786237e+02
1.061265421533910285e+02 2.128423434281097570e+02 1.164908641847968056e+02
1.061265421533910285e+02 2.128423434281097570e+02 1.164908641847968056e+02
1.061473055849050695e+02 2.128651264127999525e+02 1.164787410461238437e+02
1.061680690164191105e+02 2.128879093974901195e+02 1.164666179074508818e+02
1.061888324479331516e+02 2.129106923821803150e+02 1.164544947687779057e+02
1.062095958794471926e+02 2.129334753668704820e+02 1.164423716301049438e+02
1.062303593109612336e+02 2.129562583515606775e+02 1.164302484914319820e+02
1.062511227424752747e+02 2.129790413362508446e+02 1.164181253527590201e+02
1.062718861739893157e+02 2.130018243209410400e+02 1.164060022140860582e+02
1.062926496055033567e+02 2.130246073056312355e+02 1.163938790754130821e+02
1.063134130370174120e+02 2.130473902903214025e+02 1.163817559367401202e+02
1.063341764685314530e+02 2.130701732750115980e+02 1.163696327980671583e+02
1.063549399000454940e+02 2.130929562597017650e+02 1.163575096593941964e+02
1.063757033315595351e+02 2.131157392443919605e+02 1.163453865207212345e+02
1.063964667630735761e+02 2.131385222290821275e+02 1.163332633820482584e+02
1.064172301945876171e+02 2.131613052137723230e+02 1.163211402433752966e+02
1.064379936261016582e+02 2.131840881984625184e+02 1.163090171047023347e+02
1.064587570576156992e+02 2.132068711831526855e+02 1.162968939660293728e+02
1.064795204891297402e+02 2.132296541678428810e+02 1.162847708273564109e+02
1.065002839206437812e+02 2.132524371525330480e+02 1.162726476886834348e+02
1.065210473521578223e+02 2.132752201372232435e+02 1.162605245500104729e+02
1.065418107836718633e+02 2.132980031219134105e+02 1.162484014113375110e+02
1.065625742151859043e+02 2.133207861066036060e+02 1.162362782726645491e+02
1.065833376466999454e+02 2.133435690912938014e+02 1.162241551339915873e+02
1.066041010782139864e+02 2.133663520759839685e+02 1.162120319953186112e+02
1.066248645097280274e+02 2.133891350606741639e+02 1.161999088566456493e+02
1.066456279412420685e+02 2.134119180453643310e+02 1.161877857179726874e+02
1.066663913727561095e+02 2.134347010300545264e+02 1.161756625792997255e+02
1.066871548042701647e+02 2.134574840147446935e+02 1.161635394406267636e+02
1.067079182357842058e+02 2.134802669994348889e+02 1.161514163019537875e+02
1.067286816672982468e+02 2.135030499841250844e+02 1.161392931632808256e+02
1.067494450988122878e+02 2.135258329688152514e+02 1.161271700246078638e+02
1.067702085303263289e+02 2.135486159535054469e+02 1.161150468859349019e+02
1.067909719618403699e+02 2.135713989381956139e+02 1.161029237472619400e+02
1.068117353933544109e+02 2.135941819228858094e+02 1.160908006085889639e+02
1.068324988248684519e+02 2.136169649075759764e+02 1.160786774699160020e+02
1.068532622563824930e+02 2.136397478922661719e+02 1.160665543312430401e+02
1.068532622563824930e+02 2.136397478922661719e+02 1.160665543312430401e+02
1.068753195704462939e+02 2.136512758407456261e+02 1.160577352449201243e+02
1.068973768845100949e+02 2.136628037892251086e+02 1.160489161585972084e+02
1.069194341985738959e+02 2.136743317377045628e+02 1.160400970722743068e+02
1.069414915126376968e+02 2.136858596861840454e+02 1.160312779859513910e+02
1.069635488267014836e+02 2.136973876346634995e+02 1.160224588996284751e+02
1.069856061407652845e+02 2.137089155831429821e+02 1.160136398133055593e+02
1.070076634548290855e+02 2.137204435316224362e+02 1.160048207269826435e+02
1.070297207688928864e+02 2.137319714801019188e+02 1.159960016406597418e+02
1.070517780829566874e+02 2.137434994285813730e+02 1.159871825543368260e+02
1.070738353970204884e+02 2.137550273770608555e+02 1.159783634680139102e+02
1.070958927110842893e+02 2.137665553255403097e+02 1.159695443816909943e+02
1.071179500251480903e+02 2.137780832740197923e+02 1.159607252953680785e+02
1.071400073392118912e+02 2.137896112224992464e+02 1.159519062090451627e+02
1.071620646532756780e+02 2.138011391709787006e+02 1.159430871227222610e+02
1.071841219673394789e+02 2.138126671194581832e+02 1.159342680363993452e+02
1.072061792814032799e+02 2.138241950679376373e+02 1.159254489500764294e+02
1.072282365954670809e+02 2.138357230164171199e+02 1.159166298637535135e+02
1.072502939095308818e+02 2.138472509648965740e+02 1.159078107774305977e+02
1.072723512235946828e+02 2.138587789133760566e+02 1.158989916911076961e+02
1.072944085376584837e+02 2.138703068618555108e+02 1.158901726047847802e+02
1.073164658517222847e+02 2.138818348103349933e+02 1.158813535184618644e+02
1.073385231657860857e+02 2.138933627588144475e+02 1.158725344321389485e+02
1.073605804798498866e+02 2.139048907072939301e+02 1.158637153458160327e+02
1.073826377939136734e+02 2.139164186557733842e+02 1.158548962594931311e+02
1.074046951079774743e+02 2.139279466042528384e+02 1.158460771731702152e+02
1.074267524220412753e+02 2.139394745527323209e+02 1.158372580868472994e+02
1.074488097361050762e+02 2.139510025012117751e+02 1.158284390005243836e+02
1.074708670501688772e+02 2.139625304496912577e+02 1.158196199142014677e+02
1.074929243642326782e+02 2.139740583981707118e+02 1.158108008278785519e+02
1.075149816782964791e+02 2.139855863466501944e+02 1.158019817415556503e+02
1.075370389923602801e+02 2.139971142951296486e+02 1.157931626552327344e+02
1.075590963064240810e+02 2.140086422436091311e+02 1.157843435689098186e+02
1.075811536204878678e+02 2.140201701920885853e+02 1.157755244825869028e+02
1.076032109345516687e+02 2.140316981405680679e+02 1.157667053962639869e+02
1.076252682486154697e+02 2.140432260890475220e+02 1.157578863099410853e+02
1.076473255626792707e+02 2.140547540375270046e+02 1.157490672236181695e+02
1.076693828767430716e+02 2.140662819860064587e+02 1.157402481372952536e+02
1.076693828767430716e+02 2.140662819860064587e+02 1.157402481372952536e+02
1.076869917532333574e+02 2.140665850641101997e+02 1.157172458174132572e+02
1.077046006297236431e+02 2.140668881422139123e+02 1.156942434975312750e+02
1.077222095062139289e+02 2.140671912203176532e+02 1.156712411776492786e+02
1.077398183827042288e+02 2.140674942984213658e+02 1.156482388577672822e+02
1.077574272591945146e+02 2.140677973765251068e+02 1.156252365378852858e+02
1.077750361356848003e+02 2.140681004546288477e+02 1.156022342180033036e+02
1.077926450121750861e+02 2.140684035327325603e+02 1.155792318981213072e+02
1.078102538886653718e+02 2.140687066108363013e+02 1.155562295782393107e+02
1.078278627651556576e+02 2.140690096889400422e+02 1.155332272583573143e+02
1.078454716416459434e+02 2.140693127670437548e+02 1.155102249384753321e+02
1.078630805181362291e+02 2.140696158451474957e+02 1.154872226185933357e+02
1.078806893946265291e+02 2.140699189232512083e+02 1.154642202987113393e+02
1.078982982711168148e+02 2.140702220013549493e+02 1.154412179788293429e+02
1.079159071476071006e+02 2.140705250794586902e+02 1.154182156589473607e+02
1.079335160240973863e+02 2.140708281575624028e+02 1.153952133390653643e+02
1.079511249005876721e+02 2.140711312356661438e+02 1.153722110191833679e+02
1.079687337770779578e+02 2.140714343137698563e+02 1.153492086993013714e+02
1.079863426535682436e+02 2.140717373918735973e+02 1.153262063794193892e+02
1.080039515300585293e+02 2.140720404699773383e+02 1.153032040595373928e+02
1.080215604065488293e+02 2.140723435480810508e+02 1.152802017396553964e+02
1.080391692830391150e+02 2.140726466261847918e+02 1.152571994197734000e+02
1.080567781595294008e+02 2.140729497042885043e+02 1.152341970998914178e+02
1.080743870360196865e+02 2.140732527823922453e+02 1.152111947800094214e+02
1.080919959125099723e+02 2.140735558604959863e+02 1.151881924601274250e+02
1.081096047890002581e+02 2.140738589385996988e+02 1.151651901402454286e+02
1.081272136654905438e+02 2.140741620167034398e+02 1.151421878203634463e+02
1.081448225419808296e+02 2.140744650948071808e+02 1.151191855004814499e+02
1.081624314184711295e+02 2.140747681729108933e+02 1.150961831805994535e+02
1.081800402949614153e+02 2.140750712510146343e+02 1.150731808607174571e+02
1.081976491714517010e+02 2.140753743291183469e+02 1.150501785408354749e+02
1.082152580479419868e+02 2.140756774072220878e+02 1.150271762209534785e+02
1.082152580479419868e+02 2.140756774072220878e+02 1.150271762209534785e+02
1.082242389040881250e+02 2.140573157621642792e+02 1.149962804123418749e+02
1.082332197602342774e+02 2.140389541171064991e+02 1.149653846037302856e+02
1.082422006163804156e+02 2.140205924720486905e+02 1.149344887951186820e+02
1.082511814725265538e+02 2.140022308269908820e+02 1.149035929865070926e+02
1.082601623286726920e+02 2.139838691819331018e+02 1.148726971778954891e+02
1.082691431848188302e+02 2.139655075368752932e+02 1.148418013692838997e+02
1.082781240409649826e+02 2.139471458918175131e+02 1.148109055606722961e+02
1.082871048971111207e+02 2.139287842467597045e+02 1.147800097520606926e+02
1.082960857532572589e+02 2.139104226017018959e+02 1.147491139434491032e+02
1.083050666094034113e+02 2.138920609566441158e+02 1.147182181348374996e+02
1.083140474655495495e+02 2.138736993115863072e+02 1.146873223262259103e+02
1.083230283216956877e+02 2.138553376665284986e+02 1.146564265176143067e+02
1.083320091778418259e+02 2.138369760214707185e+02 1.146255307090027173e+02
1.083409900339879641e+02 2.138186143764129099e+02 1.145946349003911138e+02
1.083499708901341165e+02 2.138002527313551013e+02 1.145637390917795102e+02
1.083589517462802547e+02 2.137818910862973212e+02 1.145328432831679208e+02
1.083679326024263929e+02 2.137635294412395126e+02 1.145019474745563173e+02
1.083769134585725453e+02 2.137451677961817040e+02 1.144710516659447279e+02
1.083858943147186835e+02 2.137268061511239239e+02 1.144401558573331243e+02
1.083948751708648217e+02 2.137084445060661153e+02 1.144092600487215350e+02
1.084038560270109599e+02 2.136900828610083067e+02 1.143783642401099314e+02
1.084128368831570981e+02 2.136717212159505266e+02 1.143474684314983278e+02
1.084218177393032505e+02 2.136533595708927180e+02 1.143165726228867385e+02
1.084307985954493887e+02 2.136349979258349379e+02 1.142856768142751349e+02
1.084397794515955269e+02 2.136166362807771293e+02 1.142547810056635456e+02
1.084487603077416793e+02 2.135982746357193207e+02 1.142238851970519420e+02
1.084577411638878175e+02 2.135799129906615406e+02 1.141929893884403526e+02
1.084667220200339557e+02 2.135615513456037320e+02 1.141620935798287491e+02
1.084667220200339557e+02 2.135615513456037320e+02 1.141620935798287491e+02
1.084875072368860032e+02 2.135608469516037928e+02 1.141475152244080249e+02
1.085082924537380507e+02 2.135601425576038537e+02 1.141329368689873149e+02
1.085290776705901123e+02 2.135594381636038861e+02 1.141183585135665908e+02
1.085498628874421598e+02 2.135587337696039469e+02 1.141037801581458666e+02
1.085706481042942073e+02 2.135580293756040078e+02 1.140892018027251567e+02
1.085914333211462548e+02 2.135573249816040686e+02 1.140746234473044325e+02
1.086122185379983165e+02 2.135566205876041295e+02 1.140600450918837083e+02
1.086330037548503640e+02 2.135559161936041903e+02 1.140454667364629984e+02
1.086537889717024115e+02 2.135552117996042227e+02 1.140308883810422742e+02
1.086745741885544589e+02 2.135545074056042836e+02 1.140163100256215500e+02
1.086953594054065206e+02 2.135538030116043444e+02 1.140017316702008401e+02
1.087161446222585681e+02 2.135530986176044053e+02 1.139871533147801159e+02
1.087369298391106156e+02 2.135523942236044661e+02 1.139725749593593918e+02
1.087577150559626631e+02 2.135516898296044985e+02 1.139579966039386818e+02
1.087785002728147248e+02 2.135509854356045594e+02 1.139434182485179576e+02
1.087992854896667723e+02 2.135502810416046202e+02 1.139288398930972335e+02
1.088200707065188197e+02 2.135495766476046811e+02 1.139142615376765235e+02
1.088408559233708672e+02 2.135488722536047419e+02 1.138996831822557994e+02
1.088616411402229289e+02 2.135481678596048027e+02 1.138851048268350752e+02
1.088824263570749764e+02 2.135474634656048352e+02 1.138705264714143652e+02
1.089032115739270239e+02 2.135467590716048960e+02 1.138559481159936411e+02
1.089239967907790714e+02 2.135460546776049569e+02 1.138413697605729169e+02
1.089447820076311331e+02 2.135453502836050177e+02 1.138267914051522069e+02
1.089655672244831806e+02 2.135446458896050785e+02 1.138122130497314828e+02
1.089863524413352280e+02 2.135439414956051110e+02 1.137976346943107586e+02
1.090071376581872755e+02 2.135432371016051718e+02 1.137830563388900487e+02
1.090279228750393372e+02 2.135425327076052326e+02 1.137684779834693245e+02
1.090487080918913847e+02 2.135418283136052935e+02 1.137538996280486003e+02
1.090694933087434322e+02 2.135411239196053543e+02 1.137393212726278904e+02
1.090902785255954797e+02 2.135404195256054152e+02 1.137247429172071662e+02
1.091110637424475414e+02 2.135397151316054476e+02 1.137101645617864421e+02
1.091318489592995888e+02 2.135390107376055084e+02 1.136955862063657321e+02
1.091526341761516363e+02 2.135383063436055693e+02 1.136810078509450079e+02
1.091526341761516363e+02 2.135383063436055693e+02 1.136810078509450079e+02
1.091716921156456834e+02 2.135605921944632257e+02 1.136807146018697807e+02
1.091907500551397305e+02 2.135828780453208822e+02 1.136804213527945535e+02
1.092098079946337634e+02 2.136051638961785670e+02 1.136801281037193263e+02
1.092288659341278105e+02 2.136274497470362235e+02 1.136798348546440849e+02
1.092479238736218576e+02 2.136497355978938799e+02 1.136795416055688577e+02
1.092669818131159047e+02 2.136720214487515364e+02 1.136792483564936305e+02
1.092860397526099376e+02 2.136943072996091928e+02 1.136789551074184033e+02
1.093050976921039847e+02 2.137165931504668777e+02 1.136786618583431760e+02
1.093241556315980318e+02 2.137388790013245341e+02 1.136783686092679488e+02
1.093432135710920790e+02 2.137611648521821905e+02 1.136780753601927074e+02
1.093622715105861118e+02 2.137834507030398470e+02 1.136777821111174802e+02
1.093813294500801589e+02 2.138057365538975034e+02 1.136774888620422530e+02
1.094003873895742061e+02 2.138280224047551883e+02 1.136771956129670258e+02
1.094194453290682532e+02 2.138503082556128447e+02 1.136769023638917986e+02
1.094385032685623003e+02 2.138725941064705012e+02 1.136766091148165714e+02
1.094575612080563332e+02 2.138948799573281576e+02 1.136763158657413442e+02
1.094766191475503803e+02 2.139171658081858141e+02 1.136760226166661027e+02
1.094956770870444274e+02 2.139394516590434705e+02 1.136757293675908755e+02
1.095147350265384745e+02 2.139617375099011554e+02 1.136754361185156483e+02
1.095337929660325074e+02 2.139840233607588118e+02 1.136751428694404211e+02
1.095528509055265545e+02 2.140063092116164682e+02 1.136748496203651939e+02
1.095719088450206016e+02 2.140285950624741247e+02 1.136745563712899667e+02
1.095909667845146487e+02 2.140508809133317811e+02 1.136742631222147253e+02
1.096100247240086816e+02 2.140731667641894660e+02 1.136739698731394981e+02
1.096290826635027287e+02 2.140954526150471224e+02 1.136736766240642709e+02
1.096481406029967758e+02 2.141177384659047789e+02 1.136733833749890437e+02
1.096481406029967758e+02 2.141177384659047789e+02 1.136733833749890437e+02
1.096706786104833071e+02 2.141424686305293221e+02 1.136602241151631034e+02
1.096932166179698243e+02 2.141671987951538654e+02 1.136470648553371490e+02
1.097157546254563556e+02 2.141919289597784086e+02 1.136339055955112087e+02
1.097382926329428869e+02 2.142166591244029803e+02 1.136207463356852685e+02
1.097608306404294183e+02 2.142413892890275235e+02 1.136075870758593140e+02
1.097833686479159354e+02 2.142661194536520668e+02 1.135944278160333738e+02
1.098059066554024668e+02 2.142908496182766100e+02 1.135812685562074336e+02
1.098284446628889981e+02 2.143155797829011533e+02 1.135681092963814791e+02
1.098509826703755152e+02 2.143403099475257250e+02 1.135549500365555389e+02
1.098735206778620466e+02 2.143650401121502682e+02 1.135417907767295986e+02
1.098960586853485779e+02 2.143897702767748115e+02 1.135286315169036442e+02
1.099185966928351093e+02 2.144145004413993547e+02 1.135154722570777039e+02
1.099411347003216264e+02 2.144392306060238980e+02 1.135023129972517637e+02
1.099636727078081577e+02 2.144639607706484412e+02 1.134891537374258093e+02
1.099862107152946891e+02 2.144886909352729845e+02 1.134759944775998690e+02
1.100087487227812062e+02 2.145134210998975561e+02 1.134628352177739288e+02
1.100312867302677375e+02 2.145381512645220994e+02 1.134496759579479743e+02
1.100538247377542689e+02 2.145628814291466426e+02 1.134365166981220341e+02
1.100763627452407860e+02 2.145876115937711859e+02 1.134233574382960938e+02
1.100989007527273174e+02 2.146123417583957291e+02 1.134101981784701394e+02
1.101214387602138487e+02 2.146370719230203008e+02 1.133970389186441992e+02
1.101439767677003800e+02 2.146618020876448441e+02 1.133838796588182589e+02
1.101665147751868972e+02 2.146865322522693873e+02 1.133707203989923045e+02
1.101890527826734285e+02 2.147112624168939305e+02 1.133575611391663642e+02
1.101890527826734285e+02 2.147112624168939305e+02 1.133575611391663642e+02
1.102140097006043220e+02 2.147404463772611223e+02 1.133571771210984025e+02
1.102389666185352155e+02 2.147696303376283424e+02 1.133567931030304408e+02
1.102639235364660948e+02 2.147988142979955342e+02 1.133564090849624790e+02
1.102888804543969883e+02 2.148279982583627543e+02 1.133560250668945173e+02
1.103138373723278818e+02 2.148571822187299460e+02 1.133556410488265698e+02
1.103387942902587753e+02 2.148863661790971378e+02 1.133552570307586080e+02
1.103637512081896688e+02 2.149155501394643579e+02 1.133548730126906463e+02
1.103887081261205623e+02 2.149447340998315497e+02 1.133544889946226846e+02
1.104136650440514416e+02 2.149739180601987698e+02 1.133541049765547228e+02
1.104386219619823351e+02 2.150031020205659615e+02 1.133537209584867611e+02
1.104635788799132285e+02 2.150322859809331533e+02 1.133533369404187994e+02
1.104885357978441220e+02 2.150614699413003734e+02 1.133529529223508376e+02
1.105134927157750155e+02 2.150906539016675652e+02 1.133525689042828759e+02
1.105384496337058948e+02 2.151198378620347853e+02 1.133521848862149284e+02
1.105634065516367883e+02 2.151490218224019770e+02 1.133518008681469666e+02
1.105883634695676818e+02 2.151782057827691972e+02 1.133514168500790049e+02
1.106133203874985753e+02 2.152073897431363889e+02 1.133510328320110432e+02
1.106382773054294688e+02 2.152365737035035806e+02 1.133506488139430814e+02
1.106632342233603481e+02 2.152657576638708008e+02 1.133502647958751197e+02
1.106881911412912416e+02 2.152949416242379925e+02 1.133498807778071580e+02
1.107131480592221351e+02 2.153241255846052127e+02 1.133494967597391962e+02
1.107381049771530286e+02 2.153533095449724044e+02 1.133491127416712345e+02
1.107630618950839221e+02 2.153824935053395961e+02 1.133487287236032870e+02
1.107880188130148156e+02 2.154116774657068163e+02 1.133483447055353253e+02
1.108129757309456949e+02 2.154408614260740080e+02 1.133479606874673635e+02
1.108379326488765884e+02 2.154700453864412282e+02 1.133475766693994018e+02
1.108628895668074819e+02 2.154992293468084199e+02 1.133471926513314401e+02
1.108628895668074819e+02 2.154992293468084199e+02 1.133471926513314401e+02
1.108779140842146234e+02 2.155167986204567399e+02 1.133469614654869844e+02
1.108929386016217791e+02 2.155343678941050598e+02 1.133467302796425429e+02
1.109079631190289206e+02 2.155519371677533798e+02 1.133464990937980872e+02
1.109229876364360621e+02 2.155695064414016997e+02 1.133462679079536457e+02
1.109380121538432178e+02 2.155870757150500197e+02 1.133460367221091900e+02
1.109530366712503593e+02 2.156046449886983396e+02 1.133458055362647343e+02
1.109680611886575008e+02 2.156222142623466596e+02 1.133455743504202928e+02
1.109830857060646565e+02 2.156397835359949795e+02 1.133453431645758371e+02
1.109981102234717980e+02 2.156573528096433279e+02 1.133451119787313957e+02
1.110131347408789395e+02 2.156749220832916478e+02 1.133448807928869400e+02
1.110281592582860952e+02 2.156924913569399678e+02 1.133446496070424843e+02
1.110431837756932367e+02 2.157100606305882877e+02 1.133444184211980428e+02
1.110582082931003782e+02 2.157276299042366077e+02 1.133441872353535871e+02
1.110732328105075339e+02 2.157451991778849276e+02 1.133439560495091456e+02
1.110882573279146754e+02 2.157627684515332476e+02 1.133437248636646899e+02
1.111032818453218169e+02 2.157803377251815675e+02 1.133434936778202342e+02
1.111183063627289727e+02 2.157979069988298875e+02 1.133432624919757927e+02
1.111333308801361142e+02 2.158154762724782074e+02 1.133430313061313370e+02
1.111483553975432557e+02 2.158330455461265274e+02 1.133428001202868813e+02
1.111633799149504114e+02 2.158506148197748473e+02 1.133425689344424399e+02
1.111784044323575529e+02 2.158681840934231673e+02 1.133423377485979842e+02
1.111934289497646944e+02 2.158857533670714872e+02 1.133421065627535427e+02
1.112084534671718501e+02 2.159033226407198072e+02 1.133418753769090870e+02
1.112234779845789916e+02 2.159208919143681271e+02 1.133416441910646313e+02
1.112385025019861331e+02 2.159384611880164755e+02 1.133414130052201898e+02
1.112535270193932888e+02 2.159560304616647954e+02 1.133411818193757341e+02
1.112685515368004303e+02 2.159735997353131154e+02 1.133409506335312926e+02
1.112835760542075718e+02 2.159911690089614353e+02 1.133407194476868369e+02
1.112986005716147275e+02 2.160087382826097553e+02 1.133404882618423812e+02
1.113136250890218690e+02 2.160263075562580752e+02 1.133402570759979398e+02
1.113286496064290105e+02 2.160438768299063952e+02 1.133400258901534841e+02
1.113436741238361662e+02 2.160614461035547151e+02 1.133397947043090426e+02
1.113586986412433077e+02 2.160790153772030351e+02 1.133395635184645869e+02
1.113586986412433077e+02 2.160790153772030351e+02 1.133395635184645869e+02
1.113728910917451458e+02 2.161055546276229506e+02 1.133408286586106044e+02
1.113870835422469838e+02 2.161320938780428662e+02 1.133420937987566219e+02
1.114012759927488219e+02 2.161586331284627818e+02 1.133433589389026395e+02
1.114154684432506741e+02 2.161851723788826973e+02 1.133446240790486570e+02
1.114296608937525122e+02 2.162117116293026129e+02 1.133458892191946745e+02
1.114438533442543502e+02 2.162382508797225000e+02 1.133471543593406921e+02
1.114580457947561882e+02 2.162647901301424156e+02 1.133484194994867096e+02
1.114722382452580263e+02 2.162913293805623312e+02 1.133496846396327271e+02
1.114864306957598785e+02 2.163178686309822467e+02 1.133509497797787446e+02
1.115006231462617166e+02 2.163444078814021623e+02 1.133522149199247622e+02
1.115148155967635546e+02 2.163709471318220778e+02 1.133534800600707797e+02
1.115290080472653926e+02 2.163974863822419934e+02 1.133547452002167972e+02
1.115432004977672307e+02 2.164240256326619090e+02 1.133560103403628005e+02
1.115573929482690687e+02 2.164505648830818245e+02 1.133572754805088181e+02
1.115715853987709067e+02 2.164771041335017401e+02 1.133585406206548356e+02
1.115857778492727590e+02 2.165036433839216556e+02 1.133598057608008531e+02
1.115999702997745970e+02 2.165301826343415712e+02 1.133610709009468707e+02
1.116141627502764351e+02 2.165567218847614868e+02 1.133623360410928882e+02
1.116283552007782731e+02 2.165832611351813739e+02 1.133636011812389057e+02
1.116425476512801112e+02 2.166098003856012895e+02 1.133648663213849233e+02
1.116567401017819634e+02 2.166363396360212050e+02 1.133661314615309408e+02
1.116709325522838014e+02 2.166628788864411206e+02 1.133673966016769583e+02
1.116851250027856395e+02 2.166894181368610361e+02 1.133686617418229758e+02
1.116993174532874775e+02 2.167159573872809517e+02 1.133699268819689934e+02
1.116993174532874775e+02 2.167159573872809517e+02 1.133699268819689934e+02
1.116972643211177711e+02 2.167306732293605762e+02 1.133880896191934085e+02
1.116952111889480790e+02 2.167453890714402291e+02 1.134062523564178235e+02
1.116931580567783726e+02 2.167601049135198537e+02 1.134244150936422386e+02
1.116911049246086662e+02 2.167748207555994782e+02 1.134425778308666395e+02
1.116890517924389741e+02 2.167895365976791311e+02 1.134607405680910546e+02
1.116869986602692677e+02 2.168042524397587556e+02 1.134789033053154697e+02
1.116849455280995613e+02 2.168189682818383801e+02 1.134970660425398847e+02
1.116828923959298692e+02 2.168336841239180330e+02 1.135152287797642998e+02
1.116808392637601628e+02 2.168483999659976575e+02 1.135333915169887149e+02
1.116787861315904564e+02 2.168631158080772821e+02 1.135515542542131300e+02
1.116767329994207643e+02 2.168778316501569350e+02 1.135697169914375451e+02
1.116746798672510579e+02 2.168925474922365595e+02 1.135878797286619459e+02
1.116726267350813657e+02 2.169072633343162124e+02 1.136060424658863610e+02
1.116705736029116593e+02 2.169219791763958369e+02 1.136242052031107761e+02
1.116685204707419530e+02 2.169366950184754614e+02 1.136423679403351912e+02
1.116664673385722608e+02 2.169514108605551144e+02 1.136605306775596063e+02
1.116644142064025544e+02 2.169661267026347389e+02 1.136786934147840213e+02
1.116623610742328481e+02 2.169808425447143634e+02 1.136968561520084364e+02
1.116603079420631559e+02 2.169955583867940163e+02 1.137150188892328515e+02
1.116582548098934495e+02 2.170102742288736408e+02 1.137331816264572524e+02
1.116562016777237432e+02 2.170249900709532653e+02 1.137513443636816675e+02
1.116541485455540510e+02 2.170397059130329183e+02 1.137695071009060825e+02
1.116520954133843446e+02 2.170544217551125428e+02 1.137876698381304976e+02
1.116520954133843446e+02 2.170544217551125428e+02 1.137876698381304976e+02
1.116493297701025682e+02 2.170742445265755123e+02 1.138121357020065432e+02
1.116465641268207776e+02 2.170940672980385102e+02 1.138366015658825887e+02
1.116437984835390012e+02 2.171138900695014797e+02 1.138610674297586343e+02
1.116410328402572247e+02 2.171337128409644492e+02 1.138855332936346798e+02
1.116382671969754341e+02 2.171535356124274472e+02 1.139099991575107254e+02
1.116355015536936577e+02 2.171733583838904167e+02 1.139344650213867709e+02
1.116327359104118813e+02 2.171931811553534146e+02 1.139589308852628164e+02
1.116299702671300906e+02 2.172130039268163841e+02 1.139833967491388478e+02
1.116272046238483142e+02 2.172328266982793536e+02 1.140078626130148933e+02
1.116244389805665378e+02 2.172526494697423516e+02 1.140323284768909389e+02
1.116216733372847614e+02 2.172724722412053211e+02 1.140567943407669844e+02
1.116189076940029707e+02 2.172922950126683190e+02 1.140812602046430300e+02
1.116161420507211943e+02 2.173121177841312885e+02 1.141057260685190755e+02
1.116133764074394179e+02 2.173319405555942581e+02 1.141301919323951211e+02
1.116106107641576273e+02 2.173517633270572560e+02 1.141546577962711666e+02
1.116078451208758509e+02 2.173715860985202255e+02 1.141791236601472121e+02
1.116078451208758509e+02 2.173715860985202255e+02 1.141791236601472121e+02
1.115838140923431894e+02 2.173703573758754999e+02 1.142093137199044435e+02
1.115597830638105421e+02 2.173691286532307743e+02 1.142395037796616748e+02
1.115357520352778806e+02 2.173678999305860486e+02 1.142696938394189061e+02
1.115117210067452334e+02 2.173666712079412946e+02 1.142998838991761374e+02
1.114876899782125719e+02 2.173654424852965690e+02 1.143300739589333688e+02
1.114636589496799104e+02 2.173642137626518434e+02 1.143602640186906001e+02
1.114396279211472631e+02 2.173629850400071177e+02 1.143904540784478314e+02
1.114155968926146016e+02 2.173617563173623921e+02 1.144206441382050770e+02
1.113915658640819544e+02 2.173605275947176665e+02 1.144508341979623083e+02
1.113675348355492929e+02 2.173592988720729409e+02 1.144810242577195396e+02
1.113435038070166314e+02 2.173580701494282152e+02 1.145112143174767709e+02
1.113194727784839841e+02 2.173568414267834612e+02 1.145414043772340023e+02
1.112954417499513227e+02 2.173556127041387356e+02 1.145715944369912336e+02
1.112714107214186754e+02 2.173543839814940100e+02 1.146017844967484649e+02
1.112473796928860139e+02 2.173531552588492843e+02 1.146319745565056962e+02
1.112473796928860139e+02 2.173531552588492843e+02 1.146319745565056962e+02
1.112170058637188390e+02 2.173376561884454645e+02 1.146304043073323271e+02
1.111866320345516641e+02 2.173221571180416731e+02 1.146288340581589438e+02
1.111562582053844892e+02 2.173066580476378533e+02 1.146272638089855604e+02
1.111258843762173285e+02 2.172911589772340619e+02 1.146256935598121913e+02
1.110955105470501536e+02 2.172756599068302421e+02 1.146241233106388222e+02
1.110651367178829787e+02 2.172601608364264507e+02 1.146225530614654389e+02
1.110347628887158038e+02 2.172446617660226309e+02 1.146209828122920555e+02
1.110043890595486289e+02 2.172291626956188395e+02 1.146194125631186864e+02
1.109740152303814682e+02 2.172136636252150197e+02 1.146178423139453173e+02
1.109436414012142933e+02 2.171981645548111999e+02 1.146162720647719340e+02
1.109132675720471184e+02 2.171826654844074085e+02 1.146147018155985506e+02
1.108828937428799435e+02 2.171671664140035887e+02 1.146131315664251815e+02
1.108525199137127686e+02 2.171516673435997973e+02 1.146115613172518124e+02
1.108221460845455937e+02 2.171361682731959775e+02 1.146099910680784291e+02
1.107917722553784188e+02 2.171206692027921861e+02 1.146084208189050457e+02
1.107613984262112581e+02 2.171051701323883663e+02 1.146068505697316766e+02
1.107310245970440832e+02 2.170896710619845749e+02 1.146052803205583075e+02
1.107006507678769083e+02 2.170741719915807550e+02 1.146037100713849242e+02
1.107006507678769083e+02 2.170741719915807550e+02 1.146037100713849242e+02
1.106859737411513720e+02 2.170604608789053316e+02 1.146244287231878474e+02
1.106712967144258499e+02 2.170467497662298797e+02 1.146451473749907564e+02
1.106566196877003136e+02 2.170330386535544562e+02 1.146658660267936796e+02
1.106419426609747774e+02 2.170193275408790328e+02 1.146865846785965886e+02
1.106272656342492411e+02 2.170056164282035809e+02 1.147073033303995118e+02
1.106125886075237190e+02 2.169919053155281574e+02 1.147280219822024208e+02
1.105979115807981827e+02 2.169781942028527340e+02 1.147487406340053440e+02
1.105832345540726465e+02 2.169644830901772821e+02 1.147694592858082530e+02
1.105685575273471102e+02 2.169507719775018586e+02 1.147901779376111762e+02
1.105538805006215881e+02 2.169370608648264351e+02 1.148108965894140852e+02
1.105392034738960518e+02 2.169233497521510117e+02 1.148316152412170084e+02
1.105245264471705156e+02 2.169096386394755598e+02 1.148523338930199174e+02
1.105098494204449793e+02 2.168959275268001363e+02 1.148730525448228406e+02
1.104951723937194572e+02 2.168822164141247129e+02 1.148937711966257496e+02
1.104804953669939209e+02 2.168685053014492610e+02 1.149144898484286728e+02
1.104658183402683846e+02 2.168547941887738375e+02 1.149352085002315818e+02
1.104511413135428484e+02 2.168410830760984140e+02 1.149559271520345050e+02
1.104364642868173263e+02 2.168273719634229622e+02 1.149766458038374140e+02
1.104217872600917900e+02 2.168136608507475387e+02 1.149973644556403372e+02
1.104217872600917900e+02 2.168136608507475387e+02 1.149973644556403372e+02
1.104073190135754317e+02 2.168266576177681770e+02 1.150169731433461919e+02
1.103928507670590875e+02 2.168396543847888154e+02 1.150365818310520467e+02
1.103783825205427291e+02 2.168526511518094253e+02 1.150561905187579015e+02
1.103639142740263708e+02 2.168656479188300636e+02 1.150757992064637563e+02
1.103494460275100124e+02 2.168786446858507020e+02 1.150954078941695968e+02
1.103349777809936683e+02 2.168916414528713403e+02 1.151150165818754516e+02
1.103205095344773099e+02 2.169046382198919503e+02 1.151346252695813064e+02
1.103060412879609515e+02 2.169176349869125886e+02 1.151542339572871612e+02
1.102915730414446074e+02 2.169306317539332269e+02 1.151738426449930159e+02
1.102771047949282490e+02 2.169436285209538653e+02 1.151934513326988707e+02
1.102626365484118907e+02 2.169566252879744752e+02 1.152130600204047255e+02
1.102481683018955465e+02 2.169696220549951136e+02 1.152326687081105803e+02
1.102337000553791881e+02 2.169826188220157519e+02 1.152522773958164208e+02
1.102192318088628298e+02 2.169956155890363902e+02 1.152718860835222756e+02
1.102047635623464714e+02 2.170086123560570002e+02 1.152914947712281304e+02
1.101902953158301273e+02 2.170216091230776385e+02 1.153111034589339852e+02
1.101758270693137689e+02 2.170346058900982769e+02 1.153307121466398399e+02
1.101758270693137689e+02 2.170346058900982769e+02 1.153307121466398399e+02
1.101527500410733040e+02 2.170581312783602925e+02 1.153306462376884269e+02
1.101296730128328250e+02 2.170816566666222798e+02 1.153305803287369997e+02
1.101065959845923601e+02 2.171051820548842954e+02 1.153305144197855867e+02
1.100835189563518952e+02 2.171287074431463111e+02 1.153304485108341595e+02
1.100604419281114161e+02 2.171522328314082984e+02 1.153303826018827465e+02
1.100373648998709513e+02 2.171757582196703140e+02 1.153303166929313193e+02
1.100142878716304722e+02 2.171992836079323297e+02 1.153302507839799063e+02
1.099912108433900073e+02 2.172228089961943169e+02 1.153301848750284933e+02
1.099681338151495424e+02 2.172463343844563326e+02 1.153301189660770660e+02
1.099450567869090634e+02 2.172698597727183198e+02 1.153300530571256530e+02
1.099219797586685985e+02 2.172933851609803355e+02 1.153299871481742258e+02
1.098989027304281336e+02 2.173169105492423512e+02 1.153299212392228128e+02
1.098758257021876545e+02 2.173404359375043384e+02 1.153298553302713856e+02
1.098527486739471897e+02 2.173639613257663541e+02 1.153297894213199726e+02
1.098527486739471897e+02 2.173639613257663541e+02 1.153297894213199726e+02
1.098248298285856919e+02 2.173924226020672563e+02 1.153297096839376934e+02
1.097969109832242083e+02 2.174208838783681870e+02 1.153296299465554142e+02
1.097689921378627105e+02 2.174493451546690892e+02 1.153295502091731493e+02
1.097410732925012269e+02 2.174778064309700198e+02 1.153294704717908701e+02
1.097131544471397291e+02 2.175062677072709221e+02 1.153293907344085909e+02
1.096852356017782455e+02 2.175347289835718527e+02 1.153293109970263117e+02
1.096573167564167477e+02 2.175631902598727550e+02 1.153292312596440468e+02
1.096293979110552499e+02 2.175916515361736572e+02 1.153291515222617676e+02
1.096014790656937663e+02 2.176201128124745878e+02 1.153290717848794884e+02
1.095735602203322685e+02 2.176485740887754901e+02 1.153289920474972092e+02
1.095456413749707849e+02 2.176770353650764207e+02 1.153289123101149301e+02
1.095177225296092871e+02 2.177054966413773229e+02 1.153288325727326651e+02
1.094898036842478035e+02 2.177339579176782536e+02 1.153287528353503859e+02
1.094618848388863057e+02 2.177624191939791558e+02 1.153286730979681067e+02
1.094618848388863057e+02 2.177624191939791558e+02 1.153286730979681067e+02
1.094512035764859945e+02 2.177942818281937889e+02 1.153465671689229879e+02
1.094405223140856691e+02 2.178261444624084220e+02 1.153644612398778690e+02
1.094298410516853579e+02 2.178580070966230551e+02 1.153823553108327644e+02
1.094191597892850467e+02 2.178898697308376882e+02 1.154002493817876456e+02
1.094084785268847355e+02 2.179217323650523213e+02 1.154181434527425267e+02
1.093977972644844101e+02 2.179535949992669543e+02 1.154360375236974079e+02
1.093871160020840989e+02 2.179854576334815874e+02 1.154539315946522890e+02
1.093764347396837877e+02 2.180173202676962205e+02 1.154718256656071702e+02
1.093657534772834623e+02 2.180491829019108252e+02 1.154897197365620656e+02
1.093550722148831511e+02 2.180810455361254583e+02 1.155076138075169467e+02
1.093443909524828399e+02 2.181129081703400914e+02 1.155255078784718279e+02
1.093337096900825145e+02 2.181447708045547245e+02 1.155434019494267091e+02
1.093230284276822033e+02 2.181766334387693576e+02 1.155612960203815902e+02
1.093123471652818921e+02 2.182084960729839906e+02 1.155791900913364714e+02
1.093016659028815809e+02 2.182403587071986237e+02 1.155970841622913667e+02
1.092909846404812555e+02 2.182722213414132568e+02 1.156149782332462479e+02
1.092803033780809443e+02 2.183040839756278899e+02 1.156328723042011291e+02
1.092803033780809443e+02 2.183040839756278899e+02 1.156328723042011291e+02
1.092915797427224760e+02 2.183342864268699657e+02 1.156315170760035471e+02
1.093028561073640077e+02 2.183644888781120130e+02 1.156301618478059794e+02
1.093141324720055394e+02 2.183946913293540888e+02 1.156288066196084117e+02
1.093254088366470711e+02 2.184248937805961646e+02 1.156274513914108297e+02
1.093366852012886028e+02 2.184550962318382403e+02 1.156260961632132478e+02
1.093479615659301345e+02 2.184852986830802877e+02 1.156247409350156801e+02
1.093592379305716662e+02 2.185155011343223634e+02 1.156233857068181123e+02
1.093705142952131979e+02 2.185457035855644392e+02 1.156220304786205304e+02
1.093817906598547296e+02 2.185759060368064866e+02 1.156206752504229485e+02
1.093930670244962471e+02 2.186061084880485623e+02 1.156193200222253807e+02
1.094043433891377788e+02 2.186363109392906381e+02 1.156179647940278130e+02
1.094156197537793105e+02 2.186665133905326854e+02 1.156166095658302311e+02
1.094268961184208422e+02 2.186967158417747612e+02 1.156152543376326491e+02
1.094381724830623739e+02 2.187269182930168370e+02 1.156138991094350814e+02
1.094494488477039056e+02 2.187571207442588843e+02 1.156125438812375137e+02
1.094607252123454373e+02 2.187873231955009601e+02 1.156111886530399318e+02
1.094720015769869690e+02 2.188175256467430358e+02 1.156098334248423498e+02
1.094832779416285007e+02 2.188477280979851116e+02 1.156084781966447821e+02
1.094945543062700324e+02 2.188779305492271590e+02 1.156071229684472144e+02
1.095058306709115641e+02 2.189081330004692347e+02 1.156057677402496324e+02
1.095058306709115641e+02 2.189081330004692347e+02 1.156057677402496324e+02
1.095224138232889146e+02 2.189391427569335633e+02 1.156072459917902933e+02
1.095389969756662509e+02 2.189701525133978635e+02 1.156087242433309541e+02
1.095555801280436015e+02 2.190011622698621920e+02 1.156102024948716149e+02
1.095721632804209520e+02 2.190321720263265206e+02 1.156116807464122758e+02
1.095887464327982883e+02 2.190631817827908208e+02 1.156131589979529366e+02
1.096053295851756388e+02 2.190941915392551493e+02 1.156146372494935974e+02
1.096219127375529894e+02 2.191252012957194779e+02 1.156161155010342583e+02
1.096384958899303257e+02 2.191562110521837781e+02 1.156175937525749191e+02
1.096550790423076762e+02 2.191872208086481066e+02 1.156190720041155799e+02
1.096716621946850125e+02 2.192182305651124352e+02 1.156205502556562408e+02
1.096882453470623631e+02 2.192492403215767354e+02 1.156220285071969016e+02
1.097048284994397136e+02 2.192802500780410639e+02 1.156235067587375624e+02
1.097214116518170499e+02 2.193112598345053641e+02 1.156249850102782233e+02
1.097379948041944004e+02 2.193422695909696927e+02 1.156264632618188841e+02
1.097545779565717510e+02 2.193732793474340212e+02 1.156279415133595450e+02
1.097711611089490873e+02 2.194042891038983214e+02 1.156294197649002058e+02
1.097877442613264378e+02 2.194352988603626500e+02 1.156308980164408666e+02
1.098043274137037884e+02 2.194663086168269786e+02 1.156323762679815275e+02
1.098209105660811247e+02 2.194973183732912787e+02 1.156338545195221883e+02
1.098374937184584752e+02 2.195283281297556073e+02 1.156353327710628491e+02
1.098374937184584752e+02 2.195283281297556073e+02 1.156353327710628491e+02
1.098518345796290703e+02 2.195551449015170817e+02 1.156366111407984363e+02
1.098661754407996654e+02 2.195819616732785278e+02 1.156378895105340234e+02
1.098805163019702604e+02 2.196087784450400022e+02 1.156391678802696106e+02
1.098948571631408697e+02 2.196355952168014483e+02 1.156404462500051977e+02
1.099091980243114648e+02 2.196624119885629227e+02 1.156417246197407849e+02
1.099235388854820599e+02 2.196892287603243687e+02 1.156430029894763720e+02
1.099378797466526549e+02 2.197160455320858432e+02 1.156442813592119592e+02
1.099522206078232500e+02 2.197428623038472892e+02 1.156455597289475463e+02
1.099665614689938451e+02 2.197696790756087637e+02 1.156468380986831335e+02
1.099809023301644402e+02 2.197964958473702097e+02 1.156481164684187206e+02
1.099952431913350495e+02 2.198233126191316842e+02 1.156493948381543078e+02
1.100095840525056445e+02 2.198501293908931586e+02 1.156506732078899091e+02
1.100239249136762396e+02 2.198769461626546047e+02 1.156519515776254963e+02
1.100382657748468347e+02 2.199037629344160791e+02 1.156532299473610834e+02
1.100526066360174298e+02 2.199305797061775252e+02 1.156545083170966706e+02
1.100669474971880248e+02 2.199573964779389996e+02 1.156557866868322577e+02
1.100812883583586199e+02 2.199842132497004457e+02 1.156570650565678449e+02
1.100956292195292150e+02 2.200110300214619201e+02 1.156583434263034320e+02
1.101099700806998243e+02 2.200378467932233661e+02 1.156596217960390192e+02
1.101243109418704194e+02 2.200646635649848406e+02 1.156609001657746063e+02
1.101386518030410144e+02 2.200914803367462866e+02 1.156621785355101935e+02
1.101529926642116095e+02 2.201182971085077611e+02 1.156634569052457806e+02
1.101529926642116095e+02 2.201182971085077611e+02 1.156634569052457806e+02
1.101532198455926732e+02 2.201499307475812088e+02 1.156611095196235794e+02
1.101534470269737369e+02 2.201815643866546850e+02 1.156587621340013641e+02
1.101536742083548148e+02 2.202131980257281327e+02 1.156564147483791629e+02
1.101539013897358785e+02 2.202448316648016089e+02 1.156540673627569618e+02
1.101541285711169422e+02 2.202764653038750566e+02 1.156517199771347464e+02
1.101543557524980059e+02 2.203080989429485328e+02 1.156493725915125452e+02
1.101545829338790838e+02 2.203397325820219805e+02 1.156470252058903441e+02
1.101548101152601475e+02 2.203713662210954283e+02 1.156446778202681287e+02
1.101550372966412112e+02 2.204029998601689044e+02 1.156423304346459275e+02
1.101552644780222749e+02 2.204346334992423522e+02 1.156399830490237264e+02
1.101554916594033529e+02 2.204662671383158283e+02 1.156376356634015110e+02
1.101557188407844166e+02 2.204979007773892761e+02 1.156352882777793099e+02
1.101559460221654803e+02 2.205295344164627522e+02 1.156329408921571087e+02
1.101561732035465440e+02 2.205611680555362000e+02 1.156305935065348933e+02
1.101564003849276219e+02 2.205928016946096477e+02 1.156282461209126922e+02
1.101566275663086856e+02 2.206244353336831239e+02 1.156258987352904910e+02
1.101568547476897493e+02 2.206560689727565716e+02 1.156235513496682756e+02
1.101570819290708130e+02 2.206877026118300478e+02 1.156212039640460745e+02
1.101573091104518909e+02 2.207193362509034955e+02 1.156188565784238733e+02
1.101575362918329546e+02 2.207509698899769717e+02 1.156165091928016579e+02
1.101577634732140183e+02 2.207826035290504194e+02 1.156141618071794568e+02
1.101577634732140183e+02 2.207826035290504194e+02 1.156141618071794568e+02
1.101579955163490325e+02 2.208149141380798994e+02 1.156117641867569574e+02
1.101582275594840468e+02 2.208472247471093510e+02 1.156093665663344581e+02
1.101584596026190468e+02 2.208795353561388310e+02 1.156069689459119587e+02
1.101586916457540610e+02 2.209118459651683111e+02 1.156045713254894594e+02
1.101589236888890753e+02 2.209441565741977627e+02 1.156021737050669600e+02
1.101591557320240895e+02 2.209764671832272427e+02 1.155997760846444606e+02
1.101593877751591037e+02 2.210087777922567227e+02 1.155973784642219613e+02
1.101596198182941038e+02 2.210410884012861743e+02 1.155949808437994619e+02
1.101598518614291180e+02 2.210733990103156543e+02 1.155925832233769626e+02
1.101600839045641322e+02 2.211057096193451343e+02 1.155901856029544632e+02
1.101603159476991465e+02 2.211380202283745859e+02 1.155877879825319638e+02
1.101605479908341607e+02 2.211703308374040660e+02 1.155853903621094645e+02
1.101607800339691750e+02 2.212026414464335460e+02 1.155829927416869651e+02
1.101610120771041750e+02 2.212349520554629976e+02 1.155805951212644658e+02
1.101612441202391892e+02 2.212672626644924776e+02 1.155781975008419664e+02
1.101614761633742035e+02 2.212995732735219576e+02 1.155757998804194671e+02
1.101617082065092177e+02 2.213318838825514092e+02 1.155734022599969677e+02
1.101619402496442319e+02 2.213641944915808892e+02 1.155710046395744683e+02
1.101621722927792320e+02 2.213965051006103693e+02 1.155686070191519690e+02
1.101624043359142462e+02 2.214288157096398209e+02 1.155662093987294696e+02
1.101626363790492604e+02 2.214611263186693009e+02 1.155638117783069703e+02
1.101626363790492604e+02 2.214611263186693009e+02 1.155638117783069703e+02
1.101336864517372760e+02 2.214906387096528420e+02 1.155637290961117998e+02
1.101047365244252916e+02 2.215201511006364115e+02 1.155636464139166435e+02
1.100757865971133072e+02 2.215496634916199525e+02 1.155635637317214730e+02
1.100468366698013227e+02 2.215791758826035220e+02 1.155634810495263167e+02
1.100178867424893383e+02 2.216086882735870631e+02 1.155633983673311462e+02
1.099889368151773681e+02 2.216382006645706326e+02 1.155633156851359900e+02
1.099599868878653837e+02 2.216677130555541737e+02 1.155632330029408195e+02
1.099310369605533992e+02 2.216972254465377432e+02 1.155631503207456632e+02
1.099020870332414148e+02 2.217267378375212843e+02 1.155630676385504927e+02
1.098731371059294304e+02 2.217562502285048538e+02 1.155629849563553364e+02
1.098441871786174460e+02 2.217857626194883949e+02 1.155629022741601659e+02
1.098152372513054615e+02 2.218152750104719644e+02 1.155628195919650096e+02
1.097862873239934771e+02 2.218447874014555055e+02 1.155627369097698391e+02
1.097573373966814927e+02 2.218742997924390750e+02 1.155626542275746829e+02
1.097283874693695083e+02 2.219038121834226160e+02 1.155625715453795124e+02
1.096994375420575381e+02 2.219333245744061855e+02 1.155624888631843561e+02
1.096704876147455536e+02 2.219628369653897266e+02 1.155624061809891856e+02
1.096415376874335692e+02 2.219923493563732961e+02 1.155623234987940293e+02
1.096125877601215848e+02 2.220218617473568372e+02 1.155622408165988588e+02
1.095836378328096004e+02 2.220513741383404067e+02 1.155621581344037025e+02
1.095546879054976159e+02 2.220808865293239478e+02 1.155620754522085321e+02
1.095546879054976159e+02 2.220808865293239478e+02 1.155620754522085321e+02
1.095414552266615118e+02 2.221100758650339060e+02 1.155630373470650909e+02
1.095282225478254077e+02 2.221392652007438357e+02 1.155639992419216497e+02
1.095149898689893035e+02 2.221684545364537939e+02 1.155649611367782086e+02
1.095017571901531994e+02 2.221976438721637521e+02 1.155659230316347674e+02
1.094885245113170953e+02 2.222268332078737103e+02 1.155668849264913263e+02
1.094752918324809912e+02 2.222560225435836401e+02 1.155678468213478851e+02
1.094620591536448870e+02 2.222852118792935983e+02 1.155688087162044440e+02
1.094488264748087829e+02 2.223144012150035564e+02 1.155697706110610028e+02
1.094355937959726788e+02 2.223435905507135146e+02 1.155707325059175616e+02
1.094223611171365746e+02 2.223727798864234444e+02 1.155716944007741205e+02
1.094091284383004705e+02 2.224019692221334026e+02 1.155726562956306793e+02
1.093958957594643664e+02 2.224311585578433608e+02 1.155736181904872382e+02
1.093826630806282623e+02 2.224603478935533190e+02 1.155745800853437970e+02
1.093694304017921439e+02 2.224895372292632487e+02 1.155755419802003559e+02
1.093561977229560398e+02 2.225187265649732069e+02 1.155765038750569147e+02
1.093429650441199357e+02 2.225479159006831651e+02 1.155774657699134735e+02
1.093297323652838315e+02 2.225771052363931233e+02 1.155784276647700324e+02
1.093164996864477274e+02 2.226062945721030530e+02 1.155793895596265912e+02
1.093032670076116233e+02 2.226354839078130112e+02 1.155803514544831501e+02
1.092900343287755192e+02 2.226646732435229694e+02 1.155813133493397089e+02
1.092768016499394150e+02 2.226938625792329276e+02 1.155822752441962677e+02
1.092635689711033109e+02 2.227230519149428574e+02 1.155832371390528266e+02
1.092503362922672068e+02 2.227522412506528156e+02 1.155841990339093854e+02
1.092371036134311026e+02 2.227814305863627737e+02 1.155851609287659443e+02
1.092238709345949985e+02 2.228106199220727319e+02 1.155861228236225031e+02
1.092106382557588944e+02 2.228398092577826617e+02 1.155870847184790620e+02
1.091974055769227903e+02 2.228689985934926199e+02 1.155880466133356208e+02
1.091974055769227903e+02 2.228689985934926199e+02 1.155880466133356208e+02
1.092142344121671016e+02 2.228950392596096890e+02 1.155851191569390295e+02
1.092310632474113987e+02 2.229210799257267297e+02 1.155821917005424240e+02
1.092478920826557101e+02 2.229471205918437988e+02 1.155792642441458327e+02
1.092647209179000072e+02 2.229731612579608395e+02 1.155763367877492271e+02
1.092815497531443185e+02 2.229992019240779086e+02 1.155734093313526358e+02
1.092983785883886299e+02 2.230252425901949493e+02 1.155704818749560303e+02
1.093152074236329270e+02 2.230512832563120185e+02 1.155675544185594390e+02
1.093320362588772383e+02 2.230773239224290592e+02 1.155646269621628335e+02
1.093488650941215354e+02 2.231033645885461283e+02 1.155616995057662422e+02
1.093656939293658468e+02 2.231294052546631690e+02 1.155587720493696509e+02
1.093825227646101581e+02 2.231554459207802381e+02 1.155558445929730453e+02
1.093993515998544552e+02 2.231814865868972788e+02 1.155529171365764540e+02
1.094161804350987666e+02 2.232075272530143479e+02 1.155499896801798485e+02
1.094330092703430637e+02 2.232335679191313886e+02 1.155470622237832572e+02
1.094498381055873750e+02 2.232596085852484578e+02 1.155441347673866517e+02
1.094666669408316722e+02 2.232856492513654985e+02 1.155412073109900604e+02
1.094834957760759835e+02 2.233116899174825676e+02 1.155382798545934548e+02
1.095003246113202948e+02 2.233377305835996083e+02 1.155353523981968635e+02
1.095171534465645919e+02 2.233637712497166774e+02 1.155324249418002722e+02
1.095339822818089033e+02 2.233898119158337181e+02 1.155294974854036667e+02
1.095508111170532004e+02 2.234158525819507872e+02 1.155265700290070754e+02
1.095676399522975117e+02 2.234418932480678279e+02 1.155236425726104699e+02
1.095844687875418231e+02 2.234679339141848970e+02 1.155207151162138786e+02
1.096012976227861202e+02 2.234939745803019377e+02 1.155177876598172730e+02
1.096181264580304315e+02 2.235200152464190069e+02 1.155148602034206817e+02
1.096349552932747287e+02 2.235460559125360476e+02 1.155119327470240762e+02
1.096517841285190400e+02 2.235720965786531167e+02 1.155090052906274849e+02
1.096517841285190400e+02 2.235720965786531167e+02 1.155090052906274849e+02
1.096633003907379162e+02 2.236029415680812917e+02 1.155076212308009502e+02
1.096748166529567925e+02 2.236337865575094952e+02 1.155062371709744156e+02
1.096863329151756545e+02 2.236646315469376702e+02 1.155048531111478809e+02
1.096978491773945308e+02 2.236954765363658453e+02 1.155034690513213462e+02
1.097093654396134070e+02 2.237263215257940487e+02 1.155020849914948258e+02
1.097208817018322833e+02 2.237571665152222238e+02 1.155007009316682911e+02
1.097323979640511453e+02 2.237880115046503988e+02 1.154993168718417564e+02
1.097439142262700216e+02 2.238188564940786023e+02 1.154979328120152218e+02
1.097554304884888978e+02 2.238497014835067773e+02 1.154965487521886871e+02
1.097669467507077741e+02 2.238805464729349524e+02 1.154951646923621524e+02
1.097784630129266503e+02 2.239113914623631558e+02 1.154937806325356178e+02
1.097899792751455124e+02 2.239422364517913309e+02 1.154923965727090831e+02
1.098014955373643886e+02 2.239730814412195059e+02 1.154910125128825484e+02
1.098130117995832649e+02 2.240039264306477094e+02 1.154896284530560280e+02
1.098245280618021411e+02 2.240347714200758844e+02 1.154882443932294933e+02
1.098360443240210031e+02 2.240656164095040594e+02 1.154868603334029586e+02
1.098475605862398794e+02 2.240964613989322629e+02 1.154854762735764240e+02
1.098590768484587556e+02 2.241273063883604379e+02 1.154840922137498893e+02
1.098705931106776319e+02 2.241581513777886130e+02 1.154827081539233546e+02
1.098821093728965081e+02 2.241889963672168165e+02 1.154813240940968200e+02
1.098936256351153702e+02 2.242198413566449915e+02 1.154799400342702853e+02
1.099051418973342464e+02 2.242506863460731665e+02 1.154785559744437506e+02
1.099166581595531227e+02 2.242815313355013700e+02 1.154771719146172302e+02
1.099281744217719989e+02 2.243123763249295450e+02 1.154757878547906955e+02
1.099396906839908610e+02 2.243432213143577201e+02 1.154744037949641609e+02
1.099512069462097372e+02 2.243740663037859235e+02 1.154730197351376262e+02
1.099627232084286135e+02 2.244049112932140986e+02 1.154716356753110915e+02
1.099627232084286135e+02 2.244049112932140986e+02 1.154716356753110915e+02
1.099730441274870003e+02 2.244325546928862138e+02 1.154703952755034067e+02
1.099833650465453871e+02 2.244601980925583291e+02 1.154691548756957076e+02
1.099936859656037882e+02 2.244878414922304444e+02 1.154679144758880227e+02
1.100040068846621750e+02 2.245154848919025596e+02 1.154666740760803236e+02
1.100143278037205619e+02 2.245431282915746749e+02 1.154654336762726388e+02
1.100246487227789487e+02 2.245707716912467902e+02 1.154641932764649397e+02
1.100349696418373355e+02 2.245984150909189054e+02 1.154629528766572548e+02
1.100452905608957224e+02 2.246260584905910207e+02 1.154617124768495557e+02
1.100556114799541234e+02 2.246537018902631360e+02 1.154604720770418709e+02
1.100659323990125102e+02 2.246813452899352512e+02 1.154592316772341718e+02
1.100762533180708971e+02 2.247089886896073665e+02 1.154579912774264869e+02
1.100865742371292839e+02 2.247366320892794818e+02 1.154567508776187879e+02
1.100968951561876708e+02 2.247642754889515970e+02 1.154555104778111030e+02
1.101072160752460718e+02 2.247919188886236839e+02 1.154542700780034181e+02
1.101175369943044586e+02 2.248195622882957991e+02 1.154530296781957190e+02
1.101278579133628455e+02 2.248472056879679144e+02 1.154517892783880342e+02
1.101381788324212323e+02 2.248748490876400297e+02 1.154505488785803351e+02
1.101484997514796191e+02 2.249024924873121449e+02 1.154493084787726502e+02
1.101588206705380060e+02 2.249301358869842602e+02 1.154480680789649512e+02
1.101691415895964070e+02 2.249577792866563755e+02 1.154468276791572663e+02
1.101794625086547939e+02 2.249854226863284907e+02 1.154455872793495672e+02
1.101897834277131807e+02 2.250130660860006060e+02 1.154443468795418823e+02
1.102001043467715675e+02 2.250407094856727213e+02 1.154431064797341833e+02
1.102104252658299544e+02 2.250683528853448365e+02 1.154418660799264984e+02
1.102207461848883412e+02 2.250959962850169518e+02 1.154406256801187993e+02
1.102310671039467422e+02 2.251236396846890671e+02 1.154393852803111145e+02
1.102413880230051291e+02 2.251512830843611823e+02 1.154381448805034154e+02
1.102517089420635159e+02 2.251789264840332976e+02 1.154369044806957305e+02
1.102517089420635159e+02 2.251789264840332976e+02 1.154369044806957305e+02
1.102804893673687587e+02 2.252105062346473972e+02 1.154201004622074294e+02
1.103092697926740158e+02 2.252420859852614967e+02 1.154032964437191424e+02
1.103380502179792586e+02 2.252736657358755963e+02 1.153864924252308413e+02
1.103668306432845156e+02 2.253052454864897243e+02 1.153696884067425401e+02
1.103956110685897585e+02 2.253368252371038238e+02 1.153528843882542390e+02
1.104243914938950155e+02 2.253684049877179234e+02 1.153360803697659520e+02
1.104531719192002583e+02 2.253999847383320230e+02 1.153192763512776509e+02
1.104819523445055154e+02 2.254315644889461225e+02 1.153024723327893497e+02
1.105107327698107582e+02 2.254631442395602221e+02 1.152856683143010486e+02
1.105395131951160153e+02 2.254947239901743501e+02 1.152688642958127616e+02
1.105682936204212581e+02 2.255263037407884497e+02 1.152520602773244605e+02
1.105970740457265151e+02 2.255578834914025492e+02 1.152352562588361593e+02
1.106258544710317580e+02 2.255894632420166488e+02 1.152184522403478582e+02
1.106546348963370008e+02 2.256210429926307484e+02 1.152016482218595712e+02
1.106834153216422578e+02 2.256526227432448479e+02 1.151848442033712701e+02
1.107121957469475007e+02 2.256842024938589475e+02 1.151680401848829689e+02
1.107409761722527577e+02 2.257157822444730755e+02 1.151512361663946820e+02
1.107697565975580005e+02 2.257473619950871750e+02 1.151344321479063808e+02
1.107985370228632576e+02 2.257789417457012746e+02 1.151176281294180797e+02
1.108273174481685004e+02 2.258105214963153742e+02 1.151008241109297785e+02
1.108560978734737574e+02 2.258421012469294737e+02 1.150840200924414916e+02
1.108848782987790003e+02 2.258736809975435733e+02 1.150672160739531904e+02
1.109136587240842573e+02 2.259052607481577013e+02 1.150504120554648892e+02
1.109424391493895001e+02 2.259368404987718009e+02 1.150336080369765881e+02
1.109712195746947572e+02 2.259684202493859004e+02 1.150168040184883012e+02
1.110000000000000000e+02 2.260000000000000000e+02 1.150000000000000000e+02
1.110000000000000000e+02 2.260000000000000000e+02 1.150000000000000000e+02
1.110000000000000000e+02 2.260000000000000000e+02 1.150000000000000000e+02
1.110000000000000000e+02 2.260000000000000000e+02 1.150000000000000000e+02
1.110000000000000000e+02 2.260000000000000000e+02 1.150000000000000000e+02
1.110000000000000000e+02 2.260000000000000000e+02 1.150000000000000000e+02
1.110000000000000000e+02 2.260000000000000000e+02 1.150000000000000000e+02
1.110000000000000000e+02 2.260000000000000000e+02 1.150000000000000000e+02
1.110000000000000000e+02 2.260000000000000000e+02 1.150000000000000000e+02
1.110000000000000000e+02 2.260000000000000000e+02 1.150000000000000000e+02
1.110000000000000000e+02 2.260000000000000000e+02 1.150000000000000000e+02
1.110000000000000000e+02 2.260000000000000000e+02 1.150000000000000000e+02
1.110000000000000000e+02 2.260000000000000000e+02 1.150000000000000000e+02
1.110000000000000000e+02 2.260000000000000000e+02 1.150000000000000000e+02
1.110000000000000000e+02 2.260000000000000000e+02 1.150000000000000000e+02
1.110000000000000000e+02 2.260000000000000000e+02 1.150000000000000000e+02
1.110000000000000000e+02 2.260000000000000000e+02 1.150000000000000000e+02
1.110000000000000000e+02 2.260000000000000000e+02 1.150000000000000000e+02
1.110000000000000000e+02 2.260000000000000000e+02 1.150000000000000000e+02
1.110000000000000000e+02 2.260000000000000000e+02 1.150000000000000000e+02
1.110000000000000000e+02 2.260000000000000000e+02 1.150000000000000000e+02
1.110000000000000000e+02 2.260000000000000000e+02 1.150000000000000000e+02
1.110000000000000000e+02 2.260000000000000000e+02 1.150000000000000000e+02
1.110000000000000000e+02 2.260000000000000000e+02 1.150000000000000000e+02
1.110000000000000000e+02 2.260000000000000000e+02 1.150000000000000000e+02
1.110000000000000000e+02 2.260000000000000000e+02 1.150000000000000000e+02
1.110000000000000000e+02 2.260000000000000000e+02 1.150000000000000000e+02
1.110000000000000000e+02 2.260000000000000000e+02 1.150000000000000000e+02
1.110000000000000000e+02 2.260000000000000000e+02 1.150000000000000000e+02
1.110000000000000000e+02 2.260000000000000000e+02 1.150000000000000000e+02
1.110000000000000000e+02 2.260000000000000000e+02 1.150000000000000000e+02
1.110000000000000000e+02 2.260000000000000000e+02 1.150000000000000000e+02
1.110000000000000000e+02 2.260000000000000000e+02 1.150000000000000000e+02
1.110000000000000000e+02 2.260000000000000000e+02 1.150000000000000000e+02
1.110000000000000000e+02 2.260000000000000000e+02 1.150000000000000000e+02
1.110000000000000000e+02 2.260000000000000000e+02 1.150000000000000000e+02
1.110000000000000000e+02 2.260000000000000000e+02 1.150000000000000000e+02
1.110000000000000000e+02 2.260000000000000000e+02 1.150000000000000000e+02
1.110000000000000000e+02 2.260000000000000000e+02 1.150000000000000000e+02
1.110000000000000000e+02 2.260000000000000000e+02 1.150000000000000000e+02
1.110000000000000000e+02 2.260000000000000000e+02 1.150000000000000000e+02
1.110189309038969014e+02 2.260195886521703983e+02 1.149843558792503302e+02
1.110378618077938029e+02 2.260391773043407682e+02 1.149687117585006462e+02
1.110567927116907043e+02 2.260587659565111665e+02 1.149530676377509764e+02
1.110757236155875916e+02 2.260783546086815647e+02 1.149374235170013065e+02
1.110946545194844930e+02 2.260979432608519630e+02 1.149217793962516225e+02
1.111135854233813944e+02 2.261175319130223329e+02 1.149061352755019527e+02
1.111325163272782959e+02 2.261371205651927312e+02 1.148904911547522829e+02
1.111514472311751973e+02 2.261567092173631295e+02 1.148748470340025989e+02
1.111703781350720988e+02 2.261762978695335278e+02 1.148592029132529291e+02
1.111893090389689860e+02 2.261958865217038976e+02 1.148435587925032593e+02
1.112082399428658874e+02 2.262154751738742959e+02 1.148279146717535895e+02
1.112271708467627889e+02 2.262350638260446942e+02 1.148122705510039054e+02
1.112461017506596903e+02 2.262546524782150925e+02 1.147966264302542356e+02
1.112650326545565918e+02 2.262742411303854624e+02 1.147809823095045658e+02
1.112839635584534932e+02 2.262938297825558607e+02 1.147653381887548818e+02
1.113028944623503804e+02 2.263134184347262590e+02 1.147496940680052120e+02
1.113218253662472819e+02 2.263330070868966573e+02 1.147340499472555422e+02
1.113407562701441833e+02 2.263525957390670271e+02 1.147184058265058582e+02
1.113596871740410847e+02 2.263721843912374254e+02 1.147027617057561883e+02
1.113786180779379862e+02 2.263917730434078237e+02 1.146871175850065185e+02
1.113975489818348876e+02 2.264113616955781936e+02 1.146714734642568345e+02
1.114164798857317891e+02 2.264309503477485919e+02 1.146558293435071647e+02
1.114354107896286763e+02 2.264505389999189902e+02 1.146401852227574949e+02
1.114543416935255777e+02 2.264701276520893884e+02 1.146245411020078109e+02
1.114732725974224792e+02 2.264897163042597583e+02 1.146088969812581411e+02
1.114922035013193806e+02 2.265093049564301566e+02 1.145932528605084713e+02
1.115111344052162821e+02 2.265288936086005549e+02 1.145776087397587872e+02
1.115300653091131835e+02 2.265484822607709532e+02 1.145619646190091174e+02
1.115489962130100707e+02 2.265680709129413231e+02 1.145463204982594476e+02
1.115679271169069722e+02 2.265876595651117213e+02 1.145306763775097778e+02
1.115868580208038736e+02 2.266072482172821196e+02 1.145150322567600938e+02
1.116057889247007751e+02 2.266268368694525179e+02 1.144993881360104240e+02
1.116247198285976765e+02 2.266464255216228878e+02 1.144837440152607542e+02
1.116436507324945779e+02 2.266660141737932861e+02 1.144680998945110701e+02
1.116625816363914652e+02 2.266856028259636844e+02 1.144524557737614003e+02
1.116815125402883666e+02 2.267051914781340827e+02 1.144368116530117305e+02
1.117004434441852680e+02 2.267247801303044525e+02 1.144211675322620465e+02
1.117193743480821695e+02 2.267443687824748508e+02 1.144055234115123767e+02
1.117193743480821695e+02 2.267443687824748508e+02 1.144055234115123767e+02
1.117364014383670110e+02 2.267674986664096650e+02 1.143924607705425558e+02
1.117534285286518667e+02 2.267906285503444792e+02 1.143793981295727349e+02
1.117704556189367082e+02 2.268137584342792934e+02 1.143663354886029282e+02
1.117874827092215639e+02 2.268368883182141076e+02 1.143532728476331073e+02
1.118045097995064054e+02 2.268600182021489218e+02 1.143402102066632864e+02
1.118215368897912469e+02 2.268831480860837360e+02 1.143271475656934655e+02
1.118385639800761027e+02 2.269062779700185217e+02 1.143140849247236588e+02
1.118555910703609442e+02 2.269294078539533359e+02 1.143010222837538379e+02
1.118726181606457857e+02 2.269525377378881501e+02 1.142879596427840170e+02
1.118896452509306414e+02 2.269756676218229643e+02 1.142748970018141961e+02
1.119066723412154829e+02 2.269987975057577785e+02 1.142618343608443752e+02
1.119236994315003386e+02 2.270219273896925927e+02 1.142487717198745685e+02
1.119407265217851801e+02 2.270450572736274069e+02 1.142357090789047476e+02
1.119577536120700216e+02 2.270681871575622210e+02 1.142226464379349267e+02
1.119747807023548773e+02 2.270913170414970352e+02 1.142095837969651058e+02
1.119918077926397189e+02 2.271144469254318494e+02 1.141965211559952849e+02
1.120088348829245604e+02 2.271375768093666636e+02 1.141834585150254782e+02
1.120258619732094161e+02 2.271607066933014778e+02 1.141703958740556573e+02
1.120428890634942576e+02 2.271838365772362636e+02 1.141573332330858364e+02
1.120599161537791133e+02 2.272069664611710778e+02 1.141442705921160155e+02
1.120769432440639548e+02 2.272300963451058919e+02 1.141312079511462088e+02
1.120939703343487963e+02 2.272532262290407061e+02 1.141181453101763879e+02
1.121109974246336520e+02 2.272763561129755203e+02 1.141050826692065669e+02
1.121280245149184935e+02 2.272994859969103345e+02 1.140920200282367460e+02
1.121450516052033350e+02 2.273226158808451487e+02 1.140789573872669251e+02
1.121620786954881908e+02 2.273457457647799629e+02 1.140658947462971184e+02
1.121791057857730323e+02 2.273688756487147771e+02 1.140528321053272975e+02
1.121961328760578880e+02 2.273920055326495913e+02 1.140397694643574766e+02
1.122131599663427295e+02 2.274151354165844054e+02 1.140267068233876557e+02
1.122301870566275710e+02 2.274382653005192196e+02 1.140136441824178348e+02
1.122472141469124267e+02 2.274613951844540054e+02 1.140005815414480281e+02
1.122642412371972682e+02 2.274845250683888196e+02 1.139875189004782072e+02
1.122812683274821097e+02 2.275076549523236338e+02 1.139744562595083863e+02
1.122982954177669654e+02 2.275307848362584480e+02 1.139613936185385654e+02
1.123153225080518069e+02 2.275539147201932622e+02 1.139483309775687587e+02
1.123323495983366627e+02 2.275770446041280763e+02 1.139352683365989378e+02
1.123493766886215042e+02 2.276001744880628905e+02 1.139222056956291169e+02
1.123493766886215042e+02 2.276001744880628905e+02 1.139222056956291169e+02
1.123482936009503277e+02 2.276318795439680969e+02 1.139223960403576399e+02
1.123472105132791654e+02 2.276635845998732748e+02 1.139225863850861771e+02
1.123461274256079889e+02 2.276952896557784811e+02 1.139227767298147000e+02
1.123450443379368124e+02 2.277269947116836875e+02 1.139229670745432372e+02
1.123439612502656360e+02 2.277586997675888938e+02 1.139231574192717602e+02
1.123428781625944737e+02 2.277904048234940717e+02 1.139233477640002974e+02
1.123417950749232972e+02 2.278221098793992780e+02 1.139235381087288204e+02
1.123407119872521207e+02 2.278538149353044844e+02 1.139237284534573575e+02
1.123396288995809584e+02 2.278855199912096623e+02 1.139239187981858805e+02
1.123385458119097819e+02 2.279172250471148686e+02 1.139241091429144177e+02
1.123374627242386055e+02 2.279489301030200750e+02 1.139242994876429407e+02
1.123363796365674290e+02 2.279806351589252813e+02 1.139244898323714779e+02
1.123352965488962667e+02 2.280123402148304592e+02 1.139246801771000008e+02
1.123342134612250902e+02 2.280440452707356656e+02 1.139248705218285380e+02
1.123331303735539137e+02 2.280757503266408719e+02 1.139250608665570610e+02
1.123320472858827372e+02 2.281074553825460498e+02 1.139252512112855982e+02
1.123309641982115750e+02 2.281391604384512561e+02 1.139254415560141211e+02
1.123298811105403985e+02 2.281708654943564625e+02 1.139256319007426441e+02
1.123287980228692220e+02 2.282025705502616688e+02 1.139258222454711813e+02
1.123277149351980597e+02 2.282342756061668467e+02 1.139260125901997043e+02
1.123266318475268832e+02 2.282659806620720531e+02 1.139262029349282415e+02
1.123255487598557067e+02 2.282976857179772594e+02 1.139263932796567644e+02
1.123244656721845303e+02 2.283293907738824657e+02 1.139265836243853016e+02
1.123233825845133680e+02 2.283610958297876437e+02 1.139267739691138246e+02
1.123222994968421915e+02 2.283928008856928500e+02 1.139269643138423618e+02
1.123212164091710150e+02 2.284245059415980563e+02 1.139271546585708847e+02
1.123201333214998527e+02 2.284562109975032342e+02 1.139273450032994219e+02
1.123190502338286763e+02 2.284879160534084406e+02 1.139275353480279449e+02
1.123179671461574998e+02 2.285196211093136469e+02 1.139277256927564821e+02
1.123168840584863233e+02 2.285513261652188532e+02 1.139279160374850051e+02
1.123158009708151610e+02 2.285830312211240312e+02 1.139281063822135422e+02
1.123147178831439845e+02 2.286147362770292375e+02 1.139282967269420652e+02
1.123147178831439845e+02 2.286147362770292375e+02 1.139282967269420652e+02
1.123049621097779465e+02 2.286375678584081186e+02 1.139476108090733106e+02
1.122952063364119084e+02 2.286603994397869712e+02 1.139669248912045418e+02
1.122854505630458704e+02 2.286832310211658523e+02 1.139862389733357873e+02
1.122756947896798465e+02 2.287060626025447334e+02 1.140055530554670327e+02
1.122659390163138085e+02 2.287288941839235861e+02 1.140248671375982639e+02
1.122561832429477704e+02 2.287517257653024672e+02 1.140441812197295093e+02
1.122464274695817323e+02 2.287745573466813482e+02 1.140634953018607547e+02
1.122366716962156943e+02 2.287973889280602293e+02 1.140828093839920001e+02
1.122269159228496562e+02 2.288202205094390820e+02 1.141021234661232313e+02
1.122171601494836324e+02 2.288430520908179631e+02 1.141214375482544767e+02
1.122074043761175943e+02 2.288658836721968441e+02 1.141407516303857221e+02
1.121976486027515563e+02 2.288887152535756968e+02 1.141600657125169533e+02
1.121878928293855182e+02 2.289115468349545779e+02 1.141793797946481988e+02
1.121781370560194802e+02 2.289343784163334590e+02 1.141986938767794442e+02
1.121683812826534421e+02 2.289572099977123116e+02 1.142180079589106754e+02
1.121586255092874040e+02 2.289800415790911927e+02 1.142373220410419208e+02
1.121488697359213802e+02 2.290028731604700738e+02 1.142566361231731662e+02
1.121391139625553421e+02 2.290257047418489549e+02 1.142759502053044116e+02
1.121293581891893041e+02 2.290485363232278075e+02 1.142952642874356428e+02
1.121196024158232660e+02 2.290713679046066886e+02 1.143145783695668882e+02
1.121098466424572280e+02 2.290941994859855697e+02 1.143338924516981336e+02
1.121000908690911899e+02 2.291170310673644224e+02 1.143532065338293648e+02
1.120903350957251519e+02 2.291398626487433035e+02 1.143725206159606103e+02
1.120805793223591280e+02 2.291626942301221845e+02 1.143918346980918557e+02
1.120708235489930900e+02 2.291855258115010372e+02 1.144111487802230869e+02
1.120610677756270519e+02 2.292083573928799183e+02 1.144304628623543323e+02
1.120513120022610138e+02 2.292311889742587994e+02 1.144497769444855777e+02
1.120415562288949758e+02 2.292540205556376804e+02 1.144690910266168231e+02
1.120318004555289377e+02 2.292768521370165331e+02 1.144884051087480543e+02
1.120220446821629139e+02 2.292996837183954142e+02 1.145077191908792997e+02
1.120122889087968758e+02 2.293225152997742953e+02 1.145270332730105451e+02
1.120025331354308378e+02 2.293453468811531479e+02 1.145463473551417763e+02
1.119927773620647997e+02 2.293681784625320290e+02 1.145656614372730218e+02
1.119927773620647997e+02 2.293681784625320290e+02 1.145656614372730218e+02
1.120082204341113936e+02 2.293925941173116883e+02 1.145776029017532522e+02
1.120236635061579875e+02 2.294170097720913759e+02 1.145895443662334827e+02
1.120391065782045814e+02 2.294414254268710351e+02 1.146014858307137132e+02
1.120545496502511753e+02 2.294658410816506944e+02 1.146134272951939437e+02
1.120699927222977692e+02 2.294902567364303820e+02 1.146253687596741742e+02
1.120854357943443489e+02 2.295146723912100413e+02 1.146373102241544188e+02
1.121008788663909428e+02 2.295390880459897005e+02 1.146492516886346493e+02
1.121163219384375367e+02 2.295635037007693882e+02 1.146611931531148798e+02
1.121317650104841306e+02 2.295879193555490474e+02 1.146731346175951103e+02
1.121472080825307245e+02 2.296123350103287066e+02 1.146850760820753408e+02
1.121626511545773184e+02 2.296367506651083943e+02 1.146970175465555712e+02
1.121780942266239123e+02 2.296611663198880535e+02 1.147089590110358017e+02
1.121935372986705062e+02 2.296855819746677128e+02 1.147209004755160322e+02
1.122089803707171001e+02 2.297099976294474004e+02 1.147328419399962627e+02
1.122244234427636940e+02 2.297344132842270596e+02 1.147447834044764932e+02
1.122398665148102879e+02 2.297588289390067189e+02 1.147567248689567236e+02
1.122553095868568676e+02 2.297832445937863781e+02 1.147686663334369541e+02
1.122707526589034615e+02 2.298076602485660658e+02 1.147806077979171988e+02
1.122861957309500553e+02 2.298320759033457250e+02 1.147925492623974293e+02
1.123016388029966492e+02 2.298564915581253842e+02 1.148044907268776598e+02
1.123170818750432431e+02 2.298809072129050719e+02 1.148164321913578902e+02
1.123325249470898370e+02 2.299053228676847311e+02 1.148283736558381207e+02
1.123479680191364309e+02 2.299297385224643904e+02 1.148403151203183512e+02
1.123634110911830248e+02 2.299541541772440780e+02 1.148522565847985817e+02
1.123788541632296187e+02 2.299785698320237373e+02 1.148641980492788122e+02
1.123942972352762126e+02 2.300029854868033965e+02 1.148761395137590426e+02
1.124097403073228065e+02 2.300274011415830842e+02 1.148880809782392731e+02
1.124251833793694004e+02 2.300518167963627434e+02 1.149000224427195036e+02
1.124406264514159801e+02 2.300762324511424026e+02 1.149119639071997483e+02
1.124560695234625740e+02 2.301006481059220903e+02 1.149239053716799788e+02
1.124715125955091679e+02 2.301250637607017495e+02 1.149358468361602093e+02
1.124869556675557618e+02 2.301494794154814088e+02 1.149477883006404397e+02
1.125023987396023557e+02 2.301738950702610964e+02 1.149597297651206702e+02
1.125178418116489496e+02 2.301983107250407556e+02 1.149716712296009007e+02
1.125178418116489496e+02 2.301983107250407556e+02 1.149716712296009007e+02
1.125398709531773704e+02 2.302197101533257921e+02 1.149672655001083967e+02
1.125619000947057913e+02 2.302411095816108286e+02 1.149628597706158928e+02
1.125839292362342121e+02 2.302625090098958367e+02 1.149584540411233888e+02
1.126059583777626329e+02 2.302839084381808732e+02 1.149540483116308849e+02
1.126279875192910538e+02 2.303053078664659097e+02 1.149496425821383809e+02
1.126500166608194746e+02 2.303267072947509462e+02 1.149452368526458628e+02
1.126720458023478955e+02 2.303481067230359827e+02 1.149408311231533588e+02
1.126940749438763021e+02 2.303695061513210192e+02 1.149364253936608549e+02
1.127161040854047229e+02 2.303909055796060557e+02 1.149320196641683509e+02
1.127381332269331438e+02 2.304123050078910637e+02 1.149276139346758470e+02
1.127601623684615646e+02 2.304337044361761002e+02 1.149232082051833430e+02
1.127821915099899854e+02 2.304551038644611367e+02 1.149188024756908391e+02
1.128042206515184063e+02 2.304765032927461732e+02 1.149143967461983351e+02
1.128262497930468271e+02 2.304979027210312097e+02 1.149099910167058312e+02
1.128482789345752479e+02 2.305193021493162178e+02 1.149055852872133130e+02
1.128703080761036688e+02 2.305407015776012543e+02 1.149011795577208090e+02
1.128923372176320896e+02 2.305621010058862907e+02 1.148967738282283051e+02
1.129143663591605105e+02 2.305835004341713272e+02 1.148923680987358011e+02
1.129363955006889313e+02 2.306048998624563637e+02 1.148879623692432972e+02
1.129584246422173521e+02 2.306262992907414002e+02 1.148835566397507932e+02
1.129804537837457730e+02 2.306476987190264367e+02 1.148791509102582893e+02
1.130024829252741938e+02 2.306690981473114448e+02 1.148747451807657853e+02
1.130245120668026004e+02 2.306904975755964813e+02 1.148703394512732814e+02
1.130465412083310213e+02 2.307118970038815178e+02 1.148659337217807774e+02
1.130685703498594421e+02 2.307332964321665543e+02 1.148615279922882735e+02
1.130905994913878629e+02 2.307546958604515908e+02 1.148571222627957553e+02
1.131126286329162838e+02 2.307760952887365988e+02 1.148527165333032514e+02
1.131346577744447046e+02 2.307974947170216353e+02 1.148483108038107474e+02
1.131566869159731255e+02 2.308188941453066718e+02 1.148439050743182435e+02
1.131787160575015463e+02 2.308402935735917083e+02 1.148394993448257395e+02
1.131787160575015463e+02 2.308402935735917083e+02 1.148394993448257395e+02
1.132017583960060847e+02 2.308604956474976291e+02 1.148275990042686345e+02
1.132248007345106231e+02 2.308806977214035498e+02 1.148156986637115438e+02
1.132478430730151473e+02 2.309008997953094706e+02 1.148037983231544388e+02
1.132708854115196857e+02 2.309211018692153914e+02 1.147918979825973480e+02
1.132939277500242241e+02 2.309413039431213406e+02 1.147799976420402430e+02
1.133169700885287625e+02 2.309615060170272614e+02 1.147680973014831523e+02
1.133400124270333009e+02 2.309817080909331821e+02 1.147561969609260473e+02
1.133630547655378251e+02 2.310019101648391029e+02 1.147442966203689565e+02
1.133860971040423635e+02 2.310221122387450237e+02 1.147323962798118515e+02
1.134091394425469019e+02 2.310423143126509444e+02 1.147204959392547607e+02
1.134321817810514403e+02 2.310625163865568652e+02 1.147085955986976558e+02
1.134552241195559645e+02 2.310827184604627860e+02 1.146966952581405650e+02
1.134782664580605029e+02 2.311029205343687067e+02 1.146847949175834600e+02
1.135013087965650413e+02 2.311231226082746275e+02 1.146728945770263692e+02
1.135243511350695798e+02 2.311433246821805767e+02 1.146609942364692643e+02
1.135473934735741182e+02 2.311635267560864975e+02 1.146490938959121735e+02
1.135704358120786424e+02 2.311837288299924182e+02 1.146371935553550685e+02
1.135934781505831808e+02 2.312039309038983390e+02 1.146252932147979777e+02
1.136165204890877192e+02 2.312241329778042598e+02 1.146133928742408727e+02
1.136165204890877192e+02 2.312241329778042598e+02 1.146133928742408727e+02
1.136440141587562920e+02 2.312146961480552818e+02 1.145984165917237618e+02
1.136715078284248648e+02 2.312052593183062754e+02 1.145834403092066367e+02
1.136990014980934234e+02 2.311958224885572974e+02 1.145684640266895258e+02
1.137264951677619962e+02 2.311863856588083195e+02 1.145534877441724149e+02
1.137539888374305690e+02 2.311769488290593131e+02 1.145385114616553039e+02
1.137814825070991418e+02 2.311675119993103351e+02 1.145235351791381788e+02
1.138089761767677004e+02 2.311580751695613571e+02 1.145085588966210679e+02
1.138364698464362732e+02 2.311486383398123508e+02 1.144935826141039570e+02
1.138639635161048460e+02 2.311392015100633728e+02 1.144786063315868319e+02
1.138914571857734188e+02 2.311297646803143948e+02 1.144636300490697209e+02
1.139189508554419774e+02 2.311203278505653884e+02 1.144486537665526100e+02
1.139464445251105502e+02 2.311108910208164104e+02 1.144336774840354991e+02
1.139739381947791230e+02 2.311014541910674325e+02 1.144187012015183740e+02
1.140014318644476958e+02 2.310920173613184261e+02 1.144037249190012631e+02
1.140289255341162544e+02 2.310825805315694481e+02 1.143887486364841521e+02
1.140564192037848272e+02 2.310731437018204701e+02 1.143737723539670270e+02
1.140839128734534000e+02 2.310637068720714637e+02 1.143587960714499161e+02
1.141114065431219728e+02 2.310542700423224858e+02 1.143438197889328052e+02
1.141389002127905314e+02 2.310448332125735078e+02 1.143288435064156943e+02
1.141663938824591042e+02 2.310353963828245014e+02 1.143138672238985691e+02
1.141938875521276771e+02 2.310259595530755234e+02 1.142988909413814582e+02
1.141938875521276771e+02 2.310259595530755234e+02 1.142988909413814582e+02
1.142252860679645181e+02 2.310213487666491119e+02 1.142939447083794136e+02
1.142566845838013734e+02 2.310167379802226719e+02 1.142889984753773831e+02
1.142880830996382144e+02 2.310121271937962604e+02 1.142840522423753384e+02
1.143194816154750697e+02 2.310075164073698204e+02 1.142791060093733080e+02
1.143508801313119108e+02 2.310029056209434088e+02 1.142741597763712633e+02
1.143822786471487660e+02 2.309982948345169973e+02 1.142692135433692187e+02
1.144136771629856071e+02 2.309936840480905573e+02 1.142642673103671882e+02
1.144450756788224624e+02 2.309890732616641458e+02 1.142593210773651435e+02
1.144764741946593034e+02 2.309844624752377342e+02 1.142543748443630989e+02
1.145078727104961587e+02 2.309798516888112943e+02 1.142494286113610684e+02
1.145392712263329997e+02 2.309752409023848827e+02 1.142444823783590238e+02
1.145706697421698550e+02 2.309706301159584427e+02 1.142395361453569933e+02
1.146020682580066961e+02 2.309660193295320312e+02 1.142345899123549486e+02
1.146334667738435371e+02 2.309614085431056196e+02 1.142296436793529040e+02
1.146648652896803924e+02 2.309567977566791797e+02 1.142246974463508735e+02
1.146962638055172334e+02 2.309521869702527681e+02 1.142197512133488289e+02
1.147276623213540887e+02 2.309475761838263281e+02 1.142148049803467984e+02
1.147590608371909298e+02 2.309429653973999166e+02 1.142098587473447537e+02
1.147904593530277850e+02 2.309383546109735050e+02 1.142049125143427091e+02
1.148218578688646261e+02 2.309337438245470651e+02 1.141999662813406786e+02
1.148532563847014814e+02 2.309291330381206535e+02 1.141950200483386340e+02
1.148846549005383224e+02 2.309245222516942420e+02 1.141900738153365893e+02
1.149160534163751777e+02 2.309199114652678020e+02 1.141851275823345588e+02
1.149474519322120187e+02 2.309153006788413904e+02 1.141801813493325142e+02
1.149788504480488740e+02 2.309106898924149505e+02 1.141752351163304837e+02
1.150102489638857151e+02 2.309060791059885389e+02 1.141702888833284391e+02
1.150102489638857151e+02 2.309060791059885389e+02 1.141702888833284391e+02
1.150339791331011838e+02 2.309176101281744593e+02 1.141537991934195162e+02
1.150577093023166668e+02 2.309291411503603797e+02 1.141373095035105933e+02
1.150814394715321356e+02 2.309406721725463285e+02 1.141208198136016705e+02
1.151051696407476186e+02 2.309522031947322489e+02 1.141043301236927476e+02
1.151288998099630874e+02 2.309637342169181693e+02 1.140878404337838248e+02
1.151526299791785704e+02 2.309752652391040897e+02 1.140713507438749161e+02
1.151763601483940391e+02 2.309867962612900101e+02 1.140548610539659933e+02
1.152000903176095221e+02 2.309983272834759305e+02 1.140383713640570704e+02
1.152238204868249909e+02 2.310098583056618793e+02 1.140218816741481476e+02
1.152475506560404739e+02 2.310213893278477997e+02 1.140053919842392247e+02
1.152712808252559427e+02 2.310329203500337201e+02 1.139889022943303019e+02
1.152950109944714256e+02 2.310444513722196405e+02 1.139724126044213790e+02
1.153187411636868944e+02 2.310559823944055609e+02 1.139559229145124561e+02
1.153424713329023774e+02 2.310675134165915097e+02 1.139394332246035333e+02
1.153662015021178462e+02 2.310790444387774301e+02 1.139229435346946104e+02
1.153899316713333292e+02 2.310905754609633505e+02 1.139064538447856876e+02
1.154136618405487980e+02 2.311021064831492708e+02 1.138899641548767789e+02
1.154373920097642667e+02 2.311136375053351912e+02 1.138734744649678561e+02
1.154611221789797497e+02 2.311251685275211400e+02 1.138569847750589332e+02
1.154848523481952185e+02 2.311366995497070604e+02 1.138404950851500104e+02
1.155085825174107015e+02 2.311482305718929808e+02 1.138240053952410875e+02
1.155323126866261703e+02 2.311597615940789012e+02 1.138075157053321647e+02
1.155560428558416532e+02 2.311712926162648216e+02 1.137910260154232418e+02
1.155797730250571220e+02 2.311828236384507704e+02 1.137745363255143189e+02
1.156035031942726050e+02 2.311943546606366908e+02 1.137580466356053961e+02
1.156272333634880738e+02 2.312058856828226112e+02 1.137415569456964732e+02
1.156509635327035568e+02 2.312174167050085316e+02 1.137250672557875646e+02
1.156746937019190256e+02 2.312289477271944520e+02 1.137085775658786417e+02
1.156984238711345085e+02 2.312404787493803724e+02 1.136920878759697189e+02
1.157221540403499773e+02 2.312520097715663212e+02 1.136755981860607960e+02
1.157458842095654603e+02 2.312635407937522416e+02 1.136591084961518732e+02
1.157696143787809291e+02 2.312750718159381620e+02 1.136426188062429503e+02
1.157696143787809291e+02 2.312750718159381620e+02 1.136426188062429503e+02
1.157984802164201454e+02 2.312835916490223269e+02 1.136345817061397838e+02
1.158273460540593760e+02 2.312921114821064634e+02 1.136265446060366173e+02
1.158562118916985924e+02 2.313006313151906284e+02 1.136185075059334508e+02
1.158850777293378229e+02 2.313091511482747649e+02 1.136104704058302843e+02
1.159139435669770393e+02 2.313176709813589298e+02 1.136024333057271178e+02
1.159428094046162698e+02 2.313261908144430663e+02 1.135943962056239513e+02
1.159716752422554862e+02 2.313347106475272312e+02 1.135863591055207849e+02
1.160005410798947167e+02 2.313432304806113677e+02 1.135783220054176184e+02
1.160294069175339331e+02 2.313517503136955327e+02 1.135702849053144519e+02
1.160582727551731637e+02 2.313602701467796692e+02 1.135622478052112854e+02
1.160871385928123800e+02 2.313687899798638341e+02 1.135542107051081189e+02
1.161160044304516106e+02 2.313773098129479706e+02 1.135461736050049524e+02
1.161448702680908269e+02 2.313858296460321355e+02 1.135381365049017859e+02
1.161737361057300575e+02 2.313943494791162721e+02 1.135300994047986194e+02
1.162026019433692738e+02 2.314028693122004370e+02 1.135220623046954529e+02
1.162314677810085044e+02 2.314113891452845735e+02 1.135140252045922864e+02
1.162603336186477208e+02 2.314199089783687384e+02 1.135059881044891199e+02
1.162891994562869513e+02 2.314284288114528749e+02 1.134979510043859534e+02
1.163180652939261677e+02 2.314369486445370399e+02 1.134899139042827869e+02
1.163469311315653982e+02 2.314454684776211764e+02 1.134818768041796204e+02
1.163757969692046146e+02 2.314539883107053413e+02 1.134738397040764539e+02
1.164046628068438451e+02 2.314625081437894778e+02 1.134658026039732874e+02
1.164335286444830615e+02 2.314710279768736427e+02 1.134577655038701209e+02
1.164623944821222921e+02 2.314795478099577792e+02 1.134497284037669544e+02
1.164912603197615084e+02 2.314880676430419442e+02 1.134416913036637879e+02
1.165201261574007390e+02 2.314965874761260807e+02 1.134336542035606215e+02
1.165489919950399553e+02 2.315051073092102456e+02 1.134256171034574550e+02
1.165489919950399553e+02 2.315051073092102456e+02 1.134256171034574550e+02
1.165813083634139247e+02 2.315047175609813905e+02 1.134233492300460711e+02
1.166136247317878940e+02 2.315043278127525355e+02 1.134210813566347014e+02
1.166459411001618491e+02 2.315039380645236520e+02 1.134188134832233175e+02
1.166782574685358185e+02 2.315035483162947969e+02 1.134165456098119478e+02
1.167105738369097878e+02 2.315031585680659418e+02 1.134142777364005639e+02
1.167428902052837572e+02 2.315027688198370583e+02 1.134120098629891942e+02
1.167752065736577265e+02 2.315023790716082033e+02 1.134097419895778103e+02
1.168075229420316958e+02 2.315019893233793482e+02 1.134074741161664406e+02
1.168398393104056652e+02 2.315015995751504931e+02 1.134052062427550567e+02
1.168721556787796203e+02 2.315012098269216381e+02 1.134029383693436870e+02
1.169044720471535896e+02 2.315008200786927546e+02 1.134006704959323031e+02
1.169367884155275590e+02 2.315004303304638995e+02 1.133984026225209334e+02
1.169691047839015283e+02 2.315000405822350444e+02 1.133961347491095495e+02
1.170014211522754977e+02 2.314996508340061609e+02 1.133938668756981656e+02
1.170337375206494670e+02 2.314992610857773059e+02 1.133915990022867959e+02
1.170660538890234221e+02 2.314988713375484508e+02 1.133893311288754120e+02
1.170983702573973915e+02 2.314984815893195957e+02 1.133870632554640423e+02
1.171306866257713608e+02 2.314980918410907407e+02 1.133847953820526584e+02
1.171630029941453301e+02 2.314977020928618572e+02 1.133825275086412887e+02
1.171953193625192995e+02 2.314973123446330021e+02 1.133802596352299048e+02
1.172276357308932688e+02 2.314969225964041470e+02 1.133779917618185351e+02
1.172599520992672240e+02 2.314965328481752636e+02 1.133757238884071512e+02
1.172922684676411933e+02 2.314961430999464085e+02 1.133734560149957815e+02
1.173245848360151626e+02 2.314957533517175534e+02 1.133711881415843976e+02
1.173245848360151626e+02 2.314957533517175534e+02 1.133711881415843976e+02
1.173464365661208859e+02 2.315192655635065648e+02 1.133736994860887535e+02
1.173682882962265950e+02 2.315427777752955762e+02 1.133762108305931093e+02
1.173901400263323183e+02 2.315662899870846161e+02 1.133787221750974652e+02
1.174119917564380273e+02 2.315898021988736275e+02 1.133812335196018211e+02
1.174338434865437506e+02 2.316133144106626389e+02 1.133837448641061769e+02
1.174556952166494597e+02 2.316368266224516503e+02 1.133862562086105328e+02
1.174775469467551829e+02 2.316603388342406618e+02 1.133887675531148886e+02
1.174993986768608920e+02 2.316838510460297016e+02 1.133912788976192445e+02
1.175212504069666153e+02 2.317073632578187130e+02 1.133937902421236004e+02
1.175431021370723244e+02 2.317308754696077244e+02 1.133963015866279562e+02
1.175649538671780476e+02 2.317543876813967358e+02 1.133988129311323121e+02
1.175868055972837567e+02 2.317778998931857473e+02 1.134013242756366679e+02
1.176086573273894800e+02 2.318014121049747871e+02 1.134038356201410380e+02
1.176305090574951890e+02 2.318249243167637985e+02 1.134063469646453939e+02
1.176523607876009123e+02 2.318484365285528099e+02 1.134088583091497497e+02
1.176742125177066214e+02 2.318719487403418213e+02 1.134113696536541056e+02
1.176960642478123447e+02 2.318954609521308328e+02 1.134138809981584615e+02
1.177179159779180537e+02 2.319189731639198726e+02 1.134163923426628173e+02
1.177397677080237770e+02 2.319424853757088840e+02 1.134189036871671732e+02
1.177616194381294861e+02 2.319659975874978954e+02 1.134214150316715291e+02
1.177834711682352093e+02 2.319895097992869069e+02 1.134239263761758849e+02
1.178053228983409184e+02 2.320130220110759183e+02 1.134264377206802408e+02
1.178271746284466417e+02 2.320365342228649581e+02 1.134289490651845966e+02
1.178490263585523508e+02 2.320600464346539695e+02 1.134314604096889525e+02
1.178708780886580740e+02 2.320835586464429809e+02 1.134339717541933084e+02
1.178708780886580740e+02 2.320835586464429809e+02 1.134339717541933084e+02
1.179025024175514460e+02 2.320847934562289083e+02 1.134387733434438701e+02
1.179341267464448322e+02 2.320860282660148073e+02 1.134435749326944318e+02
1.179657510753382041e+02 2.320872630758007347e+02 1.134483765219450078e+02
1.179973754042315761e+02 2.320884978855866336e+02 1.134531781111955695e+02
1.180289997331249623e+02 2.320897326953725610e+02 1.134579797004461312e+02
1.180606240620183343e+02 2.320909675051584600e+02 1.134627812896966930e+02
1.180922483909117062e+02 2.320922023149443874e+02 1.134675828789472547e+02
1.181238727198050924e+02 2.320934371247302863e+02 1.134723844681978164e+02
1.181554970486984644e+02 2.320946719345162137e+02 1.134771860574483924e+02
1.181871213775918363e+02 2.320959067443021411e+02 1.134819876466989541e+02
1.182187457064852225e+02 2.320971415540880400e+02 1.134867892359495158e+02
1.182503700353785945e+02 2.320983763638739674e+02 1.134915908252000776e+02
1.182819943642719664e+02 2.320996111736598664e+02 1.134963924144506393e+02
1.183136186931653526e+02 2.321008459834457938e+02 1.135011940037012153e+02
1.183452430220587246e+02 2.321020807932316927e+02 1.135059955929517770e+02
1.183768673509520966e+02 2.321033156030176201e+02 1.135107971822023387e+02
1.184084916798454827e+02 2.321045504128035191e+02 1.135155987714529005e+02
1.184401160087388547e+02 2.321057852225894464e+02 1.135204003607034622e+02
1.184717403376322267e+02 2.321070200323753738e+02 1.135252019499540381e+02
1.185033646665256128e+02 2.321082548421612728e+02 1.135300035392045999e+02
1.185349889954189848e+02 2.321094896519472002e+02 1.135348051284551616e+02
1.185666133243123568e+02 2.321107244617330991e+02 1.135396067177057233e+02
1.185982376532057430e+02 2.321119592715190265e+02 1.135444083069562851e+02
1.186298619820991149e+02 2.321131940813049255e+02 1.135492098962068468e+02
1.186614863109924869e+02 2.321144288910908529e+02 1.135540114854574227e+02
1.186931106398858731e+02 2.321156637008767518e+02 1.135588130747079845e+02
1.187247349687792450e+02 2.321168985106626792e+02 1.135636146639585462e+02
