3.037461162688993568e+02 2.491272623551781180e+02 2.786726589411497343e+02
3.037559687268569064e+02 2.491471731116899093e+02 2.786822967619385167e+02
3.037658211848144560e+02 2.491670838682017006e+02 2.786919345827272991e+02
3.037756736427720057e+02 2.491869946247135204e+02 2.787015724035161384e+02
3.037855261007295553e+02 2.492069053812253117e+02 2.787112102243049208e+02
3.037953785586871049e+02 2.492268161377371030e+02 2.787208480450937031e+02
3.038052310166446546e+02 2.492467268942488943e+02 2.787304858658824855e+02
3.038150834746022042e+02 2.492666376507607140e+02 2.787401236866712679e+02
3.038249359325597538e+02 2.492865484072725053e+02 2.787497615074600503e+02
3.038347883905173035e+02 2.493064591637842966e+02 2.787593993282488327e+02
3.038446408484748531e+02 2.493263699202960879e+02 2.787690371490376720e+02
3.038544933064324027e+02 2.493462806768079076e+02 2.787786749698264543e+02
3.038643457643899524e+02 2.493661914333196989e+02 2.787883127906152367e+02
3.038741982223475020e+02 2.493861021898314903e+02 2.787979506114040191e+02
3.038840506803050516e+02 2.494060129463432816e+02 2.788075884321928015e+02
3.038939031382626013e+02 2.494259237028551013e+02 2.788172262529816408e+02
3.039037555962201509e+02 2.494458344593668926e+02 2.788268640737704231e+02
3.039136080541777005e+02 2.494657452158786839e+02 2.788365018945592055e+02
3.039234605121352502e+02 2.494856559723904752e+02 2.788461397153479879e+02
3.039333129700927998e+02 2.495055667289022949e+02 2.788557775361367703e+02
3.039431654280503494e+02 2.495254774854140862e+02 2.788654153569255527e+02
3.039530178860078991e+02 2.495453882419258775e+02 2.788750531777143351e+02
3.039628703439654487e+02 2.495652989984376688e+02 2.788846909985031743e+02
3.039727228019229983e+02 2.495852097549494601e+02 2.788943288192919567e+02
3.039825752598805479e+02 2.496051205114612799e+02 2.789039666400807391e+02
3.039924277178380976e+02 2.496250312679730712e+02 2.789136044608695215e+02
3.040022801757956472e+02 2.496449420244848625e+02 2.789232422816583039e+02
3.040121326337531968e+02 2.496648527809966538e+02 2.789328801024471431e+02
3.040219850917107465e+02 2.496847635375084735e+02 2.789425179232359255e+02
3.040318375496682961e+02 2.497046742940202648e+02 2.789521557440247079e+02
3.040416900076258457e+02 2.497245850505320561e+02 2.789617935648134903e+02
3.040515424655833954e+02 2.497444958070438474e+02 2.789714313856022727e+02
3.040613949235409450e+02 2.497644065635556672e+02 2.789810692063910551e+02
3.040712473814984946e+02 2.497843173200674585e+02 2.789907070271798375e+02
3.040810998394560443e+02 2.498042280765792498e+02 2.790003448479686767e+02
3.040909522974135939e+02 2.498241388330910411e+02 2.790099826687574591e+02
3.041008047553711435e+02 2.498440495896028608e+02 2.790196204895462415e+02
3.041106572133286932e+02 2.498639603461146521e+02 2.790292583103350239e+02
3.041205096712862428e+02 2.498838711026264434e+02 2.790388961311238063e+02
3.041303621292437924e+02 2.499037818591382347e+02 2.790485339519126455e+02
3.041402145872013421e+02 2.499236926156500544e+02 2.790581717727014279e+02
3.041500670451588917e+02 2.499436033721618458e+02 2.790678095934902103e+02
3.041599195031164413e+02 2.499635141286736371e+02 2.790774474142789927e+02
3.041599195031164413e+02 2.499635141286736371e+02 2.790774474142789927e+02
3.041523977426028864e+02 2.499859518420179540e+02 2.790900484450646104e+02
3.041448759820893315e+02 2.500083895553622710e+02 2.791026494758501713e+02
3.041373542215757766e+02 2.500308272687065880e+02 2.791152505066357890e+02
3.041298324610621648e+02 2.500532649820509050e+02 2.791278515374213498e+02
3.041223107005486099e+02 2.500757026953952220e+02 2.791404525682069675e+02
3.041147889400350550e+02 2.500981404087395390e+02 2.791530535989925284e+02
3.041072671795215001e+02 2.501205781220838560e+02 2.791656546297781460e+02
3.040997454190079452e+02 2.501430158354281730e+02 2.791782556605637069e+02
3.040922236584943903e+02 2.501654535487725184e+02 2.791908566913493246e+02
3.040847018979807785e+02 2.501878912621168354e+02 2.792034577221348854e+02
3.040771801374672236e+02 2.502103289754611524e+02 2.792160587529205031e+02
3.040696583769536687e+02 2.502327666888054694e+02 2.792286597837060640e+02
3.040621366164401138e+02 2.502552044021497863e+02 2.792412608144916817e+02
3.040546148559265589e+02 2.502776421154941033e+02 2.792538618452772425e+02
3.040470930954130040e+02 2.503000798288384203e+02 2.792664628760628602e+02
3.040395713348993922e+02 2.503225175421827373e+02 2.792790639068484779e+02
3.040320495743858373e+02 2.503449552555270543e+02 2.792916649376340388e+02
3.040245278138722824e+02 2.503673929688713713e+02 2.793042659684196565e+02
3.040170060533587275e+02 2.503898306822156883e+02 2.793168669992052173e+02
3.040094842928451726e+02 2.504122683955600053e+02 2.793294680299908350e+02
3.040019625323316177e+02 2.504347061089043223e+02 2.793420690607763959e+02
3.039944407718180628e+02 2.504571438222486393e+02 2.793546700915620136e+02
3.039869190113044510e+02 2.504795815355929562e+02 2.793672711223475744e+02
3.039793972507908961e+02 2.505020192489373017e+02 2.793798721531331921e+02
3.039718754902773412e+02 2.505244569622816186e+02 2.793924731839187530e+02
3.039643537297637863e+02 2.505468946756259356e+02 2.794050742147043707e+02
3.039568319692502314e+02 2.505693323889702526e+02 2.794176752454899315e+02
3.039493102087366765e+02 2.505917701023145696e+02 2.794302762762755492e+02
3.039417884482230647e+02 2.506142078156588866e+02 2.794428773070611101e+02
3.039342666877095098e+02 2.506366455290032036e+02 2.794554783378467278e+02
3.039267449271959549e+02 2.506590832423475206e+02 2.794680793686322886e+02
3.039192231666824000e+02 2.506815209556918376e+02 2.794806803994179063e+02
3.039192231666824000e+02 2.506815209556918376e+02 2.794806803994179063e+02
3.038964581190239187e+02 2.506963908504936001e+02 2.794820416618850913e+02
3.038736930713654374e+02 2.507112607452953625e+02 2.794834029243522764e+02
3.038509280237069561e+02 2.507261306400971250e+02 2.794847641868194046e+02
3.038281629760484748e+02 2.507410005348988875e+02 2.794861254492865896e+02
3.038053979283899935e+02 2.507558704297006500e+02 2.794874867117537747e+02
3.037826328807315122e+02 2.507707403245024125e+02 2.794888479742209597e+02
3.037598678330730309e+02 2.507856102193041750e+02 2.794902092366880879e+02
3.037371027854145495e+02 2.508004801141059374e+02 2.794915704991552730e+02
3.037143377377560682e+02 2.508153500089076999e+02 2.794929317616224580e+02
3.036915726900975869e+02 2.508302199037094624e+02 2.794942930240896430e+02
3.036688076424391056e+02 2.508450897985112249e+02 2.794956542865568281e+02
3.036460425947806243e+02 2.508599596933129874e+02 2.794970155490239563e+02
3.036232775471221430e+02 2.508748295881147499e+02 2.794983768114911413e+02
3.036005124994637185e+02 2.508896994829165408e+02 2.794997380739583264e+02
3.035777474518052372e+02 2.509045693777183033e+02 2.795010993364255114e+02
3.035549824041467559e+02 2.509194392725200657e+02 2.795024605988926396e+02
3.035322173564882746e+02 2.509343091673218282e+02 2.795038218613598247e+02
3.035094523088297933e+02 2.509491790621235907e+02 2.795051831238270097e+02
3.034866872611713120e+02 2.509640489569253532e+02 2.795065443862941947e+02
3.034639222135128307e+02 2.509789188517271157e+02 2.795079056487613798e+02
3.034411571658543494e+02 2.509937887465288782e+02 2.795092669112285080e+02
3.034183921181958681e+02 2.510086586413306406e+02 2.795106281736956930e+02
3.033956270705373868e+02 2.510235285361324031e+02 2.795119894361628781e+02
3.033728620228789055e+02 2.510383984309341656e+02 2.795133506986300631e+02
3.033500969752204242e+02 2.510532683257359281e+02 2.795147119610971913e+02
3.033273319275619428e+02 2.510681382205376906e+02 2.795160732235643763e+02
3.033045668799034615e+02 2.510830081153394531e+02 2.795174344860315614e+02
3.033045668799034615e+02 2.510830081153394531e+02 2.795174344860315614e+02
3.032896970745453586e+02 2.511002162541771270e+02 2.794942417425798453e+02
3.032748272691873126e+02 2.511174243930148293e+02 2.794710489991281861e+02
3.032599574638292097e+02 2.511346325318525032e+02 2.794478562556764700e+02
3.032450876584711636e+02 2.511518406706901771e+02 2.794246635122247540e+02
3.032302178531130608e+02 2.511690488095278795e+02 2.794014707687730947e+02
3.032153480477550147e+02 2.511862569483655534e+02 2.793782780253213787e+02
3.032004782423969118e+02 2.512034650872032273e+02 2.793550852818696626e+02
3.031856084370388089e+02 2.512206732260409296e+02 2.793318925384179465e+02
3.031707386316807629e+02 2.512378813648786036e+02 2.793086997949662873e+02
3.031558688263226600e+02 2.512550895037162775e+02 2.792855070515145712e+02
3.031409990209646139e+02 2.512722976425539798e+02 2.792623143080628552e+02
3.031261292156065110e+02 2.512895057813916537e+02 2.792391215646111959e+02
3.031112594102484650e+02 2.513067139202293561e+02 2.792159288211594799e+02
3.030963896048903621e+02 2.513239220590670300e+02 2.791927360777077638e+02
3.030815197995323160e+02 2.513411301979047039e+02 2.791695433342561046e+02
3.030666499941742131e+02 2.513583383367424062e+02 2.791463505908043885e+02
3.030517801888161102e+02 2.513755464755800801e+02 2.791231578473526724e+02
3.030369103834580642e+02 2.513927546144177541e+02 2.790999651039009564e+02
3.030220405780999613e+02 2.514099627532554564e+02 2.790767723604492971e+02
3.030071707727419152e+02 2.514271708920931303e+02 2.790535796169975811e+02
3.029923009673838123e+02 2.514443790309308042e+02 2.790303868735458650e+02
3.029774311620257663e+02 2.514615871697685066e+02 2.790071941300942058e+02
3.029625613566676634e+02 2.514787953086061805e+02 2.789840013866424897e+02
3.029625613566676634e+02 2.514787953086061805e+02 2.789840013866424897e+02
3.029495685984325632e+02 2.514938312275177168e+02 2.789637363124723493e+02
3.029365758401974063e+02 2.515088671464292531e+02 2.789434712383021520e+02
3.029235830819623061e+02 2.515239030653408179e+02 2.789232061641320115e+02
3.029105903237271491e+02 2.515389389842523542e+02 2.789029410899618711e+02
3.028975975654920489e+02 2.515539749031638905e+02 2.788826760157917306e+02
3.028846048072568919e+02 2.515690108220754269e+02 2.788624109416215333e+02
3.028716120490217918e+02 2.515840467409869916e+02 2.788421458674513929e+02
3.028586192907866916e+02 2.515990826598985279e+02 2.788218807932812524e+02
3.028456265325515346e+02 2.516141185788100643e+02 2.788016157191111120e+02
3.028326337743164345e+02 2.516291544977216006e+02 2.787813506449409147e+02
3.028196410160812775e+02 2.516441904166331369e+02 2.787610855707707742e+02
3.028066482578461773e+02 2.516592263355447017e+02 2.787408204966006338e+02
3.027936554996110203e+02 2.516742622544562380e+02 2.787205554224304933e+02
3.027806627413759202e+02 2.516892981733677743e+02 2.787002903482602960e+02
3.027676699831407632e+02 2.517043340922793107e+02 2.786800252740901556e+02
3.027546772249056630e+02 2.517193700111908470e+02 2.786597601999200151e+02
3.027416844666705629e+02 2.517344059301024117e+02 2.786394951257498747e+02
3.027286917084354059e+02 2.517494418490139481e+02 2.786192300515796774e+02
3.027156989502003057e+02 2.517644777679254844e+02 2.785989649774095369e+02
3.027027061919651487e+02 2.517795136868370207e+02 2.785786999032393965e+02
3.026897134337300486e+02 2.517945496057485855e+02 2.785584348290692560e+02
3.026767206754948916e+02 2.518095855246601218e+02 2.785381697548990587e+02
3.026637279172597914e+02 2.518246214435716581e+02 2.785179046807289183e+02
3.026637279172597914e+02 2.518246214435716581e+02 2.785179046807289183e+02
3.026466447204393830e+02 2.518443910381021738e+02 2.784912596647620262e+02
3.026295615236189747e+02 2.518641606326327178e+02 2.784646146487951341e+02
3.026124783267985663e+02 2.518839302271632334e+02 2.784379696328282421e+02
3.025953951299781579e+02 2.519036998216937491e+02 2.784113246168613500e+02
3.025783119331577495e+02 2.519234694162242931e+02 2.783846796008944580e+02
3.025612287363373412e+02 2.519432390107548088e+02 2.783580345849275659e+02
3.025441455395169328e+02 2.519630086052853244e+02 2.783313895689606738e+02
3.025270623426965244e+02 2.519827781998158400e+02 2.783047445529937818e+02
3.025099791458761160e+02 2.520025477943463841e+02 2.782780995370268897e+02
3.024928959490557645e+02 2.520223173888768997e+02 2.782514545210599977e+02
3.024758127522353561e+02 2.520420869834074153e+02 2.782248095050931056e+02
3.024587295554149478e+02 2.520618565779379594e+02 2.781981644891262135e+02
3.024416463585945394e+02 2.520816261724684750e+02 2.781715194731593215e+02
3.024245631617741310e+02 2.521013957669989907e+02 2.781448744571924294e+02
3.024074799649537226e+02 2.521211653615295063e+02 2.781182294412255374e+02
3.023903967681333143e+02 2.521409349560600504e+02 2.780915844252586453e+02
3.023733135713129059e+02 2.521607045505905660e+02 2.780649394092917532e+02
3.023562303744924975e+02 2.521804741451210816e+02 2.780382943933248612e+02
3.023391471776720891e+02 2.522002437396516257e+02 2.780116493773579691e+02
3.023220639808516808e+02 2.522200133341821413e+02 2.779850043613910771e+02
3.023220639808516808e+02 2.522200133341821413e+02 2.779850043613910771e+02
3.023096453564066337e+02 2.522343848345802542e+02 2.779656347755867500e+02
3.022972267319615867e+02 2.522487563349783386e+02 2.779462651897824230e+02
3.022848081075165396e+02 2.522631278353764515e+02 2.779268956039781528e+02
3.022723894830715494e+02 2.522774993357745359e+02 2.779075260181738258e+02
3.022599708586265024e+02 2.522918708361726488e+02 2.778881564323694988e+02
3.022475522341814553e+02 2.523062423365707332e+02 2.778687868465651718e+02
3.022351336097364083e+02 2.523206138369688460e+02 2.778494172607608448e+02
3.022227149852913612e+02 2.523349853373669305e+02 2.778300476749565178e+02
3.022102963608463142e+02 2.523493568377650433e+02 2.778106780891522476e+02
3.021978777364012672e+02 2.523637283381631278e+02 2.777913085033479206e+02
3.021854591119562201e+02 2.523780998385612406e+02 2.777719389175435936e+02
3.021730404875112299e+02 2.523924713389593251e+02 2.777525693317392665e+02
3.021606218630661829e+02 2.524068428393574379e+02 2.777331997459349395e+02
3.021482032386211358e+02 2.524212143397555224e+02 2.777138301601306125e+02
3.021357846141760888e+02 2.524355858401536352e+02 2.776944605743263423e+02
3.021233659897310417e+02 2.524499573405517197e+02 2.776750909885220153e+02
3.021109473652859947e+02 2.524643288409498325e+02 2.776557214027176883e+02
3.020985287408409476e+02 2.524787003413479169e+02 2.776363518169133613e+02
3.020861101163959006e+02 2.524930718417460298e+02 2.776169822311090343e+02
3.020736914919509104e+02 2.525074433421441142e+02 2.775976126453047073e+02
3.020612728675058634e+02 2.525218148425422271e+02 2.775782430595004371e+02
3.020488542430608163e+02 2.525361863429403115e+02 2.775588734736961101e+02
3.020364356186157693e+02 2.525505578433384244e+02 2.775395038878917831e+02
3.020364356186157693e+02 2.525505578433384244e+02 2.775395038878917831e+02
3.020010320766819518e+02 2.525674362082363871e+02 2.775381696010890664e+02
3.019656285347480775e+02 2.525843145731343498e+02 2.775368353142864066e+02
3.019302249928142601e+02 2.526011929380323124e+02 2.775355010274836900e+02
3.018948214508804426e+02 2.526180713029302751e+02 2.775341667406810302e+02
3.018594179089465683e+02 2.526349496678282378e+02 2.775328324538783136e+02
3.018240143670127509e+02 2.526518280327262005e+02 2.775314981670756538e+02
3.017886108250789334e+02 2.526687063976241632e+02 2.775301638802729371e+02
3.017532072831450591e+02 2.526855847625221259e+02 2.775288295934702205e+02
3.017178037412112417e+02 2.527024631274200885e+02 2.775274953066675607e+02
3.016824001992774242e+02 2.527193414923180512e+02 2.775261610198648441e+02
3.016469966573436068e+02 2.527362198572160139e+02 2.775248267330621843e+02
3.016115931154097325e+02 2.527530982221139766e+02 2.775234924462594677e+02
3.015761895734759150e+02 2.527699765870119393e+02 2.775221581594567510e+02
3.015407860315420976e+02 2.527868549519099020e+02 2.775208238726540912e+02
3.015053824896082233e+02 2.528037333168078646e+02 2.775194895858513746e+02
3.014699789476744058e+02 2.528206116817058273e+02 2.775181552990487148e+02
3.014345754057405884e+02 2.528374900466037900e+02 2.775168210122459982e+02
3.013991718638067141e+02 2.528543684115017527e+02 2.775154867254433384e+02
3.013637683218728966e+02 2.528712467763997154e+02 2.775141524386406218e+02
3.013637683218728966e+02 2.528712467763997154e+02 2.775141524386406218e+02
3.013347685789993307e+02 2.528636739277732488e+02 2.775112009552510131e+02
3.013057688361257647e+02 2.528561010791468107e+02 2.775082494718614043e+02
3.012767690932521987e+02 2.528485282305203441e+02 2.775052979884717956e+02
3.012477693503786327e+02 2.528409553818939060e+02 2.775023465050821869e+02
3.012187696075050667e+02 2.528333825332674394e+02 2.774993950216925782e+02
3.011897698646315575e+02 2.528258096846410012e+02 2.774964435383029695e+02
3.011607701217579915e+02 2.528182368360145347e+02 2.774934920549133608e+02
3.011317703788844256e+02 2.528106639873880965e+02 2.774905405715237521e+02
3.011027706360108596e+02 2.528030911387616300e+02 2.774875890881341434e+02
3.010737708931372936e+02 2.527955182901351918e+02 2.774846376047445347e+02
3.010447711502637276e+02 2.527879454415087253e+02 2.774816861213549259e+02
3.010157714073901616e+02 2.527803725928822871e+02 2.774787346379653741e+02
3.009867716645165956e+02 2.527727997442558205e+02 2.774757831545757654e+02
3.009577719216430296e+02 2.527652268956293824e+02 2.774728316711861567e+02
3.009287721787694636e+02 2.527576540470029158e+02 2.774698801877965479e+02
3.008997724358958976e+02 2.527500811983764777e+02 2.774669287044069392e+02
3.008707726930223316e+02 2.527425083497500111e+02 2.774639772210173305e+02
3.008417729501488225e+02 2.527349355011235730e+02 2.774610257376277218e+02
3.008127732072752565e+02 2.527273626524971064e+02 2.774580742542381131e+02
3.007837734644016905e+02 2.527197898038706683e+02 2.774551227708485044e+02
3.007547737215281245e+02 2.527122169552442017e+02 2.774521712874588957e+02
3.007257739786545585e+02 2.527046441066177636e+02 2.774492198040692870e+02
3.006967742357809925e+02 2.526970712579912970e+02 2.774462683206796783e+02
3.006967742357809925e+02 2.526970712579912970e+02 2.774462683206796783e+02
3.006776507911214935e+02 2.526960934634093405e+02 2.774702930076068128e+02
3.006585273464619945e+02 2.526951156688273556e+02 2.774943176945339474e+02
3.006394039018024955e+02 2.526941378742453992e+02 2.775183423814611388e+02
3.006202804571429965e+02 2.526931600796634143e+02 2.775423670683882733e+02
3.006011570124834975e+02 2.526921822850814578e+02 2.775663917553154079e+02
3.005820335678239985e+02 2.526912044904995014e+02 2.775904164422425424e+02
3.005629101231644995e+02 2.526902266959175165e+02 2.776144411291696770e+02
3.005437866785050005e+02 2.526892489013355600e+02 2.776384658160968115e+02
3.005246632338455015e+02 2.526882711067535752e+02 2.776624905030240029e+02
3.005055397891860025e+02 2.526872933121716187e+02 2.776865151899511375e+02
3.004864163445265604e+02 2.526863155175896622e+02 2.777105398768782720e+02
3.004672928998670614e+02 2.526853377230076774e+02 2.777345645638054066e+02
3.004481694552075624e+02 2.526843599284257209e+02 2.777585892507325411e+02
3.004290460105480634e+02 2.526833821338437360e+02 2.777826139376597325e+02
3.004099225658885643e+02 2.526824043392617796e+02 2.778066386245868671e+02
3.003907991212290653e+02 2.526814265446797947e+02 2.778306633115140016e+02
3.003716756765695663e+02 2.526804487500978382e+02 2.778546879984411362e+02
3.003525522319100673e+02 2.526794709555158818e+02 2.778787126853682707e+02
3.003334287872505683e+02 2.526784931609338969e+02 2.779027373722954053e+02
3.003143053425910693e+02 2.526775153663519404e+02 2.779267620592225967e+02
3.002951818979315703e+02 2.526765375717699555e+02 2.779507867461497312e+02
3.002760584532720713e+02 2.526755597771879991e+02 2.779748114330768658e+02
3.002760584532720713e+02 2.526755597771879991e+02 2.779748114330768658e+02
3.002727051170386972e+02 2.526995948428199483e+02 2.780044762377739289e+02
3.002693517808053798e+02 2.527236299084519260e+02 2.780341410424709352e+02
3.002659984445720056e+02 2.527476649740838752e+02 2.780638058471679983e+02
3.002626451083386883e+02 2.527717000397158245e+02 2.780934706518650046e+02
3.002592917721053141e+02 2.527957351053478021e+02 2.781231354565620677e+02
3.002559384358719967e+02 2.528197701709797514e+02 2.781528002612590740e+02
3.002525850996386225e+02 2.528438052366117006e+02 2.781824650659561371e+02
3.002492317634053052e+02 2.528678403022436783e+02 2.782121298706531434e+02
3.002458784271719310e+02 2.528918753678756275e+02 2.782417946753502065e+02
3.002425250909386136e+02 2.529159104335075767e+02 2.782714594800472128e+02
3.002391717547052394e+02 2.529399454991395544e+02 2.783011242847442759e+02
3.002358184184719221e+02 2.529639805647715036e+02 2.783307890894412822e+02
3.002324650822385479e+02 2.529880156304034529e+02 2.783604538941383453e+02
3.002291117460052305e+02 2.530120506960354305e+02 2.783901186988353516e+02
3.002257584097718563e+02 2.530360857616673798e+02 2.784197835035324147e+02
3.002224050735385390e+02 2.530601208272993290e+02 2.784494483082294209e+02
3.002190517373051648e+02 2.530841558929313067e+02 2.784791131129264841e+02
3.002156984010718475e+02 2.531081909585632559e+02 2.785087779176234903e+02
3.002123450648384733e+02 2.531322260241952051e+02 2.785384427223205535e+02
3.002089917286051559e+02 2.531562610898271828e+02 2.785681075270175597e+02
3.002056383923717817e+02 2.531802961554591320e+02 2.785977723317146229e+02
3.002056383923717817e+02 2.531802961554591320e+02 2.785977723317146229e+02
3.002027937318802060e+02 2.532006852834375366e+02 2.786229372099256238e+02
3.001999490713885734e+02 2.532210744114159411e+02 2.786481020881366817e+02
3.001971044108969977e+02 2.532414635393943456e+02 2.786732669663476827e+02
3.001942597504053651e+02 2.532618526673727501e+02 2.786984318445586837e+02
3.001914150899137894e+02 2.532822417953511263e+02 2.787235967227697415e+02
3.001885704294221568e+02 2.533026309233295308e+02 2.787487616009807425e+02
3.001857257689305811e+02 2.533230200513079353e+02 2.787739264791918004e+02
3.001828811084389486e+02 2.533434091792863398e+02 2.787990913574028013e+02
3.001800364479473728e+02 2.533637983072647444e+02 2.788242562356138023e+02
3.001771917874557403e+02 2.533841874352431489e+02 2.788494211138248602e+02
3.001743471269641645e+02 2.534045765632215534e+02 2.788745859920358612e+02
3.001715024664725320e+02 2.534249656911999580e+02 2.788997508702468622e+02
3.001686578059809563e+02 2.534453548191783341e+02 2.789249157484579200e+02
3.001658131454893237e+02 2.534657439471567386e+02 2.789500806266689210e+02
3.001629684849977480e+02 2.534861330751351431e+02 2.789752455048799220e+02
3.001601238245061154e+02 2.535065222031135477e+02 2.790004103830909798e+02
3.001572791640145397e+02 2.535269113310919522e+02 2.790255752613019808e+02
3.001544345035229071e+02 2.535473004590703567e+02 2.790507401395129818e+02
3.001515898430313314e+02 2.535676895870487613e+02 2.790759050177240397e+02
3.001487451825396988e+02 2.535880787150271658e+02 2.791010698959350407e+02
3.001459005220481231e+02 2.536084678430055419e+02 2.791262347741460985e+02
3.001430558615564905e+02 2.536288569709839464e+02 2.791513996523570995e+02
3.001402112010649148e+02 2.536492460989623510e+02 2.791765645305681005e+02
3.001373665405732822e+02 2.536696352269407555e+02 2.792017294087791583e+02
3.001345218800817065e+02 2.536900243549191600e+02 2.792268942869901593e+02
3.001345218800817065e+02 2.536900243549191600e+02 2.792268942869901593e+02
3.001318425110446242e+02 2.537092287550083256e+02 2.792505969382203261e+02
3.001291631420075419e+02 2.537284331550974912e+02 2.792742995894505498e+02
3.001264837729704595e+02 2.537476375551866852e+02 2.792980022406807166e+02
3.001238044039333204e+02 2.537668419552758508e+02 2.793217048919109402e+02
3.001211250348962380e+02 2.537860463553650163e+02 2.793454075431411070e+02
3.001184456658591557e+02 2.538052507554541819e+02 2.793691101943712738e+02
3.001157662968220734e+02 2.538244551555433475e+02 2.793928128456014974e+02
3.001130869277849911e+02 2.538436595556325415e+02 2.794165154968316642e+02
3.001104075587479088e+02 2.538628639557217070e+02 2.794402181480618310e+02
3.001077281897107696e+02 2.538820683558108726e+02 2.794639207992920547e+02
3.001050488206736873e+02 2.539012727559000382e+02 2.794876234505222214e+02
3.001023694516366049e+02 2.539204771559892038e+02 2.795113261017524451e+02
3.000996900825995226e+02 2.539396815560783693e+02 2.795350287529826119e+02
3.000970107135624403e+02 2.539588859561675633e+02 2.795587314042127787e+02
3.000943313445253580e+02 2.539780903562567289e+02 2.795824340554430023e+02
3.000916519754882756e+02 2.539972947563458945e+02 2.796061367066731691e+02
3.000889726064511365e+02 2.540164991564350601e+02 2.796298393579033927e+02
3.000862932374140541e+02 2.540357035565242256e+02 2.796535420091335595e+02
3.000836138683769718e+02 2.540549079566134196e+02 2.796772446603637263e+02
3.000809344993398895e+02 2.540741123567025852e+02 2.797009473115939500e+02
3.000782551303028072e+02 2.540933167567917508e+02 2.797246499628241168e+02
3.000755757612657249e+02 2.541125211568809164e+02 2.797483526140542835e+02
3.000728963922285857e+02 2.541317255569700819e+02 2.797720552652845072e+02
3.000702170231915034e+02 2.541509299570592759e+02 2.797957579165146740e+02
3.000675376541544210e+02 2.541701343571484415e+02 2.798194605677448976e+02
3.000648582851173387e+02 2.541893387572376071e+02 2.798431632189750644e+02
3.000648582851173387e+02 2.541893387572376071e+02 2.798431632189750644e+02
3.000623338734666845e+02 2.542074324989572744e+02 2.798654950620651221e+02
3.000598094618160303e+02 2.542255262406769134e+02 2.798878269051551797e+02
3.000572850501653761e+02 2.542436199823965808e+02 2.799101587482452373e+02
3.000547606385147787e+02 2.542617137241162197e+02 2.799324905913352950e+02
3.000522362268641245e+02 2.542798074658358871e+02 2.799548224344253526e+02
3.000497118152134703e+02 2.542979012075555261e+02 2.799771542775154103e+02
3.000471874035628161e+02 2.543159949492751934e+02 2.799994861206054679e+02
3.000446629919121619e+02 2.543340886909948324e+02 2.800218179636955256e+02
3.000421385802615077e+02 2.543521824327144998e+02 2.800441498067855832e+02
3.000396141686109104e+02 2.543702761744341387e+02 2.800664816498756409e+02
3.000370897569602562e+02 2.543883699161538061e+02 2.800888134929656985e+02
3.000345653453096020e+02 2.544064636578734451e+02 2.801111453360557562e+02
3.000320409336589478e+02 2.544245573995931125e+02 2.801334771791458138e+02
3.000295165220082936e+02 2.544426511413127514e+02 2.801558090222358715e+02
3.000269921103576394e+02 2.544607448830324188e+02 2.801781408653259291e+02
3.000244676987070420e+02 2.544788386247520577e+02 2.802004727084159867e+02
3.000219432870563878e+02 2.544969323664717251e+02 2.802228045515060444e+02
3.000194188754057336e+02 2.545150261081913641e+02 2.802451363945961020e+02
3.000168944637550794e+02 2.545331198499110315e+02 2.802674682376861597e+02
3.000143700521044252e+02 2.545512135916306704e+02 2.802898000807762173e+02
3.000118456404537710e+02 2.545693073333503378e+02 2.803121319238662750e+02
3.000093212288031737e+02 2.545874010750699767e+02 2.803344637669563326e+02
3.000067968171525195e+02 2.546054948167896441e+02 2.803567956100463903e+02
3.000042724055018653e+02 2.546235885585092831e+02 2.803791274531364479e+02
3.000017479938512110e+02 2.546416823002289505e+02 2.804014592962265056e+02
3.000017479938512110e+02 2.546416823002289505e+02 2.804014592962265056e+02
3.000016719941185670e+02 2.546572613306537676e+02 2.804274828050862425e+02
3.000015959943858661e+02 2.546728403610786131e+02 2.804535063139459226e+02
3.000015199946532221e+02 2.546884193915034302e+02 2.804795298228056595e+02
3.000014439949205780e+02 2.547039984219282758e+02 2.805055533316653964e+02
3.000013679951878771e+02 2.547195774523530929e+02 2.805315768405250765e+02
3.000012919954552331e+02 2.547351564827779100e+02 2.805576003493848134e+02
3.000012159957225890e+02 2.547507355132027556e+02 2.805836238582445503e+02
3.000011399959899450e+02 2.547663145436275727e+02 2.806096473671042304e+02
3.000010639962572441e+02 2.547818935740524182e+02 2.806356708759639673e+02
3.000009879965246000e+02 2.547974726044772353e+02 2.806616943848237042e+02
3.000009119967919560e+02 2.548130516349020525e+02 2.806877178936833843e+02
3.000008359970592551e+02 2.548286306653268980e+02 2.807137414025431212e+02
3.000007599973266110e+02 2.548442096957517151e+02 2.807397649114028013e+02
3.000006839975939670e+02 2.548597887261765322e+02 2.807657884202625382e+02
3.000006079978612661e+02 2.548753677566013778e+02 2.807918119291222752e+02
3.000005319981286220e+02 2.548909467870261949e+02 2.808178354379819552e+02
3.000004559983959780e+02 2.549065258174510404e+02 2.808438589468416922e+02
3.000003799986633339e+02 2.549221048478758576e+02 2.808698824557014291e+02
3.000003039989306330e+02 2.549376838783006747e+02 2.808959059645611092e+02
3.000002279991979890e+02 2.549532629087255202e+02 2.809219294734208461e+02
3.000001519994653449e+02 2.549688419391503373e+02 2.809479529822805830e+02
3.000000759997326440e+02 2.549844209695751829e+02 2.809739764911402631e+02
3.000000000000000000e+02 2.550000000000000000e+02 2.810000000000000000e+02
3.000000000000000000e+02 2.550000000000000000e+02 2.810000000000000000e+02
3.000000000000000000e+02 2.550000000000000000e+02 2.810000000000000000e+02
3.000000000000000000e+02 2.550000000000000000e+02 2.810000000000000000e+02
3.000000000000000000e+02 2.550000000000000000e+02 2.810000000000000000e+02
3.000000000000000000e+02 2.550000000000000000e+02 2.810000000000000000e+02
3.000000000000000000e+02 2.550000000000000000e+02 2.810000000000000000e+02
3.000000000000000000e+02 2.550000000000000000e+02 2.810000000000000000e+02
3.000000000000000000e+02 2.550000000000000000e+02 2.810000000000000000e+02
3.000000000000000000e+02 2.550000000000000000e+02 2.810000000000000000e+02
3.000000000000000000e+02 2.550000000000000000e+02 2.810000000000000000e+02
3.000000000000000000e+02 2.550000000000000000e+02 2.810000000000000000e+02
3.000000000000000000e+02 2.550000000000000000e+02 2.810000000000000000e+02
3.000000000000000000e+02 2.550000000000000000e+02 2.810000000000000000e+02
3.000000000000000000e+02 2.550000000000000000e+02 2.810000000000000000e+02
3.000000000000000000e+02 2.550000000000000000e+02 2.810000000000000000e+02
3.000000000000000000e+02 2.550000000000000000e+02 2.810000000000000000e+02
3.000000000000000000e+02 2.550000000000000000e+02 2.810000000000000000e+02
3.000000000000000000e+02 2.550000000000000000e+02 2.810000000000000000e+02
3.000000000000000000e+02 2.550000000000000000e+02 2.810000000000000000e+02
3.000000000000000000e+02 2.550000000000000000e+02 2.810000000000000000e+02
3.000000000000000000e+02 2.550000000000000000e+02 2.810000000000000000e+02
3.000000000000000000e+02 2.550000000000000000e+02 2.810000000000000000e+02
3.000000000000000000e+02 2.550000000000000000e+02 2.810000000000000000e+02
3.000000000000000000e+02 2.550000000000000000e+02 2.810000000000000000e+02
2.999869789550858741e+02 2.550246208365147709e+02 2.810151569430178142e+02
2.999739579101718050e+02 2.550492416730295417e+02 2.810303138860355716e+02
2.999609368652576791e+02 2.550738625095442842e+02 2.810454708290533290e+02
2.999479158203435532e+02 2.550984833460590551e+02 2.810606277720711432e+02
2.999348947754294841e+02 2.551231041825738259e+02 2.810757847150889575e+02
2.999218737305153581e+02 2.551477250190885968e+02 2.810909416581067148e+02
2.999088526856012322e+02 2.551723458556033393e+02 2.811060986011244722e+02
2.998958316406871631e+02 2.551969666921181101e+02 2.811212555441422865e+02
2.998828105957730372e+02 2.552215875286328810e+02 2.811364124871601007e+02
2.998697895508589113e+02 2.552462083651476519e+02 2.811515694301778581e+02
2.998567685059448422e+02 2.552708292016624227e+02 2.811667263731956155e+02
2.998437474610307163e+02 2.552954500381771652e+02 2.811818833162134297e+02
2.998307264161165904e+02 2.553200708746919361e+02 2.811970402592312439e+02
2.998177053712024644e+02 2.553446917112067069e+02 2.812121972022490013e+02
2.998046843262883954e+02 2.553693125477214778e+02 2.812273541452667587e+02
2.997916632813742694e+02 2.553939333842362203e+02 2.812425110882845729e+02
2.997786422364601435e+02 2.554185542207509911e+02 2.812576680313023871e+02
2.997656211915460744e+02 2.554431750572657620e+02 2.812728249743201445e+02
2.997526001466319485e+02 2.554677958937805329e+02 2.812879819173379019e+02
2.997395791017178226e+02 2.554924167302952753e+02 2.813031388603557161e+02
2.997265580568037535e+02 2.555170375668100462e+02 2.813182958033735304e+02
2.997135370118896276e+02 2.555416584033248171e+02 2.813334527463912877e+02
2.997135370118896276e+02 2.555416584033248171e+02 2.813334527463912877e+02
2.997219612662141799e+02 2.555628022959271277e+02 2.813549117181152042e+02
2.997303855205387322e+02 2.555839461885294668e+02 2.813763706898391206e+02
2.997388097748632845e+02 2.556050900811317774e+02 2.813978296615630370e+02
2.997472340291878368e+02 2.556262339737341165e+02 2.814192886332869534e+02
2.997556582835123891e+02 2.556473778663364271e+02 2.814407476050108698e+02
2.997640825378369414e+02 2.556685217589387378e+02 2.814622065767347863e+02
2.997725067921614936e+02 2.556896656515410768e+02 2.814836655484587027e+02
2.997809310464860459e+02 2.557108095441433875e+02 2.815051245201826191e+02
2.997893553008105982e+02 2.557319534367457265e+02 2.815265834919065355e+02
2.997977795551351505e+02 2.557530973293480372e+02 2.815480424636304519e+02
2.998062038094597028e+02 2.557742412219503478e+02 2.815695014353543684e+02
2.998146280637842551e+02 2.557953851145526869e+02 2.815909604070782848e+02
2.998230523181088074e+02 2.558165290071549975e+02 2.816124193788022012e+02
2.998314765724333597e+02 2.558376728997573366e+02 2.816338783505261176e+02
2.998399008267579120e+02 2.558588167923596473e+02 2.816553373222500340e+02
2.998483250810825211e+02 2.558799606849619863e+02 2.816767962939738936e+02
2.998567493354070734e+02 2.559011045775642970e+02 2.816982552656978100e+02
2.998651735897316257e+02 2.559222484701666076e+02 2.817197142374217265e+02
2.998735978440561780e+02 2.559433923627689467e+02 2.817411732091456429e+02
2.998820220983807303e+02 2.559645362553712573e+02 2.817626321808695593e+02
2.998904463527052826e+02 2.559856801479735964e+02 2.817840911525934757e+02
2.998988706070298349e+02 2.560068240405759070e+02 2.818055501243173921e+02
2.999072948613543872e+02 2.560279679331782177e+02 2.818270090960413086e+02
2.999157191156789395e+02 2.560491118257805283e+02 2.818484680677652250e+02
2.999241433700034918e+02 2.560702557183828958e+02 2.818699270394891414e+02
2.999325676243280441e+02 2.560913996109852064e+02 2.818913860112130578e+02
2.999409918786525964e+02 2.561125435035875171e+02 2.819128449829369742e+02
2.999494161329771487e+02 2.561336873961898277e+02 2.819343039546608907e+02
2.999578403873017010e+02 2.561548312887921384e+02 2.819557629263848071e+02
2.999662646416262533e+02 2.561759751813945059e+02 2.819772218981087235e+02
2.999746888959508055e+02 2.561971190739968165e+02 2.819986808698326399e+02
2.999831131502753578e+02 2.562182629665991271e+02 2.820201398415565563e+02
2.999831131502753578e+02 2.562182629665991271e+02 2.820201398415565563e+02
3.000025559457644135e+02 2.562429990478497643e+02 2.820183119328744397e+02
3.000219987412534124e+02 2.562677351291004015e+02 2.820164840241923798e+02
3.000414415367424681e+02 2.562924712103510956e+02 2.820146561155102631e+02
3.000608843322315238e+02 2.563172072916017328e+02 2.820128282068281464e+02
3.000803271277205226e+02 2.563419433728523700e+02 2.820110002981460298e+02
3.000997699232095783e+02 2.563666794541030072e+02 2.820091723894639699e+02
3.001192127186986340e+02 2.563914155353536444e+02 2.820073444807818532e+02
3.001386555141876329e+02 2.564161516166043384e+02 2.820055165720997365e+02
3.001580983096766886e+02 2.564408876978549756e+02 2.820036886634176199e+02
3.001775411051657443e+02 2.564656237791056128e+02 2.820018607547355600e+02
3.001969839006547431e+02 2.564903598603562500e+02 2.820000328460534433e+02
3.002164266961437988e+02 2.565150959416069441e+02 2.819982049373713267e+02
3.002358694916328545e+02 2.565398320228575813e+02 2.819963770286892668e+02
3.002553122871218534e+02 2.565645681041082184e+02 2.819945491200071501e+02
3.002747550826109091e+02 2.565893041853588556e+02 2.819927212113250334e+02
3.002941978780999648e+02 2.566140402666094928e+02 2.819908933026429168e+02
3.003136406735889636e+02 2.566387763478601869e+02 2.819890653939608569e+02
3.003330834690780193e+02 2.566635124291108241e+02 2.819872374852787402e+02
3.003525262645670750e+02 2.566882485103614613e+02 2.819854095765966235e+02
3.003719690600560739e+02 2.567129845916120985e+02 2.819835816679145069e+02
3.003914118555451296e+02 2.567377206728627357e+02 2.819817537592324470e+02
3.004108546510341853e+02 2.567624567541134297e+02 2.819799258505503303e+02
3.004302974465231841e+02 2.567871928353640669e+02 2.819780979418682136e+02
3.004497402420122398e+02 2.568119289166147041e+02 2.819762700331861538e+02
3.004691830375012955e+02 2.568366649978653413e+02 2.819744421245040371e+02
3.004886258329902944e+02 2.568614010791160354e+02 2.819726142158219204e+02
3.005080686284793501e+02 2.568861371603666726e+02 2.819707863071398037e+02
3.005275114239684058e+02 2.569108732416173098e+02 2.819689583984577439e+02
3.005469542194574046e+02 2.569356093228679470e+02 2.819671304897756272e+02
3.005663970149464603e+02 2.569603454041185842e+02 2.819653025810935105e+02
3.005858398104355160e+02 2.569850814853692782e+02 2.819634746724113938e+02
3.006052826059245149e+02 2.570098175666199154e+02 2.819616467637293340e+02
3.006247254014135706e+02 2.570345536478705526e+02 2.819598188550472173e+02
3.006247254014135706e+02 2.570345536478705526e+02 2.819598188550472173e+02
3.006236607486209209e+02 2.570657190624624491e+02 2.819600059599808333e+02
3.006225960958282144e+02 2.570968844770543456e+02 2.819601930649144492e+02
3.006215314430355647e+02 2.571280498916462989e+02 2.819603801698480083e+02
3.006204667902428582e+02 2.571592153062381954e+02 2.819605672747816243e+02
3.006194021374502086e+02 2.571903807208300918e+02 2.819607543797152402e+02
3.006183374846575020e+02 2.572215461354219883e+02 2.819609414846488562e+02
3.006172728318648524e+02 2.572527115500138848e+02 2.819611285895824153e+02
3.006162081790721459e+02 2.572838769646058381e+02 2.819613156945160313e+02
3.006151435262794962e+02 2.573150423791977346e+02 2.819615027994496472e+02
3.006140788734867897e+02 2.573462077937896311e+02 2.819616899043832632e+02
3.006130142206941400e+02 2.573773732083815275e+02 2.819618770093168223e+02
3.006119495679014335e+02 2.574085386229734240e+02 2.819620641142504383e+02
3.006108849151087838e+02 2.574397040375653773e+02 2.819622512191840542e+02
3.006098202623160773e+02 2.574708694521572738e+02 2.819624383241176702e+02
3.006087556095234277e+02 2.575020348667491703e+02 2.819626254290512861e+02
3.006076909567307212e+02 2.575332002813410668e+02 2.819628125339848452e+02
3.006066263039380715e+02 2.575643656959329633e+02 2.819629996389184612e+02
3.006055616511453650e+02 2.575955311105249166e+02 2.819631867438520771e+02
3.006044969983527153e+02 2.576266965251168131e+02 2.819633738487856931e+02
3.006034323455600088e+02 2.576578619397087095e+02 2.819635609537192522e+02
3.006023676927673591e+02 2.576890273543006060e+02 2.819637480586528682e+02
3.006013030399746526e+02 2.577201927688925025e+02 2.819639351635864841e+02
3.006002383871820030e+02 2.577513581834844558e+02 2.819641222685201001e+02
3.005991737343892964e+02 2.577825235980763523e+02 2.819643093734537160e+02
3.005981090815966468e+02 2.578136890126682488e+02 2.819644964783872751e+02
3.005970444288039403e+02 2.578448544272601453e+02 2.819646835833208911e+02
3.005959797760112906e+02 2.578760198418520417e+02 2.819648706882545071e+02
3.005949151232185841e+02 2.579071852564439951e+02 2.819650577931881230e+02
3.005938504704259344e+02 2.579383506710358915e+02 2.819652448981216821e+02
3.005927858176332279e+02 2.579695160856277880e+02 2.819654320030552981e+02
3.005917211648405782e+02 2.580006815002196845e+02 2.819656191079889140e+02
3.005906565120478717e+02 2.580318469148115810e+02 2.819658062129225300e+02
3.005895918592552221e+02 2.580630123294035343e+02 2.819659933178560891e+02
3.005885272064625156e+02 2.580941777439954308e+02 2.819661804227897051e+02
3.005874625536698659e+02 2.581253431585873273e+02 2.819663675277233210e+02
3.005874625536698659e+02 2.581253431585873273e+02 2.819663675277233210e+02
3.005863909282022632e+02 2.581567126832005670e+02 2.819665558580534821e+02
3.005853193027347174e+02 2.581880822078138067e+02 2.819667441883836432e+02
3.005842476772671148e+02 2.582194517324270464e+02 2.819669325187138043e+02
3.005831760517995122e+02 2.582508212570402861e+02 2.819671208490439653e+02
3.005821044263319664e+02 2.582821907816535258e+02 2.819673091793741833e+02
3.005810328008643637e+02 2.583135603062667656e+02 2.819674975097043443e+02
3.005799611753967611e+02 2.583449298308800053e+02 2.819676858400345054e+02
3.005788895499292153e+02 2.583762993554932450e+02 2.819678741703646665e+02
3.005778179244616126e+02 2.584076688801064847e+02 2.819680625006948276e+02
3.005767462989940100e+02 2.584390384047197244e+02 2.819682508310249887e+02
3.005756746735264642e+02 2.584704079293329642e+02 2.819684391613551497e+02
3.005746030480588615e+02 2.585017774539462039e+02 2.819686274916853108e+02
3.005735314225912589e+02 2.585331469785594436e+02 2.819688158220154719e+02
3.005724597971237131e+02 2.585645165031726833e+02 2.819690041523456898e+02
3.005713881716561104e+02 2.585958860277859230e+02 2.819691924826758509e+02
3.005703165461885078e+02 2.586272555523991628e+02 2.819693808130060120e+02
3.005692449207209620e+02 2.586586250770124025e+02 2.819695691433361731e+02
3.005681732952533594e+02 2.586899946016255853e+02 2.819697574736663341e+02
3.005671016697858136e+02 2.587213641262388251e+02 2.819699458039964952e+02
3.005660300443182109e+02 2.587527336508520648e+02 2.819701341343266563e+02
3.005649584188506083e+02 2.587841031754653045e+02 2.819703224646568174e+02
3.005638867933830625e+02 2.588154727000785442e+02 2.819705107949870353e+02
3.005628151679154598e+02 2.588468422246917839e+02 2.819706991253171964e+02
3.005617435424478572e+02 2.588782117493050237e+02 2.819708874556473575e+02
3.005606719169803114e+02 2.589095812739182634e+02 2.819710757859775185e+02
3.005596002915127087e+02 2.589409507985315031e+02 2.819712641163076796e+02
3.005585286660451061e+02 2.589723203231447428e+02 2.819714524466378407e+02
3.005574570405775603e+02 2.590036898477579825e+02 2.819716407769680018e+02
3.005563854151099576e+02 2.590350593723712223e+02 2.819718291072981629e+02
3.005553137896423550e+02 2.590664288969844620e+02 2.819720174376283239e+02
3.005542421641748092e+02 2.590977984215977017e+02 2.819722057679585419e+02
3.005531705387072066e+02 2.591291679462109414e+02 2.819723940982887029e+02
3.005520989132396039e+02 2.591605374708241811e+02 2.819725824286188640e+02
3.005510272877720581e+02 2.591919069954374208e+02 2.819727707589490251e+02
3.005499556623044555e+02 2.592232765200506606e+02 2.819729590892791862e+02
3.005499556623044555e+02 2.592232765200506606e+02 2.819729590892791862e+02
3.005521271169583883e+02 2.592503332060136927e+02 2.819885470870733570e+02
3.005542985716123212e+02 2.592773898919767248e+02 2.820041350848674711e+02
3.005564700262661972e+02 2.593044465779397569e+02 2.820197230826616419e+02
3.005586414809201301e+02 2.593315032639027891e+02 2.820353110804558128e+02
3.005608129355740630e+02 2.593585599498658212e+02 2.820508990782499268e+02
3.005629843902279958e+02 2.593856166358287965e+02 2.820664870760440976e+02
3.005651558448819287e+02 2.594126733217918286e+02 2.820820750738382685e+02
3.005673272995358616e+02 2.594397300077548607e+02 2.820976630716323825e+02
3.005694987541897945e+02 2.594667866937178928e+02 2.821132510694265534e+02
3.005716702088436705e+02 2.594938433796809250e+02 2.821288390672207242e+02
3.005738416634976033e+02 2.595209000656439571e+02 2.821444270650148383e+02
3.005760131181515362e+02 2.595479567516069892e+02 2.821600150628090091e+02
3.005781845728054691e+02 2.595750134375700213e+02 2.821756030606031800e+02
3.005803560274594020e+02 2.596020701235330534e+02 2.821911910583972940e+02
3.005825274821132780e+02 2.596291268094960287e+02 2.822067790561914649e+02
3.005846989367672109e+02 2.596561834954590609e+02 2.822223670539856357e+02
3.005868703914211437e+02 2.596832401814220930e+02 2.822379550517797497e+02
3.005890418460750766e+02 2.597102968673851251e+02 2.822535430495739206e+02
3.005912133007290095e+02 2.597373535533481572e+02 2.822691310473680915e+02
3.005933847553829423e+02 2.597644102393111893e+02 2.822847190451622055e+02
3.005955562100368752e+02 2.597914669252742215e+02 2.823003070429563763e+02
3.005977276646907512e+02 2.598185236112372536e+02 2.823158950407505472e+02
3.005998991193446841e+02 2.598455802972002857e+02 2.823314830385446612e+02
3.006020705739986170e+02 2.598726369831633178e+02 2.823470710363388321e+02
3.006042420286525498e+02 2.598996936691263500e+02 2.823626590341330029e+02
3.006064134833064827e+02 2.599267503550893252e+02 2.823782470319271170e+02
3.006085849379604156e+02 2.599538070410523574e+02 2.823938350297212878e+02
3.006107563926142916e+02 2.599808637270153895e+02 2.824094230275154587e+02
3.006129278472682245e+02 2.600079204129784216e+02 2.824250110253095727e+02
3.006150993019221573e+02 2.600349770989414537e+02 2.824405990231037435e+02
3.006150993019221573e+02 2.600349770989414537e+02 2.824405990231037435e+02
3.006140158279454795e+02 2.600666934631078107e+02 2.824407894357226496e+02
3.006129323539687448e+02 2.600984098272742244e+02 2.824409798483415557e+02
3.006118488799920669e+02 2.601301261914405814e+02 2.824411702609604617e+02
3.006107654060153891e+02 2.601618425556069383e+02 2.824413606735793110e+02
3.006096819320386544e+02 2.601935589197733520e+02 2.824415510861982170e+02
3.006085984580619765e+02 2.602252752839397090e+02 2.824417414988171231e+02
3.006075149840852418e+02 2.602569916481061227e+02 2.824419319114360292e+02
3.006064315101085640e+02 2.602887080122724797e+02 2.824421223240549352e+02
3.006053480361318861e+02 2.603204243764388366e+02 2.824423127366738413e+02
3.006042645621551515e+02 2.603521407406052504e+02 2.824425031492927474e+02
3.006031810881784736e+02 2.603838571047716073e+02 2.824426935619115966e+02
3.006020976142017957e+02 2.604155734689379642e+02 2.824428839745305027e+02
3.006010141402250611e+02 2.604472898331043780e+02 2.824430743871494087e+02
3.005999306662483832e+02 2.604790061972707349e+02 2.824432647997683148e+02
3.005988471922717054e+02 2.605107225614370918e+02 2.824434552123872209e+02
3.005977637182949707e+02 2.605424389256035056e+02 2.824436456250061269e+02
3.005966802443182928e+02 2.605741552897698625e+02 2.824438360376250330e+02
3.005955967703415581e+02 2.606058716539362763e+02 2.824440264502439391e+02
3.005945132963648803e+02 2.606375880181026332e+02 2.824442168628627883e+02
3.005934298223882024e+02 2.606693043822689901e+02 2.824444072754816943e+02
3.005923463484114677e+02 2.607010207464354039e+02 2.824445976881006004e+02
3.005912628744347899e+02 2.607327371106017608e+02 2.824447881007195065e+02
3.005912628744347899e+02 2.607327371106017608e+02 2.824447881007195065e+02
3.005901350257845479e+02 2.607657524476429103e+02 2.824449863118624080e+02
3.005890071771343059e+02 2.607987677846840029e+02 2.824451845230053095e+02
3.005878793284840071e+02 2.608317831217251523e+02 2.824453827341482111e+02
3.005867514798337652e+02 2.608647984587663018e+02 2.824455809452910557e+02
3.005856236311835232e+02 2.608978137958074512e+02 2.824457791564339573e+02
3.005844957825332813e+02 2.609308291328485438e+02 2.824459773675768588e+02
3.005833679338830393e+02 2.609638444698896933e+02 2.824461755787197603e+02
3.005822400852327405e+02 2.609968598069308428e+02 2.824463737898626619e+02
3.005811122365824986e+02 2.610298751439719922e+02 2.824465720010055634e+02
3.005799843879322566e+02 2.610628904810130848e+02 2.824467702121484081e+02
3.005788565392820146e+02 2.610959058180542343e+02 2.824469684232913096e+02
3.005777286906317158e+02 2.611289211550953837e+02 2.824471666344342111e+02
3.005766008419814739e+02 2.611619364921365332e+02 2.824473648455771126e+02
3.005754729933312319e+02 2.611949518291776258e+02 2.824475630567200142e+02
3.005743451446809900e+02 2.612279671662187752e+02 2.824477612678629157e+02
3.005732172960307480e+02 2.612609825032599247e+02 2.824479594790057604e+02
3.005720894473804492e+02 2.612939978403010741e+02 2.824481576901486619e+02
3.005709615987302072e+02 2.613270131773421667e+02 2.824483559012915634e+02
3.005698337500799653e+02 2.613600285143833162e+02 2.824485541124344650e+02
3.005698337500799653e+02 2.613600285143833162e+02 2.824485541124344650e+02
3.005687288785754845e+02 2.613923712450313701e+02 2.824487482855121812e+02
3.005676240070710605e+02 2.614247139756794240e+02 2.824489424585899542e+02
3.005665191355665797e+02 2.614570567063274211e+02 2.824491366316676704e+02
3.005654142640621558e+02 2.614893994369754751e+02 2.824493308047454434e+02
3.005643093925576750e+02 2.615217421676235290e+02 2.824495249778231596e+02
3.005632045210531942e+02 2.615540848982715829e+02 2.824497191509009326e+02
3.005620996495487702e+02 2.615864276289195800e+02 2.824499133239786488e+02
3.005609947780442894e+02 2.616187703595676339e+02 2.824501074970564218e+02
3.005598899065398655e+02 2.616511130902156879e+02 2.824503016701341380e+02
3.005587850350353847e+02 2.616834558208637418e+02 2.824504958432118542e+02
3.005576801635309039e+02 2.617157985515117957e+02 2.824506900162896272e+02
3.005565752920264799e+02 2.617481412821597928e+02 2.824508841893673434e+02
3.005554704205219991e+02 2.617804840128078467e+02 2.824510783624451165e+02
3.005543655490175183e+02 2.618128267434559007e+02 2.824512725355228326e+02
3.005532606775130944e+02 2.618451694741039546e+02 2.824514667086006057e+02
3.005521558060086136e+02 2.618775122047519517e+02 2.824516608816783219e+02
3.005510509345041896e+02 2.619098549354000056e+02 2.824518550547560949e+02
3.005499460629997088e+02 2.619421976660480595e+02 2.824520492278338111e+02
3.005499460629997088e+02 2.619421976660480595e+02 2.824520492278338111e+02
3.005518375500749357e+02 2.619590673491296684e+02 2.824799134155736056e+02
3.005537290371501626e+02 2.619759370322112773e+02 2.825077776033134000e+02
3.005556205242253327e+02 2.619928067152928861e+02 2.825356417910531945e+02
3.005575120113005596e+02 2.620096763983744950e+02 2.825635059787929890e+02
3.005594034983757865e+02 2.620265460814561038e+02 2.825913701665327835e+02
3.005612949854510134e+02 2.620434157645377127e+02 2.826192343542725780e+02
3.005631864725262403e+02 2.620602854476193215e+02 2.826470985420123725e+02
3.005650779596014672e+02 2.620771551307009304e+02 2.826749627297521101e+02
3.005669694466766373e+02 2.620940248137825392e+02 2.827028269174919046e+02
3.005688609337518642e+02 2.621108944968641481e+02 2.827306911052316991e+02
3.005707524208270911e+02 2.621277641799457570e+02 2.827585552929714936e+02
3.005726439079023180e+02 2.621446338630273658e+02 2.827864194807112881e+02
3.005745353949775449e+02 2.621615035461089747e+02 2.828142836684510826e+02
3.005764268820527150e+02 2.621783732291905835e+02 2.828421478561908771e+02
3.005783183691279419e+02 2.621952429122721924e+02 2.828700120439306716e+02
3.005802098562031688e+02 2.622121125953538012e+02 2.828978762316704660e+02
3.005802098562031688e+02 2.622121125953538012e+02 2.828978762316704660e+02
3.005820624799037546e+02 2.622286356660675324e+02 2.829251679088275750e+02
3.005839151036042836e+02 2.622451587367812635e+02 2.829524595859846272e+02
3.005857677273048694e+02 2.622616818074950515e+02 2.829797512631417362e+02
3.005876203510053983e+02 2.622782048782087827e+02 2.830070429402987884e+02
3.005894729747059841e+02 2.622947279489225139e+02 2.830343346174558974e+02
3.005913255984065131e+02 2.623112510196362450e+02 2.830616262946129496e+02
3.005931782221070989e+02 2.623277740903500330e+02 2.830889179717700586e+02
3.005950308458076279e+02 2.623442971610637642e+02 2.831162096489271676e+02
3.005968834695082137e+02 2.623608202317774953e+02 2.831435013260842197e+02
3.005987360932087427e+02 2.623773433024912265e+02 2.831707930032413287e+02
3.006005887169093285e+02 2.623938663732050145e+02 2.831980846803983809e+02
3.006024413406098574e+02 2.624103894439187457e+02 2.832253763575554899e+02
3.006042939643104432e+02 2.624269125146324768e+02 2.832526680347125421e+02
3.006061465880109722e+02 2.624434355853462080e+02 2.832799597118696511e+02
3.006079992117115580e+02 2.624599586560599960e+02 2.833072513890267601e+02
3.006098518354120870e+02 2.624764817267737271e+02 2.833345430661838122e+02
3.006117044591126728e+02 2.624930047974874583e+02 2.833618347433409212e+02
3.006135570828132018e+02 2.625095278682011894e+02 2.833891264204979734e+02
3.006154097065137876e+02 2.625260509389149775e+02 2.834164180976550824e+02
3.006172623302143165e+02 2.625425740096287086e+02 2.834437097748121346e+02
3.006191149539149023e+02 2.625590970803424398e+02 2.834710014519692436e+02
3.006191149539149023e+02 2.625590970803424398e+02 2.834710014519692436e+02
3.006025176771211136e+02 2.625767721338294223e+02 2.834915205963718563e+02
3.005859204003273248e+02 2.625944471873164048e+02 2.835120397407744690e+02
3.005693231235335361e+02 2.626121222408033873e+02 2.835325588851770817e+02
3.005527258467397473e+02 2.626297972942903698e+02 2.835530780295796944e+02
3.005361285699459586e+02 2.626474723477774091e+02 2.835735971739823071e+02
3.005195312931521698e+02 2.626651474012643916e+02 2.835941163183849199e+02
3.005029340163584379e+02 2.626828224547513742e+02 2.836146354627875326e+02
3.004863367395646492e+02 2.627004975082383567e+02 2.836351546071901453e+02
3.004697394627708604e+02 2.627181725617253392e+02 2.836556737515927580e+02
3.004531421859770717e+02 2.627358476152123217e+02 2.836761928959953707e+02
3.004365449091832829e+02 2.627535226686993042e+02 2.836967120403979834e+02
3.004199476323894942e+02 2.627711977221862867e+02 2.837172311848005961e+02
3.004033503555957054e+02 2.627888727756732692e+02 2.837377503292032088e+02
3.003867530788019167e+02 2.628065478291603085e+02 2.837582694736057647e+02
3.003701558020081279e+02 2.628242228826472910e+02 2.837787886180083774e+02
3.003535585252143392e+02 2.628418979361342736e+02 2.837993077624109901e+02
3.003369612484205504e+02 2.628595729896212561e+02 2.838198269068136028e+02
3.003203639716267617e+02 2.628772480431082386e+02 2.838403460512162155e+02
3.003037666948329729e+02 2.628949230965952211e+02 2.838608651956188282e+02
3.002871694180391842e+02 2.629125981500822036e+02 2.838813843400214409e+02
3.002705721412454523e+02 2.629302732035691861e+02 2.839019034844240537e+02
3.002539748644516635e+02 2.629479482570561686e+02 2.839224226288266664e+02
3.002373775876578748e+02 2.629656233105432079e+02 2.839429417732292791e+02
3.002207803108640860e+02 2.629832983640301904e+02 2.839634609176318918e+02
3.002041830340702973e+02 2.630009734175171729e+02 2.839839800620345045e+02
3.001875857572765085e+02 2.630186484710041555e+02 2.840044992064371172e+02
3.001709884804827198e+02 2.630363235244911380e+02 2.840250183508397299e+02
3.001709884804827198e+02 2.630363235244911380e+02 2.840250183508397299e+02
3.001696075467431228e+02 2.630620330952795598e+02 2.840434452395548419e+02
3.001682266130035259e+02 2.630877426660679816e+02 2.840618721282700108e+02
3.001668456792639290e+02 2.631134522368564035e+02 2.840802990169851228e+02
3.001654647455242753e+02 2.631391618076448253e+02 2.840987259057002916e+02
3.001640838117846783e+02 2.631648713784332472e+02 2.841171527944154036e+02
3.001627028780450814e+02 2.631905809492216690e+02 2.841355796831305724e+02
3.001613219443054845e+02 2.632162905200100909e+02 2.841540065718456844e+02
3.001599410105658876e+02 2.632420000907985127e+02 2.841724334605608533e+02
3.001585600768262907e+02 2.632677096615869345e+02 2.841908603492759653e+02
3.001571791430866938e+02 2.632934192323753564e+02 2.842092872379911341e+02
3.001557982093470400e+02 2.633191288031638351e+02 2.842277141267062461e+02
3.001544172756074431e+02 2.633448383739522569e+02 2.842461410154213581e+02
3.001530363418678462e+02 2.633705479447406788e+02 2.842645679041365270e+02
3.001516554081282493e+02 2.633962575155291006e+02 2.842829947928516390e+02
3.001502744743886524e+02 2.634219670863175224e+02 2.843014216815668078e+02
3.001488935406490555e+02 2.634476766571059443e+02 2.843198485702819198e+02
3.001475126069094586e+02 2.634733862278943661e+02 2.843382754589970887e+02
3.001461316731698616e+02 2.634990957986827880e+02 2.843567023477122007e+02
3.001447507394302079e+02 2.635248053694712098e+02 2.843751292364273695e+02
3.001433698056906110e+02 2.635505149402596317e+02 2.843935561251424815e+02
3.001419888719510141e+02 2.635762245110480535e+02 2.844119830138576503e+02
3.001406079382114171e+02 2.636019340818364753e+02 2.844304099025727623e+02
3.001406079382114171e+02 2.636019340818364753e+02 2.844304099025727623e+02
3.001392268814279305e+02 2.636276459433981358e+02 2.844488384331598354e+02
3.001378458246443870e+02 2.636533578049597395e+02 2.844672669637469653e+02
3.001364647678609003e+02 2.636790696665214000e+02 2.844856954943340384e+02
3.001350837110773568e+02 2.637047815280830605e+02 2.845041240249211114e+02
3.001337026542938702e+02 2.637304933896447210e+02 2.845225525555081845e+02
3.001323215975103835e+02 2.637562052512063246e+02 2.845409810860953144e+02
3.001309405407268400e+02 2.637819171127679851e+02 2.845594096166823874e+02
3.001295594839433534e+02 2.638076289743296456e+02 2.845778381472694605e+02
3.001281784271598099e+02 2.638333408358912493e+02 2.845962666778565904e+02
3.001267973703763232e+02 2.638590526974529098e+02 2.846146952084436634e+02
3.001254163135928366e+02 2.638847645590145703e+02 2.846331237390307365e+02
3.001240352568092931e+02 2.639104764205761740e+02 2.846515522696178664e+02
3.001226542000258064e+02 2.639361882821378344e+02 2.846699808002049394e+02
3.001212731432422629e+02 2.639619001436994949e+02 2.846884093307920125e+02
3.001198920864587762e+02 2.639876120052611554e+02 2.847068378613790856e+02
3.001185110296752327e+02 2.640133238668227591e+02 2.847252663919662155e+02
3.001171299728917461e+02 2.640390357283844196e+02 2.847436949225532885e+02
3.001157489161082594e+02 2.640647475899460801e+02 2.847621234531403616e+02
3.001143678593247159e+02 2.640904594515076838e+02 2.847805519837274915e+02
3.001129868025412293e+02 2.641161713130693443e+02 2.847989805143145645e+02
3.001116057457576858e+02 2.641418831746310047e+02 2.848174090449016376e+02
3.001102246889741991e+02 2.641675950361926084e+02 2.848358375754887675e+02
3.001088436321907125e+02 2.641933068977542689e+02 2.848542661060758405e+02
3.001074625754071690e+02 2.642190187593159294e+02 2.848726946366629136e+02
3.001060815186236823e+02 2.642447306208775899e+02 2.848911231672499866e+02
3.001047004618401388e+02 2.642704424824391936e+02 2.849095516978371165e+02
3.001033194050566522e+02 2.642961543440008541e+02 2.849279802284241896e+02
