1.552649054527282715e+02 2.521133194565773010e+02 1.385055565498769283e+02
1.552784962347059547e+02 2.520988461302988526e+02 1.384887543220185933e+02
1.552920870166836380e+02 2.520843728040204041e+02 1.384719520941602582e+02
1.553056777986613213e+02 2.520698994777419273e+02 1.384551498663018947e+02
1.553192685806390045e+02 2.520554261514634788e+02 1.384383476384435596e+02
1.553328593626166878e+02 2.520409528251850304e+02 1.384215454105852245e+02
1.553464501445943711e+02 2.520264794989065820e+02 1.384047431827268895e+02
1.553600409265720543e+02 2.520120061726281051e+02 1.383879409548685544e+02
1.553736317085497376e+02 2.519975328463496567e+02 1.383711387270101909e+02
1.553872224905274209e+02 2.519830595200712082e+02 1.383543364991518558e+02
1.554008132725051041e+02 2.519685861937927598e+02 1.383375342712935208e+02
1.554144040544827874e+02 2.519541128675142829e+02 1.383207320434351857e+02
1.554279948364604707e+02 2.519396395412358345e+02 1.383039298155768222e+02
1.554415856184381539e+02 2.519251662149573860e+02 1.382871275877184871e+02
1.554551764004158372e+02 2.519106928886789376e+02 1.382703253598601520e+02
1.554687671823935204e+02 2.518962195624004607e+02 1.382535231320018170e+02
1.554823579643712037e+02 2.518817462361220123e+02 1.382367209041434819e+02
1.554959487463488585e+02 2.518672729098435639e+02 1.382199186762851184e+02
1.555095395283265418e+02 2.518527995835651154e+02 1.382031164484267833e+02
1.555231303103042251e+02 2.518383262572866386e+02 1.381863142205684483e+02
1.555367210922819083e+02 2.518238529310081901e+02 1.381695119927101132e+02
1.555503118742595916e+02 2.518093796047297417e+02 1.381527097648517781e+02
1.555639026562372749e+02 2.517949062784512932e+02 1.381359075369934146e+02
1.555774934382149581e+02 2.517804329521728164e+02 1.381191053091350796e+02
1.555910842201926414e+02 2.517659596258943679e+02 1.381023030812767445e+02
1.556046750021703247e+02 2.517514862996159195e+02 1.380855008534184094e+02
1.556182657841480079e+02 2.517370129733374711e+02 1.380686986255600459e+02
1.556318565661256912e+02 2.517225396470589942e+02 1.380518963977017108e+02
1.556454473481033745e+02 2.517080663207805458e+02 1.380350941698433758e+02
1.556590381300810577e+02 2.516935929945020973e+02 1.380182919419850407e+02
1.556726289120587410e+02 2.516791196682236489e+02 1.380014897141267056e+02
1.556862196940364242e+02 2.516646463419451720e+02 1.379846874862683421e+02
1.556998104760141075e+02 2.516501730156667236e+02 1.379678852584100071e+02
1.557134012579917908e+02 2.516356996893882751e+02 1.379510830305516720e+02
1.557134012579917908e+02 2.516356996893882751e+02 1.379510830305516720e+02
1.557361953832485142e+02 2.516104559015344648e+02 1.379486963308795850e+02
1.557589895085052092e+02 2.515852121136806545e+02 1.379463096312074697e+02
1.557817836337619326e+02 2.515599683258268442e+02 1.379439229315353828e+02
1.558045777590186560e+02 2.515347245379730623e+02 1.379415362318632674e+02
1.558273718842753794e+02 2.515094807501192520e+02 1.379391495321911805e+02
1.558501660095320744e+02 2.514842369622654417e+02 1.379367628325190935e+02
1.558729601347887979e+02 2.514589931744116313e+02 1.379343761328469782e+02
1.558957542600455213e+02 2.514337493865578210e+02 1.379319894331748912e+02
1.559185483853022163e+02 2.514085055987040107e+02 1.379296027335027759e+02
1.559413425105589397e+02 2.513832618108502004e+02 1.379272160338306890e+02
1.559641366358156631e+02 2.513580180229964185e+02 1.379248293341586020e+02
1.559869307610723581e+02 2.513327742351426082e+02 1.379224426344864867e+02
1.560097248863290815e+02 2.513075304472887979e+02 1.379200559348143997e+02
1.560325190115858049e+02 2.512822866594349875e+02 1.379176692351422844e+02
1.560553131368425284e+02 2.512570428715811772e+02 1.379152825354701974e+02
1.560781072620992234e+02 2.512317990837273669e+02 1.379128958357980821e+02
1.561009013873559468e+02 2.512065552958735850e+02 1.379105091361259952e+02
1.561236955126126702e+02 2.511813115080197747e+02 1.379081224364539082e+02
1.561464896378693652e+02 2.511560677201659644e+02 1.379057357367817929e+02
1.561692837631260886e+02 2.511308239323121541e+02 1.379033490371097059e+02
1.561920778883828120e+02 2.511055801444583437e+02 1.379009623374375906e+02
1.562148720136395070e+02 2.510803363566045334e+02 1.378985756377655036e+02
1.562376661388962304e+02 2.510550925687507231e+02 1.378961889380934167e+02
1.562604602641529539e+02 2.510298487808969412e+02 1.378938022384213014e+02
1.562832543894096773e+02 2.510046049930431309e+02 1.378914155387492144e+02
1.563060485146663723e+02 2.509793612051893206e+02 1.378890288390770991e+02
1.563288426399230957e+02 2.509541174173355103e+02 1.378866421394050121e+02
1.563288426399230957e+02 2.509541174173355103e+02 1.378866421394050121e+02
1.563489676590623390e+02 2.509352298605030853e+02 1.378884677152181553e+02
1.563690926782016106e+02 2.509163423036706888e+02 1.378902932910312984e+02
1.563892176973408539e+02 2.508974547468382639e+02 1.378921188668444131e+02
1.564093427164801255e+02 2.508785671900058674e+02 1.378939444426575562e+02
1.564294677356193688e+02 2.508596796331734424e+02 1.378957700184706994e+02
1.564495927547586405e+02 2.508407920763410459e+02 1.378975955942838425e+02
1.564697177738978837e+02 2.508219045195086210e+02 1.378994211700969856e+02
1.564898427930371554e+02 2.508030169626762245e+02 1.379012467459101003e+02
1.565099678121763986e+02 2.507841294058437995e+02 1.379030723217232435e+02
1.565300928313156703e+02 2.507652418490113746e+02 1.379048978975363866e+02
1.565502178504549136e+02 2.507463542921789781e+02 1.379067234733495297e+02
1.565703428695941852e+02 2.507274667353465532e+02 1.379085490491626729e+02
1.565904678887334285e+02 2.507085791785141566e+02 1.379103746249757876e+02
1.566105929078727002e+02 2.506896916216817317e+02 1.379122002007889307e+02
1.566307179270119434e+02 2.506708040648493352e+02 1.379140257766020738e+02
1.566508429461512151e+02 2.506519165080169103e+02 1.379158513524152170e+02
1.566709679652904583e+02 2.506330289511845137e+02 1.379176769282283317e+02
1.566910929844297300e+02 2.506141413943520888e+02 1.379195025040414748e+02
1.567112180035689732e+02 2.505952538375196923e+02 1.379213280798546180e+02
1.567313430227082449e+02 2.505763662806872674e+02 1.379231536556677611e+02
1.567514680418474882e+02 2.505574787238548424e+02 1.379249792314809042e+02
1.567715930609867598e+02 2.505385911670224459e+02 1.379268048072940189e+02
1.567917180801260031e+02 2.505197036101900210e+02 1.379286303831071621e+02
1.568118430992652748e+02 2.505008160533576245e+02 1.379304559589203052e+02
1.568319681184045180e+02 2.504819284965251995e+02 1.379322815347334483e+02
1.568520931375437897e+02 2.504630409396928030e+02 1.379341071105465915e+02
1.568722181566830329e+02 2.504441533828603781e+02 1.379359326863597062e+02
1.568923431758223046e+02 2.504252658260279816e+02 1.379377582621728493e+02
1.569124681949615479e+02 2.504063782691955566e+02 1.379395838379859924e+02
1.569124681949615479e+02 2.504063782691955566e+02 1.379395838379859924e+02
1.569349232006073009e+02 2.503853039932251079e+02 1.379416207709908520e+02
1.569573782062530540e+02 2.503642297172546307e+02 1.379436577039957115e+02
1.569798332118988071e+02 2.503431554412841820e+02 1.379456946370005710e+02
1.570022882175445602e+02 2.503220811653137332e+02 1.379477315700054305e+02
1.570247432231903133e+02 2.503010068893432560e+02 1.379497685030102616e+02
1.570471982288360664e+02 2.502799326133728073e+02 1.379518054360151211e+02
1.570696532344818195e+02 2.502588583374023301e+02 1.379538423690199807e+02
1.570921082401275726e+02 2.502377840614318814e+02 1.379558793020248402e+02
1.571145632457733257e+02 2.502167097854614326e+02 1.379579162350296997e+02
1.571370182514190788e+02 2.501956355094909554e+02 1.379599531680345592e+02
1.571594732570648318e+02 2.501745612335205067e+02 1.379619901010394187e+02
1.571819282627105849e+02 2.501534869575500579e+02 1.379640270340442783e+02
1.572043832683563096e+02 2.501324126815795807e+02 1.379660639670491094e+02
1.572268382740020627e+02 2.501113384056091320e+02 1.379681009000539689e+02
1.572492932796478158e+02 2.500902641296386832e+02 1.379701378330588284e+02
1.572717482852935689e+02 2.500691898536682061e+02 1.379721747660636879e+02
1.572942032909393220e+02 2.500481155776977573e+02 1.379742116990685474e+02
1.573166582965850750e+02 2.500270413017273086e+02 1.379762486320734070e+02
1.573391133022308281e+02 2.500059670257568314e+02 1.379782855650782665e+02
1.573615683078765812e+02 2.499848927497863826e+02 1.379803224980831260e+02
1.573840233135223343e+02 2.499638184738159055e+02 1.379823594310879571e+02
1.574064783191680874e+02 2.499427441978454567e+02 1.379843963640928166e+02
1.574289333248138405e+02 2.499216699218750080e+02 1.379864332970976761e+02
1.574513883304595936e+02 2.499005956459045308e+02 1.379884702301025357e+02
1.574738433361053467e+02 2.498795213699340820e+02 1.379905071631073952e+02
1.574738433361053467e+02 2.498795213699340820e+02 1.379905071631073952e+02
1.575043302749594147e+02 2.498665043165286477e+02 1.379916349022338693e+02
1.575348172138134544e+02 2.498534872631231849e+02 1.379927626413603718e+02
1.575653041526675224e+02 2.498404702097177505e+02 1.379938903804868460e+02
1.575957910915215905e+02 2.498274531563123162e+02 1.379950181196133201e+02
1.576262780303756301e+02 2.498144361029068534e+02 1.379961458587398226e+02
1.576567649692296982e+02 2.498014190495014191e+02 1.379972735978662968e+02
1.576872519080837662e+02 2.497884019960959847e+02 1.379984013369927709e+02
1.577177388469378059e+02 2.497753849426905219e+02 1.379995290761192734e+02
1.577482257857918739e+02 2.497623678892850876e+02 1.380006568152457476e+02
1.577787127246459420e+02 2.497493508358796532e+02 1.380017845543722217e+02
1.578091996634999816e+02 2.497363337824741905e+02 1.380029122934987242e+02
1.578396866023540497e+02 2.497233167290687561e+02 1.380040400326251984e+02
1.578701735412081177e+02 2.497102996756633218e+02 1.380051677717516725e+02
1.579006604800621574e+02 2.496972826222578590e+02 1.380062955108781750e+02
1.579311474189162254e+02 2.496842655688524246e+02 1.380074232500046492e+02
1.579616343577702935e+02 2.496712485154469903e+02 1.380085509891311233e+02
1.579921212966243331e+02 2.496582314620415275e+02 1.380096787282576258e+02
1.580226082354784012e+02 2.496452144086360931e+02 1.380108064673841000e+02
1.580530951743324692e+02 2.496321973552306588e+02 1.380119342065105741e+02
1.580835821131865089e+02 2.496191803018251960e+02 1.380130619456370766e+02
1.581140690520405769e+02 2.496061632484197617e+02 1.380141896847635508e+02
1.581445559908946450e+02 2.495931461950143273e+02 1.380153174238900249e+02
1.581750429297486846e+02 2.495801291416088645e+02 1.380164451630165274e+02
1.582055298686027527e+02 2.495671120882034302e+02 1.380175729021430016e+02
1.582055298686027527e+02 2.495671120882034302e+02 1.380175729021430016e+02
1.582373086738586494e+02 2.495444276046752918e+02 1.380168699860572872e+02
1.582690874791145461e+02 2.495217431211471535e+02 1.380161670699715728e+02
1.583008662843704144e+02 2.494990586376190151e+02 1.380154641538858300e+02
1.583326450896263111e+02 2.494763741540908768e+02 1.380147612378001156e+02
1.583644238948822078e+02 2.494536896705627385e+02 1.380140583217144012e+02
1.583962027001381045e+02 2.494310051870346001e+02 1.380133554056286869e+02
1.584279815053939728e+02 2.494083207035064618e+02 1.380126524895429725e+02
1.584597603106498696e+02 2.493856362199783234e+02 1.380119495734572297e+02
1.584915391159057663e+02 2.493629517364501851e+02 1.380112466573715153e+02
1.585233179211616630e+02 2.493402672529220467e+02 1.380105437412858009e+02
1.585550967264175313e+02 2.493175827693939084e+02 1.380098408252000866e+02
1.585868755316734280e+02 2.492948982858657700e+02 1.380091379091143722e+02
1.586186543369293247e+02 2.492722138023376601e+02 1.380084349930286294e+02
1.586504331421852214e+02 2.492495293188095218e+02 1.380077320769429150e+02
1.586822119474410897e+02 2.492268448352813834e+02 1.380070291608572006e+02
1.587139907526969864e+02 2.492041603517532451e+02 1.380063262447714862e+02
1.587457695579528831e+02 2.491814758682251068e+02 1.380056233286857719e+02
1.587775483632087798e+02 2.491587913846969684e+02 1.380049204126000291e+02
1.588093271684646481e+02 2.491361069011688301e+02 1.380042174965143147e+02
1.588411059737205449e+02 2.491134224176406917e+02 1.380035145804286003e+02
1.588728847789764416e+02 2.490907379341125534e+02 1.380028116643428859e+02
1.589046635842323383e+02 2.490680534505844150e+02 1.380021087482571716e+02
1.589364423894882066e+02 2.490453689670562767e+02 1.380014058321714288e+02
1.589682211947441033e+02 2.490226844835281383e+02 1.380007029160857144e+02
1.590000000000000000e+02 2.490000000000000000e+02 1.380000000000000000e+02
1.590000000000000000e+02 2.490000000000000000e+02 1.380000000000000000e+02
1.590263333416754108e+02 2.489827993319880477e+02 1.379984253671380827e+02
1.590526666833508500e+02 2.489655986639761238e+02 1.379968507342761654e+02
1.590790000250262608e+02 2.489483979959641715e+02 1.379952761014142482e+02
1.591053333667016716e+02 2.489311973279522192e+02 1.379937014685523025e+02
1.591316667083771108e+02 2.489139966599402953e+02 1.379921268356903852e+02
1.591580000500525216e+02 2.488967959919283430e+02 1.379905522028284679e+02
1.591843333917279324e+02 2.488795953239163907e+02 1.379889775699665506e+02
1.592106667334033716e+02 2.488623946559044668e+02 1.379874029371046333e+02
1.592370000750787824e+02 2.488451939878925145e+02 1.379858283042427161e+02
1.592633334167541932e+02 2.488279933198805907e+02 1.379842536713807704e+02
1.592896667584296324e+02 2.488107926518686384e+02 1.379826790385188531e+02
1.593160001001050432e+02 2.487935919838566861e+02 1.379811044056569358e+02
1.593423334417804540e+02 2.487763913158447622e+02 1.379795297727950185e+02
1.593686667834558932e+02 2.487591906478328099e+02 1.379779551399331012e+02
1.593950001251313040e+02 2.487419899798208576e+02 1.379763805070711840e+02
1.594213334668067148e+02 2.487247893118089337e+02 1.379748058742092383e+02
1.594476668084821256e+02 2.487075886437969814e+02 1.379732312413473210e+02
1.594740001501575648e+02 2.486903879757850291e+02 1.379716566084854037e+02
1.595003334918329756e+02 2.486731873077731052e+02 1.379700819756234864e+02
1.595266668335083864e+02 2.486559866397611529e+02 1.379685073427615691e+02
1.595530001751838256e+02 2.486387859717492006e+02 1.379669327098996519e+02
1.595793335168592364e+02 2.486215853037372767e+02 1.379653580770377062e+02
1.596056668585346472e+02 2.486043846357253244e+02 1.379637834441757889e+02
1.596320002002100864e+02 2.485871839677134005e+02 1.379622088113138716e+02
1.596583335418854972e+02 2.485699832997014482e+02 1.379606341784519543e+02
1.596846668835609080e+02 2.485527826316894959e+02 1.379590595455900370e+02
1.597110002252363472e+02 2.485355819636775720e+02 1.379574849127281198e+02
1.597373335669117580e+02 2.485183812956656197e+02 1.379559102798661741e+02
1.597636669085871688e+02 2.485011806276536674e+02 1.379543356470042568e+02
1.597900002502626080e+02 2.484839799596417436e+02 1.379527610141423395e+02
1.598163335919380188e+02 2.484667792916297913e+02 1.379511863812804222e+02
1.598163335919380188e+02 2.484667792916297913e+02 1.379511863812804222e+02
1.598251522271072247e+02 2.484404729482005507e+02 1.379364127266933053e+02
1.598339708622764022e+02 2.484141666047713386e+02 1.379216390721061600e+02
1.598427894974456080e+02 2.483878602613420981e+02 1.379068654175190431e+02
1.598516081326148139e+02 2.483615539179128859e+02 1.378920917629318978e+02
1.598604267677840198e+02 2.483352475744836454e+02 1.378773181083447810e+02
1.598692454029531973e+02 2.483089412310544049e+02 1.378625444537576641e+02
1.598780640381224032e+02 2.482826348876251927e+02 1.378477707991705188e+02
1.598868826732916091e+02 2.482563285441959522e+02 1.378329971445834019e+02
1.598957013084607865e+02 2.482300222007667401e+02 1.378182234899962566e+02
1.599045199436299924e+02 2.482037158573374995e+02 1.378034498354091397e+02
1.599133385787991983e+02 2.481774095139082874e+02 1.377886761808219944e+02
1.599221572139683758e+02 2.481511031704790469e+02 1.377739025262348775e+02
1.599309758491375817e+02 2.481247968270498063e+02 1.377591288716477607e+02
1.599397944843067876e+02 2.480984904836205942e+02 1.377443552170606154e+02
1.599486131194759935e+02 2.480721841401913537e+02 1.377295815624734985e+02
1.599574317546451709e+02 2.480458777967621415e+02 1.377148079078863532e+02
1.599662503898143768e+02 2.480195714533329010e+02 1.377000342532992363e+02
1.599750690249835827e+02 2.479932651099036605e+02 1.376852605987121194e+02
1.599838876601527602e+02 2.479669587664744483e+02 1.376704869441249741e+02
1.599927062953219661e+02 2.479406524230452078e+02 1.376557132895378572e+02
1.600015249304911720e+02 2.479143460796159957e+02 1.376409396349507119e+02
1.600103435656603779e+02 2.478880397361867551e+02 1.376261659803635951e+02
1.600191622008295553e+02 2.478617333927575146e+02 1.376113923257764782e+02
1.600279808359987612e+02 2.478354270493283025e+02 1.375966186711893329e+02
1.600367994711679671e+02 2.478091207058990619e+02 1.375818450166022160e+02
1.600456181063371446e+02 2.477828143624698498e+02 1.375670713620150707e+02
1.600544367415063505e+02 2.477565080190406093e+02 1.375522977074279538e+02
1.600632553766755564e+02 2.477302016756113971e+02 1.375375240528408085e+02
1.600720740118447338e+02 2.477038953321821566e+02 1.375227503982536916e+02
1.600808926470139397e+02 2.476775889887529161e+02 1.375079767436665747e+02
1.600897112821831456e+02 2.476512826453237039e+02 1.374932030890794294e+02
1.600985299173523515e+02 2.476249763018944634e+02 1.374784294344923126e+02
1.601073485525215290e+02 2.475986699584652513e+02 1.374636557799051673e+02
1.601161671876907349e+02 2.475723636150360107e+02 1.374488821253180504e+02
1.601161671876907349e+02 2.475723636150360107e+02 1.374488821253180504e+02
1.601014840660186849e+02 2.475449068317046510e+02 1.374475732458612072e+02
1.600868009443466349e+02 2.475174500483732913e+02 1.374462643664043640e+02
1.600721178226746133e+02 2.474899932650419316e+02 1.374449554869475207e+02
1.600574347010025633e+02 2.474625364817105719e+02 1.374436466074906775e+02
1.600427515793305133e+02 2.474350796983792122e+02 1.374423377280338343e+02
1.600280684576584633e+02 2.474076229150478525e+02 1.374410288485769911e+02
1.600133853359864418e+02 2.473801661317165212e+02 1.374397199691201763e+02
1.599987022143143918e+02 2.473527093483851615e+02 1.374384110896633331e+02
1.599840190926423418e+02 2.473252525650538018e+02 1.374371022102064899e+02
1.599693359709702918e+02 2.472977957817224421e+02 1.374357933307496467e+02
1.599546528492982702e+02 2.472703389983910824e+02 1.374344844512928034e+02
1.599399697276262202e+02 2.472428822150597227e+02 1.374331755718359602e+02
1.599252866059541702e+02 2.472154254317283630e+02 1.374318666923791170e+02
1.599106034842821202e+02 2.471879686483970033e+02 1.374305578129222738e+02
1.598959203626100702e+02 2.471605118650656436e+02 1.374292489334654306e+02
1.598812372409380487e+02 2.471330550817342839e+02 1.374279400540085874e+02
1.598665541192659987e+02 2.471055982984029242e+02 1.374266311745517442e+02
1.598518709975939487e+02 2.470781415150715645e+02 1.374253222950949009e+02
1.598371878759218987e+02 2.470506847317402048e+02 1.374240134156380577e+02
1.598225047542498771e+02 2.470232279484088735e+02 1.374227045361812429e+02
1.598078216325778271e+02 2.469957711650775138e+02 1.374213956567243997e+02
1.597931385109057771e+02 2.469683143817461541e+02 1.374200867772675565e+02
1.597784553892337271e+02 2.469408575984147944e+02 1.374187778978107133e+02
1.597637722675617056e+02 2.469134008150834347e+02 1.374174690183538701e+02
1.597490891458896556e+02 2.468859440317520750e+02 1.374161601388970269e+02
1.597344060242176056e+02 2.468584872484207153e+02 1.374148512594401836e+02
1.597344060242176056e+02 2.468584872484207153e+02 1.374148512594401836e+02
1.597140038797149089e+02 2.468346295202219949e+02 1.374151651921026769e+02
1.596936017352121837e+02 2.468107717920232744e+02 1.374154791247651417e+02
1.596731995907094870e+02 2.467869140638245540e+02 1.374157930574276349e+02
1.596527974462067618e+02 2.467630563356258335e+02 1.374161069900901282e+02
1.596323953017040651e+02 2.467391986074271131e+02 1.374164209227526214e+02
1.596119931572013400e+02 2.467153408792283926e+02 1.374167348554150863e+02
1.595915910126986432e+02 2.466914831510296438e+02 1.374170487880775795e+02
1.595711888681959181e+02 2.466676254228309233e+02 1.374173627207400727e+02
1.595507867236932213e+02 2.466437676946322028e+02 1.374176766534025376e+02
1.595303845791904962e+02 2.466199099664334824e+02 1.374179905860650308e+02
1.595099824346877995e+02 2.465960522382347619e+02 1.374183045187275241e+02
1.594895802901850743e+02 2.465721945100360415e+02 1.374186184513899889e+02
1.594691781456823776e+02 2.465483367818373210e+02 1.374189323840524821e+02
1.594487760011796524e+02 2.465244790536386006e+02 1.374192463167149754e+02
1.594283738566769557e+02 2.465006213254398801e+02 1.374195602493774686e+02
1.594079717121742306e+02 2.464767635972411597e+02 1.374198741820399334e+02
1.593875695676715338e+02 2.464529058690424392e+02 1.374201881147024267e+02
1.593671674231688087e+02 2.464290481408437188e+02 1.374205020473649199e+02
1.593467652786661120e+02 2.464051904126449983e+02 1.374208159800273847e+02
1.593263631341633868e+02 2.463813326844462779e+02 1.374211299126898780e+02
1.593059609896606901e+02 2.463574749562475290e+02 1.374214438453523712e+02
1.592855588451579649e+02 2.463336172280488086e+02 1.374217577780148360e+02
1.592651567006552682e+02 2.463097594998500881e+02 1.374220717106773293e+02
1.592447545561525430e+02 2.462859017716513677e+02 1.374223856433398225e+02
1.592243524116498463e+02 2.462620440434526472e+02 1.374226995760023158e+02
1.592039502671471212e+02 2.462381863152539268e+02 1.374230135086647806e+02
1.591835481226444244e+02 2.462143285870552063e+02 1.374233274413272738e+02
1.591835481226444244e+02 2.462143285870552063e+02 1.374233274413272738e+02
1.591684357210209555e+02 2.461919156626651102e+02 1.374084566283088691e+02
1.591533233193974866e+02 2.461695027382750141e+02 1.373935858152904927e+02
1.591382109177739892e+02 2.461470898138849464e+02 1.373787150022720880e+02
1.591230985161505203e+02 2.461246768894948502e+02 1.373638441892536832e+02
1.591079861145270513e+02 2.461022639651047541e+02 1.373489733762352785e+02
1.590928737129035824e+02 2.460798510407146580e+02 1.373341025632169021e+02
1.590777613112801134e+02 2.460574381163245619e+02 1.373192317501984974e+02
1.590626489096566161e+02 2.460350251919344942e+02 1.373043609371800926e+02
1.590475365080331471e+02 2.460126122675443980e+02 1.372894901241616878e+02
1.590324241064096782e+02 2.459901993431543019e+02 1.372746193111433115e+02
1.590173117047862092e+02 2.459677864187642058e+02 1.372597484981249067e+02
1.590021993031627119e+02 2.459453734943741381e+02 1.372448776851065020e+02
1.589870869015392429e+02 2.459229605699840420e+02 1.372300068720880972e+02
1.589719744999157740e+02 2.459005476455939458e+02 1.372151360590697209e+02
1.589568620982923051e+02 2.458781347212038497e+02 1.372002652460513161e+02
1.589417496966688361e+02 2.458557217968137536e+02 1.371853944330329114e+02
1.589266372950453388e+02 2.458333088724236859e+02 1.371705236200145066e+02
1.589115248934218698e+02 2.458108959480335898e+02 1.371556528069961303e+02
1.588964124917984009e+02 2.457884830236434937e+02 1.371407819939777255e+02
1.588813000901749319e+02 2.457660700992533975e+02 1.371259111809593207e+02
1.588661876885514630e+02 2.457436571748633014e+02 1.371110403679409444e+02
1.588510752869279656e+02 2.457212442504732337e+02 1.370961695549225396e+02
1.588359628853044967e+02 2.456988313260831376e+02 1.370812987419041349e+02
1.588208504836810278e+02 2.456764184016930415e+02 1.370664279288857301e+02
1.588057380820575588e+02 2.456540054773029453e+02 1.370515571158673538e+02
1.587906256804340899e+02 2.456315925529128492e+02 1.370366863028489490e+02
1.587755132788105925e+02 2.456091796285227815e+02 1.370218154898305443e+02
1.587604008771871236e+02 2.455867667041326854e+02 1.370069446768121395e+02
1.587452884755636546e+02 2.455643537797425893e+02 1.369920738637937632e+02
1.587301760739401857e+02 2.455419408553524931e+02 1.369772030507753584e+02
1.587150636723166883e+02 2.455195279309624254e+02 1.369623322377569536e+02
1.586999512706932194e+02 2.454971150065723293e+02 1.369474614247385489e+02
1.586848388690697504e+02 2.454747020821822332e+02 1.369325906117201725e+02
1.586697264674462815e+02 2.454522891577921371e+02 1.369177197987017678e+02
1.586546140658228126e+02 2.454298762334020410e+02 1.369028489856833630e+02
1.586395016641993152e+02 2.454074633090119733e+02 1.368879781726649583e+02
1.586243892625758463e+02 2.453850503846218771e+02 1.368731073596465819e+02
1.586092768609523773e+02 2.453626374602317810e+02 1.368582365466281772e+02
1.586092768609523773e+02 2.453626374602317810e+02 1.368582365466281772e+02
1.586172623925882874e+02 2.453502181237158482e+02 1.368311531160269681e+02
1.586252479242241975e+02 2.453377987871999437e+02 1.368040696854257590e+02
1.586332334558601076e+02 2.453253794506840109e+02 1.367769862548245783e+02
1.586412189874959893e+02 2.453129601141680780e+02 1.367499028242233692e+02
1.586492045191318994e+02 2.453005407776521736e+02 1.367228193936221601e+02
1.586571900507678095e+02 2.452881214411362407e+02 1.366957359630209510e+02
1.586651755824037195e+02 2.452757021046203079e+02 1.366686525324197703e+02
1.586731611140396296e+02 2.452632827681043750e+02 1.366415691018185612e+02
1.586811466456755397e+02 2.452508634315884706e+02 1.366144856712173521e+02
1.586891321773114498e+02 2.452384440950725377e+02 1.365874022406161430e+02
1.586971177089473599e+02 2.452260247585566049e+02 1.365603188100149339e+02
1.587051032405832416e+02 2.452136054220407004e+02 1.365332353794137532e+02
1.587130887722191517e+02 2.452011860855247676e+02 1.365061519488125441e+02
1.587210743038550618e+02 2.451887667490088347e+02 1.364790685182113350e+02
1.587290598354909719e+02 2.451763474124929303e+02 1.364519850876101259e+02
1.587370453671268820e+02 2.451639280759769974e+02 1.364249016570089168e+02
1.587450308987627920e+02 2.451515087394610646e+02 1.363978182264077361e+02
1.587530164303987021e+02 2.451390894029451317e+02 1.363707347958065270e+02
1.587610019620346122e+02 2.451266700664292273e+02 1.363436513652053179e+02
1.587689874936704939e+02 2.451142507299132944e+02 1.363165679346041088e+02
1.587769730253064040e+02 2.451018313933973616e+02 1.362894845040029281e+02
1.587849585569423141e+02 2.450894120568814571e+02 1.362624010734017190e+02
1.587929440885782242e+02 2.450769927203655243e+02 1.362353176428005099e+02
1.588009296202141343e+02 2.450645733838495914e+02 1.362082342121993008e+02
1.588089151518500444e+02 2.450521540473336870e+02 1.361811507815980917e+02
1.588169006834859545e+02 2.450397347108177541e+02 1.361540673509969110e+02
1.588248862151218361e+02 2.450273153743018213e+02 1.361269839203957019e+02
1.588328717467577462e+02 2.450148960377859169e+02 1.360999004897944928e+02
1.588408572783936563e+02 2.450024767012699840e+02 1.360728170591932837e+02
1.588488428100295664e+02 2.449900573647540512e+02 1.360457336285921031e+02
1.588568283416654765e+02 2.449776380282381183e+02 1.360186501979908940e+02
1.588648138733013866e+02 2.449652186917222139e+02 1.359915667673896849e+02
1.588727994049372967e+02 2.449527993552062810e+02 1.359644833367884758e+02
1.588807849365732068e+02 2.449403800186903482e+02 1.359373999061872667e+02
1.588887704682090884e+02 2.449279606821744437e+02 1.359103164755860860e+02
1.588967559998449985e+02 2.449155413456585109e+02 1.358832330449848769e+02
1.589047415314809086e+02 2.449031220091425780e+02 1.358561496143836678e+02
1.589127270631168187e+02 2.448907026726266736e+02 1.358290661837824587e+02
1.589207125947527288e+02 2.448782833361107407e+02 1.358019827531812496e+02
1.589286981263886389e+02 2.448658639995948079e+02 1.357748993225800689e+02
1.589366836580245490e+02 2.448534446630788750e+02 1.357478158919788598e+02
1.589446691896604591e+02 2.448410253265629706e+02 1.357207324613776507e+02
1.589526547212963408e+02 2.448286059900470377e+02 1.356936490307764416e+02
1.589606402529322509e+02 2.448161866535311049e+02 1.356665656001752609e+02
1.589686257845681610e+02 2.448037673170152004e+02 1.356394821695740518e+02
1.589766113162040710e+02 2.447913479804992676e+02 1.356123987389728427e+02
1.589766113162040710e+02 2.447913479804992676e+02 1.356123987389728427e+02
1.589766887511898972e+02 2.447754747402377120e+02 1.355858837755669413e+02
1.589767661861757233e+02 2.447596014999761849e+02 1.355593688121610683e+02
1.589768436211615494e+02 2.447437282597146293e+02 1.355328538487551668e+02
1.589769210561474040e+02 2.447278550194531022e+02 1.355063388853492938e+02
1.589769984911332301e+02 2.447119817791915466e+02 1.354798239219433924e+02
1.589770759261190562e+02 2.446961085389300194e+02 1.354533089585375194e+02
1.589771533611048824e+02 2.446802352986684639e+02 1.354267939951316180e+02
1.589772307960907085e+02 2.446643620584069367e+02 1.354002790317257450e+02
1.589773082310765346e+02 2.446484888181453812e+02 1.353737640683198435e+02
1.589773856660623608e+02 2.446326155778838256e+02 1.353472491049139705e+02
1.589774631010482153e+02 2.446167423376222985e+02 1.353207341415080691e+02
1.589775405360340415e+02 2.446008690973607429e+02 1.352942191781021961e+02
1.589776179710198676e+02 2.445849958570992158e+02 1.352677042146962947e+02
1.589776954060056937e+02 2.445691226168376602e+02 1.352411892512903933e+02
1.589777728409915198e+02 2.445532493765761330e+02 1.352146742878845203e+02
1.589778502759773460e+02 2.445373761363145775e+02 1.351881593244786188e+02
1.589779277109631721e+02 2.445215028960530219e+02 1.351616443610727458e+02
1.589780051459490267e+02 2.445056296557914948e+02 1.351351293976668444e+02
1.589780825809348528e+02 2.444897564155299392e+02 1.351086144342609714e+02
1.589781600159206789e+02 2.444738831752684121e+02 1.350820994708550700e+02
1.589782374509065050e+02 2.444580099350068565e+02 1.350555845074491970e+02
1.589783148858923312e+02 2.444421366947453294e+02 1.350290695440432955e+02
1.589783923208781573e+02 2.444262634544837738e+02 1.350025545806374225e+02
1.589784697558640119e+02 2.444103902142222466e+02 1.349760396172315211e+02
1.589785471908498380e+02 2.443945169739606911e+02 1.349495246538256481e+02
1.589786246258356641e+02 2.443786437336991355e+02 1.349230096904197467e+02
1.589787020608214902e+02 2.443627704934376084e+02 1.348964947270138737e+02
1.589787794958073164e+02 2.443468972531760528e+02 1.348699797636079722e+02
1.589788569307931425e+02 2.443310240129145257e+02 1.348434648002020708e+02
1.589789343657789686e+02 2.443151507726529701e+02 1.348169498367961978e+02
1.589790118007648232e+02 2.442992775323914429e+02 1.347904348733902964e+02
1.589790892357506493e+02 2.442834042921298874e+02 1.347639199099844234e+02
1.589791666707364755e+02 2.442675310518683318e+02 1.347374049465785220e+02
1.589792441057223016e+02 2.442516578116068047e+02 1.347108899831726490e+02
1.589793215407081277e+02 2.442357845713452491e+02 1.346843750197667475e+02
1.589793989756939538e+02 2.442199113310837220e+02 1.346578600563608745e+02
1.589794764106797800e+02 2.442040380908221664e+02 1.346313450929549731e+02
1.589795538456656345e+02 2.441881648505606393e+02 1.346048301295491001e+02
1.589796312806514607e+02 2.441722916102990837e+02 1.345783151661431987e+02
1.589797087156372868e+02 2.441564183700375565e+02 1.345518002027373257e+02
1.589797861506231129e+02 2.441405451297760010e+02 1.345252852393314242e+02
1.589797861506231129e+02 2.441405451297760010e+02 1.345252852393314242e+02
1.589668504754391734e+02 2.441144035220146122e+02 1.345126313689475239e+02
1.589539148002552622e+02 2.440882619142532235e+02 1.344999774985636236e+02
1.589409791250713226e+02 2.440621203064918632e+02 1.344873236281797233e+02
1.589280434498873831e+02 2.440359786987304744e+02 1.344746697577958230e+02
1.589151077747034435e+02 2.440098370909690857e+02 1.344620158874119227e+02
1.589021720995195324e+02 2.439836954832076970e+02 1.344493620170280224e+02
1.588892364243355928e+02 2.439575538754463082e+02 1.344367081466441221e+02
1.588763007491516532e+02 2.439314122676849479e+02 1.344240542762602502e+02
1.588633650739677137e+02 2.439052706599235592e+02 1.344114004058763499e+02
1.588504293987838025e+02 2.438791290521621704e+02 1.343987465354924495e+02
1.588374937235998630e+02 2.438529874444007817e+02 1.343860926651085492e+02
1.588245580484159234e+02 2.438268458366393929e+02 1.343734387947246489e+02
1.588116223732319838e+02 2.438007042288780326e+02 1.343607849243407486e+02
1.587986866980480727e+02 2.437745626211166439e+02 1.343481310539568483e+02
1.587857510228641331e+02 2.437484210133552551e+02 1.343354771835729480e+02
1.587728153476801936e+02 2.437222794055938664e+02 1.343228233131890477e+02
1.587598796724962824e+02 2.436961377978324776e+02 1.343101694428051474e+02
1.587469439973123428e+02 2.436699961900711173e+02 1.342975155724212470e+02
1.587340083221284033e+02 2.436438545823097286e+02 1.342848617020373467e+02
1.587210726469444637e+02 2.436177129745483398e+02 1.342722078316534464e+02
1.587081369717605526e+02 2.435915713667869511e+02 1.342595539612695461e+02
1.586952012965766130e+02 2.435654297590255624e+02 1.342469000908856458e+02
1.586822656213926734e+02 2.435392881512642020e+02 1.342342462205017739e+02
1.586693299462087339e+02 2.435131465435028133e+02 1.342215923501178736e+02
1.586563942710248227e+02 2.434870049357414246e+02 1.342089384797339733e+02
1.586434585958408832e+02 2.434608633279800358e+02 1.341962846093500730e+02
1.586305229206569436e+02 2.434347217202186471e+02 1.341836307389661727e+02
1.586175872454730040e+02 2.434085801124572868e+02 1.341709768685822723e+02
1.586046515702890929e+02 2.433824385046958980e+02 1.341583229981983720e+02
1.585917158951051533e+02 2.433562968969345093e+02 1.341456691278144717e+02
1.585917158951051533e+02 2.433562968969345093e+02 1.341456691278144717e+02
1.585713332072041339e+02 2.433324619206515251e+02 1.341459827610771356e+02
1.585509505193031430e+02 2.433086269443685410e+02 1.341462963943397995e+02
1.585305678314021236e+02 2.432847919680855568e+02 1.341466100276024633e+02
1.585101851435011326e+02 2.432609569918025727e+02 1.341469236608650988e+02
1.584898024556001133e+02 2.432371220155195886e+02 1.341472372941277627e+02
1.584694197676991223e+02 2.432132870392365760e+02 1.341475509273904265e+02
1.584490370797981029e+02 2.431894520629535918e+02 1.341478645606530904e+02
1.584286543918971120e+02 2.431656170866706077e+02 1.341481781939157543e+02
1.584082717039960926e+02 2.431417821103876236e+02 1.341484918271784181e+02
1.583878890160951016e+02 2.431179471341046394e+02 1.341488054604410536e+02
1.583675063281940822e+02 2.430941121578216553e+02 1.341491190937037175e+02
1.583471236402930913e+02 2.430702771815386711e+02 1.341494327269663813e+02
1.583267409523920719e+02 2.430464422052556870e+02 1.341497463602290452e+02
1.583063582644910809e+02 2.430226072289727028e+02 1.341500599934917091e+02
1.582859755765900616e+02 2.429987722526897187e+02 1.341503736267543729e+02
1.582655928886890706e+02 2.429749372764067346e+02 1.341506872600170368e+02
1.582452102007880512e+02 2.429511023001237220e+02 1.341510008932796723e+02
1.582248275128870603e+02 2.429272673238407378e+02 1.341513145265423361e+02
1.582044448249860409e+02 2.429034323475577537e+02 1.341516281598050000e+02
1.581840621370850499e+02 2.428795973712747696e+02 1.341519417930676639e+02
1.581636794491840305e+02 2.428557623949917854e+02 1.341522554263303277e+02
1.581432967612830396e+02 2.428319274187088013e+02 1.341525690595929916e+02
1.581229140733820202e+02 2.428080924424258171e+02 1.341528826928556555e+02
1.581025313854810292e+02 2.427842574661428330e+02 1.341531963261182909e+02
1.580821486975800099e+02 2.427604224898598488e+02 1.341535099593809548e+02
1.580617660096790189e+02 2.427365875135768647e+02 1.341538235926436187e+02
1.580413833217779995e+02 2.427127525372938806e+02 1.341541372259062825e+02
1.580210006338770086e+02 2.426889175610108680e+02 1.341544508591689464e+02
1.580006179459759892e+02 2.426650825847278838e+02 1.341547644924316103e+02
1.579802352580749982e+02 2.426412476084448997e+02 1.341550781256942457e+02
1.579598525701739788e+02 2.426174126321619156e+02 1.341553917589569096e+02
1.579394698822729879e+02 2.425935776558789314e+02 1.341557053922195735e+02
1.579190871943719685e+02 2.425697426795959473e+02 1.341560190254822373e+02
1.579190871943719685e+02 2.425697426795959473e+02 1.341560190254822373e+02
1.578991057016141610e+02 2.425478176879882710e+02 1.341676856142655083e+02
1.578791242088563820e+02 2.425258926963806232e+02 1.341793522030487793e+02
1.578591427160985745e+02 2.425039677047729469e+02 1.341910187918320219e+02
1.578391612233407670e+02 2.424820427131652707e+02 1.342026853806152928e+02
1.578191797305829880e+02 2.424601177215576229e+02 1.342143519693985638e+02
1.577991982378251805e+02 2.424381927299499466e+02 1.342260185581818348e+02
1.577792167450674015e+02 2.424162677383422988e+02 1.342376851469650774e+02
1.577592352523095940e+02 2.423943427467346226e+02 1.342493517357483483e+02
1.577392537595517865e+02 2.423724177551269463e+02 1.342610183245316193e+02
1.577192722667940075e+02 2.423504927635192985e+02 1.342726849133148903e+02
1.576992907740362000e+02 2.423285677719116222e+02 1.342843515020981329e+02
1.576793092812783925e+02 2.423066427803039460e+02 1.342960180908814039e+02
1.576593277885206135e+02 2.422847177886962982e+02 1.343076846796646748e+02
1.576393462957628060e+02 2.422627927970886219e+02 1.343193512684479458e+02
1.576193648030049985e+02 2.422408678054809457e+02 1.343310178572311884e+02
1.575993833102472195e+02 2.422189428138732978e+02 1.343426844460144594e+02
1.575794018174894120e+02 2.421970178222656216e+02 1.343543510347977303e+02
1.575594203247316045e+02 2.421750928306579453e+02 1.343660176235810013e+02
1.575394388319738255e+02 2.421531678390502975e+02 1.343776842123642439e+02
1.575194573392160180e+02 2.421312428474426213e+02 1.343893508011475149e+02
1.574994758464582389e+02 2.421093178558349734e+02 1.344010173899307858e+02
1.574794943537004315e+02 2.420873928642272972e+02 1.344126839787140568e+02
1.574595128609426240e+02 2.420654678726196209e+02 1.344243505674972994e+02
1.574395313681848450e+02 2.420435428810119731e+02 1.344360171562805704e+02
1.574195498754270375e+02 2.420216178894042969e+02 1.344476837450638413e+02
1.574195498754270375e+02 2.420216178894042969e+02 1.344476837450638413e+02
1.573997656692750695e+02 2.419999093741178626e+02 1.344592351438477635e+02
1.573799814631231015e+02 2.419782008588314000e+02 1.344707865426316857e+02
1.573601972569711620e+02 2.419564923435449657e+02 1.344823379414156079e+02
1.573404130508191940e+02 2.419347838282585030e+02 1.344938893401995301e+02
1.573206288446672261e+02 2.419130753129720688e+02 1.345054407389834523e+02
1.573008446385152581e+02 2.418913667976856345e+02 1.345169921377673745e+02
1.572810604323632901e+02 2.418696582823991719e+02 1.345285435365512967e+02
1.572612762262113506e+02 2.418479497671127376e+02 1.345400949353352189e+02
1.572414920200593826e+02 2.418262412518262749e+02 1.345516463341191411e+02
1.572217078139074147e+02 2.418045327365398407e+02 1.345631977329030633e+02
1.572019236077554467e+02 2.417828242212534064e+02 1.345747491316869855e+02
1.571821394016034787e+02 2.417611157059669438e+02 1.345863005304709077e+02
1.571623551954515392e+02 2.417394071906805095e+02 1.345978519292548299e+02
1.571425709892995712e+02 2.417176986753940469e+02 1.346094033280387521e+02
1.571227867831476033e+02 2.416959901601076126e+02 1.346209547268226743e+02
1.571030025769956353e+02 2.416742816448211784e+02 1.346325061256065965e+02
1.570832183708436673e+02 2.416525731295347157e+02 1.346440575243905187e+02
1.570634341646917278e+02 2.416308646142482814e+02 1.346556089231744409e+02
1.570436499585397598e+02 2.416091560989618188e+02 1.346671603219583631e+02
1.570238657523877919e+02 2.415874475836753845e+02 1.346787117207422853e+02
1.570238657523877919e+02 2.415874475836753845e+02 1.346787117207422853e+02
1.570016502072103322e+02 2.415654417561448213e+02 1.346833265297033790e+02
1.569794346620328724e+02 2.415434359286142296e+02 1.346879413386645012e+02
1.569572191168554127e+02 2.415214301010836664e+02 1.346925561476255950e+02
1.569350035716779530e+02 2.414994242735531031e+02 1.346971709565866888e+02
1.569127880265004933e+02 2.414774184460225399e+02 1.347017857655477826e+02
1.568905724813230336e+02 2.414554126184919483e+02 1.347064005745089048e+02
1.568683569361455739e+02 2.414334067909613850e+02 1.347110153834699986e+02
1.568461413909681141e+02 2.414114009634308218e+02 1.347156301924310924e+02
1.568239258457906544e+02 2.413893951359002585e+02 1.347202450013921862e+02
1.568017103006131947e+02 2.413673893083696669e+02 1.347248598103533084e+02
1.567794947554357350e+02 2.413453834808391036e+02 1.347294746193144022e+02
1.567572792102582753e+02 2.413233776533085404e+02 1.347340894282754959e+02
1.567350636650808156e+02 2.413013718257779772e+02 1.347387042372365897e+02
1.567128481199033558e+02 2.412793659982473855e+02 1.347433190461977119e+02
1.566906325747258961e+02 2.412573601707168223e+02 1.347479338551588057e+02
1.566684170295484364e+02 2.412353543431862590e+02 1.347525486641198995e+02
1.566462014843709767e+02 2.412133485156556958e+02 1.347571634730809933e+02
1.566239859391935170e+02 2.411913426881251041e+02 1.347617782820421155e+02
1.566017703940160573e+02 2.411693368605945409e+02 1.347663930910032093e+02
1.565795548488385975e+02 2.411473310330639777e+02 1.347710078999643031e+02
1.565573393036611378e+02 2.411253252055334144e+02 1.347756227089253969e+02
1.565351237584836781e+02 2.411033193780028228e+02 1.347802375178865191e+02
1.565129082133062184e+02 2.410813135504722595e+02 1.347848523268476129e+02
1.565129082133062184e+02 2.410813135504722595e+02 1.347848523268476129e+02
1.564947541683601742e+02 2.410657078481855820e+02 1.347643758465225403e+02
1.564766001234141584e+02 2.410501021458989044e+02 1.347438993661974962e+02
1.564584460784681141e+02 2.410344964436122268e+02 1.347234228858724236e+02
1.564402920335220699e+02 2.410188907413255492e+02 1.347029464055473511e+02
1.564221379885760541e+02 2.410032850390388717e+02 1.346824699252223070e+02
1.564039839436300099e+02 2.409876793367522225e+02 1.346619934448972344e+02
1.563858298986839657e+02 2.409720736344655450e+02 1.346415169645721619e+02
1.563676758537379499e+02 2.409564679321788674e+02 1.346210404842471178e+02
1.563495218087919056e+02 2.409408622298921898e+02 1.346005640039220452e+02
1.563313677638458614e+02 2.409252565276055122e+02 1.345800875235969727e+02
1.563132137188998456e+02 2.409096508253188347e+02 1.345596110432719286e+02
1.562950596739538014e+02 2.408940451230321571e+02 1.345391345629468560e+02
1.562769056290077572e+02 2.408784394207454795e+02 1.345186580826217835e+02
1.562587515840617414e+02 2.408628337184588020e+02 1.344981816022967394e+02
1.562405975391156971e+02 2.408472280161721244e+02 1.344777051219716668e+02
1.562224434941696529e+02 2.408316223138854753e+02 1.344572286416465943e+02
1.562042894492236371e+02 2.408160166115987977e+02 1.344367521613215501e+02
1.561861354042775929e+02 2.408004109093121201e+02 1.344162756809964776e+02
1.561679813593315487e+02 2.407848052070254425e+02 1.343957992006714051e+02
1.561498273143855329e+02 2.407691995047387650e+02 1.343753227203463609e+02
1.561316732694394886e+02 2.407535938024520874e+02 1.343548462400212884e+02
1.561316732694394886e+02 2.407535938024520874e+02 1.343548462400212884e+02
1.561152998083271086e+02 2.407458341130986810e+02 1.343290795804932714e+02
1.560989263472147286e+02 2.407380744237452745e+02 1.343033129209652543e+02
1.560825528861023486e+02 2.407303147343918681e+02 1.342775462614372373e+02
1.560661794249899685e+02 2.407225550450384617e+02 1.342517796019092202e+02
1.560498059638775885e+02 2.407147953556850553e+02 1.342260129423812032e+02
1.560334325027652085e+02 2.407070356663316488e+02 1.342002462828531861e+02
1.560170590416528285e+02 2.406992759769782424e+02 1.341744796233251691e+02
1.560006855805404484e+02 2.406915162876248360e+02 1.341487129637971520e+02
1.559843121194280684e+02 2.406837565982714295e+02 1.341229463042691350e+02
1.559679386583156884e+02 2.406759969089180231e+02 1.340971796447411180e+02
1.559515651972033083e+02 2.406682372195646167e+02 1.340714129852131009e+02
1.559351917360909283e+02 2.406604775302112103e+02 1.340456463256850839e+02
1.559188182749785483e+02 2.406527178408578038e+02 1.340198796661570668e+02
1.559024448138661683e+02 2.406449581515043974e+02 1.339941130066290498e+02
1.558860713527537882e+02 2.406371984621509910e+02 1.339683463471010327e+02
1.558696978916414082e+02 2.406294387727975845e+02 1.339425796875730157e+02
1.558533244305290282e+02 2.406216790834441781e+02 1.339168130280449986e+02
1.558369509694166481e+02 2.406139193940907717e+02 1.338910463685169816e+02
1.558205775083042681e+02 2.406061597047373652e+02 1.338652797089889646e+02
1.558042040471918881e+02 2.405984000153839588e+02 1.338395130494609475e+02
1.557878305860795081e+02 2.405906403260305524e+02 1.338137463899329305e+02
1.557714571249671280e+02 2.405828806366771460e+02 1.337879797304049134e+02
1.557550836638547480e+02 2.405751209473237395e+02 1.337622130708768964e+02
1.557387102027423680e+02 2.405673612579703331e+02 1.337364464113488793e+02
1.557223367416299880e+02 2.405596015686169267e+02 1.337106797518208623e+02
1.557059632805176079e+02 2.405518418792635202e+02 1.336849130922928452e+02
1.556895898194052279e+02 2.405440821899101138e+02 1.336591464327648282e+02
1.556732163582928479e+02 2.405363225005567074e+02 1.336333797732368112e+02
1.556568428971804678e+02 2.405285628112033010e+02 1.336076131137087941e+02
1.556404694360680878e+02 2.405208031218498945e+02 1.335818464541807771e+02
1.556240959749557078e+02 2.405130434324964881e+02 1.335560797946527600e+02
1.556077225138433278e+02 2.405052837431430817e+02 1.335303131351247430e+02
1.556077225138433278e+02 2.405052837431430817e+02 1.335303131351247430e+02
1.555941898305900395e+02 2.405225825493152456e+02 1.335071265615092955e+02
1.555806571473367512e+02 2.405398813554873811e+02 1.334839399878938480e+02
1.555671244640834630e+02 2.405571801616595451e+02 1.334607534142784289e+02
1.555535917808301747e+02 2.405744789678316806e+02 1.334375668406629813e+02
1.555400590975768864e+02 2.405917777740038446e+02 1.334143802670475338e+02
1.555265264143235981e+02 2.406090765801759801e+02 1.333911936934320863e+02
1.555129937310703099e+02 2.406263753863481440e+02 1.333680071198166672e+02
1.554994610478170216e+02 2.406436741925202796e+02 1.333448205462012197e+02
1.554859283645637333e+02 2.406609729986924435e+02 1.333216339725857722e+02
1.554723956813104451e+02 2.406782718048645791e+02 1.332984473989703247e+02
1.554588629980571568e+02 2.406955706110367430e+02 1.332752608253549056e+02
1.554453303148038685e+02 2.407128694172088785e+02 1.332520742517394581e+02
1.554317976315505803e+02 2.407301682233810425e+02 1.332288876781240106e+02
1.554182649482972920e+02 2.407474670295532064e+02 1.332057011045085630e+02
1.554047322650440037e+02 2.407647658357253420e+02 1.331825145308931155e+02
1.553911995817907155e+02 2.407820646418975059e+02 1.331593279572776964e+02
1.553776668985374272e+02 2.407993634480696414e+02 1.331361413836622489e+02
1.553641342152841389e+02 2.408166622542418054e+02 1.331129548100468014e+02
1.553506015320308506e+02 2.408339610604139409e+02 1.330897682364313539e+02
1.553370688487775624e+02 2.408512598665861049e+02 1.330665816628159348e+02
1.553235361655242741e+02 2.408685586727582404e+02 1.330433950892004873e+02
1.553100034822709858e+02 2.408858574789304043e+02 1.330202085155850398e+02
1.552964707990176976e+02 2.409031562851025399e+02 1.329970219419695923e+02
1.552829381157644093e+02 2.409204550912747038e+02 1.329738353683541732e+02
1.552694054325111210e+02 2.409377538974468393e+02 1.329506487947387257e+02
1.552558727492578328e+02 2.409550527036190033e+02 1.329274622211232781e+02
1.552558727492578328e+02 2.409550527036190033e+02 1.329274622211232781e+02
1.552326885381681336e+02 2.409768113463089492e+02 1.329253591404713859e+02
1.552095043270784345e+02 2.409985699889988666e+02 1.329232560598195221e+02
1.551863201159887637e+02 2.410203286316888125e+02 1.329211529791676298e+02
1.551631359048990646e+02 2.410420872743787299e+02 1.329190498985157376e+02
1.551399516938093655e+02 2.410638459170686758e+02 1.329169468178638738e+02
1.551167674827196663e+02 2.410856045597586217e+02 1.329148437372119815e+02
1.550935832716299672e+02 2.411073632024485391e+02 1.329127406565600893e+02
1.550703990605402964e+02 2.411291218451384850e+02 1.329106375759081971e+02
1.550472148494505973e+02 2.411508804878284309e+02 1.329085344952563332e+02
1.550240306383608981e+02 2.411726391305183483e+02 1.329064314146044410e+02
1.550008464272711990e+02 2.411943977732082942e+02 1.329043283339525487e+02
1.549776622161814998e+02 2.412161564158982117e+02 1.329022252533006849e+02
1.549544780050918291e+02 2.412379150585881575e+02 1.329001221726487927e+02
1.549312937940021300e+02 2.412596737012781034e+02 1.328980190919969004e+02
1.549081095829124308e+02 2.412814323439680209e+02 1.328959160113450366e+02
1.548849253718227317e+02 2.413031909866579667e+02 1.328938129306931444e+02
1.548617411607330610e+02 2.413249496293479126e+02 1.328917098500412521e+02
1.548385569496433618e+02 2.413467082720378301e+02 1.328896067693893883e+02
1.548153727385536627e+02 2.413684669147277759e+02 1.328875036887374961e+02
1.547921885274639635e+02 2.413902255574176934e+02 1.328854006080856038e+02
1.547690043163742644e+02 2.414119842001076393e+02 1.328832975274337400e+02
1.547458201052845936e+02 2.414337428427975851e+02 1.328811944467818478e+02
1.547226358941948945e+02 2.414555014854875026e+02 1.328790913661299555e+02
1.546994516831051953e+02 2.414772601281774485e+02 1.328769882854780633e+02
1.546762674720154962e+02 2.414990187708673943e+02 1.328748852048261995e+02
1.546530832609257970e+02 2.415207774135573118e+02 1.328727821241743072e+02
1.546298990498361263e+02 2.415425360562472576e+02 1.328706790435224150e+02
1.546067148387464272e+02 2.415642946989371751e+02 1.328685759628705512e+02
1.545835306276567280e+02 2.415860533416271210e+02 1.328664728822186589e+02
1.545835306276567280e+02 2.415860533416271210e+02 1.328664728822186589e+02
1.545593927689699569e+02 2.415998024231400905e+02 1.328807849984551694e+02
1.545352549102831858e+02 2.416135515046530884e+02 1.328950971146917084e+02
1.545111170515963863e+02 2.416273005861660579e+02 1.329094092309282189e+02
1.544869791929096152e+02 2.416410496676790274e+02 1.329237213471647578e+02
1.544628413342228441e+02 2.416547987491919969e+02 1.329380334634012684e+02
1.544387034755360730e+02 2.416685478307049948e+02 1.329523455796377789e+02
1.544145656168493019e+02 2.416822969122179643e+02 1.329666576958743178e+02
1.543904277581625308e+02 2.416960459937309338e+02 1.329809698121108283e+02
1.543662898994757313e+02 2.417097950752439033e+02 1.329952819283473673e+02
1.543421520407889602e+02 2.417235441567569012e+02 1.330095940445838778e+02
1.543180141821021891e+02 2.417372932382698707e+02 1.330239061608204167e+02
1.542938763234154180e+02 2.417510423197828402e+02 1.330382182770569273e+02
1.542697384647286469e+02 2.417647914012958381e+02 1.330525303932934378e+02
1.542456006060418758e+02 2.417785404828088076e+02 1.330668425095299767e+02
1.542214627473550763e+02 2.417922895643217771e+02 1.330811546257664872e+02
1.541973248886683052e+02 2.418060386458347466e+02 1.330954667420030262e+02
1.541731870299815341e+02 2.418197877273477445e+02 1.331097788582395367e+02
1.541490491712947630e+02 2.418335368088607140e+02 1.331240909744760472e+02
1.541249113126079919e+02 2.418472858903736835e+02 1.331384030907125862e+02
1.541007734539212208e+02 2.418610349718866814e+02 1.331527152069490967e+02
1.540766355952344213e+02 2.418747840533996509e+02 1.331670273231856356e+02
1.540524977365476502e+02 2.418885331349126204e+02 1.331813394394221461e+02
1.540283598778608791e+02 2.419022822164255899e+02 1.331956515556586851e+02
1.540042220191741080e+02 2.419160312979385878e+02 1.332099636718951956e+02
1.539800841604873369e+02 2.419297803794515573e+02 1.332242757881317061e+02
1.539559463018005658e+02 2.419435294609645268e+02 1.332385879043682451e+02
1.539318084431137663e+02 2.419572785424774963e+02 1.332529000206047556e+02
1.539076705844269952e+02 2.419710276239904942e+02 1.332672121368412945e+02
1.538835327257402241e+02 2.419847767055034637e+02 1.332815242530778050e+02
1.538835327257402241e+02 2.419847767055034637e+02 1.332815242530778050e+02
1.538601297612132726e+02 2.420067406499927642e+02 1.332794013290073281e+02
1.538367267966863210e+02 2.420287045944820647e+02 1.332772784049368795e+02
1.538133238321593410e+02 2.420506685389713937e+02 1.332751554808664025e+02
1.537899208676323894e+02 2.420726324834606942e+02 1.332730325567959255e+02
1.537665179031054379e+02 2.420945964279499947e+02 1.332709096327254770e+02
1.537431149385784863e+02 2.421165603724392952e+02 1.332687867086550000e+02
1.537197119740515348e+02 2.421385243169285957e+02 1.332666637845845514e+02
1.536963090095245832e+02 2.421604882614178962e+02 1.332645408605140744e+02
1.536729060449976032e+02 2.421824522059072251e+02 1.332624179364435975e+02
1.536495030804706516e+02 2.422044161503965256e+02 1.332602950123731489e+02
1.536261001159437001e+02 2.422263800948858261e+02 1.332581720883026719e+02
1.536026971514167485e+02 2.422483440393751266e+02 1.332560491642321949e+02
1.535792941868897969e+02 2.422703079838644271e+02 1.332539262401617464e+02
1.535558912223628170e+02 2.422922719283537560e+02 1.332518033160912694e+02
1.535324882578358654e+02 2.423142358728430565e+02 1.332496803920207924e+02
1.535090852933089138e+02 2.423361998173323570e+02 1.332475574679503438e+02
1.534856823287819623e+02 2.423581637618216575e+02 1.332454345438798669e+02
1.534622793642550107e+02 2.423801277063109580e+02 1.332433116198094183e+02
1.534388763997280591e+02 2.424020916508002585e+02 1.332411886957389413e+02
1.534154734352010792e+02 2.424240555952895875e+02 1.332390657716684643e+02
1.533920704706741276e+02 2.424460195397788880e+02 1.332369428475980158e+02
1.533686675061471760e+02 2.424679834842681885e+02 1.332348199235275388e+02
1.533686675061471760e+02 2.424679834842681885e+02 1.332348199235275388e+02
1.533358305149492651e+02 2.424697382994653481e+02 1.332347541556981128e+02
1.533029935237513257e+02 2.424714931146625077e+02 1.332346883878687152e+02
1.532701565325534148e+02 2.424732479298596957e+02 1.332346226200392891e+02
1.532373195413554754e+02 2.424750027450568552e+02 1.332345568522098631e+02
1.532044825501575644e+02 2.424767575602540148e+02 1.332344910843804655e+02
1.531716455589596535e+02 2.424785123754511744e+02 1.332344253165510395e+02
1.531388085677617141e+02 2.424802671906483624e+02 1.332343595487216135e+02
1.531059715765638032e+02 2.424820220058455220e+02 1.332342937808922159e+02
1.530731345853658638e+02 2.424837768210426816e+02 1.332342280130627898e+02
1.530402975941679529e+02 2.424855316362398412e+02 1.332341622452333922e+02
1.530074606029700135e+02 2.424872864514370292e+02 1.332340964774039662e+02
1.529746236117721025e+02 2.424890412666341888e+02 1.332340307095745402e+02
1.529417866205741916e+02 2.424907960818313484e+02 1.332339649417451426e+02
1.529089496293762522e+02 2.424925508970285080e+02 1.332338991739157166e+02
1.528761126381783413e+02 2.424943057122256960e+02 1.332338334060862906e+02
1.528432756469804019e+02 2.424960605274228556e+02 1.332337676382568930e+02
1.528104386557824910e+02 2.424978153426200151e+02 1.332337018704274669e+02
1.528104386557824910e+02 2.424978153426200151e+02 1.332337018704274669e+02
1.527864637722261136e+02 2.425203160408884173e+02 1.332315270664403215e+02
1.527624888886697647e+02 2.425428167391568479e+02 1.332293522624531761e+02
1.527385140051133874e+02 2.425653174374252501e+02 1.332271774584660307e+02
1.527145391215570385e+02 2.425878181356936807e+02 1.332250026544788852e+02
1.526905642380006611e+02 2.426103188339620829e+02 1.332228278504917398e+02
1.526665893544442838e+02 2.426328195322304850e+02 1.332206530465045944e+02
1.526426144708879349e+02 2.426553202304989156e+02 1.332184782425174490e+02
1.526186395873315575e+02 2.426778209287673178e+02 1.332163034385303035e+02
1.525946647037752086e+02 2.427003216270357484e+02 1.332141286345431581e+02
1.525706898202188313e+02 2.427228223253041506e+02 1.332119538305560127e+02
1.525467149366624540e+02 2.427453230235725528e+02 1.332097790265688673e+02
1.525227400531061051e+02 2.427678237218409834e+02 1.332076042225817218e+02
1.524987651695497277e+02 2.427903244201093855e+02 1.332054294185945764e+02
1.524747902859933788e+02 2.428128251183778161e+02 1.332032546146074310e+02
1.524508154024370015e+02 2.428353258166462183e+02 1.332010798106202856e+02
1.524268405188806241e+02 2.428578265149146205e+02 1.331989050066331401e+02
1.524028656353242752e+02 2.428803272131830511e+02 1.331967302026459947e+02
1.523788907517678979e+02 2.429028279114514532e+02 1.331945553986588493e+02
1.523549158682115490e+02 2.429253286097198838e+02 1.331923805946717039e+02
1.523309409846551716e+02 2.429478293079882860e+02 1.331902057906845585e+02
1.523309409846551716e+02 2.429478293079882860e+02 1.331902057906845585e+02
1.523169897190487916e+02 2.429690683235510562e+02 1.331716368042358170e+02
1.523030384534424115e+02 2.429903073391138548e+02 1.331530678177870755e+02
1.522890871878360031e+02 2.430115463546766250e+02 1.331344988313383055e+02
1.522751359222296230e+02 2.430327853702394236e+02 1.331159298448895640e+02
1.522611846566232430e+02 2.430540243858021938e+02 1.330973608584408225e+02
1.522472333910168629e+02 2.430752634013649640e+02 1.330787918719920810e+02
1.522332821254104545e+02 2.430965024169277626e+02 1.330602228855433111e+02
1.522193308598040744e+02 2.431177414324905328e+02 1.330416538990945696e+02
1.522053795941976944e+02 2.431389804480533030e+02 1.330230849126458281e+02
1.521914283285913143e+02 2.431602194636161016e+02 1.330045159261970866e+02
1.521774770629849058e+02 2.431814584791788718e+02 1.329859469397483167e+02
1.521635257973785258e+02 2.432026974947416704e+02 1.329673779532995752e+02
1.521495745317721457e+02 2.432239365103044406e+02 1.329488089668508337e+02
1.521356232661657657e+02 2.432451755258672108e+02 1.329302399804020922e+02
1.521216720005593572e+02 2.432664145414300094e+02 1.329116709939533223e+02
1.521077207349529772e+02 2.432876535569927796e+02 1.328931020075045808e+02
1.520937694693465971e+02 2.433088925725555498e+02 1.328745330210558393e+02
1.520798182037402171e+02 2.433301315881183484e+02 1.328559640346070978e+02
1.520658669381338086e+02 2.433513706036811186e+02 1.328373950481583279e+02
1.520519156725274286e+02 2.433726096192439172e+02 1.328188260617095864e+02
1.520379644069210485e+02 2.433938486348066874e+02 1.328002570752608449e+02
1.520240131413146685e+02 2.434150876503694576e+02 1.327816880888121034e+02
1.520100618757082600e+02 2.434363266659322562e+02 1.327631191023633335e+02
1.519961106101018800e+02 2.434575656814950264e+02 1.327445501159145920e+02
1.519821593444954999e+02 2.434788046970577966e+02 1.327259811294658505e+02
1.519682080788891199e+02 2.435000437126205952e+02 1.327074121430171090e+02
1.519542568132827114e+02 2.435212827281833654e+02 1.326888431565683391e+02
1.519403055476763313e+02 2.435425217437461640e+02 1.326702741701195976e+02
1.519263542820699513e+02 2.435637607593089342e+02 1.326517051836708561e+02
