2.136343406057332572e+02 2.590854401380562422e+02 1.286068201750516664e+02
2.136044610832268518e+02 2.590608677699664213e+02 1.286070522937209830e+02
2.135745815607204179e+02 2.590362954018766573e+02 1.286072844123902712e+02
2.135447020382140124e+02 2.590117230337868364e+02 1.286075165310595878e+02
2.135148225157076070e+02 2.589871506656970155e+02 1.286077486497289044e+02
2.134849429932011731e+02 2.589625782976072514e+02 1.286079807683982210e+02
2.134550634706947676e+02 2.589380059295174306e+02 1.286082128870675092e+02
2.134251839481883337e+02 2.589134335614276665e+02 1.286084450057368258e+02
2.133953044256819283e+02 2.588888611933378456e+02 1.286086771244061424e+02
2.133654249031755228e+02 2.588642888252480248e+02 1.286089092430754590e+02
2.133355453806690889e+02 2.588397164571582607e+02 1.286091413617447472e+02
2.133056658581626834e+02 2.588151440890684398e+02 1.286093734804140638e+02
2.132757863356562780e+02 2.587905717209786189e+02 1.286096055990833804e+02
2.132459068131498441e+02 2.587659993528888549e+02 1.286098377177526970e+02
2.132160272906434386e+02 2.587414269847990340e+02 1.286100698364219852e+02
2.131861477681370047e+02 2.587168546167092700e+02 1.286103019550913018e+02
2.131562682456305993e+02 2.586922822486194491e+02 1.286105340737606184e+02
2.131263887231241938e+02 2.586677098805296282e+02 1.286107661924299350e+02
2.130965092006177599e+02 2.586431375124398642e+02 1.286109983110992232e+02
2.130666296781113545e+02 2.586185651443500433e+02 1.286112304297685398e+02
2.130666296781113545e+02 2.586185651443500433e+02 1.286112304297685398e+02
2.130676740778939688e+02 2.585879925929525598e+02 1.286110468841531826e+02
2.130687184776765548e+02 2.585574200415550763e+02 1.286108633385378255e+02
2.130697628774591692e+02 2.585268474901575360e+02 1.286106797929224399e+02
2.130708072772417836e+02 2.584962749387600525e+02 1.286104962473070827e+02
2.130718516770243980e+02 2.584657023873625690e+02 1.286103127016917256e+02
2.130728960768069840e+02 2.584351298359650855e+02 1.286101291560763684e+02
2.130739404765895983e+02 2.584045572845675451e+02 1.286099456104610113e+02
2.130749848763722127e+02 2.583739847331700616e+02 1.286097620648456541e+02
2.130760292761548271e+02 2.583434121817725782e+02 1.286095785192302685e+02
2.130770736759374131e+02 2.583128396303750947e+02 1.286093949736149114e+02
2.130781180757200275e+02 2.582822670789776112e+02 1.286092114279995542e+02
2.130791624755026419e+02 2.582516945275800708e+02 1.286090278823841970e+02
2.130802068752852563e+02 2.582211219761825873e+02 1.286088443367688399e+02
2.130812512750678422e+02 2.581905494247851038e+02 1.286086607911534827e+02
2.130822956748504566e+02 2.581599768733876203e+02 1.286084772455380971e+02
2.130833400746330710e+02 2.581294043219901369e+02 1.286082936999227400e+02
2.130843844744156854e+02 2.580988317705925965e+02 1.286081101543073828e+02
2.130854288741982714e+02 2.580682592191951130e+02 1.286079266086920256e+02
2.130864732739808858e+02 2.580376866677976295e+02 1.286077430630766685e+02
2.130875176737635002e+02 2.580071141164001460e+02 1.286075595174613113e+02
2.130885620735461146e+02 2.579765415650026057e+02 1.286073759718459257e+02
2.130896064733287005e+02 2.579459690136051222e+02 1.286071924262305686e+02
2.130906508731113149e+02 2.579153964622076387e+02 1.286070088806152114e+02
2.130906508731113149e+02 2.579153964622076387e+02 1.286070088806152114e+02
2.131058324532901054e+02 2.579005807395127476e+02 1.286247714769785944e+02
2.131210140334688958e+02 2.578857650168177997e+02 1.286425340733419489e+02
2.131361956136476863e+02 2.578709492941229087e+02 1.286602966697053319e+02
2.131513771938264767e+02 2.578561335714280176e+02 1.286780592660686864e+02
2.131665587740052672e+02 2.578413178487330697e+02 1.286958218624320693e+02
2.131817403541840577e+02 2.578265021260381786e+02 1.287135844587954523e+02
2.131969219343628481e+02 2.578116864033432307e+02 1.287313470551588068e+02
2.132121035145416386e+02 2.577968706806483397e+02 1.287491096515221898e+02
2.132272850947204290e+02 2.577820549579534486e+02 1.287668722478855443e+02
2.132424666748992195e+02 2.577672392352585007e+02 1.287846348442489273e+02
2.132576482550780099e+02 2.577524235125636096e+02 1.288023974406123102e+02
2.132728298352568004e+02 2.577376077898687186e+02 1.288201600369756648e+02
2.132880114154355908e+02 2.577227920671737706e+02 1.288379226333390477e+02
2.133031929956143813e+02 2.577079763444788796e+02 1.288556852297024022e+02
2.133183745757931717e+02 2.576931606217839885e+02 1.288734478260657852e+02
2.133335561559719622e+02 2.576783448990890406e+02 1.288912104224291397e+02
2.133487377361507527e+02 2.576635291763941495e+02 1.289089730187925227e+02
2.133639193163295431e+02 2.576487134536992016e+02 1.289267356151559056e+02
2.133791008965083336e+02 2.576338977310043106e+02 1.289444982115192602e+02
2.133942824766871240e+02 2.576190820083094195e+02 1.289622608078826431e+02
2.134094640568659145e+02 2.576042662856144716e+02 1.289800234042459977e+02
2.134246456370447049e+02 2.575894505629195805e+02 1.289977860006093806e+02
2.134246456370447049e+02 2.575894505629195805e+02 1.289977860006093806e+02
2.134491597359667594e+02 2.575664438046276814e+02 1.290000097176902898e+02
2.134736738348888423e+02 2.575434370463357254e+02 1.290022334347712274e+02
2.134981879338108968e+02 2.575204302880438263e+02 1.290044571518521366e+02
2.135227020327329512e+02 2.574974235297519272e+02 1.290066808689330458e+02
2.135472161316550057e+02 2.574744167714600280e+02 1.290089045860139834e+02
2.135717302305770886e+02 2.574514100131680721e+02 1.290111283030948925e+02
2.135962443294991431e+02 2.574284032548761729e+02 1.290133520201758301e+02
2.136207584284211976e+02 2.574053964965842738e+02 1.290155757372567393e+02
2.136452725273432520e+02 2.573823897382923747e+02 1.290177994543376485e+02
2.136697866262653349e+02 2.573593829800004187e+02 1.290200231714185861e+02
2.136943007251873894e+02 2.573363762217085196e+02 1.290222468884994953e+02
2.137188148241094439e+02 2.573133694634166204e+02 1.290244706055804045e+02
2.137433289230314983e+02 2.572903627051247213e+02 1.290266943226613421e+02
2.137678430219535812e+02 2.572673559468327653e+02 1.290289180397422513e+02
2.137923571208756357e+02 2.572443491885408662e+02 1.290311417568231889e+02
2.138168712197976902e+02 2.572213424302489670e+02 1.290333654739040981e+02
2.138413853187197446e+02 2.571983356719570679e+02 1.290355891909850072e+02
2.138658994176418275e+02 2.571753289136651119e+02 1.290378129080659448e+02
2.138904135165638820e+02 2.571523221553732128e+02 1.290400366251468540e+02
2.138904135165638820e+02 2.571523221553732128e+02 1.290400366251468540e+02
2.139182205481540962e+02 2.571436787667923909e+02 1.290270999551415230e+02
2.139460275797443103e+02 2.571350353782115690e+02 1.290141632851362203e+02
2.139738346113345244e+02 2.571263919896306902e+02 1.290012266151308893e+02
2.140016416429247386e+02 2.571177486010498683e+02 1.289882899451255582e+02
2.140294486745149527e+02 2.571091052124690464e+02 1.289753532751202556e+02
2.140572557061051668e+02 2.571004618238881676e+02 1.289624166051149246e+02
2.140850627376953810e+02 2.570918184353073457e+02 1.289494799351095935e+02
2.141128697692855951e+02 2.570831750467265238e+02 1.289365432651042909e+02
2.141406768008758092e+02 2.570745316581457018e+02 1.289236065950989598e+02
2.141684838324660518e+02 2.570658882695648799e+02 1.289106699250936572e+02
2.141962908640562659e+02 2.570572448809840012e+02 1.288977332550883261e+02
2.142240978956464801e+02 2.570486014924031792e+02 1.288847965850829951e+02
2.142519049272366942e+02 2.570399581038223573e+02 1.288718599150776924e+02
2.142797119588269084e+02 2.570313147152414786e+02 1.288589232450723614e+02
2.143075189904171225e+02 2.570226713266606566e+02 1.288459865750670303e+02
2.143353260220073366e+02 2.570140279380798347e+02 1.288330499050617277e+02
2.143631330535975508e+02 2.570053845494990128e+02 1.288201132350563967e+02
2.143909400851877649e+02 2.569967411609181909e+02 1.288071765650510656e+02
2.144187471167779790e+02 2.569880977723373121e+02 1.287942398950457630e+02
2.144465541483681932e+02 2.569794543837564902e+02 1.287813032250404319e+02
2.144465541483681932e+02 2.569794543837564902e+02 1.287813032250404319e+02
2.144752605924099385e+02 2.569944574075600485e+02 1.287698256440758655e+02
2.145039670364517121e+02 2.570094604313636637e+02 1.287583480631112991e+02
2.145326734804934574e+02 2.570244634551672220e+02 1.287468704821467327e+02
2.145613799245352027e+02 2.570394664789707804e+02 1.287353929011821663e+02
2.145900863685769764e+02 2.570544695027743387e+02 1.287239153202175999e+02
2.146187928126187217e+02 2.570694725265778970e+02 1.287124377392530334e+02
2.146474992566604669e+02 2.570844755503815122e+02 1.287009601582884670e+02
2.146762057007022122e+02 2.570994785741850706e+02 1.286894825773239006e+02
2.147049121447439859e+02 2.571144815979886289e+02 1.286780049963593342e+02
2.147336185887857312e+02 2.571294846217922441e+02 1.286665274153947962e+02
2.147623250328274764e+02 2.571444876455958024e+02 1.286550498344302298e+02
2.147910314768692501e+02 2.571594906693993607e+02 1.286435722534656634e+02
2.148197379209109954e+02 2.571744936932029191e+02 1.286320946725010970e+02
2.148484443649527407e+02 2.571894967170064774e+02 1.286206170915365306e+02
2.148771508089944859e+02 2.572044997408100926e+02 1.286091395105719641e+02
2.149058572530362596e+02 2.572195027646136509e+02 1.285976619296073977e+02
2.149345636970780049e+02 2.572345057884172093e+02 1.285861843486428313e+02
2.149632701411197502e+02 2.572495088122208244e+02 1.285747067676782649e+02
2.149919765851615239e+02 2.572645118360243828e+02 1.285632291867136985e+02
2.150206830292032691e+02 2.572795148598279411e+02 1.285517516057491321e+02
2.150206830292032691e+02 2.572795148598279411e+02 1.285517516057491321e+02
2.150422596152391179e+02 2.572672246954321054e+02 1.285389581506592833e+02
2.150638362012749667e+02 2.572549345310362696e+02 1.285261646955694346e+02
2.150854127873108439e+02 2.572426443666404339e+02 1.285133712404796142e+02
2.151069893733466927e+02 2.572303542022445981e+02 1.285005777853897655e+02
2.151285659593825415e+02 2.572180640378487624e+02 1.284877843302999167e+02
2.151501425454183902e+02 2.572057738734529835e+02 1.284749908752100680e+02
2.151717191314542674e+02 2.571934837090571477e+02 1.284621974201202477e+02
2.151932957174901162e+02 2.571811935446613120e+02 1.284494039650303989e+02
2.152148723035259650e+02 2.571689033802654762e+02 1.284366105099405502e+02
2.152364488895618138e+02 2.571566132158696405e+02 1.284238170548507014e+02
2.152580254755976910e+02 2.571443230514738048e+02 1.284110235997608811e+02
2.152796020616335397e+02 2.571320328870779690e+02 1.283982301446710323e+02
2.153011786476693885e+02 2.571197427226821333e+02 1.283854366895811836e+02
2.153227552337052373e+02 2.571074525582862975e+02 1.283726432344913349e+02
2.153443318197411145e+02 2.570951623938904618e+02 1.283598497794015145e+02
2.153659084057769633e+02 2.570828722294946829e+02 1.283470563243116658e+02
2.153874849918128120e+02 2.570705820650988471e+02 1.283342628692218170e+02
2.154090615778486608e+02 2.570582919007030114e+02 1.283214694141319683e+02
2.154306381638845380e+02 2.570460017363071756e+02 1.283086759590421480e+02
2.154522147499203868e+02 2.570337115719113399e+02 1.282958825039522992e+02
2.154737913359562356e+02 2.570214214075155041e+02 1.282830890488624505e+02
2.154737913359562356e+02 2.570214214075155041e+02 1.282830890488624505e+02
2.154934354891381076e+02 2.570207556832301066e+02 1.282693110137780366e+02
2.155130796423200081e+02 2.570200899589447658e+02 1.282555329786936511e+02
2.155327237955018802e+02 2.570194242346593683e+02 1.282417549436092372e+02
2.155523679486837807e+02 2.570187585103739707e+02 1.282279769085248233e+02
2.155720121018656528e+02 2.570180927860886300e+02 1.282141988734404094e+02
2.155916562550475248e+02 2.570174270618032324e+02 1.282004208383560240e+02
2.156113004082294253e+02 2.570167613375178348e+02 1.281866428032716101e+02
2.156309445614112974e+02 2.570160956132324941e+02 1.281728647681871962e+02
2.156505887145931979e+02 2.570154298889470965e+02 1.281590867331028107e+02
2.156702328677750700e+02 2.570147641646616989e+02 1.281453086980183969e+02
2.156898770209569420e+02 2.570140984403763582e+02 1.281315306629339830e+02
2.157095211741388425e+02 2.570134327160909606e+02 1.281177526278495691e+02
2.157291653273207146e+02 2.570127669918055631e+02 1.281039745927651836e+02
2.157488094805025867e+02 2.570121012675202223e+02 1.280901965576807697e+02
2.157684536336844872e+02 2.570114355432348248e+02 1.280764185225963558e+02
2.157880977868663592e+02 2.570107698189494272e+02 1.280626404875119420e+02
2.158077419400482597e+02 2.570101040946640865e+02 1.280488624524275565e+02
2.158273860932301318e+02 2.570094383703786889e+02 1.280350844173431426e+02
2.158273860932301318e+02 2.570094383703786889e+02 1.280350844173431426e+02
2.158545856899435194e+02 2.570085165982912372e+02 1.280160071379955014e+02
2.158817852866568785e+02 2.570075948262037855e+02 1.279969298586478601e+02
2.159089848833702661e+02 2.570066730541163338e+02 1.279778525793002188e+02
2.159361844800836252e+02 2.570057512820288821e+02 1.279587752999525776e+02
2.159633840767970128e+02 2.570048295099414304e+02 1.279396980206049363e+02
2.159905836735104003e+02 2.570039077378539787e+02 1.279206207412572951e+02
2.160177832702237595e+02 2.570029859657665838e+02 1.279015434619096681e+02
2.160449828669371470e+02 2.570020641936791321e+02 1.278824661825620268e+02
2.160721824636505346e+02 2.570011424215916804e+02 1.278633889032143856e+02
2.160993820603638937e+02 2.570002206495042287e+02 1.278443116238667443e+02
2.161265816570772813e+02 2.569992988774167770e+02 1.278252343445191030e+02
2.161537812537906404e+02 2.569983771053293253e+02 1.278061570651714618e+02
2.161809808505040280e+02 2.569974553332418736e+02 1.277870797858238205e+02
2.161809808505040280e+02 2.569974553332418736e+02 1.277870797858238205e+02
2.161910302303893445e+02 2.570260628974309043e+02 1.277632447552130799e+02
2.162010796102746326e+02 2.570546704616199349e+02 1.277394097246023250e+02
2.162111289901599491e+02 2.570832780258089656e+02 1.277155746939915844e+02
2.162211783700452656e+02 2.571118855899979962e+02 1.276917396633808437e+02
2.162312277499305537e+02 2.571404931541870269e+02 1.276679046327700888e+02
2.162412771298158702e+02 2.571691007183760576e+02 1.276440696021593482e+02
2.162513265097011868e+02 2.571977082825650882e+02 1.276202345715486075e+02
2.162613758895865033e+02 2.572263158467541189e+02 1.275963995409378668e+02
2.162714252694717914e+02 2.572549234109431495e+02 1.275725645103271120e+02
2.162814746493571079e+02 2.572835309751321802e+02 1.275487294797163713e+02
2.162915240292424244e+02 2.573121385393212108e+02 1.275248944491056307e+02
2.163015734091277125e+02 2.573407461035102415e+02 1.275010594184948758e+02
2.163116227890130290e+02 2.573693536676992721e+02 1.274772243878841351e+02
2.163116227890130290e+02 2.573693536676992721e+02 1.274772243878841351e+02
2.162805111677110688e+02 2.573951804448672078e+02 1.274573004355271593e+02
2.162493995464090801e+02 2.574210072220351435e+02 1.274373764831701834e+02
2.162182879251071199e+02 2.574468339992030792e+02 1.274174525308132075e+02
2.161871763038051313e+02 2.574726607763710717e+02 1.273975285784562459e+02
2.161560646825031711e+02 2.574984875535390074e+02 1.273776046260992700e+02
2.161249530612012109e+02 2.575243143307069431e+02 1.273576806737422942e+02
2.160938414398992222e+02 2.575501411078748788e+02 1.273377567213853183e+02
2.160627298185972620e+02 2.575759678850428145e+02 1.273178327690283425e+02
2.160316181972952734e+02 2.576017946622107502e+02 1.272979088166713666e+02
2.160005065759933132e+02 2.576276214393786859e+02 1.272779848643143907e+02
2.159693949546913530e+02 2.576534482165466216e+02 1.272580609119574149e+02
2.159382833333893643e+02 2.576792749937146141e+02 1.272381369596004532e+02
2.159071717120874041e+02 2.577051017708825498e+02 1.272182130072434774e+02
2.158760600907854155e+02 2.577309285480504855e+02 1.271982890548865015e+02
2.158449484694834553e+02 2.577567553252184211e+02 1.271783651025295256e+02
2.158449484694834553e+02 2.577567553252184211e+02 1.271783651025295256e+02
2.158228698326824144e+02 2.577750835257097606e+02 1.271642258937926471e+02
2.158007911958813452e+02 2.577934117262011000e+02 1.271500866850557827e+02
2.157787125590803043e+02 2.578117399266923826e+02 1.271359474763189041e+02
2.157566339222792351e+02 2.578300681271837220e+02 1.271218082675820256e+02
2.157345552854781943e+02 2.578483963276750615e+02 1.271076690588451612e+02
2.157124766486771250e+02 2.578667245281664009e+02 1.270935298501082826e+02
2.156903980118760842e+02 2.578850527286576835e+02 1.270793906413714041e+02
2.156683193750750149e+02 2.579033809291490229e+02 1.270652514326345397e+02
2.156462407382739741e+02 2.579217091296403623e+02 1.270511122238976611e+02
2.156241621014729049e+02 2.579400373301317018e+02 1.270369730151607826e+02
2.156020834646718640e+02 2.579583655306229844e+02 1.270228338064239182e+02
2.155800048278707948e+02 2.579766937311143238e+02 1.270086945976870396e+02
2.155579261910697539e+02 2.579950219316056632e+02 1.269945553889501610e+02
2.155358475542686847e+02 2.580133501320970026e+02 1.269804161802132967e+02
2.155137689174676439e+02 2.580316783325882852e+02 1.269662769714764181e+02
2.154916902806665746e+02 2.580500065330796247e+02 1.269521377627395395e+02
2.154696116438655338e+02 2.580683347335709641e+02 1.269379985540026752e+02
2.154475330070644645e+02 2.580866629340623035e+02 1.269238593452657966e+02
2.154254543702634237e+02 2.581049911345535861e+02 1.269097201365289180e+02
2.154033757334623544e+02 2.581233193350449255e+02 1.268955809277920537e+02
2.153812970966613136e+02 2.581416475355362650e+02 1.268814417190551751e+02
2.153812970966613136e+02 2.581416475355362650e+02 1.268814417190551751e+02
2.153456831754390919e+02 2.581523376733923101e+02 1.268455994818210542e+02
2.153100692542168417e+02 2.581630278112483552e+02 1.268097572445869474e+02
2.152744553329946200e+02 2.581737179491044571e+02 1.267739150073528265e+02
2.152388414117723698e+02 2.581844080869605023e+02 1.267380727701187197e+02
2.152032274905501481e+02 2.581950982248165474e+02 1.267022305328845988e+02
2.151676135693279264e+02 2.582057883626725925e+02 1.266663882956504779e+02
2.151319996481056762e+02 2.582164785005286376e+02 1.266305460584163711e+02
2.150963857268834545e+02 2.582271686383847396e+02 1.265947038211822502e+02
2.150607718056612327e+02 2.582378587762407847e+02 1.265588615839481292e+02
2.150251578844389826e+02 2.582485489140968298e+02 1.265230193467140225e+02
2.149895439632167609e+02 2.582592390519528749e+02 1.264871771094799016e+02
2.149539300419945107e+02 2.582699291898089200e+02 1.264513348722457948e+02
2.149183161207722890e+02 2.582806193276649651e+02 1.264154926350116739e+02
2.148827021995500672e+02 2.582913094655210671e+02 1.263796503977775529e+02
2.148470882783278171e+02 2.583019996033771122e+02 1.263438081605434462e+02
2.148114743571055953e+02 2.583126897412331573e+02 1.263079659233093253e+02
2.147758604358833736e+02 2.583233798790892024e+02 1.262721236860752043e+02
2.147402465146611235e+02 2.583340700169452475e+02 1.262362814488410976e+02
2.147046325934389017e+02 2.583447601548013495e+02 1.262004392116069766e+02
2.146690186722166516e+02 2.583554502926573946e+02 1.261645969743728699e+02
2.146334047509944298e+02 2.583661404305134397e+02 1.261287547371387490e+02
2.146334047509944298e+02 2.583661404305134397e+02 1.261287547371387490e+02
2.146092658678701355e+02 2.583585006792734475e+02 1.261202624693529941e+02
2.145851269847458411e+02 2.583508609280335122e+02 1.261117702015672393e+02
2.145609881016215468e+02 2.583432211767935200e+02 1.261032779337814844e+02
2.145368492184972524e+02 2.583355814255535279e+02 1.260947856659957296e+02
2.145127103353729581e+02 2.583279416743135926e+02 1.260862933982099747e+02
2.144885714522486637e+02 2.583203019230736004e+02 1.260778011304242341e+02
2.144644325691243694e+02 2.583126621718336651e+02 1.260693088626384792e+02
2.144402936860000750e+02 2.583050224205936729e+02 1.260608165948527244e+02
2.144161548028757807e+02 2.582973826693536807e+02 1.260523243270669695e+02
2.143920159197514863e+02 2.582897429181137454e+02 1.260438320592812147e+02
2.143678770366271920e+02 2.582821031668737533e+02 1.260353397914954598e+02
2.143437381535028976e+02 2.582744634156337611e+02 1.260268475237097050e+02
2.143195992703786033e+02 2.582668236643938258e+02 1.260183552559239502e+02
2.142954603872543089e+02 2.582591839131538336e+02 1.260098629881381953e+02
2.142713215041300145e+02 2.582515441619138983e+02 1.260013707203524405e+02
2.142471826210057202e+02 2.582439044106739061e+02 1.259928784525666856e+02
2.142230437378814258e+02 2.582362646594339139e+02 1.259843861847809308e+02
2.141989048547571599e+02 2.582286249081939786e+02 1.259758939169951901e+02
2.141747659716328656e+02 2.582209851569539865e+02 1.259674016492094353e+02
2.141506270885085712e+02 2.582133454057139943e+02 1.259589093814236804e+02
2.141264882053842769e+02 2.582057056544740590e+02 1.259504171136379256e+02
2.141023493222599825e+02 2.581980659032340668e+02 1.259419248458521707e+02
2.140782104391356881e+02 2.581904261519941315e+02 1.259334325780664159e+02
2.140540715560113938e+02 2.581827864007541393e+02 1.259249403102806610e+02
2.140299326728870994e+02 2.581751466495141472e+02 1.259164480424949062e+02
2.140057937897628051e+02 2.581675068982742118e+02 1.259079557747091513e+02
2.139816549066385107e+02 2.581598671470342197e+02 1.258994635069233965e+02
2.139575160235142164e+02 2.581522273957942275e+02 1.258909712391376416e+02
2.139333771403899220e+02 2.581445876445542922e+02 1.258824789713518868e+02
2.139092382572656277e+02 2.581369478933143000e+02 1.258739867035661462e+02
2.138850993741413333e+02 2.581293081420743647e+02 1.258654944357803913e+02
2.138609604910170390e+02 2.581216683908343725e+02 1.258570021679946365e+02
2.138368216078927446e+02 2.581140286395943804e+02 1.258485099002088816e+02
2.138126827247684503e+02 2.581063888883544450e+02 1.258400176324231268e+02
2.137885438416441559e+02 2.580987491371144529e+02 1.258315253646373719e+02
2.137885438416441559e+02 2.580987491371144529e+02 1.258315253646373719e+02
2.137706060099993124e+02 2.580794482353264243e+02 1.258294638310790106e+02
2.137526681783544689e+02 2.580601473335383389e+02 1.258274022975206350e+02
2.137347303467096253e+02 2.580408464317503103e+02 1.258253407639622594e+02
2.137167925150647818e+02 2.580215455299622818e+02 1.258232792304038981e+02
2.136988546834199383e+02 2.580022446281742532e+02 1.258212176968455367e+02
2.136809168517750948e+02 2.579829437263861678e+02 1.258191561632871611e+02
2.136629790201302512e+02 2.579636428245981392e+02 1.258170946297287855e+02
2.136450411884854077e+02 2.579443419228101106e+02 1.258150330961704242e+02
2.136271033568405642e+02 2.579250410210220252e+02 1.258129715626120628e+02
2.136091655251957206e+02 2.579057401192339967e+02 1.258109100290536873e+02
2.135912276935508771e+02 2.578864392174459681e+02 1.258088484954953117e+02
2.135732898619060336e+02 2.578671383156578827e+02 1.258067869619369503e+02
2.135553520302611901e+02 2.578478374138698541e+02 1.258047254283785890e+02
2.135374141986163465e+02 2.578285365120818255e+02 1.258026638948202134e+02
2.135194763669715030e+02 2.578092356102937401e+02 1.258006023612618378e+02
2.135015385353266311e+02 2.577899347085057116e+02 1.257985408277034765e+02
2.134836007036817875e+02 2.577706338067176830e+02 1.257964792941451151e+02
2.134656628720369440e+02 2.577513329049296544e+02 1.257944177605867395e+02
2.134477250403921005e+02 2.577320320031415690e+02 1.257923562270283639e+02
2.134297872087472570e+02 2.577127311013535405e+02 1.257902946934700026e+02
2.134118493771024134e+02 2.576934301995655119e+02 1.257882331599116412e+02
2.133939115454575699e+02 2.576741292977774265e+02 1.257861716263532657e+02
2.133759737138127264e+02 2.576548283959893979e+02 1.257841100927948901e+02
2.133580358821678828e+02 2.576355274942013693e+02 1.257820485592365287e+02
2.133400980505230393e+02 2.576162265924133408e+02 1.257799870256781674e+02
2.133221602188781958e+02 2.575969256906252554e+02 1.257779254921197918e+02
2.133042223872333523e+02 2.575776247888372268e+02 1.257758639585614162e+02
2.132862845555885087e+02 2.575583238870491982e+02 1.257738024250030549e+02
2.132683467239436652e+02 2.575390229852611128e+02 1.257717408914446935e+02
2.132504088922988217e+02 2.575197220834730842e+02 1.257696793578863179e+02
2.132504088922988217e+02 2.575197220834730842e+02 1.257696793578863179e+02
2.132329341309263953e+02 2.575053511620960194e+02 1.257698151103353581e+02
2.132154593695539688e+02 2.574909802407188977e+02 1.257699508627843841e+02
2.131979846081815424e+02 2.574766093193418328e+02 1.257700866152334243e+02
2.131805098468091160e+02 2.574622383979647111e+02 1.257702223676824644e+02
2.131630350854366895e+02 2.574478674765876463e+02 1.257703581201314904e+02
2.131455603240642631e+02 2.574334965552105245e+02 1.257704938725805306e+02
2.131280855626918367e+02 2.574191256338334597e+02 1.257706296250295708e+02
2.131106108013194103e+02 2.574047547124563380e+02 1.257707653774785967e+02
2.130931360399469838e+02 2.573903837910792731e+02 1.257709011299276369e+02
2.130756612785745574e+02 2.573760128697022083e+02 1.257710368823766771e+02
2.130581865172021310e+02 2.573616419483250866e+02 1.257711726348257031e+02
2.130407117558297045e+02 2.573472710269480217e+02 1.257713083872747433e+02
2.130232369944573065e+02 2.573329001055709000e+02 1.257714441397237835e+02
2.130057622330848801e+02 2.573185291841938351e+02 1.257715798921728236e+02
2.129882874717124537e+02 2.573041582628167134e+02 1.257717156446218496e+02
2.129708127103400273e+02 2.572897873414396486e+02 1.257718513970708898e+02
2.129533379489676008e+02 2.572754164200625837e+02 1.257719871495199300e+02
2.129358631875951744e+02 2.572610454986854620e+02 1.257721229019689559e+02
2.129183884262227480e+02 2.572466745773083971e+02 1.257722586544179961e+02
2.129009136648503215e+02 2.572323036559312754e+02 1.257723944068670363e+02
2.128834389034778951e+02 2.572179327345542106e+02 1.257725301593160623e+02
2.128659641421054687e+02 2.572035618131770889e+02 1.257726659117651025e+02
2.128484893807330423e+02 2.571891908918000240e+02 1.257728016642141426e+02
2.128310146193606158e+02 2.571748199704229023e+02 1.257729374166631686e+02
2.128135398579881894e+02 2.571604490490458375e+02 1.257730731691122088e+02
2.128135398579881894e+02 2.571604490490458375e+02 1.257730731691122088e+02
2.128146325784699968e+02 2.571284620133826593e+02 1.257728811314877362e+02
2.128157252989517758e+02 2.570964749777195379e+02 1.257726890938632636e+02
2.128168180194335832e+02 2.570644879420563598e+02 1.257724970562387909e+02
2.128179107399153906e+02 2.570325009063932384e+02 1.257723050186143183e+02
2.128190034603971696e+02 2.570005138707300603e+02 1.257721129809898599e+02
2.128200961808789771e+02 2.569685268350668821e+02 1.257719209433653873e+02
2.128211889013607845e+02 2.569365397994037608e+02 1.257717289057409147e+02
2.128222816218425635e+02 2.569045527637405826e+02 1.257715368681164421e+02
2.128233743423243709e+02 2.568725657280774612e+02 1.257713448304919694e+02
2.128244670628061499e+02 2.568405786924142831e+02 1.257711527928674968e+02
2.128255597832879573e+02 2.568085916567511617e+02 1.257709607552430242e+02
2.128266525037697647e+02 2.567766046210879836e+02 1.257707687176185516e+02
2.128277452242515437e+02 2.567446175854248054e+02 1.257705766799940932e+02
2.128288379447333512e+02 2.567126305497616841e+02 1.257703846423696206e+02
2.128299306652151586e+02 2.566806435140985059e+02 1.257701926047451479e+02
2.128310233856969376e+02 2.566486564784353845e+02 1.257700005671206753e+02
2.128321161061787450e+02 2.566166694427722064e+02 1.257698085294962027e+02
2.128321161061787450e+02 2.566166694427722064e+02 1.257698085294962027e+02
2.128331638893002093e+02 2.565859978514258160e+02 1.257696243892838055e+02
2.128342116724216737e+02 2.565553262600793687e+02 1.257694402490714083e+02
2.128352594555431381e+02 2.565246546687329783e+02 1.257692561088590111e+02
2.128363072386646024e+02 2.564939830773865879e+02 1.257690719686466139e+02
2.128373550217860668e+02 2.564633114860401975e+02 1.257688878284342309e+02
2.128384028049075312e+02 2.564326398946937502e+02 1.257687036882218337e+02
2.128394505880289955e+02 2.564019683033473598e+02 1.257685195480094364e+02
2.128404983711504599e+02 2.563712967120009694e+02 1.257683354077970392e+02
2.128415461542719243e+02 2.563406251206545221e+02 1.257681512675846420e+02
2.128425939373933886e+02 2.563099535293081317e+02 1.257679671273722448e+02
2.128436417205148530e+02 2.562792819379617413e+02 1.257677829871598476e+02
2.128446895036363173e+02 2.562486103466152940e+02 1.257675988469474504e+02
2.128457372867577817e+02 2.562179387552689036e+02 1.257674147067350674e+02
2.128467850698792461e+02 2.561872671639225132e+02 1.257672305665226702e+02
2.128478328530007104e+02 2.561565955725761228e+02 1.257670464263102730e+02
2.128488806361221748e+02 2.561259239812296755e+02 1.257668622860978758e+02
2.128499284192436392e+02 2.560952523898832851e+02 1.257666781458854786e+02
2.128499284192436392e+02 2.560952523898832851e+02 1.257666781458854786e+02
2.128696148967143529e+02 2.560742875324197030e+02 1.257423398355096680e+02
2.128893013741850666e+02 2.560533226749561209e+02 1.257180015251338574e+02
2.129089878516557803e+02 2.560323578174925387e+02 1.256936632147580468e+02
2.129286743291265225e+02 2.560113929600289566e+02 1.256693249043822362e+02
2.129483608065972362e+02 2.559904281025653745e+02 1.256449865940064257e+02
2.129680472840679499e+02 2.559694632451017924e+02 1.256206482836306151e+02
2.129877337615386637e+02 2.559484983876382103e+02 1.255963099732548045e+02
2.130074202390093774e+02 2.559275335301746281e+02 1.255719716628790081e+02
2.130271067164800911e+02 2.559065686727110460e+02 1.255476333525031976e+02
2.130467931939508048e+02 2.558856038152474639e+02 1.255232950421273870e+02
2.130664796714215186e+02 2.558646389577838818e+02 1.254989567317515764e+02
2.130861661488922323e+02 2.558436741003202997e+02 1.254746184213757658e+02
2.131058526263629744e+02 2.558227092428567175e+02 1.254502801109999552e+02
2.131255391038336882e+02 2.558017443853931354e+02 1.254259418006241447e+02
2.131452255813044019e+02 2.557807795279295533e+02 1.254016034902483341e+02
2.131649120587751156e+02 2.557598146704659712e+02 1.253772651798725235e+02
2.131649120587751156e+02 2.557598146704659712e+02 1.253772651798725235e+02
2.131728521947838715e+02 2.557287901109181121e+02 1.253787398682456313e+02
2.131807923307925989e+02 2.556977655513702530e+02 1.253802145566187534e+02
2.131887324668013548e+02 2.556667409918223939e+02 1.253816892449918612e+02
2.131966726028101107e+02 2.556357164322745348e+02 1.253831639333649832e+02
2.132046127388188665e+02 2.556046918727266757e+02 1.253846386217380910e+02
2.132125528748275940e+02 2.555736673131788166e+02 1.253861133101112131e+02
2.132204930108363499e+02 2.555426427536309575e+02 1.253875879984843209e+02
2.132284331468451057e+02 2.555116181940830984e+02 1.253890626868574287e+02
2.132363732828538616e+02 2.554805936345352393e+02 1.253905373752305508e+02
2.132443134188625891e+02 2.554495690749873802e+02 1.253920120636036586e+02
2.132522535548713449e+02 2.554185445154395211e+02 1.253934867519767806e+02
2.132601936908801008e+02 2.553875199558916620e+02 1.253949614403498884e+02
2.132681338268888567e+02 2.553564953963438029e+02 1.253964361287229963e+02
2.132760739628975841e+02 2.553254708367959438e+02 1.253979108170961183e+02
2.132840140989063400e+02 2.552944462772480847e+02 1.253993855054692261e+02
2.132919542349150959e+02 2.552634217177002256e+02 1.254008601938423482e+02
2.132998943709238517e+02 2.552323971581523665e+02 1.254023348822154560e+02
2.133078345069325792e+02 2.552013725986045074e+02 1.254038095705885780e+02
2.133157746429413351e+02 2.551703480390566483e+02 1.254052842589616859e+02
2.133157746429413351e+02 2.551703480390566483e+02 1.254052842589616859e+02
2.133183972047810926e+02 2.551434781447214561e+02 1.254321975171440613e+02
2.133210197666208501e+02 2.551166082503862640e+02 1.254591107753264367e+02
2.133236423284605792e+02 2.550897383560510434e+02 1.254860240335088122e+02
2.133262648903003367e+02 2.550628684617158513e+02 1.255129372916911876e+02
2.133288874521400942e+02 2.550359985673806591e+02 1.255398505498735631e+02
2.133315100139798517e+02 2.550091286730454669e+02 1.255667638080559385e+02
2.133341325758196092e+02 2.549822587787102748e+02 1.255936770662383140e+02
2.133367551376593383e+02 2.549553888843750542e+02 1.256205903244206894e+02
2.133393776994990958e+02 2.549285189900398620e+02 1.256475035826030648e+02
2.133420002613388533e+02 2.549016490957046699e+02 1.256744168407854261e+02
2.133446228231786108e+02 2.548747792013694777e+02 1.257013300989678015e+02
2.133472453850183399e+02 2.548479093070342572e+02 1.257282433571501770e+02
2.133498679468580974e+02 2.548210394126990650e+02 1.257551566153325524e+02
2.133524905086978549e+02 2.547941695183638728e+02 1.257820698735149278e+02
2.133551130705376124e+02 2.547672996240286807e+02 1.258089831316973033e+02
2.133577356323773699e+02 2.547404297296934885e+02 1.258358963898796787e+02
2.133603581942170990e+02 2.547135598353582679e+02 1.258628096480620542e+02
2.133629807560568565e+02 2.546866899410230758e+02 1.258897229062444296e+02
2.133656033178966140e+02 2.546598200466878836e+02 1.259166361644268051e+02
2.133656033178966140e+02 2.546598200466878836e+02 1.259166361644268051e+02
2.133324552605226643e+02 2.546147911717070258e+02 1.259420662975311274e+02
2.132993072031486861e+02 2.545697622967261395e+02 1.259674964306354497e+02
2.132661591457747363e+02 2.545247334217452817e+02 1.259929265637397720e+02
2.132330110884007581e+02 2.544797045467644239e+02 1.260183566968441085e+02
2.131998630310268084e+02 2.544346756717835660e+02 1.260437868299484307e+02
2.131667149736528302e+02 2.543896467968026798e+02 1.260692169630527530e+02
2.131335669162788804e+02 2.543446179218218219e+02 1.260946470961570753e+02
2.131004188589049022e+02 2.542995890468409641e+02 1.261200772292613976e+02
2.130672708015309524e+02 2.542545601718601063e+02 1.261455073623657199e+02
2.130341227441569742e+02 2.542095312968792200e+02 1.261709374954700422e+02
2.130009746867830245e+02 2.541645024218983622e+02 1.261963676285743645e+02
2.129678266294090463e+02 2.541194735469175043e+02 1.262217977616787010e+02
2.129346785720350965e+02 2.540744446719366465e+02 1.262472278947830233e+02
2.129015305146611183e+02 2.540294157969557602e+02 1.262726580278873456e+02
2.128683824572871686e+02 2.539843869219749024e+02 1.262980881609916679e+02
2.128352343999131904e+02 2.539393580469940446e+02 1.263235182940959902e+02
2.128020863425392406e+02 2.538943291720131867e+02 1.263489484272003125e+02
2.127689382851652624e+02 2.538493002970323005e+02 1.263743785603046348e+02
2.127357902277913126e+02 2.538042714220514426e+02 1.263998086934089571e+02
2.127026421704173345e+02 2.537592425470705848e+02 1.264252388265132936e+02
2.126694941130433847e+02 2.537142136720897270e+02 1.264506689596176159e+02
2.126363460556694065e+02 2.536691847971088407e+02 1.264760990927219382e+02
2.126031979982954567e+02 2.536241559221279829e+02 1.265015292258262605e+02
2.126031979982954567e+02 2.536241559221279829e+02 1.265015292258262605e+02
2.125900849983325145e+02 2.536105873151252013e+02 1.265123655470039523e+02
2.125769719983695722e+02 2.535970187081224196e+02 1.265232018681816442e+02
2.125638589984066300e+02 2.535834501011196380e+02 1.265340381893593360e+02
2.125507459984436878e+02 2.535698814941168564e+02 1.265448745105370136e+02
2.125376329984807455e+02 2.535563128871140748e+02 1.265557108317147055e+02
2.125245199985177749e+02 2.535427442801112932e+02 1.265665471528923973e+02
2.125114069985548326e+02 2.535291756731085115e+02 1.265773834740700892e+02
2.124982939985918904e+02 2.535156070661057299e+02 1.265882197952477810e+02
2.124851809986289481e+02 2.535020384591029483e+02 1.265990561164254729e+02
2.124720679986660059e+02 2.534884698521001667e+02 1.266098924376031647e+02
2.124589549987030637e+02 2.534749012450973851e+02 1.266207287587808565e+02
2.124458419987401214e+02 2.534613326380946035e+02 1.266315650799585342e+02
2.124327289987771792e+02 2.534477640310918218e+02 1.266424014011362260e+02
2.124196159988142369e+02 2.534341954240890402e+02 1.266532377223139179e+02
2.124065029988512947e+02 2.534206268170862586e+02 1.266640740434916097e+02
2.123933899988883525e+02 2.534070582100834770e+02 1.266749103646693015e+02
2.123802769989254102e+02 2.533934896030806954e+02 1.266857466858469934e+02
2.123671639989624396e+02 2.533799209960779137e+02 1.266965830070246852e+02
2.123540509989994973e+02 2.533663523890751321e+02 1.267074193282023771e+02
2.123409379990365551e+02 2.533527837820723505e+02 1.267182556493800547e+02
2.123278249990736128e+02 2.533392151750695689e+02 1.267290919705577465e+02
2.123147119991106706e+02 2.533256465680667873e+02 1.267399282917354384e+02
2.123015989991477284e+02 2.533120779610640056e+02 1.267507646129131302e+02
2.122884859991847861e+02 2.532985093540611956e+02 1.267616009340908221e+02
2.122753729992218439e+02 2.532849407470584140e+02 1.267724372552685139e+02
2.122622599992589016e+02 2.532713721400556324e+02 1.267832735764462058e+02
2.122491469992959594e+02 2.532578035330528508e+02 1.267941098976238834e+02
2.122360339993330172e+02 2.532442349260500691e+02 1.268049462188015752e+02
2.122229209993700465e+02 2.532306663190472875e+02 1.268157825399792671e+02
2.122098079994071043e+02 2.532170977120445059e+02 1.268266188611569589e+02
2.121966949994441620e+02 2.532035291050417243e+02 1.268374551823346508e+02
2.121835819994812198e+02 2.531899604980389427e+02 1.268482915035123426e+02
2.121704689995182775e+02 2.531763918910361610e+02 1.268591278246900345e+02
2.121573559995553353e+02 2.531628232840333794e+02 1.268699641458677263e+02
2.121442429995923931e+02 2.531492546770305978e+02 1.268808004670454039e+02
2.121311299996294508e+02 2.531356860700278162e+02 1.268916367882230958e+02
2.121180169996665086e+02 2.531221174630250346e+02 1.269024731094007876e+02
2.121049039997035663e+02 2.531085488560222529e+02 1.269133094305784795e+02
2.120917909997406241e+02 2.530949802490194713e+02 1.269241457517561713e+02
2.120786779997776819e+02 2.530814116420166897e+02 1.269349820729338632e+02
2.120655649998147112e+02 2.530678430350139081e+02 1.269458183941115550e+02
2.120524519998517690e+02 2.530542744280111265e+02 1.269566547152892468e+02
2.120393389998888267e+02 2.530407058210083449e+02 1.269674910364669245e+02
2.120262259999258845e+02 2.530271372140055632e+02 1.269783273576446163e+02
2.120131129999629422e+02 2.530135686070027816e+02 1.269891636788223082e+02
2.120000000000000000e+02 2.530000000000000000e+02 1.270000000000000000e+02
2.120000000000000000e+02 2.530000000000000000e+02 1.270000000000000000e+02
2.120000000000000000e+02 2.530000000000000000e+02 1.270000000000000000e+02
2.120000000000000000e+02 2.530000000000000000e+02 1.270000000000000000e+02
2.120000000000000000e+02 2.530000000000000000e+02 1.270000000000000000e+02
2.120000000000000000e+02 2.530000000000000000e+02 1.270000000000000000e+02
2.120000000000000000e+02 2.530000000000000000e+02 1.270000000000000000e+02
2.120000000000000000e+02 2.530000000000000000e+02 1.270000000000000000e+02
2.120000000000000000e+02 2.530000000000000000e+02 1.270000000000000000e+02
2.120000000000000000e+02 2.530000000000000000e+02 1.270000000000000000e+02
2.120000000000000000e+02 2.530000000000000000e+02 1.270000000000000000e+02
2.120000000000000000e+02 2.530000000000000000e+02 1.270000000000000000e+02
2.120000000000000000e+02 2.530000000000000000e+02 1.270000000000000000e+02
2.120000000000000000e+02 2.530000000000000000e+02 1.270000000000000000e+02
2.120000000000000000e+02 2.530000000000000000e+02 1.270000000000000000e+02
2.120000000000000000e+02 2.530000000000000000e+02 1.270000000000000000e+02
2.120000000000000000e+02 2.530000000000000000e+02 1.270000000000000000e+02
2.120000000000000000e+02 2.530000000000000000e+02 1.270000000000000000e+02
2.120000000000000000e+02 2.530000000000000000e+02 1.270000000000000000e+02
2.120000000000000000e+02 2.530000000000000000e+02 1.270000000000000000e+02
2.120000000000000000e+02 2.530000000000000000e+02 1.270000000000000000e+02
2.120000000000000000e+02 2.530000000000000000e+02 1.270000000000000000e+02
2.120000000000000000e+02 2.530000000000000000e+02 1.270000000000000000e+02
2.120000000000000000e+02 2.530000000000000000e+02 1.270000000000000000e+02
2.120000000000000000e+02 2.530000000000000000e+02 1.270000000000000000e+02
2.120000000000000000e+02 2.530000000000000000e+02 1.270000000000000000e+02
2.120000000000000000e+02 2.530000000000000000e+02 1.270000000000000000e+02
2.120000000000000000e+02 2.530000000000000000e+02 1.270000000000000000e+02
2.120000000000000000e+02 2.530000000000000000e+02 1.270000000000000000e+02
2.120000000000000000e+02 2.530000000000000000e+02 1.270000000000000000e+02
2.120000000000000000e+02 2.530000000000000000e+02 1.270000000000000000e+02
2.120000000000000000e+02 2.530000000000000000e+02 1.270000000000000000e+02
2.120000000000000000e+02 2.530000000000000000e+02 1.270000000000000000e+02
2.120000000000000000e+02 2.530000000000000000e+02 1.270000000000000000e+02
2.120000000000000000e+02 2.530000000000000000e+02 1.270000000000000000e+02
2.119879859498053634e+02 2.529764400145247407e+02 1.270167032751888030e+02
2.119759718996106983e+02 2.529528800290494530e+02 1.270334065503776060e+02
2.119639578494160617e+02 2.529293200435741937e+02 1.270501098255664090e+02
2.119519437992213966e+02 2.529057600580989060e+02 1.270668131007552120e+02
2.119399297490267600e+02 2.528822000726236467e+02 1.270835163759440150e+02
2.119279156988320949e+02 2.528586400871483590e+02 1.271002196511328179e+02
2.119159016486374583e+02 2.528350801016730998e+02 1.271169229263216209e+02
2.119038875984427932e+02 2.528115201161978121e+02 1.271336262015104239e+02
2.118918735482481566e+02 2.527879601307225528e+02 1.271503294766992411e+02
2.118798594980534915e+02 2.527644001452472935e+02 1.271670327518880441e+02
2.118678454478588549e+02 2.527408401597720058e+02 1.271837360270768471e+02
2.118558313976641898e+02 2.527172801742967465e+02 1.272004393022656501e+02
2.118438173474695532e+02 2.526937201888214588e+02 1.272171425774544531e+02
2.118318032972748881e+02 2.526701602033461995e+02 1.272338458526432561e+02
2.118197892470802515e+02 2.526466002178709118e+02 1.272505491278320591e+02
2.118077751968855864e+02 2.526230402323956525e+02 1.272672524030208621e+02
2.117957611466909498e+02 2.525994802469203933e+02 1.272839556782096651e+02
2.117837470964963131e+02 2.525759202614451056e+02 1.273006589533984680e+02
2.117717330463016481e+02 2.525523602759698463e+02 1.273173622285872710e+02
2.117597189961070114e+02 2.525288002904945586e+02 1.273340655037760740e+02
2.117477049459123464e+02 2.525052403050192993e+02 1.273507687789648770e+02
2.117356908957177097e+02 2.524816803195440116e+02 1.273674720541536800e+02
2.117236768455230447e+02 2.524581203340687523e+02 1.273841753293424830e+02
2.117116627953284080e+02 2.524345603485934930e+02 1.274008786045313002e+02
2.116996487451337430e+02 2.524110003631182053e+02 1.274175818797201032e+02
2.116876346949391063e+02 2.523874403776429460e+02 1.274342851549089062e+02
2.116756206447444413e+02 2.523638803921676583e+02 1.274509884300977092e+02
2.116636065945498046e+02 2.523403204066923990e+02 1.274676917052865122e+02
2.116515925443551396e+02 2.523167604212171113e+02 1.274843949804753152e+02
2.116395784941605029e+02 2.522932004357418521e+02 1.275010982556641181e+02
2.116275644439658379e+02 2.522696404502665644e+02 1.275178015308529211e+02
2.116155503937712012e+02 2.522460804647913051e+02 1.275345048060417241e+02
2.116155503937712012e+02 2.522460804647913051e+02 1.275345048060417241e+02
2.116181955249730322e+02 2.522183181021336793e+02 1.275512157429715927e+02
2.116208406561748632e+02 2.521905557394760820e+02 1.275679266799014613e+02
2.116234857873767226e+02 2.521627933768184562e+02 1.275846376168313299e+02
2.116261309185785535e+02 2.521350310141608588e+02 1.276013485537611984e+02
2.116287760497803845e+02 2.521072686515032331e+02 1.276180594906910670e+02
2.116314211809822154e+02 2.520795062888456357e+02 1.276347704276209356e+02
2.116340663121840748e+02 2.520517439261880099e+02 1.276514813645508042e+02
2.116367114433859058e+02 2.520239815635303842e+02 1.276681923014806728e+02
2.116393565745877368e+02 2.519962192008727868e+02 1.276849032384105413e+02
2.116420017057895677e+02 2.519684568382151610e+02 1.277016141753404099e+02
2.116446468369913987e+02 2.519406944755575637e+02 1.277183251122702785e+02
2.116472919681932581e+02 2.519129321128999379e+02 1.277350360492001471e+02
2.116499370993950890e+02 2.518851697502423406e+02 1.277517469861300157e+02
2.116525822305969200e+02 2.518574073875847148e+02 1.277684579230598843e+02
2.116552273617987510e+02 2.518296450249271174e+02 1.277851688599897528e+02
2.116578724930005819e+02 2.518018826622694917e+02 1.278018797969196214e+02
2.116605176242024413e+02 2.517741202996118659e+02 1.278185907338494900e+02
2.116631627554042723e+02 2.517463579369542686e+02 1.278353016707793586e+02
2.116658078866061032e+02 2.517185955742966428e+02 1.278520126077092272e+02
2.116684530178079342e+02 2.516908332116390454e+02 1.278687235446390957e+02
2.116710981490097936e+02 2.516630708489814197e+02 1.278854344815689643e+02
2.116737432802116246e+02 2.516353084863238223e+02 1.279021454184988329e+02
2.116763884114134555e+02 2.516075461236661965e+02 1.279188563554287015e+02
2.116763884114134555e+02 2.516075461236661965e+02 1.279188563554287015e+02
2.116795326024285941e+02 2.515782873499965717e+02 1.279053161256412778e+02
2.116826767934437044e+02 2.515490285763269753e+02 1.278917758958538400e+02
2.116858209844588430e+02 2.515197698026573505e+02 1.278782356660664163e+02
2.116889651754739816e+02 2.514905110289877257e+02 1.278646954362789927e+02
2.116921093664891202e+02 2.514612522553181293e+02 1.278511552064915548e+02
2.116952535575042589e+02 2.514319934816485045e+02 1.278376149767041312e+02
2.116983977485193691e+02 2.514027347079788797e+02 1.278240747469166934e+02
2.117015419395345077e+02 2.513734759343092833e+02 1.278105345171292697e+02
2.117046861305496464e+02 2.513442171606396585e+02 1.277969942873418461e+02
2.117078303215647566e+02 2.513149583869700336e+02 1.277834540575544082e+02
2.117109745125798952e+02 2.512856996133004372e+02 1.277699138277669846e+02
2.117141187035950338e+02 2.512564408396308124e+02 1.277563735979795467e+02
2.117172628946101725e+02 2.512271820659611876e+02 1.277428333681921231e+02
2.117204070856253111e+02 2.511979232922915912e+02 1.277292931384046994e+02
2.117235512766404213e+02 2.511686645186219664e+02 1.277157529086172616e+02
2.117266954676555599e+02 2.511394057449523416e+02 1.277022126788298380e+02
2.117298396586706986e+02 2.511101469712827452e+02 1.276886724490424143e+02
2.117329838496858088e+02 2.510808881976131204e+02 1.276751322192549765e+02
2.117361280407009474e+02 2.510516294239434956e+02 1.276615919894675528e+02
2.117392722317160860e+02 2.510223706502738992e+02 1.276480517596801292e+02
2.117424164227312247e+02 2.509931118766042744e+02 1.276345115298926913e+02
2.117455606137463633e+02 2.509638531029346495e+02 1.276209713001052677e+02
2.117487048047614735e+02 2.509345943292650531e+02 1.276074310703178298e+02
2.117518489957766121e+02 2.509053355555954283e+02 1.275938908405304062e+02
2.117518489957766121e+02 2.509053355555954283e+02 1.275938908405304062e+02
2.117618899849412628e+02 2.508864549088352760e+02 1.275702223417300587e+02
2.117719309741059419e+02 2.508675742620750952e+02 1.275465538429296970e+02
2.117819719632705926e+02 2.508486936153149429e+02 1.275228853441293495e+02
2.117920129524352717e+02 2.508298129685547906e+02 1.274992168453290020e+02
2.118020539415999224e+02 2.508109323217946098e+02 1.274755483465286545e+02
2.118120949307646015e+02 2.507920516750344575e+02 1.274518798477282928e+02
2.118221359199292522e+02 2.507731710282743052e+02 1.274282113489279453e+02
2.118321769090939313e+02 2.507542903815141528e+02 1.274045428501275978e+02
2.118422178982585820e+02 2.507354097347539721e+02 1.273808743513272503e+02
2.118522588874232611e+02 2.507165290879938198e+02 1.273572058525268886e+02
2.118622998765879117e+02 2.506976484412336674e+02 1.273335373537265411e+02
2.118723408657525908e+02 2.506787677944734867e+02 1.273098688549261936e+02
2.118823818549172415e+02 2.506598871477133343e+02 1.272862003561258462e+02
2.118924228440818922e+02 2.506410065009531820e+02 1.272625318573254845e+02
2.119024638332465713e+02 2.506221258541930013e+02 1.272388633585251370e+02
2.119125048224112220e+02 2.506032452074328489e+02 1.272151948597247895e+02
2.119225458115759011e+02 2.505843645606726966e+02 1.271915263609244278e+02
2.119325868007405518e+02 2.505654839139125158e+02 1.271678578621240803e+02
2.119426277899052309e+02 2.505466032671523635e+02 1.271441893633237328e+02
2.119526687790698816e+02 2.505277226203922112e+02 1.271205208645233853e+02
2.119627097682345607e+02 2.505088419736320589e+02 1.270968523657230236e+02
2.119727507573992114e+02 2.504899613268718781e+02 1.270731838669226761e+02
2.119827917465638905e+02 2.504710806801117258e+02 1.270495153681223286e+02
2.119928327357285411e+02 2.504522000333515734e+02 1.270258468693219811e+02
2.120028737248932202e+02 2.504333193865913927e+02 1.270021783705216194e+02
2.120129147140578709e+02 2.504144387398312404e+02 1.269785098717212719e+02
2.120129147140578709e+02 2.504144387398312404e+02 1.269785098717212719e+02
2.120192444915523424e+02 2.503973652518768347e+02 1.269518263775242701e+02
2.120255742690468139e+02 2.503802917639224290e+02 1.269251428833272826e+02
2.120319040465412854e+02 2.503632182759680234e+02 1.268984593891302808e+02
2.120382338240357569e+02 2.503461447880136177e+02 1.268717758949332790e+02
2.120445636015302000e+02 2.503290713000592405e+02 1.268450924007362772e+02
2.120508933790246715e+02 2.503119978121048348e+02 1.268184089065392897e+02
2.120572231565191430e+02 2.502949243241504291e+02 1.267917254123422879e+02
2.120635529340136145e+02 2.502778508361960235e+02 1.267650419181452861e+02
2.120698827115080860e+02 2.502607773482416178e+02 1.267383584239482843e+02
2.120762124890025575e+02 2.502437038602872121e+02 1.267116749297512968e+02
2.120825422664970290e+02 2.502266303723328065e+02 1.266849914355542950e+02
2.120888720439915005e+02 2.502095568843784008e+02 1.266583079413572932e+02
2.120952018214859720e+02 2.501924833964239951e+02 1.266316244471603056e+02
2.121015315989804151e+02 2.501754099084696179e+02 1.266049409529633039e+02
2.121078613764748866e+02 2.501583364205152122e+02 1.265782574587663021e+02
2.121141911539693581e+02 2.501412629325608066e+02 1.265515739645693003e+02
2.121205209314638296e+02 2.501241894446064009e+02 1.265248904703723127e+02
2.121268507089583011e+02 2.501071159566519952e+02 1.264982069761753110e+02
2.121268507089583011e+02 2.501071159566519952e+02 1.264982069761753110e+02
2.121331000041066090e+02 2.500902595560073962e+02 1.264718627593413629e+02
2.121393492992548886e+02 2.500734031553627972e+02 1.264455185425074291e+02
2.121455985944031966e+02 2.500565467547181981e+02 1.264191743256734810e+02
2.121518478895514761e+02 2.500396903540735991e+02 1.263928301088395330e+02
2.121580971846997841e+02 2.500228339534290001e+02 1.263664858920055991e+02
2.121643464798480920e+02 2.500059775527843726e+02 1.263401416751716511e+02
2.121705957749963716e+02 2.499891211521397736e+02 1.263137974583377030e+02
2.121768450701446795e+02 2.499722647514951746e+02 1.262874532415037550e+02
2.121830943652929591e+02 2.499554083508505755e+02 1.262611090246698211e+02
2.121893436604412670e+02 2.499385519502059765e+02 1.262347648078358731e+02
2.121955929555895750e+02 2.499216955495613774e+02 1.262084205910019250e+02
2.122018422507378546e+02 2.499048391489167784e+02 1.261820763741679912e+02
2.122080915458861625e+02 2.498879827482721794e+02 1.261557321573340431e+02
2.122143408410344705e+02 2.498711263476275803e+02 1.261293879405000951e+02
2.122205901361827500e+02 2.498542699469829813e+02 1.261030437236661612e+02
2.122268394313310580e+02 2.498374135463383823e+02 1.260766995068322132e+02
2.122330887264793375e+02 2.498205571456937832e+02 1.260503552899982651e+02
2.122393380216276455e+02 2.498037007450491558e+02 1.260240110731643171e+02
2.122455873167759535e+02 2.497868443444045568e+02 1.259976668563303832e+02
2.122518366119242330e+02 2.497699879437599577e+02 1.259713226394964352e+02
2.122580859070725410e+02 2.497531315431153587e+02 1.259449784226624871e+02
2.122643352022208205e+02 2.497362751424707596e+02 1.259186342058285533e+02
2.122705844973691285e+02 2.497194187418261606e+02 1.258922899889946052e+02
2.122705844973691285e+02 2.497194187418261606e+02 1.258922899889946052e+02
2.122836754911431854e+02 2.496905419424433035e+02 1.258913383933476098e+02
2.122967664849172422e+02 2.496616651430604463e+02 1.258903867977006144e+02
2.123098574786912991e+02 2.496327883436776176e+02 1.258894352020536189e+02
2.123229484724653560e+02 2.496039115442947605e+02 1.258884836064066235e+02
2.123360394662394413e+02 2.495750347449119033e+02 1.258875320107596281e+02
2.123491304600134981e+02 2.495461579455290462e+02 1.258865804151126326e+02
2.123622214537875550e+02 2.495172811461461890e+02 1.258856288194656372e+02
2.123753124475616119e+02 2.494884043467633319e+02 1.258846772238186560e+02
2.123884034413356687e+02 2.494595275473805032e+02 1.258837256281716606e+02
2.124014944351097256e+02 2.494306507479976460e+02 1.258827740325246651e+02
2.124145854288837825e+02 2.494017739486147889e+02 1.258818224368776697e+02
2.124276764226578393e+02 2.493728971492319317e+02 1.258808708412306743e+02
2.124407674164318962e+02 2.493440203498490746e+02 1.258799192455836788e+02
2.124538584102059531e+02 2.493151435504662459e+02 1.258789676499366834e+02
2.124669494039800384e+02 2.492862667510833887e+02 1.258780160542896880e+02
2.124800403977540952e+02 2.492573899517005316e+02 1.258770644586426926e+02
2.124931313915281521e+02 2.492285131523176744e+02 1.258761128629956971e+02
2.125062223853022090e+02 2.491996363529348173e+02 1.258751612673487017e+02
2.125193133790762658e+02 2.491707595535519602e+02 1.258742096717017063e+02
2.125324043728503227e+02 2.491418827541691314e+02 1.258732580760547108e+02
2.125454953666243796e+02 2.491130059547862743e+02 1.258723064804077296e+02
2.125585863603984365e+02 2.490841291554034171e+02 1.258713548847607342e+02
2.125716773541724933e+02 2.490552523560205600e+02 1.258704032891137388e+02
2.125847683479465786e+02 2.490263755566377029e+02 1.258694516934667433e+02
2.125978593417206355e+02 2.489974987572548457e+02 1.258685000978197479e+02
2.126109503354946924e+02 2.489686219578720170e+02 1.258675485021727525e+02
2.126240413292687492e+02 2.489397451584891598e+02 1.258665969065257570e+02
2.126371323230428061e+02 2.489108683591063027e+02 1.258656453108787616e+02
2.126371323230428061e+02 2.489108683591063027e+02 1.258656453108787616e+02
2.126369010094312841e+02 2.488786593318284304e+02 1.258680353933906702e+02
2.126366696958197622e+02 2.488464503045505865e+02 1.258704254759025645e+02
2.126364383822082402e+02 2.488142412772727141e+02 1.258728155584144730e+02
2.126362070685966899e+02 2.487820322499948702e+02 1.258752056409263673e+02
2.126359757549851679e+02 2.487498232227169979e+02 1.258775957234382759e+02
2.126357444413736459e+02 2.487176141954391539e+02 1.258799858059501702e+02
2.126355131277621240e+02 2.486854051681612816e+02 1.258823758884620787e+02
2.126352818141506020e+02 2.486531961408834377e+02 1.258847659709739730e+02
2.126350505005390801e+02 2.486209871136055654e+02 1.258871560534858816e+02
2.126348191869275297e+02 2.485887780863277214e+02 1.258895461359977759e+02
2.126345878733160077e+02 2.485565690590498491e+02 1.258919362185096844e+02
2.126343565597044858e+02 2.485243600317720052e+02 1.258943263010215787e+02
2.126341252460929638e+02 2.484921510044941328e+02 1.258967163835334873e+02
2.126338939324814419e+02 2.484599419772162889e+02 1.258991064660453816e+02
2.126336626188699199e+02 2.484277329499384166e+02 1.259014965485572901e+02
2.126334313052583695e+02 2.483955239226605727e+02 1.259038866310691844e+02
2.126331999916468476e+02 2.483633148953827003e+02 1.259062767135810930e+02
2.126329686780353256e+02 2.483311058681048564e+02 1.259086667960929873e+02
2.126327373644238037e+02 2.482988968408269841e+02 1.259110568786048958e+02
2.126325060508122817e+02 2.482666878135491402e+02 1.259134469611167901e+02
2.126322747372007598e+02 2.482344787862712678e+02 1.259158370436286987e+02
2.126320434235892094e+02 2.482022697589934239e+02 1.259182271261405930e+02
2.126318121099776874e+02 2.481700607317155516e+02 1.259206172086525015e+02
2.126315807963661655e+02 2.481378517044377077e+02 1.259230072911643958e+02
2.126313494827546435e+02 2.481056426771598353e+02 1.259253973736763044e+02
2.126313494827546435e+02 2.481056426771598353e+02 1.259253973736763044e+02
2.126311160585922266e+02 2.480731397683807700e+02 1.259278092637712376e+02
2.126308826344298097e+02 2.480406368596016762e+02 1.259302211538661709e+02
2.126306492102673644e+02 2.480081339508226108e+02 1.259326330439610899e+02
2.126304157861049475e+02 2.479756310420435170e+02 1.259350449340560232e+02
2.126301823619425306e+02 2.479431281332644517e+02 1.259374568241509564e+02
2.126299489377801137e+02 2.479106252244853863e+02 1.259398687142458897e+02
2.126297155136176684e+02 2.478781223157062925e+02 1.259422806043408229e+02
2.126294820894552515e+02 2.478456194069272271e+02 1.259446924944357562e+02
2.126292486652928346e+02 2.478131164981481334e+02 1.259471043845306752e+02
2.126290152411304177e+02 2.477806135893690680e+02 1.259495162746256085e+02
2.126287818169680008e+02 2.477481106805900026e+02 1.259519281647205418e+02
2.126285483928055555e+02 2.477156077718109088e+02 1.259543400548154750e+02
2.126283149686431386e+02 2.476831048630318435e+02 1.259567519449104083e+02
2.126280815444807217e+02 2.476506019542527497e+02 1.259591638350053273e+02
2.126278481203183048e+02 2.476180990454736843e+02 1.259615757251002606e+02
2.126276146961558595e+02 2.475855961366945905e+02 1.259639876151951938e+02
2.126273812719934426e+02 2.475530932279155252e+02 1.259663995052901271e+02
2.126271478478310257e+02 2.475205903191364598e+02 1.259688113953850603e+02
2.126269144236686088e+02 2.474880874103573660e+02 1.259712232854799936e+02
2.126266809995061635e+02 2.474555845015783007e+02 1.259736351755749126e+02
2.126264475753437466e+02 2.474230815927992069e+02 1.259760470656698459e+02
2.126262141511813297e+02 2.473905786840201415e+02 1.259784589557647791e+02
2.126262141511813297e+02 2.473905786840201415e+02 1.259784589557647791e+02
2.126008875939953100e+02 2.473714485035766018e+02 1.259804306002998402e+02
2.125755610368092619e+02 2.473523183231330336e+02 1.259824022448349012e+02
2.125502344796232421e+02 2.473331881426894938e+02 1.259843738893699765e+02
2.125249079224372224e+02 2.473140579622459256e+02 1.259863455339050375e+02
2.124995813652512027e+02 2.472949277818023859e+02 1.259883171784400986e+02
2.124742548080651545e+02 2.472757976013588461e+02 1.259902888229751596e+02
2.124489282508791348e+02 2.472566674209152779e+02 1.259922604675102349e+02
2.124236016936931151e+02 2.472375372404717382e+02 1.259942321120452959e+02
2.123982751365070669e+02 2.472184070600281700e+02 1.259962037565803570e+02
2.123729485793210472e+02 2.471992768795846303e+02 1.259981754011154180e+02
2.123476220221350275e+02 2.471801466991410905e+02 1.260001470456504933e+02
2.123222954649490077e+02 2.471610165186975223e+02 1.260021186901855543e+02
2.122969689077629596e+02 2.471418863382539826e+02 1.260040903347206154e+02
2.122716423505769399e+02 2.471227561578104144e+02 1.260060619792556764e+02
2.122463157933909201e+02 2.471036259773668746e+02 1.260080336237907517e+02
2.122209892362049004e+02 2.470844957969233349e+02 1.260100052683258127e+02
2.121956626790188523e+02 2.470653656164797667e+02 1.260119769128608738e+02
2.121703361218328325e+02 2.470462354360362269e+02 1.260139485573959348e+02
2.121450095646468128e+02 2.470271052555926588e+02 1.260159202019310101e+02
2.121196830074607647e+02 2.470079750751491190e+02 1.260178918464660711e+02
2.120943564502747449e+02 2.469888448947055792e+02 1.260198634910011322e+02
2.120690298930887252e+02 2.469697147142620111e+02 1.260218351355361932e+02
2.120437033359027055e+02 2.469505845338184713e+02 1.260238067800712685e+02
2.120183767787166573e+02 2.469314543533749031e+02 1.260257784246063295e+02
2.119930502215306376e+02 2.469123241729313634e+02 1.260277500691413906e+02
2.119930502215306376e+02 2.469123241729313634e+02 1.260277500691413906e+02
2.119693578874269519e+02 2.468955762186567995e+02 1.260411002289973794e+02
2.119456655533232379e+02 2.468788282643822356e+02 1.260544503888533683e+02
2.119219732192195522e+02 2.468620803101077001e+02 1.260678005487093571e+02
2.118982808851158381e+02 2.468453323558331363e+02 1.260811507085653460e+02
2.118745885510121525e+02 2.468285844015585724e+02 1.260945008684213349e+02
2.118508962169084384e+02 2.468118364472840085e+02 1.261078510282773237e+02
2.118272038828047528e+02 2.467950884930094730e+02 1.261212011881333126e+02
2.118035115487010671e+02 2.467783405387349092e+02 1.261345513479893015e+02
2.117798192145973530e+02 2.467615925844603453e+02 1.261479015078452903e+02
2.117561268804936674e+02 2.467448446301857814e+02 1.261612516677012792e+02
2.117324345463899533e+02 2.467280966759112459e+02 1.261746018275572681e+02
2.117087422122862677e+02 2.467113487216366821e+02 1.261879519874132569e+02
2.116850498781825536e+02 2.466946007673621182e+02 1.262013021472692458e+02
2.116613575440788679e+02 2.466778528130875543e+02 1.262146523071252489e+02
2.116376652099751823e+02 2.466611048588129904e+02 1.262280024669812377e+02
2.116139728758714682e+02 2.466443569045384550e+02 1.262413526268372266e+02
2.115902805417677826e+02 2.466276089502638911e+02 1.262547027866932154e+02
2.115665882076640685e+02 2.466108609959893272e+02 1.262680529465492043e+02
2.115428958735603828e+02 2.465941130417147633e+02 1.262814031064051932e+02
2.115192035394566972e+02 2.465773650874402279e+02 1.262947532662611820e+02
2.114955112053529831e+02 2.465606171331656640e+02 1.263081034261171709e+02
2.114718188712492974e+02 2.465438691788911001e+02 1.263214535859731598e+02
2.114481265371455834e+02 2.465271212246165362e+02 1.263348037458291486e+02
2.114244342030418977e+02 2.465103732703420008e+02 1.263481539056851375e+02
2.114007418689381836e+02 2.464936253160674369e+02 1.263615040655411264e+02
2.113770495348344980e+02 2.464768773617928730e+02 1.263748542253971152e+02
2.113770495348344980e+02 2.464768773617928730e+02 1.263748542253971152e+02
2.113577177851371687e+02 2.464765446301706504e+02 1.264001071193373775e+02
2.113383860354398678e+02 2.464762118985484278e+02 1.264253600132776398e+02
2.113190542857425385e+02 2.464758791669262337e+02 1.264506129072179021e+02
2.112997225360452092e+02 2.464755464353040111e+02 1.264758658011581645e+02
2.112803907863478798e+02 2.464752137036817885e+02 1.265011186950984268e+02
2.112610590366505789e+02 2.464748809720595659e+02 1.265263715890386891e+02
2.112417272869532496e+02 2.464745482404373433e+02 1.265516244829789514e+02
2.112223955372559203e+02 2.464742155088151208e+02 1.265768773769192137e+02
2.112030637875585910e+02 2.464738827771929266e+02 1.266021302708594760e+02
2.111837320378612901e+02 2.464735500455707040e+02 1.266273831647997383e+02
2.111644002881639608e+02 2.464732173139484814e+02 1.266526360587400006e+02
2.111450685384666315e+02 2.464728845823262589e+02 1.266778889526802629e+02
2.111257367887693022e+02 2.464725518507040363e+02 1.267031418466205253e+02
2.111064050390720013e+02 2.464722191190818137e+02 1.267283947405607876e+02
2.110870732893746720e+02 2.464718863874596195e+02 1.267536476345010499e+02
2.110677415396773426e+02 2.464715536558373969e+02 1.267789005284413122e+02
2.110484097899800133e+02 2.464712209242151744e+02 1.268041534223815745e+02
2.110290780402827124e+02 2.464708881925929518e+02 1.268294063163218368e+02
2.110097462905853831e+02 2.464705554609707292e+02 1.268546592102620991e+02
2.109904145408880538e+02 2.464702227293485066e+02 1.268799121042023614e+02
2.109710827911907245e+02 2.464698899977263125e+02 1.269051649981426237e+02
2.109517510414934236e+02 2.464695572661040899e+02 1.269304178920828861e+02
2.109324192917960943e+02 2.464692245344818673e+02 1.269556707860231484e+02
2.109324192917960943e+02 2.464692245344818673e+02 1.269556707860231484e+02
2.109052660716759249e+02 2.464539231124246896e+02 1.269549849287351009e+02
2.108781128515557555e+02 2.464386216903675120e+02 1.269542990714470676e+02
2.108509596314356145e+02 2.464233202683103627e+02 1.269536132141590201e+02
2.108238064113154451e+02 2.464080188462531851e+02 1.269529273568709726e+02
2.107966531911952757e+02 2.463927174241960074e+02 1.269522414995829394e+02
2.107694999710751063e+02 2.463774160021388298e+02 1.269515556422948919e+02
2.107423467509549369e+02 2.463621145800816805e+02 1.269508697850068444e+02
2.107151935308347959e+02 2.463468131580245029e+02 1.269501839277188111e+02
2.106880403107146265e+02 2.463315117359673252e+02 1.269494980704307636e+02
2.106608870905944570e+02 2.463162103139101475e+02 1.269488122131427161e+02
2.106337338704742876e+02 2.463009088918529983e+02 1.269481263558546829e+02
2.106065806503541182e+02 2.462856074697958206e+02 1.269474404985666354e+02
2.105794274302339772e+02 2.462703060477386430e+02 1.269467546412785879e+02
2.105522742101138078e+02 2.462550046256814653e+02 1.269460687839905546e+02
2.105251209899936384e+02 2.462397032036242877e+02 1.269453829267025071e+02
2.104979677698734690e+02 2.462244017815671384e+02 1.269446970694144596e+02
2.104708145497532996e+02 2.462091003595099608e+02 1.269440112121264264e+02
2.104436613296331586e+02 2.461937989374527831e+02 1.269433253548383789e+02
2.104165081095129892e+02 2.461784975153956054e+02 1.269426394975503314e+02
2.103893548893928198e+02 2.461631960933384562e+02 1.269419536402622981e+02
2.103622016692726504e+02 2.461478946712812785e+02 1.269412677829742506e+02
2.103350484491524810e+02 2.461325932492241009e+02 1.269405819256862031e+02
2.103078952290323400e+02 2.461172918271669232e+02 1.269398960683981699e+02
2.102807420089121706e+02 2.461019904051097740e+02 1.269392102111101224e+02
2.102535887887920012e+02 2.460866889830525963e+02 1.269385243538220749e+02
2.102264355686718318e+02 2.460713875609954187e+02 1.269378384965340416e+02
2.101992823485516624e+02 2.460560861389382410e+02 1.269371526392459941e+02
2.101721291284315214e+02 2.460407847168810918e+02 1.269364667819579466e+02
2.101449759083113520e+02 2.460254832948239141e+02 1.269357809246699134e+02
2.101178226881911826e+02 2.460101818727667364e+02 1.269350950673818659e+02
2.101178226881911826e+02 2.460101818727667364e+02 1.269350950673818659e+02
2.100900366574949771e+02 2.459945238483742571e+02 1.269343932260689627e+02
2.100622506267988001e+02 2.459788658239817778e+02 1.269336913847560595e+02
2.100344645961025947e+02 2.459632077995892985e+02 1.269329895434431421e+02
2.100066785654064176e+02 2.459475497751968192e+02 1.269322877021302389e+02
2.099788925347102122e+02 2.459318917508043398e+02 1.269315858608173357e+02
2.099511065040140352e+02 2.459162337264118321e+02 1.269308840195044326e+02
2.099233204733178297e+02 2.459005757020193528e+02 1.269301821781915152e+02
2.098955344426216527e+02 2.458849176776268735e+02 1.269294803368786120e+02
2.098677484119254473e+02 2.458692596532343941e+02 1.269287784955657088e+02
2.098399623812292702e+02 2.458536016288419148e+02 1.269280766542528056e+02
2.098121763505330648e+02 2.458379436044494355e+02 1.269273748129399024e+02
2.097843903198368878e+02 2.458222855800569562e+02 1.269266729716269850e+02
2.097566042891406823e+02 2.458066275556644769e+02 1.269259711303140818e+02
2.097288182584445053e+02 2.457909695312719975e+02 1.269252692890011787e+02
2.097010322277482999e+02 2.457753115068795182e+02 1.269245674476882755e+02
2.096732461970521229e+02 2.457596534824870389e+02 1.269238656063753723e+02
2.096454601663559174e+02 2.457439954580945596e+02 1.269231637650624549e+02
2.096176741356597404e+02 2.457283374337020518e+02 1.269224619237495517e+02
2.095898881049635349e+02 2.457126794093095725e+02 1.269217600824366485e+02
2.095621020742673579e+02 2.456970213849170932e+02 1.269210582411237453e+02
2.095343160435711525e+02 2.456813633605246139e+02 1.269203563998108280e+02
2.095065300128749755e+02 2.456657053361321346e+02 1.269196545584979248e+02
2.094787439821787700e+02 2.456500473117396552e+02 1.269189527171850216e+02
2.094787439821787700e+02 2.456500473117396552e+02 1.269189527171850216e+02
2.094639627091174532e+02 2.456224069893549995e+02 1.269176350883543449e+02
2.094491814360561648e+02 2.455947666669703437e+02 1.269163174595236825e+02
2.094344001629948480e+02 2.455671263445856880e+02 1.269149998306930058e+02
2.094196188899335311e+02 2.455394860222010323e+02 1.269136822018623434e+02
2.094048376168722427e+02 2.455118456998163765e+02 1.269123645730316667e+02
2.093900563438109259e+02 2.454842053774317208e+02 1.269110469442009901e+02
2.093752750707496375e+02 2.454565650550470650e+02 1.269097293153703276e+02
2.093604937976883207e+02 2.454289247326624093e+02 1.269084116865396510e+02
2.093457125246270039e+02 2.454012844102777535e+02 1.269070940577089885e+02
2.093309312515657155e+02 2.453736440878930978e+02 1.269057764288783119e+02
2.093161499785043986e+02 2.453460037655084420e+02 1.269044588000476352e+02
2.093013687054430818e+02 2.453183634431237863e+02 1.269031411712169728e+02
2.092865874323817934e+02 2.452907231207391305e+02 1.269018235423862961e+02
2.092718061593204766e+02 2.452630827983544464e+02 1.269005059135556337e+02
2.092570248862591598e+02 2.452354424759697906e+02 1.268991882847249570e+02
2.092422436131978714e+02 2.452078021535851349e+02 1.268978706558942804e+02
2.092274623401365545e+02 2.451801618312004791e+02 1.268965530270636179e+02
2.092126810670752377e+02 2.451525215088158234e+02 1.268952353982329413e+02
2.091978997940139493e+02 2.451248811864311676e+02 1.268939177694022646e+02
2.091831185209526325e+02 2.450972408640465119e+02 1.268926001405716022e+02
2.091683372478913157e+02 2.450696005416618561e+02 1.268912825117409255e+02
2.091535559748300273e+02 2.450419602192772004e+02 1.268899648829102631e+02
2.091387747017687104e+02 2.450143198968925446e+02 1.268886472540795864e+02
2.091239934287074220e+02 2.449866795745078889e+02 1.268873296252489098e+02
2.091092121556461052e+02 2.449590392521232332e+02 1.268860119964182473e+02
2.090944308825847884e+02 2.449313989297385774e+02 1.268846943675875707e+02
2.090796496095235000e+02 2.449037586073539217e+02 1.268833767387569083e+02
2.090648683364621832e+02 2.448761182849692659e+02 1.268820591099262316e+02
2.090648683364621832e+02 2.448761182849692659e+02 1.268820591099262316e+02
2.090581048940261439e+02 2.448537949734153472e+02 1.268610073339392841e+02
2.090513414515900763e+02 2.448314716618614284e+02 1.268399555579523366e+02
2.090445780091540371e+02 2.448091483503075096e+02 1.268189037819653890e+02
2.090378145667179979e+02 2.447868250387535909e+02 1.267978520059784273e+02
2.090310511242819302e+02 2.447645017271996721e+02 1.267768002299914798e+02
2.090242876818458910e+02 2.447421784156457534e+02 1.267557484540045323e+02
2.090175242394098518e+02 2.447198551040918346e+02 1.267346966780175848e+02
2.090107607969737842e+02 2.446975317925379159e+02 1.267136449020306372e+02
2.090039973545377450e+02 2.446752084809839971e+02 1.266925931260436755e+02
2.089972339121017058e+02 2.446528851694300783e+02 1.266715413500567280e+02
2.089904704696656381e+02 2.446305618578761596e+02 1.266504895740697805e+02
2.089837070272295989e+02 2.446082385463222408e+02 1.266294377980828330e+02
2.089769435847935597e+02 2.445859152347683505e+02 1.266083860220958854e+02
2.089701801423574921e+02 2.445635919232144317e+02 1.265873342461089379e+02
2.089634166999214528e+02 2.445412686116605130e+02 1.265662824701219904e+02
2.089566532574854136e+02 2.445189453001065942e+02 1.265452306941350287e+02
2.089498898150493460e+02 2.444966219885526755e+02 1.265241789181480812e+02
2.089431263726133068e+02 2.444742986769987567e+02 1.265031271421611336e+02
2.089363629301772676e+02 2.444519753654448380e+02 1.264820753661741861e+02
2.089295994877411999e+02 2.444296520538909192e+02 1.264610235901872386e+02
2.089228360453051607e+02 2.444073287423370004e+02 1.264399718142002769e+02
2.089160726028691215e+02 2.443850054307830817e+02 1.264189200382133293e+02
2.089093091604330539e+02 2.443626821192291629e+02 1.263978682622263818e+02
2.089025457179970147e+02 2.443403588076752442e+02 1.263768164862394343e+02
2.089025457179970147e+02 2.443403588076752442e+02 1.263768164862394343e+02
2.089052972686425278e+02 2.443206370453011687e+02 1.263524752908349029e+02
2.089080488192880409e+02 2.443009152829270931e+02 1.263281340954303715e+02
2.089108003699335541e+02 2.442811935205530176e+02 1.263037929000258401e+02
2.089135519205790388e+02 2.442614717581789705e+02 1.262794517046213230e+02
2.089163034712245519e+02 2.442417499958048950e+02 1.262551105092167916e+02
2.089190550218700650e+02 2.442220282334308195e+02 1.262307693138122602e+02
2.089218065725155782e+02 2.442023064710567439e+02 1.262064281184077288e+02
2.089245581231610913e+02 2.441825847086826684e+02 1.261820869230031974e+02
2.089273096738065760e+02 2.441628629463085929e+02 1.261577457275986660e+02
2.089300612244520892e+02 2.441431411839345174e+02 1.261334045321941346e+02
2.089328127750976023e+02 2.441234194215604418e+02 1.261090633367896032e+02
2.089355643257431154e+02 2.441036976591863663e+02 1.260847221413850718e+02
2.089383158763886286e+02 2.440839758968123192e+02 1.260603809459805547e+02
2.089410674270341417e+02 2.440642541344382437e+02 1.260360397505760233e+02
2.089438189776796548e+02 2.440445323720641682e+02 1.260116985551714919e+02
2.089465705283251395e+02 2.440248106096900926e+02 1.259873573597669605e+02
2.089493220789706527e+02 2.440050888473160171e+02 1.259630161643624291e+02
2.089520736296161658e+02 2.439853670849419416e+02 1.259386749689578977e+02
2.089548251802616790e+02 2.439656453225678661e+02 1.259143337735533663e+02
2.089575767309071921e+02 2.439459235601938190e+02 1.258899925781488491e+02
2.089603282815526768e+02 2.439262017978197434e+02 1.258656513827443177e+02
2.089630798321981899e+02 2.439064800354456679e+02 1.258413101873397864e+02
2.089658313828437031e+02 2.438867582730715924e+02 1.258169689919352550e+02
2.089685829334892162e+02 2.438670365106975169e+02 1.257926277965307236e+02
2.089685829334892162e+02 2.438670365106975169e+02 1.257926277965307236e+02
2.089504743234865032e+02 2.438514698645502676e+02 1.257722025620937387e+02
2.089323657134837902e+02 2.438359032184030184e+02 1.257517773276567397e+02
2.089142571034810771e+02 2.438203365722557976e+02 1.257313520932197548e+02
2.088961484934783357e+02 2.438047699261085484e+02 1.257109268587827700e+02
2.088780398834756227e+02 2.437892032799612991e+02 1.256905016243457851e+02
2.088599312734729097e+02 2.437736366338140499e+02 1.256700763899087860e+02
2.088418226634701966e+02 2.437580699876668007e+02 1.256496511554718012e+02
2.088237140534674836e+02 2.437425033415195799e+02 1.256292259210348163e+02
2.088056054434647706e+02 2.437269366953723306e+02 1.256088006865978173e+02
2.087874968334620291e+02 2.437113700492250814e+02 1.255883754521608324e+02
2.087693882234593161e+02 2.436958034030778322e+02 1.255679502177238476e+02
2.087512796134566031e+02 2.436802367569305829e+02 1.255475249832868627e+02
2.087331710034538901e+02 2.436646701107833621e+02 1.255270997488498637e+02
2.087150623934511771e+02 2.436491034646361129e+02 1.255066745144128788e+02
2.086969537834484640e+02 2.436335368184888637e+02 1.254862492799758940e+02
2.086788451734457226e+02 2.436179701723416144e+02 1.254658240455389091e+02
2.086607365634430096e+02 2.436024035261943652e+02 1.254453988111019100e+02
2.086426279534402966e+02 2.435868368800471444e+02 1.254249735766649252e+02
2.086245193434375835e+02 2.435712702338998952e+02 1.254045483422279403e+02
2.086064107334348705e+02 2.435557035877526459e+02 1.253841231077909413e+02
2.085883021234321575e+02 2.435401369416053967e+02 1.253636978733539564e+02
2.085701935134294160e+02 2.435245702954581475e+02 1.253432726389169716e+02
2.085520849034267030e+02 2.435090036493109267e+02 1.253228474044799867e+02
2.085339762934239900e+02 2.434934370031636774e+02 1.253024221700429877e+02
2.085158676834212770e+02 2.434778703570164282e+02 1.252819969356060028e+02
