1.756366548884007841e+02 2.623776866242592405e+02 1.490481287077069510e+02
1.756152736585914909e+02 2.623589409060361390e+02 1.490591711596790105e+02
1.755938924287821976e+02 2.623401951878130944e+02 1.490702136116510701e+02
1.755725111989729044e+02 2.623214494695899930e+02 1.490812560636231012e+02
1.755511299691636395e+02 2.623027037513669484e+02 1.490922985155951608e+02
1.755297487393543463e+02 2.622839580331438469e+02 1.491033409675672203e+02
1.755083675095450531e+02 2.622652123149208023e+02 1.491143834195392799e+02
1.754869862797357598e+02 2.622464665966977009e+02 1.491254258715113110e+02
1.754656050499264666e+02 2.622277208784745994e+02 1.491364683234833706e+02
1.754442238201171733e+02 2.622089751602515548e+02 1.491475107754554301e+02
1.754228425903078801e+02 2.621902294420284534e+02 1.491585532274274897e+02
1.754014613604986152e+02 2.621714837238054088e+02 1.491695956793995208e+02
1.753800801306893220e+02 2.621527380055823073e+02 1.491806381313715804e+02
1.753586989008800288e+02 2.621339922873592627e+02 1.491916805833436399e+02
1.753373176710707355e+02 2.621152465691361613e+02 1.492027230353156995e+02
1.753159364412614423e+02 2.620965008509130598e+02 1.492137654872877306e+02
1.752945552114521490e+02 2.620777551326900152e+02 1.492248079392597901e+02
1.752731739816428558e+02 2.620590094144669138e+02 1.492358503912318497e+02
1.752517927518335910e+02 2.620402636962438692e+02 1.492468928432039093e+02
1.752304115220242977e+02 2.620215179780207677e+02 1.492579352951759404e+02
1.752090302922150045e+02 2.620027722597977231e+02 1.492689777471479999e+02
1.751876490624057112e+02 2.619840265415746217e+02 1.492800201991200595e+02
1.751876490624057112e+02 2.619840265415746217e+02 1.492800201991200595e+02
1.751651364708557423e+02 2.619854500140980349e+02 1.492868556299507645e+02
1.751426238793057735e+02 2.619868734866214481e+02 1.492936910607814980e+02
1.751201112877558046e+02 2.619882969591448614e+02 1.493005264916122030e+02
1.750975986962058357e+02 2.619897204316682178e+02 1.493073619224429365e+02
1.750750861046558668e+02 2.619911439041916310e+02 1.493141973532736415e+02
1.750525735131058980e+02 2.619925673767150442e+02 1.493210327841043465e+02
1.750300609215559291e+02 2.619939908492384575e+02 1.493278682149350800e+02
1.750075483300059602e+02 2.619954143217618707e+02 1.493347036457657850e+02
1.749850357384559913e+02 2.619968377942852840e+02 1.493415390765965185e+02
1.749625231469060225e+02 2.619982612668086404e+02 1.493483745074272235e+02
1.749400105553560536e+02 2.619996847393320536e+02 1.493552099382579286e+02
1.749174979638060847e+02 2.620011082118554668e+02 1.493620453690886620e+02
1.748949853722561159e+02 2.620025316843788801e+02 1.493688807999193671e+02
1.748724727807061470e+02 2.620039551569022933e+02 1.493757162307501005e+02
1.748499601891561781e+02 2.620053786294257065e+02 1.493825516615808056e+02
1.748274475976062092e+02 2.620068021019491198e+02 1.493893870924115106e+02
1.748049350060562404e+02 2.620082255744724762e+02 1.493962225232422441e+02
1.747824224145062715e+02 2.620096490469958894e+02 1.494030579540729491e+02
1.747599098229563026e+02 2.620110725195193027e+02 1.494098933849036825e+02
1.747373972314063337e+02 2.620124959920427159e+02 1.494167288157343876e+02
1.747373972314063337e+02 2.620124959920427159e+02 1.494167288157343876e+02
1.747052363863349456e+02 2.620145295242190286e+02 1.494264937169211294e+02
1.746730755412635574e+02 2.620165630563952845e+02 1.494362586181078711e+02
1.746409146961921692e+02 2.620185965885715973e+02 1.494460235192946129e+02
1.746087538511208095e+02 2.620206301207479100e+02 1.494557884204813263e+02
1.745765930060494213e+02 2.620226636529241659e+02 1.494655533216680681e+02
1.745444321609780332e+02 2.620246971851004787e+02 1.494753182228548098e+02
1.745122713159066450e+02 2.620267307172767914e+02 1.494850831240415516e+02
1.744801104708352568e+02 2.620287642494530473e+02 1.494948480252282934e+02
1.744479496257638687e+02 2.620307977816293601e+02 1.495046129264150352e+02
1.744157887806924805e+02 2.620328313138056160e+02 1.495143778276017770e+02
1.743836279356211207e+02 2.620348648459819287e+02 1.495241427287884903e+02
1.743514670905497326e+02 2.620368983781582415e+02 1.495339076299752321e+02
1.743193062454783444e+02 2.620389319103344974e+02 1.495436725311619739e+02
1.742871454004069562e+02 2.620409654425108101e+02 1.495534374323487157e+02
1.742871454004069562e+02 2.620409654425108101e+02 1.495534374323487157e+02
1.742647120088311965e+02 2.620423839072150827e+02 1.495602488159281620e+02
1.742422786172554368e+02 2.620438023719192984e+02 1.495670601995076368e+02
1.742198452256796770e+02 2.620452208366235709e+02 1.495738715830870831e+02
1.741974118341038889e+02 2.620466393013278434e+02 1.495806829666665578e+02
1.741749784425281291e+02 2.620480577660320591e+02 1.495874943502460042e+02
1.741525450509523694e+02 2.620494762307363317e+02 1.495943057338254789e+02
1.741301116593766096e+02 2.620508946954405474e+02 1.496011171174049252e+02
1.741076782678008499e+02 2.620523131601448199e+02 1.496079285009843716e+02
1.740852448762250901e+02 2.620537316248490924e+02 1.496147398845638463e+02
1.740628114846493304e+02 2.620551500895533081e+02 1.496215512681432926e+02
1.740403780930735422e+02 2.620565685542575807e+02 1.496283626517227674e+02
1.740179447014977825e+02 2.620579870189618532e+02 1.496351740353022137e+02
1.739955113099220227e+02 2.620594054836660689e+02 1.496419854188816885e+02
1.739730779183462630e+02 2.620608239483703414e+02 1.496487968024611348e+02
1.739730779183462630e+02 2.620608239483703414e+02 1.496487968024611348e+02
1.739283759956263964e+02 2.620787678308136606e+02 1.496932264312704319e+02
1.738836740729065014e+02 2.620967117132569797e+02 1.497376560600797291e+02
1.738389721501866347e+02 2.621146555957002988e+02 1.497820856888890262e+02
1.737942702274667397e+02 2.621325994781436179e+02 1.498265153176983233e+02
1.737495683047468731e+02 2.621505433605869939e+02 1.498709449465075920e+02
1.737048663820269780e+02 2.621684872430303130e+02 1.499153745753168891e+02
1.736601644593071114e+02 2.621864311254736322e+02 1.499598042041261863e+02
1.736154625365872164e+02 2.622043750079169513e+02 1.500042338329354834e+02
1.735707606138673498e+02 2.622223188903602704e+02 1.500486634617447805e+02
1.735707606138673498e+02 2.622223188903602704e+02 1.500486634617447805e+02
1.735494190434557993e+02 2.622440751028509567e+02 1.500486025093330227e+02
1.735280774730442488e+02 2.622658313153415861e+02 1.500485415569212648e+02
1.735067359026326983e+02 2.622875875278322155e+02 1.500484806045095070e+02
1.734853943322211478e+02 2.623093437403229018e+02 1.500484196520977491e+02
1.734640527618096257e+02 2.623310999528135881e+02 1.500483586996859913e+02
1.734427111913980752e+02 2.623528561653042175e+02 1.500482977472742334e+02
1.734213696209865248e+02 2.623746123777948469e+02 1.500482367948624756e+02
1.734000280505749743e+02 2.623963685902855332e+02 1.500481758424507177e+02
1.733786864801634238e+02 2.624181248027762194e+02 1.500481148900389599e+02
1.733573449097518733e+02 2.624398810152668489e+02 1.500480539376272020e+02
1.733360033393403228e+02 2.624616372277574783e+02 1.500479929852154442e+02
1.733146617689287723e+02 2.624833934402481646e+02 1.500479320328036863e+02
1.732933201985172218e+02 2.625051496527388508e+02 1.500478710803919284e+02
1.732719786281056997e+02 2.625269058652294802e+02 1.500478101279801706e+02
1.732506370576941492e+02 2.625486620777201097e+02 1.500477491755684127e+02
1.732292954872825987e+02 2.625704182902107959e+02 1.500476882231566549e+02
1.732079539168710482e+02 2.625921745027014822e+02 1.500476272707448970e+02
1.731866123464594978e+02 2.626139307151921116e+02 1.500475663183331392e+02
1.731866123464594978e+02 2.626139307151921116e+02 1.500475663183331392e+02
1.731563965310191406e+02 2.626447335890491672e+02 1.500474800207088890e+02
1.731261807155788119e+02 2.626755364629062797e+02 1.500473937230846389e+02
1.730959649001384548e+02 2.627063393367633353e+02 1.500473074254603887e+02
1.730657490846980977e+02 2.627371422106203909e+02 1.500472211278361385e+02
1.730355332692577690e+02 2.627679450844774465e+02 1.500471348302118884e+02
1.730053174538174119e+02 2.627987479583345589e+02 1.500470485325876382e+02
1.729751016383770548e+02 2.628295508321916145e+02 1.500469622349633880e+02
1.729448858229367261e+02 2.628603537060486701e+02 1.500468759373391379e+02
1.729146700074963690e+02 2.628911565799057826e+02 1.500467896397148593e+02
1.728844541920560403e+02 2.629219594537628382e+02 1.500467033420906091e+02
1.728542383766156831e+02 2.629527623276198938e+02 1.500466170444663589e+02
1.728240225611753260e+02 2.629835652014770062e+02 1.500465307468421088e+02
1.727938067457349973e+02 2.630143680753340618e+02 1.500464444492178586e+02
1.727635909302946402e+02 2.630451709491911174e+02 1.500463581515936085e+02
1.727333751148542831e+02 2.630759738230481730e+02 1.500462718539693583e+02
1.727031592994139544e+02 2.631067766969052855e+02 1.500461855563451081e+02
1.726729434839735973e+02 2.631375795707623411e+02 1.500460992587208580e+02
1.726729434839735973e+02 2.631375795707623411e+02 1.500460992587208580e+02
1.726485196038353820e+02 2.631624779786998261e+02 1.500460295031044495e+02
1.726240957236971383e+02 2.631873763866373679e+02 1.500459597474880695e+02
1.725996718435589230e+02 2.632122747945748529e+02 1.500458899918716611e+02
1.725752479634207077e+02 2.632371732025123379e+02 1.500458202362552811e+02
1.725508240832824640e+02 2.632620716104498229e+02 1.500457504806388727e+02
1.725264002031442487e+02 2.632869700183873647e+02 1.500456807250224927e+02
1.725019763230060335e+02 2.633118684263248497e+02 1.500456109694060842e+02
1.724775524428678182e+02 2.633367668342623347e+02 1.500455412137897042e+02
1.724531285627295745e+02 2.633616652421998197e+02 1.500454714581732958e+02
1.724287046825913592e+02 2.633865636501373615e+02 1.500454017025569158e+02
1.724042808024531439e+02 2.634114620580748465e+02 1.500453319469405074e+02
1.723798569223149002e+02 2.634363604660123315e+02 1.500452621913241273e+02
1.723554330421766849e+02 2.634612588739498165e+02 1.500451924357077189e+02
1.723310091620384696e+02 2.634861572818873583e+02 1.500451226800913389e+02
1.723065852819002259e+02 2.635110556898248433e+02 1.500450529244749305e+02
1.722821614017620107e+02 2.635359540977623283e+02 1.500449831688585505e+02
1.722577375216237954e+02 2.635608525056998133e+02 1.500449134132421420e+02
1.722333136414855801e+02 2.635857509136373551e+02 1.500448436576257620e+02
1.722088897613473364e+02 2.636106493215748401e+02 1.500447739020093536e+02
1.721844658812091211e+02 2.636355477295123251e+02 1.500447041463929736e+02
1.721600420010709058e+02 2.636604461374498101e+02 1.500446343907765652e+02
1.721356181209326621e+02 2.636853445453873519e+02 1.500445646351601852e+02
1.721111942407944468e+02 2.637102429533248369e+02 1.500444948795437767e+02
1.721111942407944468e+02 2.637102429533248369e+02 1.500444948795437767e+02
1.721057414332447024e+02 2.637249509654309918e+02 1.500674814629959997e+02
1.721002886256949864e+02 2.637396589775372036e+02 1.500904680464482226e+02
1.720948358181452420e+02 2.637543669896433585e+02 1.501134546299004455e+02
1.720893830105955260e+02 2.637690750017495134e+02 1.501364412133526685e+02
1.720839302030457816e+02 2.637837830138556683e+02 1.501594277968048914e+02
1.720784773954960656e+02 2.637984910259618800e+02 1.501824143802571143e+02
1.720730245879463212e+02 2.638131990380680350e+02 1.502054009637093657e+02
1.720675717803966052e+02 2.638279070501741899e+02 1.502283875471615886e+02
1.720621189728468607e+02 2.638426150622804016e+02 1.502513741306138115e+02
1.720566661652971163e+02 2.638573230743865565e+02 1.502743607140660345e+02
1.720512133577474003e+02 2.638720310864927114e+02 1.502973472975182574e+02
1.720457605501976559e+02 2.638867390985988663e+02 1.503203338809704803e+02
1.720403077426479399e+02 2.639014471107050781e+02 1.503433204644227033e+02
1.720348549350981955e+02 2.639161551228112330e+02 1.503663070478749262e+02
1.720294021275484795e+02 2.639308631349173879e+02 1.503892936313271491e+02
1.720239493199987351e+02 2.639455711470235428e+02 1.504122802147793720e+02
1.720184965124489906e+02 2.639602791591297546e+02 1.504352667982315950e+02
1.720130437048992746e+02 2.639749871712359095e+02 1.504582533816838179e+02
1.720075908973495302e+02 2.639896951833420644e+02 1.504812399651360693e+02
1.720021380897998142e+02 2.640044031954482762e+02 1.505042265485882922e+02
1.719966852822500698e+02 2.640191112075544311e+02 1.505272131320405151e+02
1.719912324747003538e+02 2.640338192196605860e+02 1.505501997154927381e+02
1.719857796671506094e+02 2.640485272317667409e+02 1.505731862989449610e+02
1.719803268596008934e+02 2.640632352438729527e+02 1.505961728823971839e+02
1.719748740520511490e+02 2.640779432559791076e+02 1.506191594658494068e+02
1.719748740520511490e+02 2.640779432559791076e+02 1.506191594658494068e+02
1.719605499187407531e+02 2.640925456906657587e+02 1.506191185555295533e+02
1.719462257854303573e+02 2.641071481253524098e+02 1.506190776452096998e+02
1.719319016521199615e+02 2.641217505600391178e+02 1.506190367348898747e+02
1.719175775188095656e+02 2.641363529947257689e+02 1.506189958245700211e+02
1.719032533854991698e+02 2.641509554294124200e+02 1.506189549142501676e+02
1.718889292521887739e+02 2.641655578640990711e+02 1.506189140039303140e+02
1.718746051188783781e+02 2.641801602987857791e+02 1.506188730936104605e+02
1.718602809855679823e+02 2.641947627334724302e+02 1.506188321832906070e+02
1.718459568522575864e+02 2.642093651681590813e+02 1.506187912729707818e+02
1.718316327189471906e+02 2.642239676028457325e+02 1.506187503626509283e+02
1.718173085856367948e+02 2.642385700375324404e+02 1.506187094523310748e+02
1.718029844523264273e+02 2.642531724722190916e+02 1.506186685420112212e+02
1.717886603190160315e+02 2.642677749069057427e+02 1.506186276316913677e+02
1.717743361857056357e+02 2.642823773415923938e+02 1.506185867213715426e+02
1.717600120523952398e+02 2.642969797762790449e+02 1.506185458110516890e+02
1.717456879190848440e+02 2.643115822109657529e+02 1.506185049007318355e+02
1.717313637857744482e+02 2.643261846456524040e+02 1.506184639904119820e+02
1.717170396524640523e+02 2.643407870803390551e+02 1.506184230800921284e+02
1.717027155191536565e+02 2.643553895150257063e+02 1.506183821697722749e+02
1.716883913858432607e+02 2.643699919497124142e+02 1.506183412594524498e+02
1.716740672525328648e+02 2.643845943843990653e+02 1.506183003491325962e+02
1.716597431192224690e+02 2.643991968190857165e+02 1.506182594388127427e+02
1.716597431192224690e+02 2.643991968190857165e+02 1.506182594388127427e+02
1.716432957735276830e+02 2.644139714028517005e+02 1.506405503822905700e+02
1.716268484278328685e+02 2.644287459866177414e+02 1.506628413257684258e+02
1.716104010821380825e+02 2.644435205703837255e+02 1.506851322692462531e+02
1.715939537364432965e+02 2.644582951541497096e+02 1.507074232127240805e+02
1.715775063907485105e+02 2.644730697379156936e+02 1.507297141562019078e+02
1.715610590450536961e+02 2.644878443216817345e+02 1.507520050996797636e+02
1.715446116993589101e+02 2.645026189054477186e+02 1.507742960431575909e+02
1.715281643536641241e+02 2.645173934892137027e+02 1.507965869866354183e+02
1.715117170079693096e+02 2.645321680729797436e+02 1.508188779301132740e+02
1.714952696622745236e+02 2.645469426567457276e+02 1.508411688735911014e+02
1.714788223165797376e+02 2.645617172405117117e+02 1.508634598170689287e+02
1.714623749708849516e+02 2.645764918242776957e+02 1.508857507605467561e+02
1.714459276251901372e+02 2.645912664080437366e+02 1.509080417040246118e+02
1.714294802794953512e+02 2.646060409918097207e+02 1.509303326475024392e+02
1.714294802794953512e+02 2.646060409918097207e+02 1.509303326475024392e+02
1.714064657868772485e+02 2.646295026294544073e+02 1.509302669171553646e+02
1.713834512942591175e+02 2.646529642670990938e+02 1.509302011868082616e+02
1.713604368016410149e+02 2.646764259047437804e+02 1.509301354564611870e+02
1.713374223090229123e+02 2.646998875423884670e+02 1.509300697261141124e+02
1.713144078164047812e+02 2.647233491800331535e+02 1.509300039957670094e+02
1.712913933237866786e+02 2.647468108176778401e+02 1.509299382654199349e+02
1.712683788311685760e+02 2.647702724553225835e+02 1.509298725350728603e+02
1.712453643385504733e+02 2.647937340929672700e+02 1.509298068047257857e+02
1.712223498459323423e+02 2.648171957306119566e+02 1.509297410743786827e+02
1.711993353533142397e+02 2.648406573682566432e+02 1.509296753440316081e+02
1.711763208606961371e+02 2.648641190059013297e+02 1.509296096136845335e+02
1.711533063680780060e+02 2.648875806435460163e+02 1.509295438833374305e+02
1.711302918754599034e+02 2.649110422811907029e+02 1.509294781529903560e+02
1.711302918754599034e+02 2.649110422811907029e+02 1.509294781529903560e+02
1.711036420548783781e+02 2.649382098770249740e+02 1.509294020399955798e+02
1.710769922342968528e+02 2.649653774728592452e+02 1.509293259270008036e+02
1.710503424137153274e+02 2.649925450686935164e+02 1.509292498140060275e+02
1.710236925931338021e+02 2.650197126645277876e+02 1.509291737010112229e+02
1.709970427725522768e+02 2.650468802603620588e+02 1.509290975880164467e+02
1.709703929519707515e+02 2.650740478561963300e+02 1.509290214750216705e+02
1.709437431313892546e+02 2.651012154520306012e+02 1.509289453620268944e+02
1.709170933108077293e+02 2.651283830478648724e+02 1.509288692490321182e+02
1.708904434902262039e+02 2.651555506436991436e+02 1.509287931360373420e+02
1.708637936696446786e+02 2.651827182395334148e+02 1.509287170230425374e+02
1.708371438490631533e+02 2.652098858353676860e+02 1.509286409100477613e+02
1.708104940284816280e+02 2.652370534312019572e+02 1.509285647970529851e+02
1.707838442079001027e+02 2.652642210270362284e+02 1.509284886840582089e+02
1.707838442079001027e+02 2.652642210270362284e+02 1.509284886840582089e+02
1.707586734769169539e+02 2.652898807962685055e+02 1.509284167954047575e+02
1.707335027459338335e+02 2.653155405655007257e+02 1.509283449067513345e+02
1.707083320149506847e+02 2.653412003347330028e+02 1.509282730180978831e+02
1.706831612839675643e+02 2.653668601039652799e+02 1.509282011294444601e+02
1.706579905529844154e+02 2.653925198731975570e+02 1.509281292407910087e+02
1.706328198220012666e+02 2.654181796424297772e+02 1.509280573521375857e+02
1.706076490910181462e+02 2.654438394116620543e+02 1.509279854634841342e+02
1.705824783600349974e+02 2.654694991808943314e+02 1.509279135748307112e+02
1.705573076290518770e+02 2.654951589501266085e+02 1.509278416861772598e+02
1.705321368980687282e+02 2.655208187193588287e+02 1.509277697975238368e+02
1.705069661670855794e+02 2.655464784885911058e+02 1.509276979088703854e+02
1.704817954361024590e+02 2.655721382578233829e+02 1.509276260202169624e+02
1.704566247051193102e+02 2.655977980270556600e+02 1.509275541315635110e+02
1.704314539741361898e+02 2.656234577962878802e+02 1.509274822429100880e+02
1.704062832431530410e+02 2.656491175655201573e+02 1.509274103542566365e+02
1.704062832431530410e+02 2.656491175655201573e+02 1.509274103542566365e+02
1.703808905404559653e+02 2.656710477176751510e+02 1.509319472071155985e+02
1.703554978377589180e+02 2.656929778698301448e+02 1.509364840599745605e+02
1.703301051350618422e+02 2.657149080219851385e+02 1.509410209128335225e+02
1.703047124323647949e+02 2.657368381741401322e+02 1.509455577656924845e+02
1.702793197296677192e+02 2.657587683262951259e+02 1.509500946185514465e+02
1.702539270269706435e+02 2.657806984784501196e+02 1.509546314714104085e+02
1.702285343242735962e+02 2.658026286306051134e+02 1.509591683242693705e+02
1.702031416215765205e+02 2.658245587827600502e+02 1.509637051771283041e+02
1.701777489188794448e+02 2.658464889349150440e+02 1.509682420299872661e+02
1.701523562161823975e+02 2.658684190870700377e+02 1.509727788828462280e+02
1.701269635134853218e+02 2.658903492392250314e+02 1.509773157357051900e+02
1.701015708107882460e+02 2.659122793913800251e+02 1.509818525885641520e+02
1.700761781080911987e+02 2.659342095435350188e+02 1.509863894414231140e+02
1.700507854053941230e+02 2.659561396956900126e+02 1.509909262942820760e+02
1.700253927026970757e+02 2.659780698478450063e+02 1.509954631471410380e+02
1.700000000000000000e+02 2.660000000000000000e+02 1.510000000000000000e+02
1.700000000000000000e+02 2.660000000000000000e+02 1.510000000000000000e+02
1.700000000000000000e+02 2.660000000000000000e+02 1.510000000000000000e+02
1.700000000000000000e+02 2.660000000000000000e+02 1.510000000000000000e+02
1.700000000000000000e+02 2.660000000000000000e+02 1.510000000000000000e+02
1.700000000000000000e+02 2.660000000000000000e+02 1.510000000000000000e+02
1.700000000000000000e+02 2.660000000000000000e+02 1.510000000000000000e+02
1.700000000000000000e+02 2.660000000000000000e+02 1.510000000000000000e+02
1.700000000000000000e+02 2.660000000000000000e+02 1.510000000000000000e+02
1.700000000000000000e+02 2.660000000000000000e+02 1.510000000000000000e+02
1.700000000000000000e+02 2.660000000000000000e+02 1.510000000000000000e+02
1.700000000000000000e+02 2.660000000000000000e+02 1.510000000000000000e+02
1.700000000000000000e+02 2.660000000000000000e+02 1.510000000000000000e+02
1.700000000000000000e+02 2.660000000000000000e+02 1.510000000000000000e+02
1.700000000000000000e+02 2.660000000000000000e+02 1.510000000000000000e+02
1.700000000000000000e+02 2.660000000000000000e+02 1.510000000000000000e+02
1.700000000000000000e+02 2.660000000000000000e+02 1.510000000000000000e+02
1.700000000000000000e+02 2.660000000000000000e+02 1.510000000000000000e+02
1.700000000000000000e+02 2.660000000000000000e+02 1.510000000000000000e+02
1.700000000000000000e+02 2.660000000000000000e+02 1.510000000000000000e+02
1.699786968335837400e+02 2.660235925985082304e+02 1.510022305861290874e+02
1.699573936671674517e+02 2.660471851970165176e+02 1.510044611722581465e+02
1.699360905007511917e+02 2.660707777955247479e+02 1.510066917583872339e+02
1.699147873343349318e+02 2.660943703940329783e+02 1.510089223445162929e+02
1.698934841679186718e+02 2.661179629925412087e+02 1.510111529306453804e+02
1.698721810015023834e+02 2.661415555910494959e+02 1.510133835167744678e+02
1.698508778350861235e+02 2.661651481895577263e+02 1.510156141029035268e+02
1.698295746686698635e+02 2.661887407880659566e+02 1.510178446890326143e+02
1.698082715022535751e+02 2.662123333865742438e+02 1.510200752751616733e+02
1.697869683358373152e+02 2.662359259850824742e+02 1.510223058612907607e+02
1.697656651694210552e+02 2.662595185835907046e+02 1.510245364474198198e+02
1.697443620030047668e+02 2.662831111820989918e+02 1.510267670335489072e+02
1.697230588365885069e+02 2.663067037806072221e+02 1.510289976196779946e+02
1.697017556701722469e+02 2.663302963791154525e+02 1.510312282058070537e+02
1.696804525037559870e+02 2.663538889776236829e+02 1.510334587919361411e+02
1.696591493373396986e+02 2.663774815761319701e+02 1.510356893780652001e+02
1.696378461709234386e+02 2.664010741746402005e+02 1.510379199641942876e+02
1.696378461709234386e+02 2.664010741746402005e+02 1.510379199641942876e+02
1.696300296526273996e+02 2.664170552940573202e+02 1.510648102349383350e+02
1.696222131343313890e+02 2.664330364134744400e+02 1.510917005056823825e+02
1.696143966160353500e+02 2.664490175328915598e+02 1.511185907764264300e+02
1.696065800977393394e+02 2.664649986523086795e+02 1.511454810471705059e+02
1.695987635794433004e+02 2.664809797717257993e+02 1.511723713179145534e+02
1.695909470611472614e+02 2.664969608911429191e+02 1.511992615886586009e+02
1.695831305428512508e+02 2.665129420105600389e+02 1.512261518594026484e+02
1.695753140245552117e+02 2.665289231299771586e+02 1.512530421301466959e+02
1.695674975062591727e+02 2.665449042493942784e+02 1.512799324008907433e+02
1.695596809879631621e+02 2.665608853688113982e+02 1.513068226716347908e+02
1.695518644696671231e+02 2.665768664882284611e+02 1.513337129423788667e+02
1.695440479513711125e+02 2.665928476076455809e+02 1.513606032131229142e+02
1.695362314330750735e+02 2.666088287270627006e+02 1.513874934838669617e+02
1.695284149147790345e+02 2.666248098464798204e+02 1.514143837546110092e+02
1.695205983964830239e+02 2.666407909658969402e+02 1.514412740253550567e+02
1.695127818781869848e+02 2.666567720853140600e+02 1.514681642960991041e+02
1.695049653598909458e+02 2.666727532047311797e+02 1.514950545668431516e+02
1.694971488415949352e+02 2.666887343241482995e+02 1.515219448375872275e+02
1.694893323232988962e+02 2.667047154435654193e+02 1.515488351083312750e+02
1.694815158050028856e+02 2.667206965629825390e+02 1.515757253790753225e+02
1.694736992867068466e+02 2.667366776823996588e+02 1.516026156498193700e+02
1.694736992867068466e+02 2.667366776823996588e+02 1.516026156498193700e+02
1.694659995390299514e+02 2.667524200605846545e+02 1.516291042080048896e+02
1.694582997913530562e+02 2.667681624387696502e+02 1.516555927661903809e+02
1.694506000436761894e+02 2.667839048169546459e+02 1.516820813243759005e+02
1.694429002959992943e+02 2.667996471951396416e+02 1.517085698825614202e+02
1.694352005483223991e+02 2.668153895733246941e+02 1.517350584407469398e+02
1.694275008006455039e+02 2.668311319515096898e+02 1.517615469989324311e+02
1.694198010529686087e+02 2.668468743296946855e+02 1.517880355571179507e+02
1.694121013052917135e+02 2.668626167078796811e+02 1.518145241153034704e+02
1.694044015576148468e+02 2.668783590860646768e+02 1.518410126734889900e+02
1.693967018099379516e+02 2.668941014642496725e+02 1.518675012316744812e+02
1.693890020622610564e+02 2.669098438424346682e+02 1.518939897898600009e+02
1.693813023145841612e+02 2.669255862206196639e+02 1.519204783480455205e+02
1.693736025669072660e+02 2.669413285988046596e+02 1.519469669062310118e+02
1.693659028192303708e+02 2.669570709769896553e+02 1.519734554644165314e+02
1.693582030715535041e+02 2.669728133551747078e+02 1.519999440226020511e+02
1.693505033238766089e+02 2.669885557333597035e+02 1.520264325807875707e+02
1.693428035761997137e+02 2.670042981115446992e+02 1.520529211389730619e+02
1.693351038285228185e+02 2.670200404897296949e+02 1.520794096971585816e+02
1.693274040808459233e+02 2.670357828679146905e+02 1.521058982553441012e+02
1.693197043331690281e+02 2.670515252460996862e+02 1.521323868135295925e+02
1.693120045854921614e+02 2.670672676242846819e+02 1.521588753717151121e+02
1.693043048378152662e+02 2.670830100024696776e+02 1.521853639299006318e+02
1.692966050901383710e+02 2.670987523806546733e+02 1.522118524880861514e+02
1.692889053424614758e+02 2.671144947588396690e+02 1.522383410462716427e+02
1.692812055947845806e+02 2.671302371370247215e+02 1.522648296044571623e+02
1.692735058471076854e+02 2.671459795152097172e+02 1.522913181626426820e+02
1.692658060994308187e+02 2.671617218933947129e+02 1.523178067208282016e+02
1.692581063517539235e+02 2.671774642715797086e+02 1.523442952790136928e+02
1.692504066040770283e+02 2.671932066497647043e+02 1.523707838371992125e+02
1.692504066040770283e+02 2.671932066497647043e+02 1.523707838371992125e+02
1.692325137422246542e+02 2.672193211858715927e+02 1.523703406050801163e+02
1.692146208803723084e+02 2.672454357219784811e+02 1.523698973729610486e+02
1.691967280185199343e+02 2.672715502580853695e+02 1.523694541408419525e+02
1.691788351566675601e+02 2.672976647941922579e+02 1.523690109087228848e+02
1.691609422948151860e+02 2.673237793302990895e+02 1.523685676766037886e+02
1.691430494329628118e+02 2.673498938664059779e+02 1.523681244444847209e+02
1.691251565711104661e+02 2.673760084025128663e+02 1.523676812123656248e+02
1.691072637092580919e+02 2.674021229386197547e+02 1.523672379802465571e+02
1.690893708474057178e+02 2.674282374747266431e+02 1.523667947481274609e+02
1.690714779855533720e+02 2.674543520108335315e+02 1.523663515160083932e+02
1.690535851237009979e+02 2.674804665469404199e+02 1.523659082838892971e+02
1.690356922618486237e+02 2.675065810830473083e+02 1.523654650517702294e+02
1.690177993999962496e+02 2.675326956191541967e+02 1.523650218196511332e+02
1.689999065381438754e+02 2.675588101552610851e+02 1.523645785875320371e+02
1.689820136762915297e+02 2.675849246913679167e+02 1.523641353554129694e+02
1.689641208144391555e+02 2.676110392274748051e+02 1.523636921232938732e+02
1.689462279525867814e+02 2.676371537635816935e+02 1.523632488911748055e+02
1.689283350907344357e+02 2.676632682996885819e+02 1.523628056590557094e+02
1.689104422288820615e+02 2.676893828357954703e+02 1.523623624269366417e+02
1.688925493670296873e+02 2.677154973719023587e+02 1.523619191948175455e+02
1.688746565051773132e+02 2.677416119080092471e+02 1.523614759626984778e+02
1.688567636433249390e+02 2.677677264441161356e+02 1.523610327305793817e+02
1.688388707814725933e+02 2.677938409802230240e+02 1.523605894984603140e+02
1.688209779196202192e+02 2.678199555163298555e+02 1.523601462663412178e+02
1.688030850577678450e+02 2.678460700524367439e+02 1.523597030342221501e+02
1.687851921959154993e+02 2.678721845885436323e+02 1.523592598021030540e+02
1.687672993340631251e+02 2.678982991246505208e+02 1.523588165699839863e+02
1.687494064722107510e+02 2.679244136607574092e+02 1.523583733378648901e+02
1.687494064722107510e+02 2.679244136607574092e+02 1.523583733378648901e+02
1.687235300668189097e+02 2.679428848669799663e+02 1.523589456986405821e+02
1.686976536614270685e+02 2.679613560732025803e+02 1.523595180594162741e+02
1.686717772560351989e+02 2.679798272794251375e+02 1.523600904201919661e+02
1.686459008506433577e+02 2.679982984856476946e+02 1.523606627809676297e+02
1.686200244452515165e+02 2.680167696918703086e+02 1.523612351417433217e+02
1.685941480398596752e+02 2.680352408980928658e+02 1.523618075025190137e+02
1.685682716344678340e+02 2.680537121043154229e+02 1.523623798632947057e+02
1.685423952290759644e+02 2.680721833105380369e+02 1.523629522240703977e+02
1.685165188236841232e+02 2.680906545167605941e+02 1.523635245848460897e+02
1.684906424182922819e+02 2.681091257229831513e+02 1.523640969456217533e+02
1.684647660129004407e+02 2.681275969292057653e+02 1.523646693063974453e+02
1.684388896075085711e+02 2.681460681354283224e+02 1.523652416671731373e+02
1.684130132021167299e+02 2.681645393416508796e+02 1.523658140279488293e+02
1.683871367967248887e+02 2.681830105478734936e+02 1.523663863887245213e+02
1.683612603913330474e+02 2.682014817540960507e+02 1.523669587495002133e+02
1.683353839859412062e+02 2.682199529603186079e+02 1.523675311102759053e+02
1.683095075805493366e+02 2.682384241665412219e+02 1.523681034710515689e+02
1.682836311751574954e+02 2.682568953727637791e+02 1.523686758318272609e+02
1.682577547697656541e+02 2.682753665789863362e+02 1.523692481926029529e+02
1.682318783643738129e+02 2.682938377852089502e+02 1.523698205533786449e+02
1.682060019589819717e+02 2.683123089914315074e+02 1.523703929141543369e+02
1.681801255535901021e+02 2.683307801976540645e+02 1.523709652749300290e+02
1.681542491481982609e+02 2.683492514038766785e+02 1.523715376357057210e+02
1.681283727428064196e+02 2.683677226100992357e+02 1.523721099964813845e+02
1.681024963374145784e+02 2.683861938163217928e+02 1.523726823572570765e+02
1.680766199320227088e+02 2.684046650225444068e+02 1.523732547180327686e+02
1.680507435266308676e+02 2.684231362287669640e+02 1.523738270788084606e+02
1.680248671212390263e+02 2.684416074349895212e+02 1.523743994395841526e+02
1.679989907158471851e+02 2.684600786412121352e+02 1.523749718003598446e+02
1.679731143104553439e+02 2.684785498474346923e+02 1.523755441611355081e+02
1.679472379050634743e+02 2.684970210536572495e+02 1.523761165219112002e+02
1.679213614996716331e+02 2.685154922598798635e+02 1.523766888826868922e+02
1.678954850942797918e+02 2.685339634661024206e+02 1.523772612434625842e+02
1.678954850942797918e+02 2.685339634661024206e+02 1.523772612434625842e+02
1.678700156707029407e+02 2.685521441588275025e+02 1.523778246021986149e+02
1.678445462471260612e+02 2.685703248515525274e+02 1.523783879609346741e+02
1.678190768235492101e+02 2.685885055442776093e+02 1.523789513196707048e+02
1.677936073999723590e+02 2.686066862370026911e+02 1.523795146784067356e+02
1.677681379763955078e+02 2.686248669297277161e+02 1.523800780371427663e+02
1.677426685528186283e+02 2.686430476224527979e+02 1.523806413958788255e+02
1.677171991292417772e+02 2.686612283151778229e+02 1.523812047546148563e+02
1.676917297056649261e+02 2.686794090079029047e+02 1.523817681133508870e+02
1.676662602820880750e+02 2.686975897006279865e+02 1.523823314720869178e+02
1.676407908585111954e+02 2.687157703933530115e+02 1.523828948308229769e+02
1.676153214349343443e+02 2.687339510860780933e+02 1.523834581895590077e+02
1.675898520113574932e+02 2.687521317788031752e+02 1.523840215482950384e+02
1.675643825877806421e+02 2.687703124715282001e+02 1.523845849070310692e+02
1.675389131642037626e+02 2.687884931642532820e+02 1.523851482657671284e+02
1.675134437406269114e+02 2.688066738569783070e+02 1.523857116245031591e+02
1.674879743170500603e+02 2.688248545497033888e+02 1.523862749832391899e+02
1.674625048934732092e+02 2.688430352424284706e+02 1.523868383419752206e+02
1.674370354698963297e+02 2.688612159351534956e+02 1.523874017007112798e+02
1.674115660463194786e+02 2.688793966278785774e+02 1.523879650594473105e+02
1.673860966227426275e+02 2.688975773206036592e+02 1.523885284181833413e+02
1.673606271991657763e+02 2.689157580133286842e+02 1.523890917769193720e+02
1.673351577755888968e+02 2.689339387060537661e+02 1.523896551356554312e+02
1.673096883520120457e+02 2.689521193987787910e+02 1.523902184943914619e+02
1.672842189284351946e+02 2.689703000915038729e+02 1.523907818531274927e+02
1.672587495048583435e+02 2.689884807842289547e+02 1.523913452118635234e+02
1.672332800812814639e+02 2.690066614769539797e+02 1.523919085705995826e+02
1.672078106577046128e+02 2.690248421696790615e+02 1.523924719293356134e+02
1.671823412341277617e+02 2.690430228624041433e+02 1.523930352880716441e+02
1.671568718105509106e+02 2.690612035551291683e+02 1.523935986468076749e+02
1.671314023869740311e+02 2.690793842478542501e+02 1.523941620055437340e+02
1.671059329633971799e+02 2.690975649405792751e+02 1.523947253642797648e+02
1.670804635398203288e+02 2.691157456333043569e+02 1.523952887230157955e+02
1.670549941162434777e+02 2.691339263260294388e+02 1.523958520817518263e+02
1.670295246926665982e+02 2.691521070187544638e+02 1.523964154404878855e+02
1.670040552690897471e+02 2.691702877114795456e+02 1.523969787992239162e+02
1.670040552690897471e+02 2.691702877114795456e+02 1.523969787992239162e+02
1.669787001615192139e+02 2.691883868026646951e+02 1.523975396294017060e+02
1.669533450539486523e+02 2.692064858938498446e+02 1.523981004595795241e+02
1.669279899463781192e+02 2.692245849850349941e+02 1.523986612897573139e+02
1.669026348388075576e+02 2.692426840762202005e+02 1.523992221199351036e+02
1.668772797312370244e+02 2.692607831674053500e+02 1.523997829501129218e+02
1.668519246236664628e+02 2.692788822585904995e+02 1.524003437802907115e+02
1.668265695160959297e+02 2.692969813497756491e+02 1.524009046104685012e+02
1.668012144085253681e+02 2.693150804409607986e+02 1.524014654406463194e+02
1.667758593009548349e+02 2.693331795321459481e+02 1.524020262708241091e+02
1.667505041933842733e+02 2.693512786233311544e+02 1.524025871010018989e+02
1.667251490858137402e+02 2.693693777145163040e+02 1.524031479311797170e+02
1.666997939782431786e+02 2.693874768057014535e+02 1.524037087613575068e+02
1.666744388706726454e+02 2.694055758968866030e+02 1.524042695915352965e+02
1.666490837631020838e+02 2.694236749880717525e+02 1.524048304217131147e+02
1.666237286555315507e+02 2.694417740792569020e+02 1.524053912518909044e+02
1.665983735479609891e+02 2.694598731704421084e+02 1.524059520820686942e+02
1.665730184403904559e+02 2.694779722616272579e+02 1.524065129122464839e+02
1.665476633328198943e+02 2.694960713528124074e+02 1.524070737424243021e+02
1.665223082252493612e+02 2.695141704439975570e+02 1.524076345726020918e+02
1.664969531176787996e+02 2.695322695351827065e+02 1.524081954027798815e+02
1.664715980101082664e+02 2.695503686263678560e+02 1.524087562329576997e+02
1.664462429025377048e+02 2.695684677175530624e+02 1.524093170631354894e+02
1.664208877949671717e+02 2.695865668087382119e+02 1.524098778933132792e+02
1.663955326873966101e+02 2.696046658999233614e+02 1.524104387234910973e+02
1.663701775798260769e+02 2.696227649911085109e+02 1.524109995536688871e+02
1.663448224722555153e+02 2.696408640822936604e+02 1.524115603838466768e+02
1.663194673646849822e+02 2.696589631734788099e+02 1.524121212140244950e+02
1.662941122571144206e+02 2.696770622646640163e+02 1.524126820442022847e+02
1.662687571495438874e+02 2.696951613558491658e+02 1.524132428743800745e+02
1.662434020419733258e+02 2.697132604470343153e+02 1.524138037045578926e+02
1.662180469344027927e+02 2.697313595382194649e+02 1.524143645347356824e+02
1.662180469344027927e+02 2.697313595382194649e+02 1.524143645347356824e+02
1.661897213053437383e+02 2.697217100183547700e+02 1.524040455338376034e+02
1.661613956762846840e+02 2.697120604984900751e+02 1.523937265329394961e+02
1.661330700472256297e+02 2.697024109786254371e+02 1.523834075320414172e+02
1.661047444181666037e+02 2.696927614587607422e+02 1.523730885311433383e+02
1.660764187891075494e+02 2.696831119388960474e+02 1.523627695302452310e+02
1.660480931600484951e+02 2.696734624190313525e+02 1.523524505293471520e+02
1.660197675309894407e+02 2.696638128991667145e+02 1.523421315284490731e+02
1.659914419019303864e+02 2.696541633793020196e+02 1.523318125275509658e+02
1.659631162728713321e+02 2.696445138594373248e+02 1.523214935266528869e+02
1.659347906438122777e+02 2.696348643395726299e+02 1.523111745257548080e+02
1.659064650147532518e+02 2.696252148197079919e+02 1.523008555248567006e+02
1.658781393856941975e+02 2.696155652998432970e+02 1.522905365239586217e+02
1.658498137566351431e+02 2.696059157799786021e+02 1.522802175230605428e+02
1.658214881275760888e+02 2.695962662601139073e+02 1.522698985221624355e+02
1.657931624985170345e+02 2.695866167402492124e+02 1.522595795212643566e+02
1.657648368694579801e+02 2.695769672203845744e+02 1.522492605203662777e+02
1.657365112403989258e+02 2.695673177005198795e+02 1.522389415194681703e+02
1.657081856113398999e+02 2.695576681806551846e+02 1.522286225185700914e+02
1.656798599822808455e+02 2.695480186607904898e+02 1.522183035176719841e+02
1.656515343532217912e+02 2.695383691409258518e+02 1.522079845167739052e+02
1.656232087241627369e+02 2.695287196210611569e+02 1.521976655158758263e+02
1.655948830951036825e+02 2.695190701011964620e+02 1.521873465149777189e+02
1.655665574660446282e+02 2.695094205813317672e+02 1.521770275140796400e+02
1.655382318369855739e+02 2.694997710614670723e+02 1.521667085131815611e+02
1.655099062079265479e+02 2.694901215416024343e+02 1.521563895122834538e+02
1.654815805788674936e+02 2.694804720217377394e+02 1.521460705113853749e+02
1.654532549498084393e+02 2.694708225018730445e+02 1.521357515104872959e+02
1.654249293207493849e+02 2.694611729820083497e+02 1.521254325095891886e+02
1.653966036916903306e+02 2.694515234621437116e+02 1.521151135086911097e+02
1.653682780626312763e+02 2.694418739422790168e+02 1.521047945077930308e+02
1.653399524335722219e+02 2.694322244224143219e+02 1.520944755068949235e+02
1.653116268045131960e+02 2.694225749025496270e+02 1.520841565059968445e+02
1.652833011754541417e+02 2.694129253826849890e+02 1.520738375050987656e+02
1.652549755463950873e+02 2.694032758628202942e+02 1.520635185042006583e+02
1.652266499173360330e+02 2.693936263429555993e+02 1.520531995033025794e+02
1.652266499173360330e+02 2.693936263429555993e+02 1.520531995033025794e+02
1.652085870653280608e+02 2.693780990316061548e+02 1.520328258806552242e+02
1.651905242133200886e+02 2.693625717202567103e+02 1.520124522580078690e+02
1.651724613613121164e+02 2.693470444089072089e+02 1.519920786353605138e+02
1.651543985093041442e+02 2.693315170975577644e+02 1.519717050127131586e+02
1.651363356572961720e+02 2.693159897862083199e+02 1.519513313900658034e+02
1.651182728052881998e+02 2.693004624748588185e+02 1.519309577674184482e+02
1.651002099532802276e+02 2.692849351635093740e+02 1.519105841447711214e+02
1.650821471012722554e+02 2.692694078521599295e+02 1.518902105221237662e+02
1.650640842492642832e+02 2.692538805408104849e+02 1.518698368994764110e+02
1.650460213972563110e+02 2.692383532294610404e+02 1.518494632768290558e+02
1.650279585452483389e+02 2.692228259181115391e+02 1.518290896541817006e+02
1.650098956932403667e+02 2.692072986067620946e+02 1.518087160315343453e+02
1.649918328412323945e+02 2.691917712954126500e+02 1.517883424088869901e+02
1.649737699892244223e+02 2.691762439840631487e+02 1.517679687862396349e+02
1.649557071372164785e+02 2.691607166727137042e+02 1.517475951635922797e+02
1.649376442852085063e+02 2.691451893613642596e+02 1.517272215409449245e+02
1.649195814332005341e+02 2.691296620500148151e+02 1.517068479182975693e+02
1.649015185811925619e+02 2.691141347386653706e+02 1.516864742956502141e+02
1.648834557291845897e+02 2.690986074273158692e+02 1.516661006730028589e+02
1.648653928771766175e+02 2.690830801159664247e+02 1.516457270503555037e+02
1.648473300251686453e+02 2.690675528046169802e+02 1.516253534277081485e+02
1.648292671731606731e+02 2.690520254932674789e+02 1.516049798050608217e+02
1.648112043211527009e+02 2.690364981819180343e+02 1.515846061824134665e+02
1.647931414691447287e+02 2.690209708705685898e+02 1.515642325597661113e+02
1.647750786171367565e+02 2.690054435592191453e+02 1.515438589371187561e+02
1.647570157651287843e+02 2.689899162478697008e+02 1.515234853144714009e+02
1.647389529131208121e+02 2.689743889365201994e+02 1.515031116918240457e+02
1.647208900611128399e+02 2.689588616251707549e+02 1.514827380691766905e+02
1.647208900611128399e+02 2.689588616251707549e+02 1.514827380691766905e+02
1.647194087918470586e+02 2.689602185891571366e+02 1.514510229016383676e+02
1.647179275225812773e+02 2.689615755531435184e+02 1.514193077341000446e+02
1.647164462533154961e+02 2.689629325171299001e+02 1.513875925665617217e+02
1.647149649840496863e+02 2.689642894811162819e+02 1.513558773990233988e+02
1.647134837147839050e+02 2.689656464451026068e+02 1.513241622314850758e+02
1.647120024455181237e+02 2.689670034090889885e+02 1.512924470639467529e+02
1.647105211762523425e+02 2.689683603730753703e+02 1.512607318964084300e+02
1.647090399069865612e+02 2.689697173370617520e+02 1.512290167288700786e+02
1.647075586377207514e+02 2.689710743010481337e+02 1.511973015613317557e+02
1.647060773684549702e+02 2.689724312650345155e+02 1.511655863937934328e+02
1.647045960991891889e+02 2.689737882290208972e+02 1.511338712262551098e+02
1.647031148299234076e+02 2.689751451930072790e+02 1.511021560587167869e+02
1.647016335606576263e+02 2.689765021569936607e+02 1.510704408911784640e+02
1.647001522913918450e+02 2.689778591209800425e+02 1.510387257236401410e+02
1.646986710221260637e+02 2.689792160849664242e+02 1.510070105561018181e+02
1.646971897528602540e+02 2.689805730489527491e+02 1.509752953885634952e+02
1.646957084835944727e+02 2.689819300129391308e+02 1.509435802210251722e+02
1.646942272143286914e+02 2.689832869769255126e+02 1.509118650534868493e+02
1.646927459450629101e+02 2.689846439409118943e+02 1.508801498859485264e+02
1.646912646757971288e+02 2.689860009048982761e+02 1.508484347184102035e+02
1.646897834065313191e+02 2.689873578688846578e+02 1.508167195508718805e+02
1.646883021372655378e+02 2.689887148328710396e+02 1.507850043833335576e+02
1.646868208679997565e+02 2.689900717968574213e+02 1.507532892157952062e+02
1.646853395987339752e+02 2.689914287608438030e+02 1.507215740482568833e+02
1.646838583294681939e+02 2.689927857248301279e+02 1.506898588807185604e+02
1.646823770602024126e+02 2.689941426888165097e+02 1.506581437131802375e+02
1.646808957909366313e+02 2.689954996528028914e+02 1.506264285456419145e+02
1.646794145216708216e+02 2.689968566167892732e+02 1.505947133781035916e+02
1.646779332524050403e+02 2.689982135807756549e+02 1.505629982105652687e+02
1.646764519831392590e+02 2.689995705447620367e+02 1.505312830430269457e+02
1.646764519831392590e+02 2.689995705447620367e+02 1.505312830430269457e+02
1.646814819623037920e+02 2.689963708837485683e+02 1.505002893672863991e+02
1.646865119414682965e+02 2.689931712227350999e+02 1.504692956915458240e+02
1.646915419206328011e+02 2.689899715617216316e+02 1.504383020158052773e+02
1.646965718997973340e+02 2.689867719007081632e+02 1.504073083400647022e+02
1.647016018789618670e+02 2.689835722396946949e+02 1.503763146643241555e+02
1.647066318581263715e+02 2.689803725786811697e+02 1.503453209885835804e+02
1.647116618372908761e+02 2.689771729176677013e+02 1.503143273128430337e+02
1.647166918164554090e+02 2.689739732566542330e+02 1.502833336371024586e+02
1.647217217956199420e+02 2.689707735956407646e+02 1.502523399613619119e+02
1.647267517747844465e+02 2.689675739346272962e+02 1.502213462856213368e+02
1.647317817539489511e+02 2.689643742736138279e+02 1.501903526098807902e+02
1.647368117331134840e+02 2.689611746126003595e+02 1.501593589341402151e+02
1.647418417122780170e+02 2.689579749515868912e+02 1.501283652583996684e+02
1.647468716914425215e+02 2.689547752905734228e+02 1.500973715826590933e+02
1.647519016706070261e+02 2.689515756295598976e+02 1.500663779069185466e+02
1.647569316497715590e+02 2.689483759685464292e+02 1.500353842311779999e+02
1.647619616289360920e+02 2.689451763075329609e+02 1.500043905554374248e+02
1.647669916081005965e+02 2.689419766465194925e+02 1.499733968796968782e+02
1.647720215872651011e+02 2.689387769855060242e+02 1.499424032039563031e+02
1.647770515664296340e+02 2.689355773244925558e+02 1.499114095282157564e+02
1.647820815455941670e+02 2.689323776634790875e+02 1.498804158524751813e+02
1.647871115247586715e+02 2.689291780024656191e+02 1.498494221767346346e+02
1.647921415039231761e+02 2.689259783414521507e+02 1.498184285009940595e+02
1.647971714830877090e+02 2.689227786804386824e+02 1.497874348252535128e+02
1.648022014622522420e+02 2.689195790194252140e+02 1.497564411495129377e+02
1.648072314414167465e+02 2.689163793584116888e+02 1.497254474737723910e+02
1.648122614205812511e+02 2.689131796973982205e+02 1.496944537980318159e+02
1.648172913997457840e+02 2.689099800363847521e+02 1.496634601222912693e+02
1.648223213789103170e+02 2.689067803753712838e+02 1.496324664465506942e+02
1.648273513580748215e+02 2.689035807143578154e+02 1.496014727708101475e+02
1.648273513580748215e+02 2.689035807143578154e+02 1.496014727708101475e+02
1.648436242744555500e+02 2.688889628197354114e+02 1.495794182298529620e+02
1.648598971908363069e+02 2.688743449251130642e+02 1.495573636888958049e+02
1.648761701072170354e+02 2.688597270304906601e+02 1.495353091479386194e+02
1.648924430235977923e+02 2.688451091358683129e+02 1.495132546069814623e+02
1.649087159399785207e+02 2.688304912412459089e+02 1.494912000660242768e+02
1.649249888563592776e+02 2.688158733466235049e+02 1.494691455250671197e+02
1.649412617727400061e+02 2.688012554520011577e+02 1.494470909841099342e+02
1.649575346891207630e+02 2.687866375573787536e+02 1.494250364431527487e+02
1.649738076055014915e+02 2.687720196627563496e+02 1.494029819021955916e+02
1.649900805218822484e+02 2.687574017681340024e+02 1.493809273612384061e+02
1.650063534382629769e+02 2.687427838735115984e+02 1.493588728202812490e+02
1.650226263546437053e+02 2.687281659788892512e+02 1.493368182793240635e+02
1.650388992710244622e+02 2.687135480842668471e+02 1.493147637383668780e+02
1.650551721874051907e+02 2.686989301896444431e+02 1.492927091974097209e+02
1.650714451037859476e+02 2.686843122950220959e+02 1.492706546564525354e+02
1.650877180201666761e+02 2.686696944003996919e+02 1.492486001154953783e+02
1.651039909365474330e+02 2.686550765057773447e+02 1.492265455745381928e+02
1.651202638529281614e+02 2.686404586111549406e+02 1.492044910335810357e+02
1.651365367693089183e+02 2.686258407165325366e+02 1.491824364926238502e+02
1.651528096856896468e+02 2.686112228219101894e+02 1.491603819516666647e+02
1.651690826020703753e+02 2.685966049272877854e+02 1.491383274107095076e+02
1.651853555184511322e+02 2.685819870326654382e+02 1.491162728697523221e+02
1.652016284348318607e+02 2.685673691380430341e+02 1.490942183287951650e+02
1.652179013512126176e+02 2.685527512434206301e+02 1.490721637878379795e+02
1.652341742675933460e+02 2.685381333487982829e+02 1.490501092468807940e+02
1.652504471839741029e+02 2.685235154541758789e+02 1.490280547059236369e+02
1.652667201003548314e+02 2.685088975595534748e+02 1.490060001649664514e+02
1.652829930167355883e+02 2.684942796649311276e+02 1.489839456240092943e+02
1.652992659331163168e+02 2.684796617703087236e+02 1.489618910830521088e+02
1.653155388494970737e+02 2.684650438756863764e+02 1.489398365420949517e+02
1.653318117658778021e+02 2.684504259810639724e+02 1.489177820011377662e+02
1.653318117658778021e+02 2.684504259810639724e+02 1.489177820011377662e+02
1.653513430497579009e+02 2.684514246287394599e+02 1.488932449478578803e+02
1.653708743336380280e+02 2.684524232764150042e+02 1.488687078945780229e+02
1.653904056175181267e+02 2.684534219240904918e+02 1.488441708412981370e+02
1.654099369013982539e+02 2.684544205717659793e+02 1.488196337880182512e+02
1.654294681852783526e+02 2.684554192194415236e+02 1.487950967347383937e+02
1.654489994691584513e+02 2.684564178671170112e+02 1.487705596814585078e+02
1.654685307530385785e+02 2.684574165147924987e+02 1.487460226281786220e+02
1.654880620369186772e+02 2.684584151624680430e+02 1.487214855748987645e+02
1.655075933207988044e+02 2.684594138101435306e+02 1.486969485216188787e+02
1.655271246046789031e+02 2.684604124578190181e+02 1.486724114683389928e+02
1.655466558885590018e+02 2.684614111054945624e+02 1.486478744150591353e+02
1.655661871724391290e+02 2.684624097531700500e+02 1.486233373617792495e+02
1.655857184563192277e+02 2.684634084008455375e+02 1.485988003084993636e+02
1.656052497401993548e+02 2.684644070485210250e+02 1.485742632552194777e+02
1.656247810240794536e+02 2.684654056961965694e+02 1.485497262019396203e+02
1.656443123079595523e+02 2.684664043438720569e+02 1.485251891486597344e+02
1.656638435918396794e+02 2.684674029915475444e+02 1.485006520953798486e+02
1.656833748757197782e+02 2.684684016392230888e+02 1.484761150420999911e+02
1.657029061595999053e+02 2.684694002868985763e+02 1.484515779888201052e+02
1.657224374434800040e+02 2.684703989345740638e+02 1.484270409355402194e+02
1.657419687273601028e+02 2.684713975822496081e+02 1.484025038822603619e+02
1.657615000112402299e+02 2.684723962299250957e+02 1.483779668289804761e+02
1.657810312951203287e+02 2.684733948776005832e+02 1.483534297757005902e+02
1.658005625790004558e+02 2.684743935252761275e+02 1.483288927224207328e+02
1.658200938628805545e+02 2.684753921729516151e+02 1.483043556691408469e+02
1.658200938628805545e+02 2.684753921729516151e+02 1.483043556691408469e+02
1.658454941167378252e+02 2.684941916436135898e+02 1.482970242680311515e+02
1.658708943705950958e+02 2.685129911142755077e+02 1.482896928669214560e+02
1.658962946244523664e+02 2.685317905849374824e+02 1.482823614658117606e+02
1.659216948783096655e+02 2.685505900555994003e+02 1.482750300647020651e+02
1.659470951321669361e+02 2.685693895262613751e+02 1.482676986635923697e+02
1.659724953860242067e+02 2.685881889969232930e+02 1.482603672624826743e+02
1.659978956398814773e+02 2.686069884675852677e+02 1.482530358613729788e+02
1.660232958937387480e+02 2.686257879382471856e+02 1.482457044602632834e+02
1.660486961475960186e+02 2.686445874089091603e+02 1.482383730591535880e+02
1.660740964014532892e+02 2.686633868795711351e+02 1.482310416580438925e+02
1.660994966553105883e+02 2.686821863502330530e+02 1.482237102569341971e+02
1.661248969091678589e+02 2.687009858208950277e+02 1.482163788558245017e+02
1.661502971630251295e+02 2.687197852915569456e+02 1.482090474547148062e+02
1.661756974168824001e+02 2.687385847622189203e+02 1.482017160536051108e+02
1.662010976707396708e+02 2.687573842328808382e+02 1.481943846524954154e+02
1.662264979245969414e+02 2.687761837035428130e+02 1.481870532513857199e+02
1.662518981784542405e+02 2.687949831742047309e+02 1.481797218502760245e+02
1.662772984323115111e+02 2.688137826448667056e+02 1.481723904491663291e+02
1.663026986861687817e+02 2.688325821155286235e+02 1.481650590480566336e+02
1.663280989400260523e+02 2.688513815861905982e+02 1.481577276469469382e+02
1.663280989400260523e+02 2.688513815861905982e+02 1.481577276469469382e+02
1.663579974159968629e+02 2.688427986973582620e+02 1.481501053883632437e+02
1.663878958919676450e+02 2.688342158085259257e+02 1.481424831297795208e+02
1.664177943679384555e+02 2.688256329196935326e+02 1.481348608711958263e+02
1.664476928439092376e+02 2.688170500308611963e+02 1.481272386126121035e+02
1.664775913198800481e+02 2.688084671420288601e+02 1.481196163540284090e+02
1.665074897958508302e+02 2.687998842531965238e+02 1.481119940954447145e+02
1.665373882718216407e+02 2.687913013643641875e+02 1.481043718368609916e+02
1.665672867477924228e+02 2.687827184755317944e+02 1.480967495782772971e+02
1.665971852237632334e+02 2.687741355866994581e+02 1.480891273196936027e+02
1.666270836997340155e+02 2.687655526978671219e+02 1.480815050611098798e+02
1.666569821757048260e+02 2.687569698090347856e+02 1.480738828025261853e+02
1.666868806516756081e+02 2.687483869202024493e+02 1.480662605439424624e+02
1.667167791276464186e+02 2.687398040313701131e+02 1.480586382853587679e+02
1.667466776036172007e+02 2.687312211425377200e+02 1.480510160267750734e+02
1.667765760795880112e+02 2.687226382537053837e+02 1.480433937681913505e+02
1.668064745555587933e+02 2.687140553648730474e+02 1.480357715096076561e+02
1.668363730315296038e+02 2.687054724760407112e+02 1.480281492510239616e+02
1.668662715075003860e+02 2.686968895872083749e+02 1.480205269924402387e+02
1.668961699834711965e+02 2.686883066983759818e+02 1.480129047338565442e+02
1.669260684594419786e+02 2.686797238095436455e+02 1.480052824752728213e+02
1.669559669354127891e+02 2.686711409207113093e+02 1.479976602166891269e+02
1.669559669354127891e+02 2.686711409207113093e+02 1.479976602166891269e+02
1.669845215905568523e+02 2.686575277096388845e+02 1.479987363830112770e+02
1.670130762457008871e+02 2.686439144985664598e+02 1.479998125493334271e+02
1.670416309008449502e+02 2.686303012874940350e+02 1.480008887156555772e+02
1.670701855559890134e+02 2.686166880764216103e+02 1.480019648819777558e+02
1.670987402111330766e+02 2.686030748653491855e+02 1.480030410482999059e+02
1.671272948662771114e+02 2.685894616542767608e+02 1.480041172146220561e+02
1.671558495214211746e+02 2.685758484432043360e+02 1.480051933809442062e+02
1.671844041765652378e+02 2.685622352321318544e+02 1.480062695472663563e+02
1.672129588317092725e+02 2.685486220210594297e+02 1.480073457135885064e+02
1.672415134868533357e+02 2.685350088099870050e+02 1.480084218799106850e+02
1.672700681419973989e+02 2.685213955989145802e+02 1.480094980462328351e+02
1.672986227971414621e+02 2.685077823878421555e+02 1.480105742125549853e+02
1.673271774522854969e+02 2.684941691767697307e+02 1.480116503788771354e+02
1.673557321074295601e+02 2.684805559656973060e+02 1.480127265451992855e+02
1.673842867625736233e+02 2.684669427546248812e+02 1.480138027115214356e+02
1.674128414177176580e+02 2.684533295435524565e+02 1.480148788778436142e+02
1.674413960728617212e+02 2.684397163324800317e+02 1.480159550441657643e+02
1.674699507280057844e+02 2.684261031214076070e+02 1.480170312104879144e+02
1.674985053831498192e+02 2.684124899103351822e+02 1.480181073768100646e+02
1.675270600382938824e+02 2.683988766992627575e+02 1.480191835431322147e+02
1.675556146934379456e+02 2.683852634881903327e+02 1.480202597094543648e+02
1.675841693485820088e+02 2.683716502771179080e+02 1.480213358757765434e+02
1.676127240037260435e+02 2.683580370660454832e+02 1.480224120420986935e+02
1.676412786588701067e+02 2.683444238549730017e+02 1.480234882084208436e+02
1.676698333140141699e+02 2.683308106439005769e+02 1.480245643747429938e+02
1.676983879691582047e+02 2.683171974328281522e+02 1.480256405410651439e+02
1.677269426243022679e+02 2.683035842217557274e+02 1.480267167073872940e+02
1.677554972794463310e+02 2.682899710106833027e+02 1.480277928737094726e+02
1.677840519345903942e+02 2.682763577996108779e+02 1.480288690400316227e+02
1.678126065897344290e+02 2.682627445885384532e+02 1.480299452063537728e+02
1.678411612448784922e+02 2.682491313774660284e+02 1.480310213726759230e+02
1.678411612448784922e+02 2.682491313774660284e+02 1.480310213726759230e+02
1.678710812016828129e+02 2.682596509184871820e+02 1.480298153176109395e+02
1.679010011584871052e+02 2.682701704595083356e+02 1.480286092625459275e+02
1.679309211152914258e+02 2.682806900005294892e+02 1.480274032074809440e+02
1.679608410720957181e+02 2.682912095415506428e+02 1.480261971524159321e+02
1.679907610289000388e+02 2.683017290825717964e+02 1.480249910973509486e+02
1.680206809857043595e+02 2.683122486235928932e+02 1.480237850422859367e+02
1.680506009425086518e+02 2.683227681646140468e+02 1.480225789872209532e+02
1.680805208993129725e+02 2.683332877056352004e+02 1.480213729321559697e+02
1.681104408561172647e+02 2.683438072466563540e+02 1.480201668770909578e+02
1.681403608129215854e+02 2.683543267876775076e+02 1.480189608220259743e+02
1.681702807697259061e+02 2.683648463286986612e+02 1.480177547669609623e+02
1.682002007265301984e+02 2.683753658697198148e+02 1.480165487118959788e+02
1.682301206833345191e+02 2.683858854107409684e+02 1.480153426568309669e+02
1.682600406401388113e+02 2.683964049517621220e+02 1.480141366017659834e+02
1.682899605969431320e+02 2.684069244927832187e+02 1.480129305467009999e+02
1.683198805537474527e+02 2.684174440338043723e+02 1.480117244916359880e+02
1.683498005105517450e+02 2.684279635748255259e+02 1.480105184365710045e+02
1.683797204673560657e+02 2.684384831158466795e+02 1.480093123815059926e+02
1.684096404241603580e+02 2.684490026568678331e+02 1.480081063264410091e+02
1.684395603809646786e+02 2.684595221978889867e+02 1.480069002713759971e+02
1.684694803377689993e+02 2.684700417389101403e+02 1.480056942163110136e+02
1.684994002945732916e+02 2.684805612799312939e+02 1.480044881612460017e+02
1.685293202513776123e+02 2.684910808209524475e+02 1.480032821061810182e+02
1.685592402081819046e+02 2.685016003619736011e+02 1.480020760511160347e+02
1.685891601649862253e+02 2.685121199029947547e+02 1.480008699960510228e+02
1.686190801217905459e+02 2.685226394440158515e+02 1.479996639409860393e+02
1.686490000785948382e+02 2.685331589850370051e+02 1.479984578859210274e+02
1.686789200353991589e+02 2.685436785260581587e+02 1.479972518308560439e+02
1.687088399922034512e+02 2.685541980670793123e+02 1.479960457757910319e+02
1.687387599490077719e+02 2.685647176081004659e+02 1.479948397207260484e+02
1.687387599490077719e+02 2.685647176081004659e+02 1.479948397207260484e+02
1.687652765922476021e+02 2.685811395383799436e+02 1.479920211881399439e+02
1.687917932354874608e+02 2.685975614686594781e+02 1.479892026555538678e+02
1.688183098787272911e+02 2.686139833989389558e+02 1.479863841229677632e+02
1.688448265219671214e+02 2.686304053292184335e+02 1.479835655903816587e+02
1.688713431652069801e+02 2.686468272594979680e+02 1.479807470577955542e+02
1.688978598084468103e+02 2.686632491897774457e+02 1.479779285252094496e+02
1.689243764516866406e+02 2.686796711200569234e+02 1.479751099926233735e+02
1.689508930949264709e+02 2.686960930503364580e+02 1.479722914600372690e+02
1.689774097381663296e+02 2.687125149806159357e+02 1.479694729274511644e+02
1.690039263814061599e+02 2.687289369108954133e+02 1.479666543948650883e+02
1.690304430246459901e+02 2.687453588411749479e+02 1.479638358622789838e+02
1.690569596678858488e+02 2.687617807714544256e+02 1.479610173296928792e+02
1.690834763111256791e+02 2.687782027017339033e+02 1.479581987971067747e+02
1.691099929543655094e+02 2.687946246320134378e+02 1.479553802645206702e+02
1.691365095976053681e+02 2.688110465622929155e+02 1.479525617319345940e+02
1.691630262408451983e+02 2.688274684925723932e+02 1.479497431993484895e+02
1.691895428840850286e+02 2.688438904228519277e+02 1.479469246667623850e+02
1.692160595273248873e+02 2.688603123531314054e+02 1.479441061341763088e+02
1.692425761705647176e+02 2.688767342834108831e+02 1.479412876015902043e+02
1.692690928138045479e+02 2.688931562136904176e+02 1.479384690690040998e+02
1.692956094570443781e+02 2.689095781439698953e+02 1.479356505364179952e+02
1.693221261002842368e+02 2.689260000742493730e+02 1.479328320038318907e+02
1.693486427435240671e+02 2.689424220045289076e+02 1.479300134712458146e+02
1.693751593867638974e+02 2.689588439348083853e+02 1.479271949386597100e+02
1.694016760300037561e+02 2.689752658650878629e+02 1.479243764060736055e+02
1.694281926732435863e+02 2.689916877953673975e+02 1.479215578734875294e+02
1.694547093164834166e+02 2.690081097256468752e+02 1.479187393409014248e+02
1.694812259597232753e+02 2.690245316559263529e+02 1.479159208083153203e+02
1.695077426029631056e+02 2.690409535862058874e+02 1.479131022757292158e+02
1.695342592462029359e+02 2.690573755164853651e+02 1.479102837431431112e+02
1.695607758894427661e+02 2.690737974467648428e+02 1.479074652105570351e+02
1.695872925326826248e+02 2.690902193770443773e+02 1.479046466779709306e+02
1.696138091759224551e+02 2.691066413073238550e+02 1.479018281453848260e+02
1.696403258191622854e+02 2.691230632376033327e+02 1.478990096127987499e+02
1.696668424624021441e+02 2.691394851678828672e+02 1.478961910802126454e+02
1.696933591056419743e+02 2.691559070981623449e+02 1.478933725476265408e+02
1.696933591056419743e+02 2.691559070981623449e+02 1.478933725476265408e+02
1.697121253716792921e+02 2.691753253921827422e+02 1.478778644803146278e+02
1.697308916377166383e+02 2.691947436862031964e+02 1.478623564130027148e+02
1.697496579037539561e+02 2.692141619802235937e+02 1.478468483456908018e+02
1.697684241697912739e+02 2.692335802742439910e+02 1.478313402783788888e+02
1.697871904358286201e+02 2.692529985682644451e+02 1.478158322110669758e+02
1.698059567018659379e+02 2.692724168622848424e+02 1.478003241437550628e+02
1.698247229679032557e+02 2.692918351563052397e+02 1.477848160764431498e+02
1.698434892339405735e+02 2.693112534503256370e+02 1.477693080091312368e+02
1.698622554999779197e+02 2.693306717443460911e+02 1.477537999418193237e+02
1.698810217660152375e+02 2.693500900383664884e+02 1.477382918745074107e+02
1.698997880320525553e+02 2.693695083323868857e+02 1.477227838071954977e+02
1.699185542980899015e+02 2.693889266264073399e+02 1.477072757398835847e+02
1.699373205641272193e+02 2.694083449204277372e+02 1.476917676725716717e+02
1.699560868301645371e+02 2.694277632144481345e+02 1.476762596052597587e+02
1.699748530962018833e+02 2.694471815084685886e+02 1.476607515379478741e+02
1.699936193622392011e+02 2.694665998024889859e+02 1.476452434706359611e+02
1.700123856282765189e+02 2.694860180965093832e+02 1.476297354033240481e+02
1.700311518943138651e+02 2.695054363905298374e+02 1.476142273360121351e+02
1.700499181603511829e+02 2.695248546845502347e+02 1.475987192687002221e+02
1.700686844263885007e+02 2.695442729785706319e+02 1.475832112013883091e+02
1.700874506924258469e+02 2.695636912725910861e+02 1.475677031340763961e+02
1.701062169584631647e+02 2.695831095666114834e+02 1.475521950667644830e+02
1.701249832245004825e+02 2.696025278606318807e+02 1.475366869994525700e+02
1.701437494905378003e+02 2.696219461546522780e+02 1.475211789321406570e+02
1.701625157565751465e+02 2.696413644486727321e+02 1.475056708648287440e+02
1.701812820226124643e+02 2.696607827426931294e+02 1.474901627975168310e+02
1.702000482886497821e+02 2.696802010367135267e+02 1.474746547302049180e+02
1.702188145546871283e+02 2.696996193307339809e+02 1.474591466628930050e+02
1.702375808207244461e+02 2.697190376247543782e+02 1.474436385955810920e+02
1.702375808207244461e+02 2.697190376247543782e+02 1.474436385955810920e+02
1.702604459182937546e+02 2.697436402083495750e+02 1.474462664029375105e+02
1.702833110158630632e+02 2.697682427919448287e+02 1.474488942102939291e+02
1.703061761134323433e+02 2.697928453755400255e+02 1.474515220176503476e+02
1.703290412110016518e+02 2.698174479591352792e+02 1.474541498250067662e+02
1.703519063085709604e+02 2.698420505427304761e+02 1.474567776323631847e+02
1.703747714061402689e+02 2.698666531263256729e+02 1.474594054397196032e+02
1.703976365037095775e+02 2.698912557099209266e+02 1.474620332470760218e+02
1.704205016012788860e+02 2.699158582935161235e+02 1.474646610544324403e+02
1.704433666988481662e+02 2.699404608771113203e+02 1.474672888617888304e+02
1.704662317964174747e+02 2.699650634607065740e+02 1.474699166691452490e+02
1.704890968939867832e+02 2.699896660443017709e+02 1.474725444765016675e+02
1.705119619915560918e+02 2.700142686278969677e+02 1.474751722838580861e+02
1.705348270891254003e+02 2.700388712114922214e+02 1.474778000912145046e+02
1.705576921866946805e+02 2.700634737950874182e+02 1.474804278985709232e+02
1.705805572842639890e+02 2.700880763786826719e+02 1.474830557059273417e+02
1.706034223818332975e+02 2.701126789622778688e+02 1.474856835132837602e+02
1.706034223818332975e+02 2.701126789622778688e+02 1.474856835132837602e+02
1.706183843871002068e+02 2.701268666065507205e+02 1.475122517330572407e+02
1.706333463923670877e+02 2.701410542508235721e+02 1.475388199528306927e+02
1.706483083976339685e+02 2.701552418950964807e+02 1.475653881726041732e+02
1.706632704029008778e+02 2.701694295393693324e+02 1.475919563923776536e+02
1.706782324081677871e+02 2.701836171836421840e+02 1.476185246121511057e+02
1.706931944134346679e+02 2.701978048279150926e+02 1.476450928319245861e+02
1.707081564187015488e+02 2.702119924721879443e+02 1.476716610516980666e+02
1.707231184239684580e+02 2.702261801164607959e+02 1.476982292714715186e+02
1.707380804292353673e+02 2.702403677607336476e+02 1.477247974912449990e+02
1.707530424345022482e+02 2.702545554050064993e+02 1.477513657110184795e+02
1.707680044397691290e+02 2.702687430492794078e+02 1.477779339307919599e+02
1.707829664450360383e+02 2.702829306935522595e+02 1.478045021505654120e+02
1.707979284503029476e+02 2.702971183378251112e+02 1.478310703703388924e+02
1.708128904555698284e+02 2.703113059820980197e+02 1.478576385901123729e+02
1.708278524608367093e+02 2.703254936263708714e+02 1.478842068098858249e+02
1.708428144661036185e+02 2.703396812706437231e+02 1.479107750296593053e+02
1.708428144661036185e+02 2.703396812706437231e+02 1.479107750296593053e+02
1.708250829997963365e+02 2.703541108652896128e+02 1.479351930330350058e+02
1.708073515334890260e+02 2.703685404599355593e+02 1.479596110364107346e+02
1.707896200671817439e+02 2.703829700545814489e+02 1.479840290397864351e+02
1.707718886008744335e+02 2.703973996492273955e+02 1.480084470431621639e+02
1.707541571345671514e+02 2.704118292438732851e+02 1.480328650465378644e+02
1.707364256682598693e+02 2.704262588385191748e+02 1.480572830499135932e+02
1.707186942019525588e+02 2.704406884331651213e+02 1.480817010532892937e+02
1.707009627356452768e+02 2.704551180278110110e+02 1.481061190566650225e+02
1.706832312693379947e+02 2.704695476224569006e+02 1.481305370600407230e+02
1.706654998030306842e+02 2.704839772171028471e+02 1.481549550634164518e+02
1.706477683367234022e+02 2.704984068117487368e+02 1.481793730667921523e+02
1.706300368704160917e+02 2.705128364063946833e+02 1.482037910701678811e+02
1.706123054041088096e+02 2.705272660010405730e+02 1.482282090735435816e+02
1.706123054041088096e+02 2.705272660010405730e+02 1.482282090735435816e+02
1.705880915726417868e+02 2.705248397144484898e+02 1.482494734913111074e+02
1.705638777411747640e+02 2.705224134278564065e+02 1.482707379090786333e+02
1.705396639097077411e+02 2.705199871412643233e+02 1.482920023268461591e+02
1.705154500782407183e+02 2.705175608546722970e+02 1.483132667446136850e+02
1.704912362467737239e+02 2.705151345680802137e+02 1.483345311623812108e+02
1.704670224153067011e+02 2.705127082814881305e+02 1.483557955801487367e+02
1.704428085838396782e+02 2.705102819948960473e+02 1.483770599979162625e+02
1.704185947523726554e+02 2.705078557083039641e+02 1.483983244156837884e+02
1.703943809209056326e+02 2.705054294217118809e+02 1.484195888334513143e+02
1.703701670894386098e+02 2.705030031351197977e+02 1.484408532512188117e+02
1.703459532579715869e+02 2.705005768485277713e+02 1.484621176689863375e+02
1.703217394265045641e+02 2.704981505619356881e+02 1.484833820867538634e+02
1.702975255950375413e+02 2.704957242753436049e+02 1.485046465045213893e+02
1.702733117635705185e+02 2.704932979887515216e+02 1.485259109222889151e+02
1.702490979321034956e+02 2.704908717021594384e+02 1.485471753400564410e+02
1.702248841006365012e+02 2.704884454155673552e+02 1.485684397578239668e+02
1.702006702691694784e+02 2.704860191289753288e+02 1.485897041755914927e+02
1.701764564377024556e+02 2.704835928423832456e+02 1.486109685933590185e+02
1.701522426062354327e+02 2.704811665557911624e+02 1.486322330111265444e+02
1.701280287747684099e+02 2.704787402691990792e+02 1.486534974288940703e+02
1.701280287747684099e+02 2.704787402691990792e+02 1.486534974288940703e+02
1.701125732681381066e+02 2.704628213022039063e+02 1.486766504173279202e+02
1.700971177615078318e+02 2.704469023352087333e+02 1.486998034057617417e+02
1.700816622548775285e+02 2.704309833682135604e+02 1.487229563941955917e+02
1.700662067482472253e+02 2.704150644012183875e+02 1.487461093826294132e+02
1.700507512416169504e+02 2.703991454342232146e+02 1.487692623710632631e+02
1.700352957349866472e+02 2.703832264672280417e+02 1.487924153594970846e+02
1.700198402283563723e+02 2.703673075002328687e+02 1.488155683479309346e+02
1.700043847217260691e+02 2.703513885332376958e+02 1.488387213363647845e+02
1.699889292150957658e+02 2.703354695662425229e+02 1.488618743247986060e+02
1.699734737084654910e+02 2.703195505992474068e+02 1.488850273132324560e+02
1.699580182018351877e+02 2.703036316322522339e+02 1.489081803016662775e+02
1.699425626952048844e+02 2.702877126652570610e+02 1.489313332901001274e+02
1.699271071885746096e+02 2.702717936982618880e+02 1.489544862785339774e+02
1.699116516819443063e+02 2.702558747312667151e+02 1.489776392669677989e+02
1.698961961753140315e+02 2.702399557642715422e+02 1.490007922554016488e+02
1.698807406686837282e+02 2.702240367972763693e+02 1.490239452438354704e+02
1.698652851620534250e+02 2.702081178302811963e+02 1.490470982322693203e+02
1.698498296554231501e+02 2.701921988632860234e+02 1.490702512207031418e+02
1.698343741487928469e+02 2.701762798962908505e+02 1.490934042091369918e+02
1.698343741487928469e+02 2.701762798962908505e+02 1.490934042091369918e+02
1.698105205536619735e+02 2.701562698439096266e+02 1.491025557353794966e+02
1.697866669585310717e+02 2.701362597915284027e+02 1.491117072616219730e+02
1.697628133634001983e+02 2.701162497391471788e+02 1.491208587878644778e+02
1.697389597682693250e+02 2.700962396867660118e+02 1.491300103141069826e+02
1.697151061731384232e+02 2.700762296343847879e+02 1.491391618403494590e+02
1.696912525780075498e+02 2.700562195820035640e+02 1.491483133665919638e+02
1.696673989828766764e+02 2.700362095296223401e+02 1.491574648928344402e+02
1.696435453877457746e+02 2.700161994772411163e+02 1.491666164190769450e+02
1.696196917926149013e+02 2.699961894248599492e+02 1.491757679453194498e+02
1.695958381974840279e+02 2.699761793724787253e+02 1.491849194715619262e+02
1.695719846023531261e+02 2.699561693200975014e+02 1.491940709978044310e+02
1.695481310072222527e+02 2.699361592677162776e+02 1.492032225240469074e+02
1.695242774120913793e+02 2.699161492153350537e+02 1.492123740502894123e+02
1.695004238169604776e+02 2.698961391629538298e+02 1.492215255765319171e+02
1.694765702218296042e+02 2.698761291105726059e+02 1.492306771027743935e+02
1.694527166266987308e+02 2.698561190581914389e+02 1.492398286290168983e+02
1.694288630315678290e+02 2.698361090058102150e+02 1.492489801552594031e+02
1.694050094364369556e+02 2.698160989534289911e+02 1.492581316815018795e+02
1.693811558413060823e+02 2.697960889010477672e+02 1.492672832077443843e+02
1.693573022461751805e+02 2.697760788486665433e+02 1.492764347339868891e+02
1.693334486510443071e+02 2.697560687962853763e+02 1.492855862602293655e+02
1.693095950559134337e+02 2.697360587439041524e+02 1.492947377864718703e+02
1.692857414607825319e+02 2.697160486915229285e+02 1.493038893127143467e+02
1.692618878656516586e+02 2.696960386391417046e+02 1.493130408389568515e+02
1.692618878656516586e+02 2.696960386391417046e+02 1.493130408389568515e+02
1.692410354174245981e+02 2.696716543371896933e+02 1.493133617005673557e+02
1.692201829691975092e+02 2.696472700352376819e+02 1.493136825621778598e+02
1.691993305209704488e+02 2.696228857332857274e+02 1.493140034237883356e+02
1.691784780727433599e+02 2.695985014313337160e+02 1.493143242853988397e+02
1.691576256245162995e+02 2.695741171293817047e+02 1.493146451470093439e+02
1.691367731762892106e+02 2.695497328274296933e+02 1.493149660086198480e+02
1.691159207280621501e+02 2.695253485254777388e+02 1.493152868702303522e+02
1.690950682798350613e+02 2.695009642235257274e+02 1.493156077318408563e+02
1.690742158316080008e+02 2.694765799215737161e+02 1.493159285934513321e+02
1.690533633833809120e+02 2.694521956196217047e+02 1.493162494550618362e+02
1.690325109351538515e+02 2.694278113176696934e+02 1.493165703166723404e+02
1.690116584869267911e+02 2.694034270157177389e+02 1.493168911782828445e+02
1.689908060386997022e+02 2.693790427137657275e+02 1.493172120398933487e+02
1.689699535904726417e+02 2.693546584118137162e+02 1.493175329015038244e+02
1.689491011422455529e+02 2.693302741098617048e+02 1.493178537631143286e+02
1.689282486940184924e+02 2.693058898079097503e+02 1.493181746247248327e+02
1.689073962457914035e+02 2.692815055059577389e+02 1.493184954863353369e+02
1.688865437975643431e+02 2.692571212040057276e+02 1.493188163479458410e+02
1.688656913493372542e+02 2.692327369020537162e+02 1.493191372095563452e+02
1.688448389011101938e+02 2.692083526001017617e+02 1.493194580711668209e+02
1.688239864528831049e+02 2.691839682981497504e+02 1.493197789327773251e+02
1.688031340046560445e+02 2.691595839961977390e+02 1.493200997943878292e+02
1.688031340046560445e+02 2.691595839961977390e+02 1.493200997943878292e+02
1.687843663282634452e+02 2.691434507989304734e+02 1.492989311795632261e+02
1.687655986518708175e+02 2.691273176016632078e+02 1.492777625647385946e+02
1.687468309754782183e+02 2.691111844043959422e+02 1.492565939499139915e+02
1.687280632990855906e+02 2.690950512071286767e+02 1.492354253350893885e+02
1.687092956226929914e+02 2.690789180098614111e+02 1.492142567202647570e+02
1.686905279463003637e+02 2.690627848125941455e+02 1.491930881054401539e+02
1.686717602699077645e+02 2.690466516153268799e+02 1.491719194906155508e+02
1.686529925935151368e+02 2.690305184180596711e+02 1.491507508757909193e+02
1.686342249171225376e+02 2.690143852207924056e+02 1.491295822609663162e+02
1.686154572407299099e+02 2.689982520235251400e+02 1.491084136461417131e+02
1.685966895643373107e+02 2.689821188262578744e+02 1.490872450313170816e+02
1.685779218879446830e+02 2.689659856289906088e+02 1.490660764164924785e+02
1.685591542115520838e+02 2.689498524317233432e+02 1.490449078016678754e+02
1.685403865351594561e+02 2.689337192344560776e+02 1.490237391868432439e+02
1.685216188587668569e+02 2.689175860371888120e+02 1.490025705720186409e+02
1.685216188587668569e+02 2.689175860371888120e+02 1.490025705720186409e+02
1.685086912651055968e+02 2.689075741820291228e+02 1.489737186383009089e+02
1.684957636714443083e+02 2.688975623268694335e+02 1.489448667045831769e+02
1.684828360777830483e+02 2.688875504717097442e+02 1.489160147708654733e+02
1.684699084841217598e+02 2.688775386165500549e+02 1.488871628371477414e+02
1.684569808904604997e+02 2.688675267613904225e+02 1.488583109034300094e+02
1.684440532967992397e+02 2.688575149062307332e+02 1.488294589697122774e+02
1.684311257031379512e+02 2.688475030510710440e+02 1.488006070359945454e+02
1.684181981094766911e+02 2.688374911959113547e+02 1.487717551022768419e+02
1.684052705158154026e+02 2.688274793407516654e+02 1.487429031685591099e+02
1.683923429221541426e+02 2.688174674855919761e+02 1.487140512348413779e+02
