1.719901105919132647e+02 2.016689009144313616e+02 8.363090211522577988e+01
1.719993619940920269e+02 2.016460243358772289e+02 8.362996373305897180e+01
1.720086133962708175e+02 2.016231477573231246e+02 8.362902535089216371e+01
1.720178647984495797e+02 2.016002711787689918e+02 8.362808696872536984e+01
1.720271162006283419e+02 2.015773946002148875e+02 8.362714858655856176e+01
1.720363676028071040e+02 2.015545180216607548e+02 8.362621020439175368e+01
1.720456190049858947e+02 2.015316414431066505e+02 8.362527182222494559e+01
1.720548704071646569e+02 2.015087648645525178e+02 8.362433344005815172e+01
1.720641218093434190e+02 2.014858882859984135e+02 8.362339505789134364e+01
1.720733732115221812e+02 2.014630117074442808e+02 8.362245667572453556e+01
1.720826246137009718e+02 2.014401351288901765e+02 8.362151829355772747e+01
1.720918760158797340e+02 2.014172585503360438e+02 8.362057991139093360e+01
1.721011274180584962e+02 2.013943819717819395e+02 8.361964152922412552e+01
1.721103788202372868e+02 2.013715053932278067e+02 8.361870314705731744e+01
1.721196302224160490e+02 2.013486288146737024e+02 8.361776476489050935e+01
1.721288816245948112e+02 2.013257522361195697e+02 8.361682638272371548e+01
1.721381330267735734e+02 2.013028756575654654e+02 8.361588800055690740e+01
1.721473844289523640e+02 2.012799990790113327e+02 8.361494961839009932e+01
1.721566358311311262e+02 2.012571225004572284e+02 8.361401123622329123e+01
1.721658872333098884e+02 2.012342459219030957e+02 8.361307285405649736e+01
1.721751386354886506e+02 2.012113693433489914e+02 8.361213447188968928e+01
1.721843900376674412e+02 2.011884927647948587e+02 8.361119608972288120e+01
1.721936414398462034e+02 2.011656161862407544e+02 8.361025770755607311e+01
1.722028928420249656e+02 2.011427396076866216e+02 8.360931932538927924e+01
1.722121442442037562e+02 2.011198630291325173e+02 8.360838094322247116e+01
1.722213956463825184e+02 2.010969864505783846e+02 8.360744256105566308e+01
1.722306470485612806e+02 2.010741098720242803e+02 8.360650417888885499e+01
1.722398984507400428e+02 2.010512332934701476e+02 8.360556579672206112e+01
1.722491498529188334e+02 2.010283567149160433e+02 8.360462741455525304e+01
1.722584012550975956e+02 2.010054801363619106e+02 8.360368903238844496e+01
1.722676526572763578e+02 2.009826035578078063e+02 8.360275065022163687e+01
1.722769040594551200e+02 2.009597269792536736e+02 8.360181226805484300e+01
1.722861554616339106e+02 2.009368504006995693e+02 8.360087388588803492e+01
1.722954068638126728e+02 2.009139738221454365e+02 8.359993550372122684e+01
1.722954068638126728e+02 2.009139738221454365e+02 8.359993550372122684e+01
1.722964064766386230e+02 2.008847123123215681e+02 8.359975982908559899e+01
1.722974060894645731e+02 2.008554508024976997e+02 8.359958415444997115e+01
1.722984057022904949e+02 2.008261892926738312e+02 8.359940847981432910e+01
1.722994053151164451e+02 2.007969277828499628e+02 8.359923280517870126e+01
1.723004049279423953e+02 2.007676662730260659e+02 8.359905713054307341e+01
1.723014045407683454e+02 2.007384047632021975e+02 8.359888145590744557e+01
1.723024041535942956e+02 2.007091432533783291e+02 8.359870578127181773e+01
1.723034037664202174e+02 2.006798817435544606e+02 8.359853010663617567e+01
1.723044033792461676e+02 2.006506202337305922e+02 8.359835443200054783e+01
1.723054029920721177e+02 2.006213587239067238e+02 8.359817875736491999e+01
1.723064026048980679e+02 2.005920972140828553e+02 8.359800308272929215e+01
1.723074022177240181e+02 2.005628357042589869e+02 8.359782740809366430e+01
1.723084018305499399e+02 2.005335741944351184e+02 8.359765173345803646e+01
1.723094014433758900e+02 2.005043126846112216e+02 8.359747605882239441e+01
1.723104010562018402e+02 2.004750511747873531e+02 8.359730038418676656e+01
1.723114006690277904e+02 2.004457896649634847e+02 8.359712470955113872e+01
1.723124002818537406e+02 2.004165281551396163e+02 8.359694903491551088e+01
1.723133998946796908e+02 2.003872666453157478e+02 8.359677336027988304e+01
1.723143995075056125e+02 2.003580051354918794e+02 8.359659768564424098e+01
1.723153991203315627e+02 2.003287436256680110e+02 8.359642201100861314e+01
1.723163987331575129e+02 2.002994821158441425e+02 8.359624633637298530e+01
1.723173983459834631e+02 2.002702206060202457e+02 8.359607066173735745e+01
1.723183979588094132e+02 2.002409590961963772e+02 8.359589498710172961e+01
1.723193975716353350e+02 2.002116975863725088e+02 8.359571931246608756e+01
1.723203971844612852e+02 2.001824360765486404e+02 8.359554363783045972e+01
1.723213967972872354e+02 2.001531745667247719e+02 8.359536796319483187e+01
1.723213967972872354e+02 2.001531745667247719e+02 8.359536796319483187e+01
1.722951145270187965e+02 2.001292089542021699e+02 8.358757581843930495e+01
1.722688322567503576e+02 2.001052433416795679e+02 8.357978367368379224e+01
1.722425499864819187e+02 2.000812777291569660e+02 8.357199152892826532e+01
1.722162677162134798e+02 2.000573121166343640e+02 8.356419938417273841e+01
1.721899854459450410e+02 2.000333465041117620e+02 8.355640723941722570e+01
1.721637031756766021e+02 2.000093808915891600e+02 8.354861509466169878e+01
1.721374209054081632e+02 1.999854152790665580e+02 8.354082294990617186e+01
1.721111386351397243e+02 1.999614496665439560e+02 8.353303080515065915e+01
1.720848563648712855e+02 1.999374840540213540e+02 8.352523866039513223e+01
1.720585740946028466e+02 1.999135184414987521e+02 8.351744651563960531e+01
1.720322918243344077e+02 1.998895528289761501e+02 8.350965437088409260e+01
1.720060095540659404e+02 1.998655872164535481e+02 8.350186222612856568e+01
1.719797272837975015e+02 1.998416216039309461e+02 8.349407008137303876e+01
1.719534450135290626e+02 1.998176559914083441e+02 8.348627793661752605e+01
1.719271627432606238e+02 1.997936903788857421e+02 8.347848579186199913e+01
1.719008804729921849e+02 1.997697247663631401e+02 8.347069364710647221e+01
1.718745982027237460e+02 1.997457591538405381e+02 8.346290150235095950e+01
1.718483159324553071e+02 1.997217935413179362e+02 8.345510935759543258e+01
1.718220336621868682e+02 1.996978279287953342e+02 8.344731721283990566e+01
1.717957513919184294e+02 1.996738623162727322e+02 8.343952506808439296e+01
1.717694691216499905e+02 1.996498967037501302e+02 8.343173292332886604e+01
1.717431868513815516e+02 1.996259310912275282e+02 8.342394077857333912e+01
1.717169045811131127e+02 1.996019654787049262e+02 8.341614863381782641e+01
1.716906223108446738e+02 1.995779998661823242e+02 8.340835648906229949e+01
1.716906223108446738e+02 1.995779998661823242e+02 8.340835648906229949e+01
1.716651156093824397e+02 1.995547414597459692e+02 8.340079428427559094e+01
1.716396089079202056e+02 1.995314830533096142e+02 8.339323207948888239e+01
1.716141022064580000e+02 1.995082246468732592e+02 8.338566987470217384e+01
1.715885955049957659e+02 1.994849662404369042e+02 8.337810766991546529e+01
1.715630888035335317e+02 1.994617078340005492e+02 8.337054546512875675e+01
1.715375821020712976e+02 1.994384494275641941e+02 8.336298326034204820e+01
1.715120754006090635e+02 1.994151910211278391e+02 8.335542105555532544e+01
1.714865686991468294e+02 1.993919326146914841e+02 8.334785885076861689e+01
1.714610619976846237e+02 1.993686742082551291e+02 8.334029664598190834e+01
1.714355552962223896e+02 1.993454158018187741e+02 8.333273444119519979e+01
1.714100485947601555e+02 1.993221573953824191e+02 8.332517223640849124e+01
1.713845418932979214e+02 1.992988989889460640e+02 8.331761003162178270e+01
1.713590351918356873e+02 1.992756405825097090e+02 8.331004782683507415e+01
1.713335284903734532e+02 1.992523821760733540e+02 8.330248562204836560e+01
1.713080217889112475e+02 1.992291237696370274e+02 8.329492341726165705e+01
1.712825150874490134e+02 1.992058653632006724e+02 8.328736121247494850e+01
1.712570083859867793e+02 1.991826069567643174e+02 8.327979900768823995e+01
1.712315016845245452e+02 1.991593485503279624e+02 8.327223680290153141e+01
1.712059949830623111e+02 1.991360901438916073e+02 8.326467459811482286e+01
1.711804882816001054e+02 1.991128317374552523e+02 8.325711239332811431e+01
1.711549815801378713e+02 1.990895733310188973e+02 8.324955018854140576e+01
1.711294748786756372e+02 1.990663149245825423e+02 8.324198798375468300e+01
1.711039681772134031e+02 1.990430565181461873e+02 8.323442577896797445e+01
1.710784614757511690e+02 1.990197981117098323e+02 8.322686357418126590e+01
1.710529547742889349e+02 1.989965397052734772e+02 8.321930136939455736e+01
1.710274480728267292e+02 1.989732812988371222e+02 8.321173916460784881e+01
1.710019413713644951e+02 1.989500228924007672e+02 8.320417695982114026e+01
1.709764346699022610e+02 1.989267644859644122e+02 8.319661475503443171e+01
1.709764346699022610e+02 1.989267644859644122e+02 8.319661475503443171e+01
1.709457856469299486e+02 1.989261663499587200e+02 8.321104897143378309e+01
1.709151366239576362e+02 1.989255682139529995e+02 8.322548318783312027e+01
1.708844876009853238e+02 1.989249700779473073e+02 8.323991740423247165e+01
1.708538385780130113e+02 1.989243719419415868e+02 8.325435162063182304e+01
1.708231895550406989e+02 1.989237738059358946e+02 8.326878583703116021e+01
1.707925405320683865e+02 1.989231756699301741e+02 8.328322005343051160e+01
1.707618915090960741e+02 1.989225775339244819e+02 8.329765426982986298e+01
1.707312424861237901e+02 1.989219793979187898e+02 8.331208848622920016e+01
1.707005934631514776e+02 1.989213812619130692e+02 8.332652270262855154e+01
1.706699444401791652e+02 1.989207831259073771e+02 8.334095691902790293e+01
1.706392954172068528e+02 1.989201849899016565e+02 8.335539113542724010e+01
1.706086463942345404e+02 1.989195868538959644e+02 8.336982535182659149e+01
1.705779973712622279e+02 1.989189887178902723e+02 8.338425956822594287e+01
1.705473483482899155e+02 1.989183905818845517e+02 8.339869378462528005e+01
1.705166993253176031e+02 1.989177924458788596e+02 8.341312800102463143e+01
1.704860503023452907e+02 1.989171943098731390e+02 8.342756221742398282e+01
1.704554012793729783e+02 1.989165961738674469e+02 8.344199643382333420e+01
1.704247522564006658e+02 1.989159980378617263e+02 8.345643065022267137e+01
1.703941032334283534e+02 1.989153999018560341e+02 8.347086486662202276e+01
1.703634542104560410e+02 1.989148017658503420e+02 8.348529908302137414e+01
1.703328051874837286e+02 1.989142036298446214e+02 8.349973329942071132e+01
1.703021561645114161e+02 1.989136054938389293e+02 8.351416751582006270e+01
1.702715071415391037e+02 1.989130073578332087e+02 8.352860173221941409e+01
1.702408581185668197e+02 1.989124092218275166e+02 8.354303594861875126e+01
1.702102090955945073e+02 1.989118110858218245e+02 8.355747016501810265e+01
1.701795600726221949e+02 1.989112129498161039e+02 8.357190438141745403e+01
1.701489110496498824e+02 1.989106148138104118e+02 8.358633859781679121e+01
1.701182620266775700e+02 1.989100166778046912e+02 8.360077281421614259e+01
1.700876130037052576e+02 1.989094185417989991e+02 8.361520703061549398e+01
1.700569639807329452e+02 1.989088204057932785e+02 8.362964124701483115e+01
1.700263149577606328e+02 1.989082222697875864e+02 8.364407546341418254e+01
1.700263149577606328e+02 1.989082222697875864e+02 8.364407546341418254e+01
1.700086391776895027e+02 1.988892033324971464e+02 8.364204404654572045e+01
1.699909633976183727e+02 1.988701843952066781e+02 8.364001262967725836e+01
1.699732876175472427e+02 1.988511654579162382e+02 8.363798121280879627e+01
1.699556118374761127e+02 1.988321465206257983e+02 8.363594979594033418e+01
1.699379360574050111e+02 1.988131275833353584e+02 8.363391837907187210e+01
1.699202602773338810e+02 1.987941086460448901e+02 8.363188696220341001e+01
1.699025844972627510e+02 1.987750897087544502e+02 8.362985554533494792e+01
1.698849087171916210e+02 1.987560707714640102e+02 8.362782412846648583e+01
1.698672329371204910e+02 1.987370518341735419e+02 8.362579271159802374e+01
1.698495571570493610e+02 1.987180328968831020e+02 8.362376129472956166e+01
1.698318813769782309e+02 1.986990139595926621e+02 8.362172987786109957e+01
1.698142055969071009e+02 1.986799950223021938e+02 8.361969846099263748e+01
1.697965298168359993e+02 1.986609760850117539e+02 8.361766704412417539e+01
1.697788540367648693e+02 1.986419571477213140e+02 8.361563562725571330e+01
1.697611782566937393e+02 1.986229382104308741e+02 8.361360421038725121e+01
1.697435024766226093e+02 1.986039192731404057e+02 8.361157279351878913e+01
1.697258266965514792e+02 1.985849003358499658e+02 8.360954137665032704e+01
1.697081509164803492e+02 1.985658813985595259e+02 8.360750995978186495e+01
1.696904751364092192e+02 1.985468624612690576e+02 8.360547854291340286e+01
1.696727993563380892e+02 1.985278435239786177e+02 8.360344712604494077e+01
1.696551235762669592e+02 1.985088245866881778e+02 8.360141570917647869e+01
1.696374477961958576e+02 1.984898056493977379e+02 8.359938429230801660e+01
1.696197720161247275e+02 1.984707867121072695e+02 8.359735287543955451e+01
1.696020962360535975e+02 1.984517677748168296e+02 8.359532145857109242e+01
1.695844204559824675e+02 1.984327488375263897e+02 8.359329004170263033e+01
1.695667446759113375e+02 1.984137299002359214e+02 8.359125862483416824e+01
1.695490688958402075e+02 1.983947109629454815e+02 8.358922720796570616e+01
1.695313931157690774e+02 1.983756920256550416e+02 8.358719579109724407e+01
1.695137173356979474e+02 1.983566730883645732e+02 8.358516437422878198e+01
1.694960415556268458e+02 1.983376541510741333e+02 8.358313295736031989e+01
1.694783657755557158e+02 1.983186352137836934e+02 8.358110154049185780e+01
1.694606899954845858e+02 1.982996162764932535e+02 8.357907012362339572e+01
1.694430142154134558e+02 1.982805973392027852e+02 8.357703870675493363e+01
1.694253384353423257e+02 1.982615784019123453e+02 8.357500728988647154e+01
1.694253384353423257e+02 1.982615784019123453e+02 8.357500728988647154e+01
1.694105377324576125e+02 1.982364564460571046e+02 8.357424893242546204e+01
1.693957370295728708e+02 1.982113344902018639e+02 8.357349057496445255e+01
1.693809363266881576e+02 1.981862125343466516e+02 8.357273221750344305e+01
1.693661356238034443e+02 1.981610905784914110e+02 8.357197386004243356e+01
1.693513349209187311e+02 1.981359686226361703e+02 8.357121550258142406e+01
1.693365342180339894e+02 1.981108466667809296e+02 8.357045714512041457e+01
1.693217335151492762e+02 1.980857247109257173e+02 8.356969878765940507e+01
1.693069328122645629e+02 1.980606027550704766e+02 8.356894043019839557e+01
1.692921321093798213e+02 1.980354807992152359e+02 8.356818207273738608e+01
1.692773314064951080e+02 1.980103588433599953e+02 8.356742371527637658e+01
1.692625307036103948e+02 1.979852368875047546e+02 8.356666535781536709e+01
1.692477300007256815e+02 1.979601149316495423e+02 8.356590700035435759e+01
1.692329292978409399e+02 1.979349929757943016e+02 8.356514864289334810e+01
1.692181285949562266e+02 1.979098710199390609e+02 8.356439028543233860e+01
1.692033278920715134e+02 1.978847490640838203e+02 8.356363192797132911e+01
1.691885271891867717e+02 1.978596271082285796e+02 8.356287357051031961e+01
1.691737264863020584e+02 1.978345051523733673e+02 8.356211521304931011e+01
1.691589257834173452e+02 1.978093831965181266e+02 8.356135685558830062e+01
1.691441250805326320e+02 1.977842612406628859e+02 8.356059849812729112e+01
1.691293243776478903e+02 1.977591392848076453e+02 8.355984014066628163e+01
1.691145236747631770e+02 1.977340173289524046e+02 8.355908178320527213e+01
1.690997229718784638e+02 1.977088953730971923e+02 8.355832342574426264e+01
1.690849222689937221e+02 1.976837734172419516e+02 8.355756506828325314e+01
1.690701215661090089e+02 1.976586514613867109e+02 8.355680671082224364e+01
1.690553208632242956e+02 1.976335295055314702e+02 8.355604835336123415e+01
1.690405201603395824e+02 1.976084075496762580e+02 8.355528999590022465e+01
1.690257194574548407e+02 1.975832855938210173e+02 8.355453163843921516e+01
1.690109187545701275e+02 1.975581636379657766e+02 8.355377328097820566e+01
1.690109187545701275e+02 1.975581636379657766e+02 8.355377328097820566e+01
1.689968992808151143e+02 1.975343677004667313e+02 8.355305495208502009e+01
1.689828798070601295e+02 1.975105717629676860e+02 8.355233662319183452e+01
1.689688603333051162e+02 1.974867758254686407e+02 8.355161829429864895e+01
1.689548408595501030e+02 1.974629798879695670e+02 8.355089996540546338e+01
1.689408213857951182e+02 1.974391839504705217e+02 8.355018163651227781e+01
1.689268019120401050e+02 1.974153880129714764e+02 8.354946330761909223e+01
1.689127824382850918e+02 1.973915920754724311e+02 8.354874497872592087e+01
1.688987629645300785e+02 1.973677961379733858e+02 8.354802664983273530e+01
1.688847434907750937e+02 1.973440002004743405e+02 8.354730832093954973e+01
1.688707240170200805e+02 1.973202042629752668e+02 8.354658999204636416e+01
1.688567045432650673e+02 1.972964083254762215e+02 8.354587166315317859e+01
1.688426850695100825e+02 1.972726123879771762e+02 8.354515333425999302e+01
1.688286655957550693e+02 1.972488164504781309e+02 8.354443500536680745e+01
1.688146461220000560e+02 1.972250205129790857e+02 8.354371667647362187e+01
1.688006266482450712e+02 1.972012245754800404e+02 8.354299834758043630e+01
1.687866071744900580e+02 1.971774286379809951e+02 8.354228001868725073e+01
1.687725877007350448e+02 1.971536327004819213e+02 8.354156168979406516e+01
1.687585682269800600e+02 1.971298367629828761e+02 8.354084336090087959e+01
1.687445487532250468e+02 1.971060408254838308e+02 8.354012503200769402e+01
1.687305292794700335e+02 1.970822448879847855e+02 8.353940670311452266e+01
1.687165098057150203e+02 1.970584489504857402e+02 8.353868837422133709e+01
1.687024903319600355e+02 1.970346530129866949e+02 8.353797004532815151e+01
1.686884708582050223e+02 1.970108570754876212e+02 8.353725171643496594e+01
1.686744513844500091e+02 1.969870611379885759e+02 8.353653338754178037e+01
1.686604319106950243e+02 1.969632652004895306e+02 8.353581505864859480e+01
1.686464124369400110e+02 1.969394692629904853e+02 8.353509672975540923e+01
1.686464124369400110e+02 1.969394692629904853e+02 8.353509672975540923e+01
1.686234395480340424e+02 1.969147506971492874e+02 8.353245653430982998e+01
1.686004666591281023e+02 1.968900321313080610e+02 8.352981633886425072e+01
1.685774937702221337e+02 1.968653135654668631e+02 8.352717614341867147e+01
1.685545208813161651e+02 1.968405949996256368e+02 8.352453594797307801e+01
1.685315479924101965e+02 1.968158764337844389e+02 8.352189575252749876e+01
1.685085751035042563e+02 1.967911578679432125e+02 8.351925555708191951e+01
1.684856022145982877e+02 1.967664393021020146e+02 8.351661536163634025e+01
1.684626293256923191e+02 1.967417207362607883e+02 8.351397516619076100e+01
1.684396564367863505e+02 1.967170021704195904e+02 8.351133497074518175e+01
1.684166835478804103e+02 1.966922836045783640e+02 8.350869477529960250e+01
1.683937106589744417e+02 1.966675650387371661e+02 8.350605457985400903e+01
1.683707377700684731e+02 1.966428464728959682e+02 8.350341438440842978e+01
1.683477648811625329e+02 1.966181279070547419e+02 8.350077418896285053e+01
1.683247919922565643e+02 1.965934093412135439e+02 8.349813399351727128e+01
1.683018191033505957e+02 1.965686907753723176e+02 8.349549379807169203e+01
1.682788462144446271e+02 1.965439722095311197e+02 8.349285360262611277e+01
1.682558733255386869e+02 1.965192536436898934e+02 8.349021340718053352e+01
1.682329004366327183e+02 1.964945350778486954e+02 8.348757321173495427e+01
1.682099275477267497e+02 1.964698165120074691e+02 8.348493301628936081e+01
1.681869546588207811e+02 1.964450979461662712e+02 8.348229282084378156e+01
1.681639817699148409e+02 1.964203793803250448e+02 8.347965262539820230e+01
1.681410088810088723e+02 1.963956608144838469e+02 8.347701242995262305e+01
1.681410088810088723e+02 1.963956608144838469e+02 8.347701242995262305e+01
1.681106225264888394e+02 1.963629654443911932e+02 8.347352023029327484e+01
1.680802361719687781e+02 1.963302700742985110e+02 8.347002803063392662e+01
1.680498498174487452e+02 1.962975747042058572e+02 8.346653583097457840e+01
1.680194634629286838e+02 1.962648793341131750e+02 8.346304363131523019e+01
1.679890771084086509e+02 1.962321839640205212e+02 8.345955143165588197e+01
1.679586907538886180e+02 1.961994885939278674e+02 8.345605923199653375e+01
1.679283043993685567e+02 1.961667932238351852e+02 8.345256703233718554e+01
1.678979180448485238e+02 1.961340978537425315e+02 8.344907483267783732e+01
1.678675316903284624e+02 1.961014024836498493e+02 8.344558263301848910e+01
1.678371453358084295e+02 1.960687071135571955e+02 8.344209043335914089e+01
1.678067589812883966e+02 1.960360117434645417e+02 8.343859823369979267e+01
1.677763726267683353e+02 1.960033163733718595e+02 8.343510603404045867e+01
1.677459862722483024e+02 1.959706210032792058e+02 8.343161383438111045e+01
1.677155999177282695e+02 1.959379256331865520e+02 8.342812163472176223e+01
1.676852135632082081e+02 1.959052302630938698e+02 8.342462943506241402e+01
1.676548272086881752e+02 1.958725348930012160e+02 8.342113723540306580e+01
1.676244408541681139e+02 1.958398395229085338e+02 8.341764503574371759e+01
1.675940544996480810e+02 1.958071441528158800e+02 8.341415283608436937e+01
1.675636681451280481e+02 1.957744487827232263e+02 8.341066063642502115e+01
1.675332817906079867e+02 1.957417534126305441e+02 8.340716843676567294e+01
1.675028954360879538e+02 1.957090580425378903e+02 8.340367623710632472e+01
1.674725090815678925e+02 1.956763626724452081e+02 8.340018403744697650e+01
1.674421227270478596e+02 1.956436673023525543e+02 8.339669183778762829e+01
1.674421227270478596e+02 1.956436673023525543e+02 8.339669183778762829e+01
1.674197374923146810e+02 1.956259788486475770e+02 8.341711102756586627e+01
1.673973522575815309e+02 1.956082903949425997e+02 8.343753021734410424e+01
1.673749670228483524e+02 1.955906019412376224e+02 8.345794940712235643e+01
1.673525817881151738e+02 1.955729134875326451e+02 8.347836859690059441e+01
1.673301965533819953e+02 1.955552250338276679e+02 8.349878778667883239e+01
1.673078113186488451e+02 1.955375365801226906e+02 8.351920697645707037e+01
1.672854260839156666e+02 1.955198481264177133e+02 8.353962616623532256e+01
1.672630408491824880e+02 1.955021596727127360e+02 8.356004535601356054e+01
1.672406556144493095e+02 1.954844712190077303e+02 8.358046454579179851e+01
1.672182703797161594e+02 1.954667827653027530e+02 8.360088373557003649e+01
1.671958851449829808e+02 1.954490943115977757e+02 8.362130292534828868e+01
1.671734999102498023e+02 1.954314058578927984e+02 8.364172211512652666e+01
1.671511146755166521e+02 1.954137174041878211e+02 8.366214130490476464e+01
1.671287294407834736e+02 1.953960289504828438e+02 8.368256049468300262e+01
1.671063442060502950e+02 1.953783404967778665e+02 8.370297968446125481e+01
1.670839589713171165e+02 1.953606520430728892e+02 8.372339887423949278e+01
1.670615737365839664e+02 1.953429635893679119e+02 8.374381806401773076e+01
1.670391885018507878e+02 1.953252751356629346e+02 8.376423725379596874e+01
1.670168032671176093e+02 1.953075866819579574e+02 8.378465644357422093e+01
1.669944180323844307e+02 1.952898982282529801e+02 8.380507563335245891e+01
1.669720327976512806e+02 1.952722097745480028e+02 8.382549482313069689e+01
1.669496475629181020e+02 1.952545213208430255e+02 8.384591401290893486e+01
1.669272623281849235e+02 1.952368328671380482e+02 8.386633320268718705e+01
1.669048770934517734e+02 1.952191444134330709e+02 8.388675239246542503e+01
1.668824918587185948e+02 1.952014559597280652e+02 8.390717158224366301e+01
1.668601066239854163e+02 1.951837675060230879e+02 8.392759077202190099e+01
1.668377213892522377e+02 1.951660790523181106e+02 8.394800996180015318e+01
1.668153361545190876e+02 1.951483905986131333e+02 8.396842915157839116e+01
1.667929509197859090e+02 1.951307021449081560e+02 8.398884834135662913e+01
1.667705656850527305e+02 1.951130136912031787e+02 8.400926753113486711e+01
1.667481804503195519e+02 1.950953252374982014e+02 8.402968672091311930e+01
1.667257952155864018e+02 1.950776367837932241e+02 8.405010591069135728e+01
1.667034099808532233e+02 1.950599483300882468e+02 8.407052510046959526e+01
1.667034099808532233e+02 1.950599483300882468e+02 8.407052510046959526e+01
1.666874764045117843e+02 1.950742613969330250e+02 8.409211973684543295e+01
1.666715428281703453e+02 1.950885744637777748e+02 8.411371437322127065e+01
1.666556092518289063e+02 1.951028875306225530e+02 8.413530900959710834e+01
1.666396756754874673e+02 1.951172005974673027e+02 8.415690364597296025e+01
1.666237420991460283e+02 1.951315136643120809e+02 8.417849828234879794e+01
1.666078085228045893e+02 1.951458267311568591e+02 8.420009291872463564e+01
1.665918749464631503e+02 1.951601397980016088e+02 8.422168755510047333e+01
1.665759413701217113e+02 1.951744528648463870e+02 8.424328219147631103e+01
1.665600077937802723e+02 1.951887659316911652e+02 8.426487682785214872e+01
1.665440742174388049e+02 1.952030789985359149e+02 8.428647146422798642e+01
1.665281406410973659e+02 1.952173920653806931e+02 8.430806610060382411e+01
1.665122070647559269e+02 1.952317051322254429e+02 8.432966073697967602e+01
1.664962734884144879e+02 1.952460181990702210e+02 8.435125537335551371e+01
1.664803399120730489e+02 1.952603312659149992e+02 8.437285000973135141e+01
1.664644063357316099e+02 1.952746443327597490e+02 8.439444464610718910e+01
1.664484727593901709e+02 1.952889573996045272e+02 8.441603928248302680e+01
1.664325391830487320e+02 1.953032704664493053e+02 8.443763391885886449e+01
1.664166056067072930e+02 1.953175835332940551e+02 8.445922855523470218e+01
1.664006720303658540e+02 1.953318966001388333e+02 8.448082319161055409e+01
1.663847384540244150e+02 1.953462096669835830e+02 8.450241782798639179e+01
1.663688048776829760e+02 1.953605227338283612e+02 8.452401246436222948e+01
1.663528713013415370e+02 1.953748358006731394e+02 8.454560710073806717e+01
1.663369377250000980e+02 1.953891488675178891e+02 8.456720173711390487e+01
1.663210041486586590e+02 1.954034619343626673e+02 8.458879637348974256e+01
1.663050705723172200e+02 1.954177750012074455e+02 8.461039100986558026e+01
1.662891369959757810e+02 1.954320880680521952e+02 8.463198564624143216e+01
1.662732034196343420e+02 1.954464011348969734e+02 8.465358028261726986e+01
1.662572698432928746e+02 1.954607142017417232e+02 8.467517491899310755e+01
1.662413362669514356e+02 1.954750272685865014e+02 8.469676955536894525e+01
1.662254026906099966e+02 1.954893403354312795e+02 8.471836419174478294e+01
1.662094691142685576e+02 1.955036534022760293e+02 8.473995882812062064e+01
1.661935355379271186e+02 1.955179664691208075e+02 8.476155346449645833e+01
1.661776019615856796e+02 1.955322795359655856e+02 8.478314810087229603e+01
1.661616683852442407e+02 1.955465926028103354e+02 8.480474273724814793e+01
1.661457348089028017e+02 1.955609056696551136e+02 8.482633737362398563e+01
1.661298012325613627e+02 1.955752187364998633e+02 8.484793200999982332e+01
1.661138676562199237e+02 1.955895318033446415e+02 8.486952664637566102e+01
1.661138676562199237e+02 1.955895318033446415e+02 8.486952664637566102e+01
1.660935218957359041e+02 1.956082565555354620e+02 8.486323107498884610e+01
1.660731761352518845e+02 1.956269813077262825e+02 8.485693550360203119e+01
1.660528303747678649e+02 1.956457060599171029e+02 8.485063993221521628e+01
1.660324846142838453e+02 1.956644308121079234e+02 8.484434436082840136e+01
1.660121388537997973e+02 1.956831555642987439e+02 8.483804878944158645e+01
1.659917930933157777e+02 1.957018803164895644e+02 8.483175321805477154e+01
1.659714473328317581e+02 1.957206050686803849e+02 8.482545764666795662e+01
1.659511015723477385e+02 1.957393298208712054e+02 8.481916207528114171e+01
1.659307558118637189e+02 1.957580545730619974e+02 8.481286650389432680e+01
1.659104100513796993e+02 1.957767793252528179e+02 8.480657093250752609e+01
1.658900642908956797e+02 1.957955040774436384e+02 8.480027536112071118e+01
1.658697185304116601e+02 1.958142288296344589e+02 8.479397978973389627e+01
1.658493727699276405e+02 1.958329535818252793e+02 8.478768421834708136e+01
1.658290270094435925e+02 1.958516783340160998e+02 8.478138864696026644e+01
1.658086812489595729e+02 1.958704030862069203e+02 8.477509307557345153e+01
1.657883354884755533e+02 1.958891278383977408e+02 8.476879750418663662e+01
1.657679897279915338e+02 1.959078525905885613e+02 8.476250193279982170e+01
1.657476439675075142e+02 1.959265773427793818e+02 8.475620636141300679e+01
1.657272982070234946e+02 1.959453020949702022e+02 8.474991079002619188e+01
1.657069524465394750e+02 1.959640268471610227e+02 8.474361521863937696e+01
1.656866066860554554e+02 1.959827515993518432e+02 8.473731964725256205e+01
1.656662609255714358e+02 1.960014763515426637e+02 8.473102407586574714e+01
1.656459151650873878e+02 1.960202011037334842e+02 8.472472850447893222e+01
1.656255694046033682e+02 1.960389258559243046e+02 8.471843293309211731e+01
1.656052236441193486e+02 1.960576506081151251e+02 8.471213736170530240e+01
1.655848778836353290e+02 1.960763753603059456e+02 8.470584179031848748e+01
1.655645321231513094e+02 1.960951001124967661e+02 8.469954621893168678e+01
1.655441863626672898e+02 1.961138248646875581e+02 8.469325064754487187e+01
1.655238406021832702e+02 1.961325496168783786e+02 8.468695507615805695e+01
1.655034948416992506e+02 1.961512743690691991e+02 8.468065950477124204e+01
1.654831490812152310e+02 1.961699991212600196e+02 8.467436393338442713e+01
1.654628033207311830e+02 1.961887238734508401e+02 8.466806836199761221e+01
1.654424575602471634e+02 1.962074486256416606e+02 8.466177279061079730e+01
1.654221117997631438e+02 1.962261733778324810e+02 8.465547721922398239e+01
1.654017660392791242e+02 1.962448981300233015e+02 8.464918164783716747e+01
1.653814202787951047e+02 1.962636228822141220e+02 8.464288607645035256e+01
1.653814202787951047e+02 1.962636228822141220e+02 8.464288607645035256e+01
1.653527237041067224e+02 1.962634089919542362e+02 8.462605093844732096e+01
1.653240271294183401e+02 1.962631951016943503e+02 8.460921580044428936e+01
1.652953305547299578e+02 1.962629812114344929e+02 8.459238066244125775e+01
1.652666339800415756e+02 1.962627673211746071e+02 8.457554552443822615e+01
1.652379374053531933e+02 1.962625534309147213e+02 8.455871038643519455e+01
1.652092408306648110e+02 1.962623395406548354e+02 8.454187524843216295e+01
1.651805442559764288e+02 1.962621256503949780e+02 8.452504011042913135e+01
1.651518476812880465e+02 1.962619117601350922e+02 8.450820497242609974e+01
1.651231511065996642e+02 1.962616978698752064e+02 8.449136983442306814e+01
1.650944545319112819e+02 1.962614839796153205e+02 8.447453469642003654e+01
1.650657579572228997e+02 1.962612700893554631e+02 8.445769955841700494e+01
1.650370613825345174e+02 1.962610561990955773e+02 8.444086442041397333e+01
1.650083648078461351e+02 1.962608423088356915e+02 8.442402928241094173e+01
1.649796682331577529e+02 1.962606284185758057e+02 8.440719414440791013e+01
1.649509716584693706e+02 1.962604145283159482e+02 8.439035900640487853e+01
1.649222750837809883e+02 1.962602006380560624e+02 8.437352386840184693e+01
1.648935785090925776e+02 1.962599867477961766e+02 8.435668873039881532e+01
1.648648819344041954e+02 1.962597728575362908e+02 8.433985359239578372e+01
1.648361853597158131e+02 1.962595589672764333e+02 8.432301845439275212e+01
1.648074887850274308e+02 1.962593450770165475e+02 8.430618331638972052e+01
1.647787922103390486e+02 1.962591311867566617e+02 8.428934817838668891e+01
1.647500956356506663e+02 1.962589172964967759e+02 8.427251304038365731e+01
1.647213990609622840e+02 1.962587034062369185e+02 8.425567790238062571e+01
1.646927024862739017e+02 1.962584895159770326e+02 8.423884276437759411e+01
1.646640059115855195e+02 1.962582756257171468e+02 8.422200762637456251e+01
1.646353093368971372e+02 1.962580617354572610e+02 8.420517248837153090e+01
1.646066127622087549e+02 1.962578478451974036e+02 8.418833735036849930e+01
1.645779161875203727e+02 1.962576339549375177e+02 8.417150221236546770e+01
1.645492196128319904e+02 1.962574200646776319e+02 8.415466707436243610e+01
1.645205230381436081e+02 1.962572061744177461e+02 8.413783193635940449e+01
1.644918264634552258e+02 1.962569922841578887e+02 8.412099679835637289e+01
1.644631298887668436e+02 1.962567783938980028e+02 8.410416166035334129e+01
1.644344333140784613e+02 1.962565645036381170e+02 8.408732652235030969e+01
1.644344333140784613e+02 1.962565645036381170e+02 8.408732652235030969e+01
1.644046862193231107e+02 1.962461057390889039e+02 8.408852560945237542e+01
1.643749391245677600e+02 1.962356469745396907e+02 8.408972469655445536e+01
1.643451920298123810e+02 1.962251882099904776e+02 8.409092378365652110e+01
1.643154449350570303e+02 1.962147294454412645e+02 8.409212287075860104e+01
1.642856978403016797e+02 1.962042706808920514e+02 8.409332195786066677e+01
1.642559507455463290e+02 1.961938119163428098e+02 8.409452104496274671e+01
1.642262036507909500e+02 1.961833531517935967e+02 8.409572013206481245e+01
1.641964565560355993e+02 1.961728943872443836e+02 8.409691921916689239e+01
1.641667094612802487e+02 1.961624356226951704e+02 8.409811830626895812e+01
1.641369623665248980e+02 1.961519768581459573e+02 8.409931739337103807e+01
1.641072152717695189e+02 1.961415180935967442e+02 8.410051648047310380e+01
1.640774681770141683e+02 1.961310593290475310e+02 8.410171556757518374e+01
1.640477210822588177e+02 1.961206005644983179e+02 8.410291465467724947e+01
1.640179739875034670e+02 1.961101417999491048e+02 8.410411374177932942e+01
1.639882268927481164e+02 1.960996830353998917e+02 8.410531282888139515e+01
1.639584797979927373e+02 1.960892242708506785e+02 8.410651191598347509e+01
1.639287327032373867e+02 1.960787655063014654e+02 8.410771100308554082e+01
1.638989856084820360e+02 1.960683067417522238e+02 8.410891009018762077e+01
1.638692385137266854e+02 1.960578479772030107e+02 8.411010917728968650e+01
1.638394914189713063e+02 1.960473892126537976e+02 8.411130826439176644e+01
1.638097443242159557e+02 1.960369304481045845e+02 8.411250735149383218e+01
1.637799972294606050e+02 1.960264716835553713e+02 8.411370643859591212e+01
1.637502501347052544e+02 1.960160129190061582e+02 8.411490552569797785e+01
1.637205030399499037e+02 1.960055541544569451e+02 8.411610461280005779e+01
1.636907559451945247e+02 1.959950953899077319e+02 8.411730369990212353e+01
1.636610088504391740e+02 1.959846366253585188e+02 8.411850278700420347e+01
1.636312617556838234e+02 1.959741778608093057e+02 8.411970187410626920e+01
1.636015146609284727e+02 1.959637190962600926e+02 8.412090096120834914e+01
1.635717675661730937e+02 1.959532603317108794e+02 8.412210004831041488e+01
1.635420204714177430e+02 1.959428015671616379e+02 8.412329913541249482e+01
1.635122733766623924e+02 1.959323428026124247e+02 8.412449822251456055e+01
1.634825262819070417e+02 1.959218840380632116e+02 8.412569730961664050e+01
1.634527791871516627e+02 1.959114252735139985e+02 8.412689639671870623e+01
1.634230320923963120e+02 1.959009665089647854e+02 8.412809548382078617e+01
1.633932849976409614e+02 1.958905077444155722e+02 8.412929457092285190e+01
1.633932849976409614e+02 1.958905077444155722e+02 8.412929457092285190e+01
1.633690837603836314e+02 1.958787478196882148e+02 8.414611159798077722e+01
1.633448825231263015e+02 1.958669878949608858e+02 8.416292862503868832e+01
1.633206812858689716e+02 1.958552279702335284e+02 8.417974565209661364e+01
1.632964800486116133e+02 1.958434680455061994e+02 8.419656267915453896e+01
1.632722788113542833e+02 1.958317081207788419e+02 8.421337970621245006e+01
1.632480775740969534e+02 1.958199481960514845e+02 8.423019673327037538e+01
1.632238763368396235e+02 1.958081882713241555e+02 8.424701376032828648e+01
1.631996750995822936e+02 1.957964283465967981e+02 8.426383078738621180e+01
1.631754738623249636e+02 1.957846684218694691e+02 8.428064781444413711e+01
1.631512726250676337e+02 1.957729084971421116e+02 8.429746484150204822e+01
1.631270713878102754e+02 1.957611485724147542e+02 8.431428186855997353e+01
1.631028701505529455e+02 1.957493886476874252e+02 8.433109889561789885e+01
1.630786689132956155e+02 1.957376287229600678e+02 8.434791592267580995e+01
1.630544676760382856e+02 1.957258687982327388e+02 8.436473294973373527e+01
1.630302664387809557e+02 1.957141088735053813e+02 8.438154997679164637e+01
1.630060652015236258e+02 1.957023489487780239e+02 8.439836700384957169e+01
1.629818639642662959e+02 1.956905890240506949e+02 8.441518403090749700e+01
1.629576627270089375e+02 1.956788290993233375e+02 8.443200105796540811e+01
1.629334614897516076e+02 1.956670691745960085e+02 8.444881808502333342e+01
1.629092602524942777e+02 1.956553092498686510e+02 8.446563511208125874e+01
1.628850590152369477e+02 1.956435493251412936e+02 8.448245213913916984e+01
1.628608577779796178e+02 1.956317894004139646e+02 8.449926916619709516e+01
1.628366565407222879e+02 1.956200294756866072e+02 8.451608619325500626e+01
1.628124553034649580e+02 1.956082695509592781e+02 8.453290322031293158e+01
1.627882540662075996e+02 1.955965096262319207e+02 8.454972024737085690e+01
1.627640528289502697e+02 1.955847497015045633e+02 8.456653727442876800e+01
1.627398515916929398e+02 1.955729897767772343e+02 8.458335430148669332e+01
1.627156503544356099e+02 1.955612298520498769e+02 8.460017132854461863e+01
1.626914491171782799e+02 1.955494699273225478e+02 8.461698835560252974e+01
1.626672478799209500e+02 1.955377100025951904e+02 8.463380538266045505e+01
1.626430466426636201e+02 1.955259500778678330e+02 8.465062240971836616e+01
1.626188454054062618e+02 1.955141901531405040e+02 8.466743943677629147e+01
1.625946441681489318e+02 1.955024302284131466e+02 8.468425646383421679e+01
1.625704429308916019e+02 1.954906703036858175e+02 8.470107349089212789e+01
1.625462416936342720e+02 1.954789103789584601e+02 8.471789051795005321e+01
1.625462416936342720e+02 1.954789103789584601e+02 8.471789051795005321e+01
1.625310683132555312e+02 1.954656073128762728e+02 8.472572689245143351e+01
1.625158949328768188e+02 1.954523042467941139e+02 8.473356326695282803e+01
1.625007215524980779e+02 1.954390011807119265e+02 8.474139964145422255e+01
1.624855481721193655e+02 1.954256981146297392e+02 8.474923601595560285e+01
1.624703747917406247e+02 1.954123950485475518e+02 8.475707239045698316e+01
1.624552014113618839e+02 1.953990919824653929e+02 8.476490876495837767e+01
1.624400280309831714e+02 1.953857889163832056e+02 8.477274513945977219e+01
1.624248546506044306e+02 1.953724858503010182e+02 8.478058151396115250e+01
1.624096812702256898e+02 1.953591827842188309e+02 8.478841788846253280e+01
1.623945078898469774e+02 1.953458797181366720e+02 8.479625426296392732e+01
1.623793345094682365e+02 1.953325766520544846e+02 8.480409063746532183e+01
1.623641611290895241e+02 1.953192735859722973e+02 8.481192701196670214e+01
1.623489877487107833e+02 1.953059705198901383e+02 8.481976338646808244e+01
1.623338143683320425e+02 1.952926674538079510e+02 8.482759976096947696e+01
1.623186409879533301e+02 1.952793643877257637e+02 8.483543613547087148e+01
1.623034676075745892e+02 1.952660613216435763e+02 8.484327250997225178e+01
1.622882942271958768e+02 1.952527582555614174e+02 8.485110888447363209e+01
1.622731208468171360e+02 1.952394551894792301e+02 8.485894525897502660e+01
1.622579474664383952e+02 1.952261521233970427e+02 8.486678163347642112e+01
1.622427740860596828e+02 1.952128490573148838e+02 8.487461800797780143e+01
1.622276007056809419e+02 1.951995459912326965e+02 8.488245438247918173e+01
1.622124273253022295e+02 1.951862429251505091e+02 8.489029075698057625e+01
1.621972539449234887e+02 1.951729398590683218e+02 8.489812713148197076e+01
1.621820805645447479e+02 1.951596367929861628e+02 8.490596350598335107e+01
1.621669071841660354e+02 1.951463337269039755e+02 8.491379988048473137e+01
1.621517338037872946e+02 1.951330306608217882e+02 8.492163625498612589e+01
1.621365604234085822e+02 1.951197275947396292e+02 8.492947262948752041e+01
1.621213870430298414e+02 1.951064245286574419e+02 8.493730900398890071e+01
1.621062136626511005e+02 1.950931214625752546e+02 8.494514537849028102e+01
1.620910402822723881e+02 1.950798183964930672e+02 8.495298175299167553e+01
1.620758669018936473e+02 1.950665153304109083e+02 8.496081812749307005e+01
1.620606935215149065e+02 1.950532122643287209e+02 8.496865450199445036e+01
1.620455201411361941e+02 1.950399091982465336e+02 8.497649087649583066e+01
1.620303467607574532e+02 1.950266061321643463e+02 8.498432725099722518e+01
1.620151733803787408e+02 1.950133030660821873e+02 8.499216362549861969e+01
1.620000000000000000e+02 1.950000000000000000e+02 8.500000000000000000e+01
1.620000000000000000e+02 1.950000000000000000e+02 8.500000000000000000e+01
1.620000000000000000e+02 1.950000000000000000e+02 8.500000000000000000e+01
1.620000000000000000e+02 1.950000000000000000e+02 8.500000000000000000e+01
1.620000000000000000e+02 1.950000000000000000e+02 8.500000000000000000e+01
1.620000000000000000e+02 1.950000000000000000e+02 8.500000000000000000e+01
1.620000000000000000e+02 1.950000000000000000e+02 8.500000000000000000e+01
1.620000000000000000e+02 1.950000000000000000e+02 8.500000000000000000e+01
1.620000000000000000e+02 1.950000000000000000e+02 8.500000000000000000e+01
1.620000000000000000e+02 1.950000000000000000e+02 8.500000000000000000e+01
1.620000000000000000e+02 1.950000000000000000e+02 8.500000000000000000e+01
1.620000000000000000e+02 1.950000000000000000e+02 8.500000000000000000e+01
1.620000000000000000e+02 1.950000000000000000e+02 8.500000000000000000e+01
1.620000000000000000e+02 1.950000000000000000e+02 8.500000000000000000e+01
1.620000000000000000e+02 1.950000000000000000e+02 8.500000000000000000e+01
1.620000000000000000e+02 1.950000000000000000e+02 8.500000000000000000e+01
1.620000000000000000e+02 1.950000000000000000e+02 8.500000000000000000e+01
1.620000000000000000e+02 1.950000000000000000e+02 8.500000000000000000e+01
1.620000000000000000e+02 1.950000000000000000e+02 8.500000000000000000e+01
1.620000000000000000e+02 1.950000000000000000e+02 8.500000000000000000e+01
1.620000000000000000e+02 1.950000000000000000e+02 8.500000000000000000e+01
1.620000000000000000e+02 1.950000000000000000e+02 8.500000000000000000e+01
1.620000000000000000e+02 1.950000000000000000e+02 8.500000000000000000e+01
1.620000000000000000e+02 1.950000000000000000e+02 8.500000000000000000e+01
1.620000000000000000e+02 1.950000000000000000e+02 8.500000000000000000e+01
1.620000000000000000e+02 1.950000000000000000e+02 8.500000000000000000e+01
1.620000000000000000e+02 1.950000000000000000e+02 8.500000000000000000e+01
1.619875282632812059e+02 1.949755424747536949e+02 8.501733960214257024e+01
1.619750565265624402e+02 1.949510849495074183e+02 8.503467920428514049e+01
1.619625847898436461e+02 1.949266274242611132e+02 8.505201880642772494e+01
1.619501130531248805e+02 1.949021698990148082e+02 8.506935840857029518e+01
1.619376413164060864e+02 1.948777123737685315e+02 8.508669801071286543e+01
1.619251695796872923e+02 1.948532548485222264e+02 8.510403761285543567e+01
1.619126978429685266e+02 1.948287973232759214e+02 8.512137721499800591e+01
1.619002261062497325e+02 1.948043397980296447e+02 8.513871681714057615e+01
1.618877543695309669e+02 1.947798822727833397e+02 8.515605641928314640e+01
1.618752826328121728e+02 1.947554247475370346e+02 8.517339602142573085e+01
1.618628108960934071e+02 1.947309672222907579e+02 8.519073562356830109e+01
1.618503391593746130e+02 1.947065096970444529e+02 8.520807522571087134e+01
1.618378674226558189e+02 1.946820521717981478e+02 8.522541482785344158e+01
1.618253956859370533e+02 1.946575946465518712e+02 8.524275442999601182e+01
1.618129239492182592e+02 1.946331371213055661e+02 8.526009403213859628e+01
1.618004522124994935e+02 1.946086795960592610e+02 8.527743363428116652e+01
1.617879804757806994e+02 1.945842220708129844e+02 8.529477323642373676e+01
1.617755087390619337e+02 1.945597645455666793e+02 8.531211283856630700e+01
1.617630370023431396e+02 1.945353070203203742e+02 8.532945244070887725e+01
1.617505652656243456e+02 1.945108494950740976e+02 8.534679204285144749e+01
1.617380935289055799e+02 1.944863919698277925e+02 8.536413164499401773e+01
1.617256217921867858e+02 1.944619344445814875e+02 8.538147124713660219e+01
1.617131500554680201e+02 1.944374769193352108e+02 8.539881084927917243e+01
1.617006783187492260e+02 1.944130193940889058e+02 8.541615045142174267e+01
1.617006783187492260e+02 1.944130193940889058e+02 8.541615045142174267e+01
1.617192062833511841e+02 1.943948544269661625e+02 8.543452881247657160e+01
1.617377342479531421e+02 1.943766894598434192e+02 8.545290717353140053e+01
1.617562622125551002e+02 1.943585244927206759e+02 8.547128553458622946e+01
1.617747901771570582e+02 1.943403595255979326e+02 8.548966389564105839e+01
1.617933181417590163e+02 1.943221945584751893e+02 8.550804225669588732e+01
1.618118461063609743e+02 1.943040295913524460e+02 8.552642061775071625e+01
1.618303740709629324e+02 1.942858646242297027e+02 8.554479897880554518e+01
1.618489020355648904e+02 1.942676996571069878e+02 8.556317733986037410e+01
1.618674300001668485e+02 1.942495346899842446e+02 8.558155570091520303e+01
1.618859579647688065e+02 1.942313697228615013e+02 8.559993406197003196e+01
1.619044859293707646e+02 1.942132047557387580e+02 8.561831242302486089e+01
1.619230138939727226e+02 1.941950397886160147e+02 8.563669078407968982e+01
1.619415418585746806e+02 1.941768748214932714e+02 8.565506914513451875e+01
1.619600698231766387e+02 1.941587098543705281e+02 8.567344750618934768e+01
1.619785977877785967e+02 1.941405448872477848e+02 8.569182586724419082e+01
1.619971257523805548e+02 1.941223799201250415e+02 8.571020422829901975e+01
1.620156537169825128e+02 1.941042149530022982e+02 8.572858258935384868e+01
1.620341816815844709e+02 1.940860499858795549e+02 8.574696095040867760e+01
1.620527096461864289e+02 1.940678850187568116e+02 8.576533931146350653e+01
1.620712376107883870e+02 1.940497200516340683e+02 8.578371767251833546e+01
1.620897655753903450e+02 1.940315550845113535e+02 8.580209603357316439e+01
1.621082935399923031e+02 1.940133901173886102e+02 8.582047439462799332e+01
1.621268215045942611e+02 1.939952251502658669e+02 8.583885275568282225e+01
1.621453494691962192e+02 1.939770601831431236e+02 8.585723111673765118e+01
1.621638774337981772e+02 1.939588952160203803e+02 8.587560947779248011e+01
1.621824053984001353e+02 1.939407302488976370e+02 8.589398783884730904e+01
1.622009333630020933e+02 1.939225652817748937e+02 8.591236619990213796e+01
1.622194613276040513e+02 1.939044003146521504e+02 8.593074456095696689e+01
1.622194613276040513e+02 1.939044003146521504e+02 8.593074456095696689e+01
1.622418312495078396e+02 1.938815957709867348e+02 8.593080845038331006e+01
1.622642011714116279e+02 1.938587912273213476e+02 8.593087233980965323e+01
1.622865710933154446e+02 1.938359866836559320e+02 8.593093622923599639e+01
1.623089410152192329e+02 1.938131821399905448e+02 8.593100011866233956e+01
1.623313109371230212e+02 1.937903775963251292e+02 8.593106400808868273e+01
1.623536808590268095e+02 1.937675730526597135e+02 8.593112789751502589e+01
1.623760507809306262e+02 1.937447685089943263e+02 8.593119178694136906e+01
1.623984207028344144e+02 1.937219639653289107e+02 8.593125567636771223e+01
1.624207906247382027e+02 1.936991594216635235e+02 8.593131956579405539e+01
1.624431605466419910e+02 1.936763548779981079e+02 8.593138345522039856e+01
1.624655304685458077e+02 1.936535503343327207e+02 8.593144734464674173e+01
1.624879003904495960e+02 1.936307457906673051e+02 8.593151123407308489e+01
1.625102703123533843e+02 1.936079412470018895e+02 8.593157512349942806e+01
1.625326402342571726e+02 1.935851367033365023e+02 8.593163901292577123e+01
1.625550101561609893e+02 1.935623321596710866e+02 8.593170290235211439e+01
1.625773800780647775e+02 1.935395276160056994e+02 8.593176679177845756e+01
1.625997499999685658e+02 1.935167230723402838e+02 8.593183068120480073e+01
1.625997499999685658e+02 1.935167230723402838e+02 8.593183068120480073e+01
1.626323911448428703e+02 1.935163294071779205e+02 8.592954001587629875e+01
1.626650322897172032e+02 1.935159357420155573e+02 8.592724935054779678e+01
1.626976734345915077e+02 1.935155420768531940e+02 8.592495868521929481e+01
1.627303145794658121e+02 1.935151484116908591e+02 8.592266801989079283e+01
1.627629557243401166e+02 1.935147547465284958e+02 8.592037735456229086e+01
1.627955968692144211e+02 1.935143610813661326e+02 8.591808668923378889e+01
1.628282380140887540e+02 1.935139674162037693e+02 8.591579602390528692e+01
1.628608791589630584e+02 1.935135737510414060e+02 8.591350535857678494e+01
1.628935203038373629e+02 1.935131800858790427e+02 8.591121469324828297e+01
1.629261614487116958e+02 1.935127864207166795e+02 8.590892402791976679e+01
1.629588025935860003e+02 1.935123927555543446e+02 8.590663336259126481e+01
1.629914437384603048e+02 1.935119990903919813e+02 8.590434269726276284e+01
1.630240848833346092e+02 1.935116054252296180e+02 8.590205203193426087e+01
1.630567260282089137e+02 1.935112117600672548e+02 8.589976136660575889e+01
1.630893671730832466e+02 1.935108180949048915e+02 8.589747070127725692e+01
1.631220083179575511e+02 1.935104244297425282e+02 8.589518003594875495e+01
1.631546494628318555e+02 1.935100307645801934e+02 8.589288937062025298e+01
1.631872906077061884e+02 1.935096370994178301e+02 8.589059870529175100e+01
1.632199317525804929e+02 1.935092434342554668e+02 8.588830803996324903e+01
1.632525728974547974e+02 1.935088497690931035e+02 8.588601737463474706e+01
1.632525728974547974e+02 1.935088497690931035e+02 8.588601737463474706e+01
1.632731064826551801e+02 1.935055810358690849e+02 8.591176494463493896e+01
1.632936400678555913e+02 1.935023123026450378e+02 8.593751251463514507e+01
1.633141736530559740e+02 1.934990435694210191e+02 8.596326008463533697e+01
1.633347072382563567e+02 1.934957748361970005e+02 8.598900765463552887e+01
1.633552408234567679e+02 1.934925061029729534e+02 8.601475522463573498e+01
1.633757744086571506e+02 1.934892373697489347e+02 8.604050279463592688e+01
1.633963079938575333e+02 1.934859686365249161e+02 8.606625036463611877e+01
1.634168415790579445e+02 1.934826999033008690e+02 8.609199793463632489e+01
1.634373751642583272e+02 1.934794311700768503e+02 8.611774550463651678e+01
1.634579087494587100e+02 1.934761624368528317e+02 8.614349307463670868e+01
1.634784423346590927e+02 1.934728937036288130e+02 8.616924064463690058e+01
1.634989759198595038e+02 1.934696249704047659e+02 8.619498821463710669e+01
1.635195095050598866e+02 1.934663562371807473e+02 8.622073578463729859e+01
1.635400430902602693e+02 1.934630875039567286e+02 8.624648335463749049e+01
1.635605766754606805e+02 1.934598187707326815e+02 8.627223092463769660e+01
1.635811102606610632e+02 1.934565500375086629e+02 8.629797849463788850e+01
1.636016438458614459e+02 1.934532813042846442e+02 8.632372606463808040e+01
1.636221774310618571e+02 1.934500125710605971e+02 8.634947363463828651e+01
1.636427110162622398e+02 1.934467438378365785e+02 8.637522120463847841e+01
1.636427110162622398e+02 1.934467438378365785e+02 8.637522120463847841e+01
1.636724911736827153e+02 1.934572142268698940e+02 8.637402078480070600e+01
1.637022713311032192e+02 1.934676846159032095e+02 8.637282036496291937e+01
1.637320514885237230e+02 1.934781550049365251e+02 8.637161994512514696e+01
1.637618316459441985e+02 1.934886253939698406e+02 8.637041952528736033e+01
1.637916118033646740e+02 1.934990957830031562e+02 8.636921910544958791e+01
1.638213919607851778e+02 1.935095661720364717e+02 8.636801868561181550e+01
1.638511721182056817e+02 1.935200365610697872e+02 8.636681826577402887e+01
1.638809522756261572e+02 1.935305069501031028e+02 8.636561784593625646e+01
1.639107324330466327e+02 1.935409773391364183e+02 8.636441742609846983e+01
1.639405125904671365e+02 1.935514477281697339e+02 8.636321700626069742e+01
1.639702927478876404e+02 1.935619181172030494e+02 8.636201658642292500e+01
1.640000729053081159e+02 1.935723885062363649e+02 8.636081616658513838e+01
1.640298530627285913e+02 1.935828588952696805e+02 8.635961574674736596e+01
1.640596332201490952e+02 1.935933292843029960e+02 8.635841532690957933e+01
1.640894133775695991e+02 1.936037996733363116e+02 8.635721490707180692e+01
1.641191935349900746e+02 1.936142700623696271e+02 8.635601448723402029e+01
1.641489736924105500e+02 1.936247404514029427e+02 8.635481406739624788e+01
1.641787538498310539e+02 1.936352108404362582e+02 8.635361364755847546e+01
1.642085340072515578e+02 1.936456812294695737e+02 8.635241322772068884e+01
1.642383141646720333e+02 1.936561516185028893e+02 8.635121280788291642e+01
1.642680943220925087e+02 1.936666220075362048e+02 8.635001238804512980e+01
1.642978744795130126e+02 1.936770923965695204e+02 8.634881196820735738e+01
1.642978744795130126e+02 1.936770923965695204e+02 8.634881196820735738e+01
1.643265921335233486e+02 1.936917463586659096e+02 8.635029659736697738e+01
1.643553097875336562e+02 1.937064003207623273e+02 8.635178122652661159e+01
1.643840274415439922e+02 1.937210542828587165e+02 8.635326585568623159e+01
1.644127450955543281e+02 1.937357082449551058e+02 8.635475048484585159e+01
1.644414627495646357e+02 1.937503622070514950e+02 8.635623511400547159e+01
1.644701804035749717e+02 1.937650161691479127e+02 8.635771974316510580e+01
1.644988980575852793e+02 1.937796701312443020e+02 8.635920437232472580e+01
1.645276157115956153e+02 1.937943240933406912e+02 8.636068900148434579e+01
1.645563333656059513e+02 1.938089780554370805e+02 8.636217363064396579e+01
1.645850510196162588e+02 1.938236320175334981e+02 8.636365825980360000e+01
1.646137686736265948e+02 1.938382859796298874e+02 8.636514288896322000e+01
1.646424863276369308e+02 1.938529399417262766e+02 8.636662751812284000e+01
1.646712039816472384e+02 1.938675939038226943e+02 8.636811214728247421e+01
1.646999216356575744e+02 1.938822478659190836e+02 8.636959677644209421e+01
1.647286392896679104e+02 1.938969018280154728e+02 8.637108140560171421e+01
1.647573569436782179e+02 1.939115557901118621e+02 8.637256603476133421e+01
1.647860745976885539e+02 1.939262097522082797e+02 8.637405066392096842e+01
1.648147922516988615e+02 1.939408637143046690e+02 8.637553529308058842e+01
1.648435099057091975e+02 1.939555176764010582e+02 8.637701992224020842e+01
1.648722275597195335e+02 1.939701716384974475e+02 8.637850455139982842e+01
1.649009452137298410e+02 1.939848256005938651e+02 8.637998918055946262e+01
1.649296628677401770e+02 1.939994795626902544e+02 8.638147380971908262e+01
1.649296628677401770e+02 1.939994795626902544e+02 8.638147380971908262e+01
1.649394242291226362e+02 1.940293346535076466e+02 8.638065686422272904e+01
1.649491855905050954e+02 1.940591897443250673e+02 8.637983991872636125e+01
1.649589469518875546e+02 1.940890448351424595e+02 8.637902297323000766e+01
1.649687083132700138e+02 1.941188999259598802e+02 8.637820602773365408e+01
1.649784696746524730e+02 1.941487550167772724e+02 8.637738908223728629e+01
1.649882310360349322e+02 1.941786101075946931e+02 8.637657213674093271e+01
1.649979923974173914e+02 1.942084651984120853e+02 8.637575519124457912e+01
1.650077537587998506e+02 1.942383202892295060e+02 8.637493824574821133e+01
1.650175151201823098e+02 1.942681753800468982e+02 8.637412130025185775e+01
1.650272764815647690e+02 1.942980304708643189e+02 8.637330435475550416e+01
1.650370378429472282e+02 1.943278855616817111e+02 8.637248740925913637e+01
1.650467992043296874e+02 1.943577406524991318e+02 8.637167046376278279e+01
1.650565605657121466e+02 1.943875957433165240e+02 8.637085351826642921e+01
1.650663219270946058e+02 1.944174508341339447e+02 8.637003657277006141e+01
1.650760832884770650e+02 1.944473059249513369e+02 8.636921962727370783e+01
1.650858446498595242e+02 1.944771610157687576e+02 8.636840268177735425e+01
1.650956060112419834e+02 1.945070161065861498e+02 8.636758573628098645e+01
1.651053673726244426e+02 1.945368711974035705e+02 8.636676879078463287e+01
1.651151287340069302e+02 1.945667262882209627e+02 8.636595184528826508e+01
1.651248900953893894e+02 1.945965813790383550e+02 8.636513489979191149e+01
1.651346514567718486e+02 1.946264364698557756e+02 8.636431795429555791e+01
1.651444128181543078e+02 1.946562915606731679e+02 8.636350100879919012e+01
1.651541741795367670e+02 1.946861466514905885e+02 8.636268406330283653e+01
1.651639355409192262e+02 1.947160017423079807e+02 8.636186711780648295e+01
1.651736969023016854e+02 1.947458568331254014e+02 8.636105017231011516e+01
1.651834582636841446e+02 1.947757119239427936e+02 8.636023322681376158e+01
1.651932196250666038e+02 1.948055670147602143e+02 8.635941628131740799e+01
1.652029809864490630e+02 1.948354221055776065e+02 8.635859933582104020e+01
1.652127423478315222e+02 1.948652771963950272e+02 8.635778239032468662e+01
1.652225037092139814e+02 1.948951322872124194e+02 8.635696544482833303e+01
1.652322650705964406e+02 1.949249873780298401e+02 8.635614849933196524e+01
1.652420264319788998e+02 1.949548424688472323e+02 8.635533155383561166e+01
1.652517877933613590e+02 1.949846975596646530e+02 8.635451460833925807e+01
1.652615491547438182e+02 1.950145526504820452e+02 8.635369766284289028e+01
1.652713105161262774e+02 1.950444077412994659e+02 8.635288071734653670e+01
1.652810718775087366e+02 1.950742628321168581e+02 8.635206377185018312e+01
1.652908332388911958e+02 1.951041179229342788e+02 8.635124682635381532e+01
1.653005946002736550e+02 1.951339730137516710e+02 8.635042988085746174e+01
1.653005946002736550e+02 1.951339730137516710e+02 8.635042988085746174e+01
1.653122506077520768e+02 1.951593726614150910e+02 8.636514877229927833e+01
1.653239066152304702e+02 1.951847723090784825e+02 8.637986766374110914e+01
1.653355626227088919e+02 1.952101719567419025e+02 8.639458655518292574e+01
1.653472186301872853e+02 1.952355716044053224e+02 8.640930544662475654e+01
1.653588746376657070e+02 1.952609712520687424e+02 8.642402433806657314e+01
1.653705306451441288e+02 1.952863708997321339e+02 8.643874322950838973e+01
1.653821866526225222e+02 1.953117705473955539e+02 8.645346212095022054e+01
1.653938426601009439e+02 1.953371701950589738e+02 8.646818101239203713e+01
1.654054986675793373e+02 1.953625698427223938e+02 8.648289990383386794e+01
1.654171546750577591e+02 1.953879694903857853e+02 8.649761879527568453e+01
1.654288106825361524e+02 1.954133691380492053e+02 8.651233768671750113e+01
1.654404666900145742e+02 1.954387687857126252e+02 8.652705657815933193e+01
1.654521226974929959e+02 1.954641684333760168e+02 8.654177546960114853e+01
1.654637787049713893e+02 1.954895680810394367e+02 8.655649436104296512e+01
1.654754347124498111e+02 1.955149677287028567e+02 8.657121325248479593e+01
1.654870907199282044e+02 1.955403673763662766e+02 8.658593214392661253e+01
1.654987467274066262e+02 1.955657670240296682e+02 8.660065103536844333e+01
1.655104027348850195e+02 1.955911666716930881e+02 8.661536992681025993e+01
1.655220587423634413e+02 1.956165663193565081e+02 8.663008881825207652e+01
1.655337147498418631e+02 1.956419659670198996e+02 8.664480770969390733e+01
1.655453707573202564e+02 1.956673656146833196e+02 8.665952660113572392e+01
1.655570267647986782e+02 1.956927652623467395e+02 8.667424549257755473e+01
1.655686827722770715e+02 1.957181649100101595e+02 8.668896438401937132e+01
1.655803387797554933e+02 1.957435645576735510e+02 8.670368327546118792e+01
1.655919947872339151e+02 1.957689642053369710e+02 8.671840216690301872e+01
1.656036507947123084e+02 1.957943638530003909e+02 8.673312105834483532e+01
1.656153068021907302e+02 1.958197635006637825e+02 8.674783994978665191e+01
1.656269628096691235e+02 1.958451631483272024e+02 8.676255884122848272e+01
1.656386188171475453e+02 1.958705627959906224e+02 8.677727773267029932e+01
1.656502748246259671e+02 1.958959624436540423e+02 8.679199662411213012e+01
1.656619308321043604e+02 1.959213620913174339e+02 8.680671551555394672e+01
1.656735868395827822e+02 1.959467617389808538e+02 8.682143440699576331e+01
1.656852428470611756e+02 1.959721613866442738e+02 8.683615329843759412e+01
1.656968988545395973e+02 1.959975610343076937e+02 8.685087218987941071e+01
1.657085548620179907e+02 1.960229606819710853e+02 8.686559108132124152e+01
1.657202108694964124e+02 1.960483603296345052e+02 8.688030997276305811e+01
1.657202108694964124e+02 1.960483603296345052e+02 8.688030997276305811e+01
1.657412164702210191e+02 1.960709621158822529e+02 8.688272407451542279e+01
1.657622220709456542e+02 1.960935639021300005e+02 8.688513817626778746e+01
1.657832276716702609e+02 1.961161656883777482e+02 8.688755227802016634e+01
1.658042332723948959e+02 1.961387674746254959e+02 8.688996637977253101e+01
1.658252388731195026e+02 1.961613692608732151e+02 8.689238048152489569e+01
1.658462444738441377e+02 1.961839710471209628e+02 8.689479458327726036e+01
1.658672500745687444e+02 1.962065728333687105e+02 8.689720868502962503e+01
1.658882556752933795e+02 1.962291746196164581e+02 8.689962278678200391e+01
1.659092612760179861e+02 1.962517764058642058e+02 8.690203688853436859e+01
1.659302668767426212e+02 1.962743781921119535e+02 8.690445099028673326e+01
1.659512724774672279e+02 1.962969799783597011e+02 8.690686509203909793e+01
1.659722780781918630e+02 1.963195817646074488e+02 8.690927919379147681e+01
1.659932836789164696e+02 1.963421835508551681e+02 8.691169329554384149e+01
1.660142892796411047e+02 1.963647853371029157e+02 8.691410739729620616e+01
1.660352948803657114e+02 1.963873871233506634e+02 8.691652149904857083e+01
1.660563004810903465e+02 1.964099889095984111e+02 8.691893560080093550e+01
1.660773060818149531e+02 1.964325906958461587e+02 8.692134970255331439e+01
1.660983116825395882e+02 1.964551924820939064e+02 8.692376380430567906e+01
1.661193172832641949e+02 1.964777942683416541e+02 8.692617790605804373e+01
1.661403228839888300e+02 1.965003960545894017e+02 8.692859200781040840e+01
1.661613284847134366e+02 1.965229978408371210e+02 8.693100610956277308e+01
1.661823340854380717e+02 1.965455996270848686e+02 8.693342021131515196e+01
1.662033396861626784e+02 1.965682014133326163e+02 8.693583431306751663e+01
1.662243452868873135e+02 1.965908031995803640e+02 8.693824841481988130e+01
1.662453508876119201e+02 1.966134049858281116e+02 8.694066251657224598e+01
1.662663564883365552e+02 1.966360067720758593e+02 8.694307661832462486e+01
1.662873620890611619e+02 1.966586085583236070e+02 8.694549072007698953e+01
1.663083676897857970e+02 1.966812103445713547e+02 8.694790482182935420e+01
1.663293732905104036e+02 1.967038121308190739e+02 8.695031892358171888e+01
1.663503788912350387e+02 1.967264139170668216e+02 8.695273302533408355e+01
1.663713844919596454e+02 1.967490157033145692e+02 8.695514712708646243e+01
1.663923900926842805e+02 1.967716174895623169e+02 8.695756122883882711e+01
1.664133956934088872e+02 1.967942192758100646e+02 8.695997533059119178e+01
1.664133956934088872e+02 1.967942192758100646e+02 8.695997533059119178e+01
1.664407101177315838e+02 1.967944228641958091e+02 8.697599961599595986e+01
1.664680245420542803e+02 1.967946264525815252e+02 8.699202390140072794e+01
1.664953389663769769e+02 1.967948300409672697e+02 8.700804818680551023e+01
1.665226533906996735e+02 1.967950336293529858e+02 8.702407247221027831e+01
1.665499678150223701e+02 1.967952372177387304e+02 8.704009675761504639e+01
1.665772822393450667e+02 1.967954408061244465e+02 8.705612104301981446e+01
1.666045966636677633e+02 1.967956443945101910e+02 8.707214532842458254e+01
1.666319110879904599e+02 1.967958479828959071e+02 8.708816961382935062e+01
1.666592255123131565e+02 1.967960515712816516e+02 8.710419389923413291e+01
1.666865399366358531e+02 1.967962551596673961e+02 8.712021818463890099e+01
1.667138543609585497e+02 1.967964587480531122e+02 8.713624247004366907e+01
1.667411687852812463e+02 1.967966623364388568e+02 8.715226675544843715e+01
1.667684832096039429e+02 1.967968659248245729e+02 8.716829104085320523e+01
1.667957976339266679e+02 1.967970695132103174e+02 8.718431532625798752e+01
1.668231120582493645e+02 1.967972731015960335e+02 8.720033961166275560e+01
1.668504264825720611e+02 1.967974766899817780e+02 8.721636389706752368e+01
1.668777409068947577e+02 1.967976802783674941e+02 8.723238818247229176e+01
1.669050553312174543e+02 1.967978838667532386e+02 8.724841246787705984e+01
1.669323697555401509e+02 1.967980874551389832e+02 8.726443675328184213e+01
1.669596841798628475e+02 1.967982910435246993e+02 8.728046103868661021e+01
1.669869986041855441e+02 1.967984946319104438e+02 8.729648532409137829e+01
1.670143130285082407e+02 1.967986982202961599e+02 8.731250960949614637e+01
1.670416274528309373e+02 1.967989018086819044e+02 8.732853389490091445e+01
1.670689418771536339e+02 1.967991053970676205e+02 8.734455818030568253e+01
1.670962563014763305e+02 1.967993089854533650e+02 8.736058246571046482e+01
1.671235707257990271e+02 1.967995125738390811e+02 8.737660675111523290e+01
1.671508851501217237e+02 1.967997161622248257e+02 8.739263103652000098e+01
1.671508851501217237e+02 1.967997161622248257e+02 8.739263103652000098e+01
1.671734628588185956e+02 1.967789372878879703e+02 8.739961723774671043e+01
1.671960405675154675e+02 1.967581584135510866e+02 8.740660343897341988e+01
1.672186182762123394e+02 1.967373795392142313e+02 8.741358964020012934e+01
1.672411959849092113e+02 1.967166006648773759e+02 8.742057584142685300e+01
1.672637736936060833e+02 1.966958217905405206e+02 8.742756204265356246e+01
1.672863514023029552e+02 1.966750429162036369e+02 8.743454824388027191e+01
1.673089291109998271e+02 1.966542640418667816e+02 8.744153444510698137e+01
1.673315068196966990e+02 1.966334851675299262e+02 8.744852064633369082e+01
1.673540845283935710e+02 1.966127062931930425e+02 8.745550684756040027e+01
1.673766622370904429e+02 1.965919274188561872e+02 8.746249304878710973e+01
1.673992399457873148e+02 1.965711485445193318e+02 8.746947925001381918e+01
1.674218176544841867e+02 1.965503696701824765e+02 8.747646545124052864e+01
1.674443953631810871e+02 1.965295907958455928e+02 8.748345165246725230e+01
1.674669730718779590e+02 1.965088119215087374e+02 8.749043785369396176e+01
1.674895507805748309e+02 1.964880330471718821e+02 8.749742405492067121e+01
1.675121284892717028e+02 1.964672541728349984e+02 8.750441025614738066e+01
1.675347061979685748e+02 1.964464752984981430e+02 8.751139645737409012e+01
1.675572839066654467e+02 1.964256964241612877e+02 8.751838265860079957e+01
1.675798616153623186e+02 1.964049175498244040e+02 8.752536885982750903e+01
1.676024393240591905e+02 1.963841386754875487e+02 8.753235506105423269e+01
1.676250170327560625e+02 1.963633598011506933e+02 8.753934126228094215e+01
1.676475947414529344e+02 1.963425809268138380e+02 8.754632746350765160e+01
1.676701724501498063e+02 1.963218020524769543e+02 8.755331366473436105e+01
1.676927501588466782e+02 1.963010231781400989e+02 8.756029986596107051e+01
1.676927501588466782e+02 1.963010231781400989e+02 8.756029986596107051e+01
1.677148813361941677e+02 1.962826513620180719e+02 8.757447272178221453e+01
1.677370125135416572e+02 1.962642795458960734e+02 8.758864557760337277e+01
1.677591436908891183e+02 1.962459077297740464e+02 8.760281843342451680e+01
1.677812748682366077e+02 1.962275359136520194e+02 8.761699128924566082e+01
1.678034060455840972e+02 1.962091640975299924e+02 8.763116414506681906e+01
1.678255372229315867e+02 1.961907922814079939e+02 8.764533700088796309e+01
1.678476684002790762e+02 1.961724204652859669e+02 8.765950985670910711e+01
1.678697995776265657e+02 1.961540486491639399e+02 8.767368271253026535e+01
1.678919307549740267e+02 1.961356768330419129e+02 8.768785556835140937e+01
1.679140619323215162e+02 1.961173050169199144e+02 8.770202842417255340e+01
1.679361931096690057e+02 1.960989332007978874e+02 8.771620127999371164e+01
1.679583242870164952e+02 1.960805613846758604e+02 8.773037413581485566e+01
1.679804554643639847e+02 1.960621895685538618e+02 8.774454699163599969e+01
1.680025866417114742e+02 1.960438177524318348e+02 8.775871984745715793e+01
1.680247178190589352e+02 1.960254459363098078e+02 8.777289270327830195e+01
1.680468489964064247e+02 1.960070741201877809e+02 8.778706555909946019e+01
1.680689801737539142e+02 1.959887023040657823e+02 8.780123841492060421e+01
1.680911113511014037e+02 1.959703304879437553e+02 8.781541127074174824e+01
1.681132425284488932e+02 1.959519586718217283e+02 8.782958412656290648e+01
1.681353737057963826e+02 1.959335868556997298e+02 8.784375698238405050e+01
1.681575048831438437e+02 1.959152150395777028e+02 8.785792983820519453e+01
1.681796360604913332e+02 1.958968432234556758e+02 8.787210269402635276e+01
1.682017672378388227e+02 1.958784714073336488e+02 8.788627554984749679e+01
1.682238984151863121e+02 1.958600995912116502e+02 8.790044840566864082e+01
1.682460295925338016e+02 1.958417277750896233e+02 8.791462126148979905e+01
1.682681607698812911e+02 1.958233559589675963e+02 8.792879411731094308e+01
1.682902919472287522e+02 1.958049841428455693e+02 8.794296697313208711e+01
1.683124231245762417e+02 1.957866123267235707e+02 8.795713982895324534e+01
1.683345543019237311e+02 1.957682405106015437e+02 8.797131268477438937e+01
1.683345543019237311e+02 1.957682405106015437e+02 8.797131268477438937e+01
1.683326718496921046e+02 1.957560319780372424e+02 8.800072794261242848e+01
1.683307893974604781e+02 1.957438234454729127e+02 8.803014320045046759e+01
1.683289069452288231e+02 1.957316149129085829e+02 8.805955845828850670e+01
1.683270244929971966e+02 1.957194063803442816e+02 8.808897371612654581e+01
1.683251420407655701e+02 1.957071978477799803e+02 8.811838897396457071e+01
1.683232595885339435e+02 1.956949893152156505e+02 8.814780423180260982e+01
1.683213771363022886e+02 1.956827807826513208e+02 8.817721948964064893e+01
1.683194946840706621e+02 1.956705722500870195e+02 8.820663474747868804e+01
1.683176122318390355e+02 1.956583637175227182e+02 8.823605000531672715e+01
1.683157297796074090e+02 1.956461551849583884e+02 8.826546526315476626e+01
1.683138473273757825e+02 1.956339466523940587e+02 8.829488052099280537e+01
1.683119648751441275e+02 1.956217381198297574e+02 8.832429577883084448e+01
1.683100824229125010e+02 1.956095295872654560e+02 8.835371103666888359e+01
1.683081999706808745e+02 1.955973210547011263e+02 8.838312629450690849e+01
1.683063175184492479e+02 1.955851125221367965e+02 8.841254155234494760e+01
1.683044350662175930e+02 1.955729039895724952e+02 8.844195681018298671e+01
1.683025526139859664e+02 1.955606954570081939e+02 8.847137206802102583e+01
1.683006701617543399e+02 1.955484869244438642e+02 8.850078732585906494e+01
1.683006701617543399e+02 1.955484869244438642e+02 8.850078732585906494e+01
1.682726614448842497e+02 1.955408802081795159e+02 8.851293149717363917e+01
1.682446527280141879e+02 1.955332734919151960e+02 8.852507566848822762e+01
1.682166440111440977e+02 1.955256667756508477e+02 8.853721983980280186e+01
1.681886352942740359e+02 1.955180600593865279e+02 8.854936401111739031e+01
1.681606265774039457e+02 1.955104533431221796e+02 8.856150818243196454e+01
1.681326178605338839e+02 1.955028466268578313e+02 8.857365235374655299e+01
1.681046091436637937e+02 1.954952399105935115e+02 8.858579652506112723e+01
1.680766004267937319e+02 1.954876331943291632e+02 8.859794069637570146e+01
1.680485917099236417e+02 1.954800264780648433e+02 8.861008486769028991e+01
1.680205829930535799e+02 1.954724197618004951e+02 8.862222903900486415e+01
1.679925742761834897e+02 1.954648130455361468e+02 8.863437321031945260e+01
1.679645655593134279e+02 1.954572063292718269e+02 8.864651738163402683e+01
1.679365568424433377e+02 1.954495996130074786e+02 8.865866155294861528e+01
1.679085481255732475e+02 1.954419928967431588e+02 8.867080572426318952e+01
1.678805394087031857e+02 1.954343861804788105e+02 8.868294989557776375e+01
1.678525306918330955e+02 1.954267794642144622e+02 8.869509406689235220e+01
1.678245219749630337e+02 1.954191727479501424e+02 8.870723823820692644e+01
1.677965132580929435e+02 1.954115660316857941e+02 8.871938240952151489e+01
1.677685045412228817e+02 1.954039593154214458e+02 8.873152658083608912e+01
1.677404958243527915e+02 1.953963525991571260e+02 8.874367075215067757e+01
1.677124871074827297e+02 1.953887458828927777e+02 8.875581492346525181e+01
1.676844783906126395e+02 1.953811391666284578e+02 8.876795909477982605e+01
1.676564696737425777e+02 1.953735324503641095e+02 8.878010326609441449e+01
1.676284609568724875e+02 1.953659257340997613e+02 8.879224743740898873e+01
1.676004522400024257e+02 1.953583190178354414e+02 8.880439160872357718e+01
1.675724435231323355e+02 1.953507123015710931e+02 8.881653578003815142e+01
1.675444348062622737e+02 1.953431055853067733e+02 8.882867995135273986e+01
1.675164260893921835e+02 1.953354988690424250e+02 8.884082412266731410e+01
1.675164260893921835e+02 1.953354988690424250e+02 8.884082412266731410e+01
1.674864569616623271e+02 1.953263345998737179e+02 8.884176471580228451e+01
1.674564878339324707e+02 1.953171703307050109e+02 8.884270530893725493e+01
1.674265187062026143e+02 1.953080060615363323e+02 8.884364590207222534e+01
1.673965495784727864e+02 1.952988417923676252e+02 8.884458649520720996e+01
1.673665804507429300e+02 1.952896775231989182e+02 8.884552708834218038e+01
1.673366113230130736e+02 1.952805132540302111e+02 8.884646768147715079e+01
1.673066421952832172e+02 1.952713489848615325e+02 8.884740827461212120e+01
1.672766730675533609e+02 1.952621847156928254e+02 8.884834886774709162e+01
1.672467039398235045e+02 1.952530204465241184e+02 8.884928946088206203e+01
1.672167348120936765e+02 1.952438561773554113e+02 8.885023005401703244e+01
1.671867656843638201e+02 1.952346919081867043e+02 8.885117064715200286e+01
1.671567965566339637e+02 1.952255276390180256e+02 8.885211124028698748e+01
1.671268274289041074e+02 1.952163633698493186e+02 8.885305183342195789e+01
1.670968583011742510e+02 1.952071991006806115e+02 8.885399242655692831e+01
1.670668891734443946e+02 1.951980348315119045e+02 8.885493301969189872e+01
1.670369200457145666e+02 1.951888705623432259e+02 8.885587361282686913e+01
1.670069509179847103e+02 1.951797062931745188e+02 8.885681420596183955e+01
1.669769817902548539e+02 1.951705420240058118e+02 8.885775479909680996e+01
1.669470126625249975e+02 1.951613777548371047e+02 8.885869539223178037e+01
1.669170435347951411e+02 1.951522134856684261e+02 8.885963598536676500e+01
1.668870744070652847e+02 1.951430492164997190e+02 8.886057657850173541e+01
1.668571052793354568e+02 1.951338849473310120e+02 8.886151717163670583e+01
1.668271361516056004e+02 1.951247206781623049e+02 8.886245776477167624e+01
1.667971670238757440e+02 1.951155564089935979e+02 8.886339835790664665e+01
1.667671978961458876e+02 1.951063921398249192e+02 8.886433895104161707e+01
1.667372287684160312e+02 1.950972278706562122e+02 8.886527954417658748e+01
1.667072596406861749e+02 1.950880636014875051e+02 8.886622013731155789e+01
1.666772905129563469e+02 1.950788993323187981e+02 8.886716073044654252e+01
1.666473213852264905e+02 1.950697350631501195e+02 8.886810132358151293e+01
1.666173522574966341e+02 1.950605707939814124e+02 8.886904191671648334e+01
1.665873831297667778e+02 1.950514065248127054e+02 8.886998250985145376e+01
1.665873831297667778e+02 1.950514065248127054e+02 8.886998250985145376e+01
1.665619140454199965e+02 1.950341378731769453e+02 8.886505877828598443e+01
1.665364449610732152e+02 1.950168692215411568e+02 8.886013504672050090e+01
1.665109758767264054e+02 1.949996005699053967e+02 8.885521131515503157e+01
1.664855067923796241e+02 1.949823319182696366e+02 8.885028758358954803e+01
1.664600377080328428e+02 1.949650632666338481e+02 8.884536385202407871e+01
1.664345686236860615e+02 1.949477946149980880e+02 8.884044012045859517e+01
1.664090995393392802e+02 1.949305259633622995e+02 8.883551638889312585e+01
1.663836304549924989e+02 1.949132573117265395e+02 8.883059265732765653e+01
1.663581613706456892e+02 1.948959886600907794e+02 8.882566892576217299e+01
1.663326922862989079e+02 1.948787200084549909e+02 8.882074519419670366e+01
1.663072232019521266e+02 1.948614513568192308e+02 8.881582146263122013e+01
1.662817541176053453e+02 1.948441827051834707e+02 8.881089773106575080e+01
1.662562850332585640e+02 1.948269140535476822e+02 8.880597399950026727e+01
1.662308159489117827e+02 1.948096454019119221e+02 8.880105026793479794e+01
1.662053468645649730e+02 1.947923767502761336e+02 8.879612653636932862e+01
1.661798777802181917e+02 1.947751080986403736e+02 8.879120280480384508e+01
1.661544086958714104e+02 1.947578394470046135e+02 8.878627907323837576e+01
1.661289396115246291e+02 1.947405707953688250e+02 8.878135534167289222e+01
1.661034705271778478e+02 1.947233021437330649e+02 8.877643161010742290e+01
1.660780014428310665e+02 1.947060334920973048e+02 8.877150787854193936e+01
1.660525323584842567e+02 1.946887648404615163e+02 8.876658414697647004e+01
1.660270632741374754e+02 1.946714961888257562e+02 8.876166041541100071e+01
1.660015941897906941e+02 1.946542275371899677e+02 8.875673668384551718e+01
1.659761251054439128e+02 1.946369588855542077e+02 8.875181295228004785e+01
1.659506560210971315e+02 1.946196902339184476e+02 8.874688922071456432e+01
1.659251869367503502e+02 1.946024215822826591e+02 8.874196548914909499e+01
1.658997178524035405e+02 1.945851529306468990e+02 8.873704175758361146e+01
1.658742487680567592e+02 1.945678842790111389e+02 8.873211802601814213e+01
1.658487796837099779e+02 1.945506156273753504e+02 8.872719429445267281e+01
1.658233105993631966e+02 1.945333469757395903e+02 8.872227056288718927e+01
1.657978415150164153e+02 1.945160783241038018e+02 8.871734683132171995e+01
1.657723724306696340e+02 1.944988096724680418e+02 8.871242309975623641e+01
1.657469033463228243e+02 1.944815410208322817e+02 8.870749936819076709e+01
1.657214342619760430e+02 1.944642723691964932e+02 8.870257563662528355e+01
1.656959651776292617e+02 1.944470037175607331e+02 8.869765190505981423e+01
1.656959651776292617e+02 1.944470037175607331e+02 8.869765190505981423e+01
1.656811674935957797e+02 1.944193327073889179e+02 8.869633281332605179e+01
1.656663698095622976e+02 1.943916616972171028e+02 8.869501372159228936e+01
1.656515721255288156e+02 1.943639906870452876e+02 8.869369462985852692e+01
1.656367744414953336e+02 1.943363196768734724e+02 8.869237553812476449e+01
1.656219767574618515e+02 1.943086486667016857e+02 8.869105644639098784e+01
1.656071790734283695e+02 1.942809776565298705e+02 8.868973735465722541e+01
1.655923813893948875e+02 1.942533066463580553e+02 8.868841826292346298e+01
1.655775837053614055e+02 1.942256356361862402e+02 8.868709917118970054e+01
1.655627860213279234e+02 1.941979646260144250e+02 8.868578007945593811e+01
1.655479883372944414e+02 1.941702936158426098e+02 8.868446098772217567e+01
1.655331906532609594e+02 1.941426226056707947e+02 8.868314189598841324e+01
1.655183929692274774e+02 1.941149515954989795e+02 8.868182280425465080e+01
1.655035952851939953e+02 1.940872805853271927e+02 8.868050371252087416e+01
1.654887976011605133e+02 1.940596095751553776e+02 8.867918462078711173e+01
1.654739999171270313e+02 1.940319385649835624e+02 8.867786552905334929e+01
1.654592022330935492e+02 1.940042675548117472e+02 8.867654643731958686e+01
1.654444045490600388e+02 1.939765965446399321e+02 8.867522734558582442e+01
1.654296068650265568e+02 1.939489255344681169e+02 8.867390825385206199e+01
1.654148091809930747e+02 1.939212545242963017e+02 8.867258916211829956e+01
1.654000114969595927e+02 1.938935835141244866e+02 8.867127007038453712e+01
1.653852138129261107e+02 1.938659125039526714e+02 8.866995097865077469e+01
1.653704161288926286e+02 1.938382414937808846e+02 8.866863188691699804e+01
1.653556184448591466e+02 1.938105704836090695e+02 8.866731279518323561e+01
1.653408207608256646e+02 1.937828994734372543e+02 8.866599370344947317e+01
1.653260230767921826e+02 1.937552284632654391e+02 8.866467461171571074e+01
1.653112253927587005e+02 1.937275574530936240e+02 8.866335551998194831e+01
1.652964277087252185e+02 1.936998864429218088e+02 8.866203642824818587e+01
1.652816300246917365e+02 1.936722154327499936e+02 8.866071733651442344e+01
1.652668323406582545e+02 1.936445444225781785e+02 8.865939824478066100e+01
1.652520346566247724e+02 1.936168734124063917e+02 8.865807915304688436e+01
1.652372369725912904e+02 1.935892024022345765e+02 8.865676006131312192e+01
1.652224392885578084e+02 1.935615313920627614e+02 8.865544096957935949e+01
1.652076416045243263e+02 1.935338603818909462e+02 8.865412187784559706e+01
1.651928439204908443e+02 1.935061893717191310e+02 8.865280278611183462e+01
1.651928439204908443e+02 1.935061893717191310e+02 8.865280278611183462e+01
1.651845167731607376e+02 1.934875664606412897e+02 8.867621897100806905e+01
1.651761896258306024e+02 1.934689435495634484e+02 8.869963515590430347e+01
1.651678624785004956e+02 1.934503206384856355e+02 8.872305134080052369e+01
1.651595353311703889e+02 1.934316977274077942e+02 8.874646752569675812e+01
1.651512081838402821e+02 1.934130748163299529e+02 8.876988371059299254e+01
1.651428810365101469e+02 1.933944519052521116e+02 8.879329989548921276e+01
1.651345538891800402e+02 1.933758289941742703e+02 8.881671608038544719e+01
1.651262267418499334e+02 1.933572060830964574e+02 8.884013226528168161e+01
1.651178995945198267e+02 1.933385831720186161e+02 8.886354845017791604e+01
1.651095724471896915e+02 1.933199602609407748e+02 8.888696463507415046e+01
1.651012452998595847e+02 1.933013373498629335e+02 8.891038081997037068e+01
1.650929181525294780e+02 1.932827144387850922e+02 8.893379700486660511e+01
1.650845910051993428e+02 1.932640915277072793e+02 8.895721318976283953e+01
1.650762638578692361e+02 1.932454686166294380e+02 8.898062937465905975e+01
1.650679367105391293e+02 1.932268457055515967e+02 8.900404555955529418e+01
1.650596095632090226e+02 1.932082227944737554e+02 8.902746174445152860e+01
1.650512824158788874e+02 1.931895998833959140e+02 8.905087792934776303e+01
1.650429552685487806e+02 1.931709769723181012e+02 8.907429411424399746e+01
1.650346281212186739e+02 1.931523540612402599e+02 8.909771029914021767e+01
1.650263009738885671e+02 1.931337311501624185e+02 8.912112648403645210e+01
1.650179738265584319e+02 1.931151082390845772e+02 8.914454266893268652e+01
1.650096466792283252e+02 1.930964853280067359e+02 8.916795885382890674e+01
1.650013195318982184e+02 1.930778624169289230e+02 8.919137503872514117e+01
1.649929923845680833e+02 1.930592395058510817e+02 8.921479122362137559e+01
1.649846652372379765e+02 1.930406165947732404e+02 8.923820740851761002e+01
1.649763380899078697e+02 1.930219936836953991e+02 8.926162359341384445e+01
1.649680109425777630e+02 1.930033707726175578e+02 8.928503977831006466e+01
1.649596837952476278e+02 1.929847478615397449e+02 8.930845596320629909e+01
1.649513566479175211e+02 1.929661249504619036e+02 8.933187214810253352e+01
1.649430295005874143e+02 1.929475020393840623e+02 8.935528833299875373e+01
1.649347023532572791e+02 1.929288791283062210e+02 8.937870451789498816e+01
1.649263752059271724e+02 1.929102562172283797e+02 8.940212070279122258e+01
1.649180480585970656e+02 1.928916333061505668e+02 8.942553688768745701e+01
1.649097209112669589e+02 1.928730103950727255e+02 8.944895307258369144e+01
1.649013937639368237e+02 1.928543874839948842e+02 8.947236925747991165e+01
1.648930666166067169e+02 1.928357645729170429e+02 8.949578544237614608e+01
1.648847394692766102e+02 1.928171416618392016e+02 8.951920162727238051e+01
1.648764123219465034e+02 1.927985187507613887e+02 8.954261781216860072e+01
1.648680851746163682e+02 1.927798958396835474e+02 8.956603399706483515e+01
1.648597580272862615e+02 1.927612729286057061e+02 8.958945018196106957e+01
1.648597580272862615e+02 1.927612729286057061e+02 8.958945018196106957e+01
1.648447932655252259e+02 1.927352963024242740e+02 8.959936499054994385e+01
1.648298285037641904e+02 1.927093196762428704e+02 8.960927979913880392e+01
1.648148637420031264e+02 1.926833430500614384e+02 8.961919460772767820e+01
1.647998989802420908e+02 1.926573664238800063e+02 8.962910941631655248e+01
1.647849342184810553e+02 1.926313897976985743e+02 8.963902422490541255e+01
1.647699694567200197e+02 1.926054131715171707e+02 8.964893903349428683e+01
1.647550046949589841e+02 1.925794365453357386e+02 8.965885384208316111e+01
1.647400399331979202e+02 1.925534599191543066e+02 8.966876865067202118e+01
1.647250751714368846e+02 1.925274832929728746e+02 8.967868345926089546e+01
1.647101104096758490e+02 1.925015066667914709e+02 8.968859826784975553e+01
1.646951456479148135e+02 1.924755300406100389e+02 8.969851307643862981e+01
1.646801808861537779e+02 1.924495534144286069e+02 8.970842788502750409e+01
1.646652161243927139e+02 1.924235767882471748e+02 8.971834269361636416e+01
1.646502513626316784e+02 1.923976001620657712e+02 8.972825750220523844e+01
1.646352866008706428e+02 1.923716235358843392e+02 8.973817231079411272e+01
1.646203218391096073e+02 1.923456469097029071e+02 8.974808711938297279e+01
1.646053570773485717e+02 1.923196702835214751e+02 8.975800192797184707e+01
1.645903923155875077e+02 1.922936936573400715e+02 8.976791673656072135e+01
1.645754275538264721e+02 1.922677170311586394e+02 8.977783154514958142e+01
1.645604627920654366e+02 1.922417404049772074e+02 8.978774635373845570e+01
1.645454980303044010e+02 1.922157637787958038e+02 8.979766116232732998e+01
1.645305332685433370e+02 1.921897871526143717e+02 8.980757597091619004e+01
1.645155685067823015e+02 1.921638105264329397e+02 8.981749077950506432e+01
1.645006037450212659e+02 1.921378339002515077e+02 8.982740558809393860e+01
1.644856389832602304e+02 1.921118572740701040e+02 8.983732039668279867e+01
1.644706742214991948e+02 1.920858806478886720e+02 8.984723520527167295e+01
1.644557094597381308e+02 1.920599040217072400e+02 8.985715001386053302e+01
1.644407446979770953e+02 1.920339273955258079e+02 8.986706482244940730e+01
1.644257799362160597e+02 1.920079507693444043e+02 8.987697963103828158e+01
1.644108151744550241e+02 1.919819741431629723e+02 8.988689443962714165e+01
1.643958504126939886e+02 1.919559975169815402e+02 8.989680924821601593e+01
1.643808856509329246e+02 1.919300208908001082e+02 8.990672405680489021e+01
1.643659208891718890e+02 1.919040442646187046e+02 8.991663886539375028e+01
1.643509561274108535e+02 1.918780676384372725e+02 8.992655367398262456e+01
