1.875153419120406966e+02 1.833948126646773176e+02 9.753229508584738028e+01
1.875014719287717639e+02 1.833818554828881702e+02 9.755187448426610786e+01
1.874876019455028029e+02 1.833688983010990228e+02 9.757145388268483543e+01
1.874737319622338703e+02 1.833559411193098754e+02 9.759103328110356301e+01
1.874598619789649376e+02 1.833429839375207280e+02 9.761061267952229059e+01
1.874459919956959766e+02 1.833300267557316090e+02 9.763019207794101817e+01
1.874321220124270440e+02 1.833170695739424616e+02 9.764977147635974575e+01
1.874182520291580829e+02 1.833041123921533142e+02 9.766935087477847333e+01
1.874043820458891503e+02 1.832911552103641668e+02 9.768893027319720090e+01
1.873905120626202176e+02 1.832781980285750194e+02 9.770850967161592848e+01
1.873766420793512566e+02 1.832652408467858720e+02 9.772808907003465606e+01
1.873627720960823240e+02 1.832522836649967246e+02 9.774766846845338364e+01
1.873489021128133913e+02 1.832393264832075772e+02 9.776724786687211122e+01
1.873350321295444303e+02 1.832263693014184298e+02 9.778682726529083880e+01
1.873211621462754977e+02 1.832134121196292824e+02 9.780640666370956637e+01
1.873072921630065366e+02 1.832004549378401634e+02 9.782598606212829395e+01
1.872934221797376040e+02 1.831874977560510160e+02 9.784556546054702153e+01
1.872795521964686714e+02 1.831745405742618686e+02 9.786514485896574911e+01
1.872656822131997103e+02 1.831615833924727212e+02 9.788472425738447669e+01
1.872518122299307777e+02 1.831486262106835738e+02 9.790430365580320426e+01
1.872518122299307777e+02 1.831486262106835738e+02 9.790430365580320426e+01
1.872361407478823310e+02 1.831339860890720672e+02 9.792642611874268255e+01
1.872204692658339127e+02 1.831193459674605606e+02 9.794854858168214662e+01
1.872047977837854660e+02 1.831047058458490540e+02 9.797067104462161069e+01
1.871891263017370193e+02 1.830900657242375473e+02 9.799279350756108897e+01
1.871734548196886010e+02 1.830754256026260407e+02 9.801491597050056725e+01
1.871577833376401543e+02 1.830607854810145341e+02 9.803703843344003133e+01
1.871421118555917360e+02 1.830461453594030274e+02 9.805916089637949540e+01
1.871264403735432893e+02 1.830315052377915208e+02 9.808128335931897368e+01
1.871107688914948426e+02 1.830168651161800142e+02 9.810340582225845196e+01
1.870950974094464243e+02 1.830022249945685076e+02 9.812552828519791603e+01
1.870794259273979776e+02 1.829875848729570009e+02 9.814765074813738011e+01
1.870637544453495593e+02 1.829729447513454943e+02 9.816977321107685839e+01
1.870480829633011126e+02 1.829583046297339877e+02 9.819189567401633667e+01
1.870324114812526659e+02 1.829436645081224810e+02 9.821401813695580074e+01
1.870167399992042476e+02 1.829290243865109744e+02 9.823614059989526481e+01
1.870010685171558009e+02 1.829143842648994678e+02 9.825826306283474310e+01
1.870010685171558009e+02 1.829143842648994678e+02 9.825826306283474310e+01
1.869848506087985243e+02 1.828647818469677873e+02 9.825962036809922040e+01
1.869686327004412192e+02 1.828151794290360783e+02 9.826097767336368349e+01
1.869524147920839425e+02 1.827655770111043978e+02 9.826233497862816080e+01
1.869361968837266659e+02 1.827159745931726889e+02 9.826369228389263810e+01
1.869199789753693892e+02 1.826663721752410083e+02 9.826504958915710120e+01
1.869037610670120841e+02 1.826167697573092994e+02 9.826640689442157850e+01
1.868875431586548075e+02 1.825671673393776189e+02 9.826776419968605580e+01
1.868713252502975308e+02 1.825175649214459099e+02 9.826912150495051890e+01
1.868551073419402542e+02 1.824679625035142294e+02 9.827047881021499620e+01
1.868388894335829491e+02 1.824183600855825205e+02 9.827183611547947351e+01
1.868226715252256724e+02 1.823687576676508399e+02 9.827319342074393660e+01
1.868064536168683958e+02 1.823191552497191310e+02 9.827455072600841390e+01
1.867902357085111191e+02 1.822695528317874505e+02 9.827590803127289121e+01
1.867740178001538141e+02 1.822199504138557415e+02 9.827726533653735430e+01
1.867577998917965374e+02 1.821703479959240610e+02 9.827862264180183161e+01
1.867577998917965374e+02 1.821703479959240610e+02 9.827862264180183161e+01
1.867389896032278500e+02 1.821384203744639763e+02 9.827765884144783115e+01
1.867201793146591910e+02 1.821064927530038915e+02 9.827669504109383070e+01
1.867013690260905037e+02 1.820745651315438067e+02 9.827573124073981603e+01
1.866825587375218447e+02 1.820426375100837220e+02 9.827476744038581558e+01
1.866637484489531573e+02 1.820107098886236656e+02 9.827380364003181512e+01
1.866449381603844699e+02 1.819787822671635809e+02 9.827283983967781467e+01
1.866261278718158110e+02 1.819468546457034961e+02 9.827187603932380000e+01
1.866073175832471236e+02 1.819149270242434113e+02 9.827091223896979955e+01
1.865885072946784646e+02 1.818829994027833266e+02 9.826994843861579909e+01
1.865696970061097772e+02 1.818510717813232418e+02 9.826898463826179864e+01
1.865508867175410899e+02 1.818191441598631570e+02 9.826802083790778397e+01
1.865320764289724309e+02 1.817872165384030723e+02 9.826705703755378352e+01
1.865132661404037435e+02 1.817552889169430159e+02 9.826609323719978306e+01
1.864944558518350846e+02 1.817233612954829312e+02 9.826512943684578261e+01
1.864756455632663972e+02 1.816914336740228464e+02 9.826416563649176794e+01
1.864568352746977098e+02 1.816595060525627616e+02 9.826320183613776749e+01
1.864380249861290508e+02 1.816275784311026769e+02 9.826223803578376703e+01
1.864192146975603634e+02 1.815956508096425921e+02 9.826127423542976658e+01
1.864004044089917045e+02 1.815637231881825073e+02 9.826031043507575191e+01
1.863815941204230171e+02 1.815317955667224226e+02 9.825934663472175146e+01
1.863627838318543297e+02 1.814998679452623662e+02 9.825838283436775100e+01
1.863439735432856708e+02 1.814679403238022815e+02 9.825741903401375055e+01
1.863251632547169834e+02 1.814360127023421967e+02 9.825645523365973588e+01
1.863063529661483244e+02 1.814040850808821119e+02 9.825549143330573543e+01
1.862875426775796370e+02 1.813721574594220272e+02 9.825452763295173497e+01
1.862875426775796370e+02 1.813721574594220272e+02 9.825452763295173497e+01
1.862785553441414095e+02 1.813446697304576105e+02 9.825527979868856221e+01
1.862695680107031819e+02 1.813171820014931939e+02 9.825603196442537524e+01
1.862605806772649260e+02 1.812896942725287772e+02 9.825678413016220247e+01
1.862515933438266984e+02 1.812622065435643606e+02 9.825753629589902971e+01
1.862426060103884708e+02 1.812347188145999439e+02 9.825828846163585695e+01
1.862336186769502433e+02 1.812072310856355273e+02 9.825904062737266997e+01
1.862246313435120157e+02 1.811797433566711106e+02 9.825979279310949721e+01
1.862156440100737598e+02 1.811522556277066940e+02 9.826054495884632445e+01
1.862066566766355322e+02 1.811247678987422773e+02 9.826129712458315169e+01
1.861976693431973047e+02 1.810972801697778607e+02 9.826204929031996471e+01
1.861886820097590771e+02 1.810697924408134440e+02 9.826280145605679195e+01
1.861796946763208496e+02 1.810423047118490274e+02 9.826355362179361919e+01
1.861707073428825936e+02 1.810148169828846108e+02 9.826430578753043221e+01
1.861617200094443660e+02 1.809873292539201941e+02 9.826505795326725945e+01
1.861527326760061385e+02 1.809598415249558059e+02 9.826581011900408669e+01
1.861437453425679109e+02 1.809323537959913892e+02 9.826656228474091392e+01
1.861347580091296550e+02 1.809048660670269726e+02 9.826731445047772695e+01
1.861257706756914274e+02 1.808773783380625559e+02 9.826806661621455419e+01
1.861167833422531999e+02 1.808498906090981393e+02 9.826881878195138142e+01
1.861077960088149723e+02 1.808224028801337226e+02 9.826957094768819445e+01
1.860988086753767448e+02 1.807949151511693060e+02 9.827032311342502169e+01
1.860898213419384888e+02 1.807674274222048894e+02 9.827107527916184893e+01
1.860808340085002612e+02 1.807399396932404727e+02 9.827182744489867616e+01
1.860718466750620337e+02 1.807124519642760561e+02 9.827257961063548919e+01
1.860628593416238061e+02 1.806849642353116394e+02 9.827333177637231643e+01
1.860538720081855786e+02 1.806574765063472228e+02 9.827408394210914366e+01
1.860448846747473226e+02 1.806299887773828061e+02 9.827483610784597090e+01
1.860358973413090951e+02 1.806025010484183895e+02 9.827558827358278393e+01
1.860269100078708675e+02 1.805750133194539728e+02 9.827634043931961116e+01
1.860269100078708675e+02 1.805750133194539728e+02 9.827634043931961116e+01
1.860169402668265093e+02 1.805445209001445335e+02 9.827717482447624775e+01
1.860069705257821795e+02 1.805140284808350657e+02 9.827800920963287012e+01
1.859970007847378213e+02 1.804835360615256263e+02 9.827884359478950671e+01
1.859870310436934631e+02 1.804530436422161586e+02 9.827967797994614330e+01
1.859770613026491333e+02 1.804225512229067192e+02 9.828051236510276567e+01
1.859670915616047751e+02 1.803920588035972514e+02 9.828134675025940226e+01
1.859571218205604168e+02 1.803615663842878121e+02 9.828218113541603884e+01
1.859471520795160586e+02 1.803310739649783443e+02 9.828301552057266122e+01
1.859371823384717288e+02 1.803005815456689049e+02 9.828384990572929780e+01
1.859272125974273706e+02 1.802700891263594372e+02 9.828468429088593439e+01
1.859172428563830124e+02 1.802395967070499978e+02 9.828551867604255676e+01
1.859072731153386826e+02 1.802091042877405300e+02 9.828635306119919335e+01
1.858973033742943244e+02 1.801786118684310907e+02 9.828718744635582993e+01
1.858873336332499662e+02 1.801481194491216513e+02 9.828802183151245231e+01
1.858773638922056364e+02 1.801176270298121835e+02 9.828885621666908889e+01
1.858673941511612782e+02 1.800871346105027442e+02 9.828969060182571127e+01
1.858574244101169199e+02 1.800566421911932764e+02 9.829052498698234785e+01
1.858474546690725901e+02 1.800261497718838370e+02 9.829135937213898444e+01
1.858374849280282319e+02 1.799956573525743693e+02 9.829219375729560682e+01
1.858275151869838737e+02 1.799651649332649299e+02 9.829302814245224340e+01
1.858175454459395155e+02 1.799346725139554621e+02 9.829386252760887999e+01
1.858075757048951857e+02 1.799041800946460228e+02 9.829469691276550236e+01
1.857976059638508275e+02 1.798736876753365550e+02 9.829553129792213895e+01
1.857876362228064693e+02 1.798431952560271156e+02 9.829636568307877553e+01
1.857776664817621395e+02 1.798127028367176479e+02 9.829720006823539791e+01
1.857676967407177813e+02 1.797822104174082085e+02 9.829803445339203449e+01
1.857676967407177813e+02 1.797822104174082085e+02 9.829803445339203449e+01
1.857774752600423085e+02 1.797580304000283320e+02 9.829704260502411728e+01
1.857872537793668641e+02 1.797338503826484839e+02 9.829605075665621428e+01
1.857970322986913914e+02 1.797096703652686074e+02 9.829505890828829706e+01
1.858068108180159470e+02 1.796854903478887593e+02 9.829406705992039406e+01
1.858165893373404742e+02 1.796613103305088828e+02 9.829307521155247684e+01
1.858263678566650299e+02 1.796371303131290063e+02 9.829208336318457384e+01
1.858361463759895571e+02 1.796129502957491582e+02 9.829109151481665663e+01
1.858459248953140843e+02 1.795887702783692816e+02 9.829009966644873941e+01
1.858557034146386400e+02 1.795645902609894051e+02 9.828910781808083641e+01
1.858654819339631672e+02 1.795404102436095570e+02 9.828811596971291920e+01
1.858752604532877228e+02 1.795162302262296805e+02 9.828712412134501619e+01
1.858850389726122501e+02 1.794920502088498324e+02 9.828613227297709898e+01
1.858948174919368057e+02 1.794678701914699559e+02 9.828514042460918176e+01
1.859045960112613329e+02 1.794436901740900794e+02 9.828414857624127876e+01
1.859143745305858602e+02 1.794195101567102313e+02 9.828315672787336155e+01
1.859241530499104158e+02 1.793953301393303548e+02 9.828216487950545854e+01
1.859339315692349430e+02 1.793711501219505067e+02 9.828117303113754133e+01
1.859437100885594987e+02 1.793469701045706302e+02 9.828018118276963833e+01
1.859534886078840259e+02 1.793227900871907536e+02 9.827918933440172111e+01
1.859632671272085531e+02 1.792986100698109055e+02 9.827819748603380390e+01
1.859730456465331088e+02 1.792744300524310290e+02 9.827720563766590089e+01
1.859828241658576360e+02 1.792502500350511525e+02 9.827621378929798368e+01
1.859926026851821916e+02 1.792260700176713044e+02 9.827522194093008068e+01
1.860023812045067189e+02 1.792018900002914279e+02 9.827423009256216346e+01
1.860121597238312745e+02 1.791777099829115798e+02 9.827323824419426046e+01
1.860219382431558017e+02 1.791535299655317033e+02 9.827224639582634325e+01
1.860219382431558017e+02 1.791535299655317033e+02 9.827224639582634325e+01
1.860323277008133687e+02 1.791278392389104681e+02 9.827119257916154993e+01
1.860427171584709356e+02 1.791021485122892045e+02 9.827013876249677082e+01
1.860531066161285025e+02 1.790764577856679693e+02 9.826908494583197751e+01
1.860634960737860695e+02 1.790507670590467342e+02 9.826803112916719840e+01
1.860738855314436364e+02 1.790250763324254990e+02 9.826697731250240508e+01
1.860842749891011749e+02 1.789993856058042354e+02 9.826592349583762598e+01
1.860946644467587419e+02 1.789736948791830002e+02 9.826486967917283266e+01
1.861050539044163088e+02 1.789480041525617651e+02 9.826381586250805356e+01
1.861154433620738757e+02 1.789223134259405015e+02 9.826276204584326024e+01
1.861258328197314427e+02 1.788966226993192663e+02 9.826170822917848113e+01
1.861362222773890096e+02 1.788709319726980311e+02 9.826065441251368782e+01
1.861466117350465765e+02 1.788452412460767960e+02 9.825960059584890871e+01
1.861570011927041435e+02 1.788195505194555324e+02 9.825854677918411539e+01
1.861673906503617104e+02 1.787938597928342972e+02 9.825749296251933629e+01
1.861777801080192773e+02 1.787681690662130620e+02 9.825643914585454297e+01
1.861881695656768159e+02 1.787424783395917984e+02 9.825538532918976387e+01
1.861985590233343828e+02 1.787167876129705633e+02 9.825433151252497055e+01
1.862089484809919497e+02 1.786910968863493281e+02 9.825327769586019144e+01
1.862193379386495167e+02 1.786654061597280929e+02 9.825222387919539813e+01
1.862297273963070836e+02 1.786397154331068293e+02 9.825117006253061902e+01
1.862401168539646505e+02 1.786140247064855942e+02 9.825011624586582570e+01
1.862401168539646505e+02 1.786140247064855942e+02 9.825011624586582570e+01
1.862931040508854892e+02 1.785762011592556178e+02 9.824894422090054036e+01
1.863460912478063278e+02 1.785383776120256130e+02 9.824777219593525501e+01
1.863990784447271380e+02 1.785005540647956082e+02 9.824660017096996967e+01
1.864520656416479767e+02 1.784627305175656318e+02 9.824542814600468432e+01
1.865050528385688153e+02 1.784249069703356554e+02 9.824425612103939898e+01
1.865580400354896540e+02 1.783870834231056506e+02 9.824308409607411363e+01
1.866110272324104926e+02 1.783492598758756458e+02 9.824191207110882829e+01
1.866640144293313313e+02 1.783114363286456694e+02 9.824074004614354294e+01
1.867170016262521699e+02 1.782736127814156930e+02 9.823956802117825760e+01
1.867699888231729801e+02 1.782357892341856882e+02 9.823839599621295804e+01
1.868229760200938188e+02 1.781979656869556834e+02 9.823722397124767269e+01
1.868759632170146574e+02 1.781601421397257070e+02 9.823605194628238735e+01
1.869289504139354960e+02 1.781223185924957306e+02 9.823487992131710200e+01
1.869819376108563347e+02 1.780844950452657258e+02 9.823370789635181666e+01
1.870349248077771449e+02 1.780466714980357210e+02 9.823253587138653131e+01
1.870879120046979835e+02 1.780088479508057446e+02 9.823136384642124597e+01
1.871408992016188222e+02 1.779710244035757682e+02 9.823019182145596062e+01
1.871938863985396608e+02 1.779332008563457634e+02 9.822901979649067528e+01
1.871938863985396608e+02 1.779332008563457634e+02 9.822901979649067528e+01
1.872033721906556138e+02 1.779097446856707450e+02 9.822805763983727445e+01
1.872128579827715669e+02 1.778862885149957265e+02 9.822709548318387363e+01
1.872223437748875199e+02 1.778628323443206796e+02 9.822613332653045859e+01
1.872318295670034445e+02 1.778393761736456611e+02 9.822517116987705776e+01
1.872413153591193975e+02 1.778159200029706426e+02 9.822420901322365694e+01
1.872508011512353505e+02 1.777924638322956241e+02 9.822324685657025611e+01
1.872602869433513035e+02 1.777690076616206056e+02 9.822228469991684108e+01
1.872697727354672566e+02 1.777455514909455587e+02 9.822132254326344025e+01
1.872792585275832096e+02 1.777220953202705402e+02 9.822036038661003943e+01
1.872887443196991342e+02 1.776986391495955218e+02 9.821939822995663860e+01
1.872982301118150872e+02 1.776751829789205033e+02 9.821843607330322357e+01
1.873077159039310402e+02 1.776517268082454564e+02 9.821747391664982274e+01
1.873172016960469932e+02 1.776282706375704379e+02 9.821651175999642192e+01
1.873266874881629462e+02 1.776048144668954194e+02 9.821554960334302109e+01
1.873361732802788993e+02 1.775813582962204009e+02 9.821458744668960605e+01
1.873456590723948239e+02 1.775579021255453824e+02 9.821362529003620523e+01
1.873551448645107769e+02 1.775344459548703355e+02 9.821266313338280440e+01
1.873646306566267299e+02 1.775109897841953170e+02 9.821170097672940358e+01
1.873741164487426829e+02 1.774875336135202986e+02 9.821073882007598854e+01
1.873836022408586359e+02 1.774640774428452801e+02 9.820977666342258772e+01
1.873930880329745889e+02 1.774406212721702616e+02 9.820881450676918689e+01
1.874025738250905420e+02 1.774171651014952147e+02 9.820785235011578607e+01
1.874120596172064666e+02 1.773937089308201962e+02 9.820689019346238524e+01
1.874215454093224196e+02 1.773702527601451777e+02 9.820592803680897021e+01
1.874310312014383726e+02 1.773467965894701592e+02 9.820496588015556938e+01
1.874405169935543256e+02 1.773233404187951407e+02 9.820400372350216855e+01
1.874500027856702786e+02 1.772998842481200938e+02 9.820304156684876773e+01
1.874594885777862316e+02 1.772764280774450754e+02 9.820207941019535269e+01
1.874689743699021562e+02 1.772529719067700569e+02 9.820111725354195187e+01
1.874784601620181093e+02 1.772295157360950384e+02 9.820015509688855104e+01
1.874879459541340623e+02 1.772060595654199915e+02 9.819919294023515022e+01
1.874974317462500153e+02 1.771826033947449730e+02 9.819823078358173518e+01
1.875069175383659683e+02 1.771591472240699545e+02 9.819726862692833436e+01
1.875164033304819213e+02 1.771356910533949360e+02 9.819630647027493353e+01
1.875258891225978459e+02 1.771122348827199176e+02 9.819534431362153271e+01
1.875353749147137989e+02 1.770887787120448706e+02 9.819438215696811767e+01
1.875448607068297520e+02 1.770653225413698522e+02 9.819342000031471684e+01
1.875543464989457050e+02 1.770418663706948337e+02 9.819245784366131602e+01
1.875543464989457050e+02 1.770418663706948337e+02 9.819245784366131602e+01
1.875671180164783038e+02 1.770282655096437452e+02 9.817666846955208371e+01
1.875798895340108743e+02 1.770146646485926851e+02 9.816087909544283718e+01
1.875926610515434731e+02 1.770010637875415966e+02 9.814508972133360487e+01
1.876054325690760436e+02 1.769874629264905366e+02 9.812930034722437256e+01
1.876182040866086425e+02 1.769738620654394481e+02 9.811351097311512603e+01
1.876309756041412413e+02 1.769602612043883880e+02 9.809772159900589372e+01
1.876437471216738118e+02 1.769466603433372995e+02 9.808193222489666141e+01
1.876565186392064106e+02 1.769330594822862395e+02 9.806614285078741489e+01
1.876692901567390095e+02 1.769194586212351510e+02 9.805035347667818257e+01
1.876820616742715799e+02 1.769058577601840909e+02 9.803456410256893605e+01
1.876948331918041788e+02 1.768922568991330024e+02 9.801877472845970374e+01
1.877076047093367492e+02 1.768786560380819139e+02 9.800298535435047143e+01
1.877203762268693481e+02 1.768650551770308539e+02 9.798719598024122490e+01
1.877331477444019470e+02 1.768514543159797654e+02 9.797140660613199259e+01
1.877459192619345174e+02 1.768378534549287053e+02 9.795561723202276028e+01
1.877586907794671163e+02 1.768242525938776168e+02 9.793982785791351375e+01
1.877714622969996867e+02 1.768106517328265568e+02 9.792403848380428144e+01
1.877842338145322856e+02 1.767970508717754683e+02 9.790824910969504913e+01
1.877970053320648844e+02 1.767834500107244082e+02 9.789245973558580260e+01
1.878097768495974549e+02 1.767698491496733197e+02 9.787667036147657029e+01
1.878225483671300537e+02 1.767562482886222313e+02 9.786088098736733798e+01
1.878353198846626242e+02 1.767426474275711712e+02 9.784509161325809146e+01
1.878480914021952231e+02 1.767290465665200827e+02 9.782930223914885914e+01
1.878608629197278219e+02 1.767154457054690226e+02 9.781351286503961262e+01
1.878736344372603924e+02 1.767018448444179342e+02 9.779772349093038031e+01
1.878864059547929912e+02 1.766882439833668741e+02 9.778193411682114800e+01
1.878991774723255901e+02 1.766746431223157856e+02 9.776614474271190147e+01
1.879119489898581605e+02 1.766610422612647255e+02 9.775035536860266916e+01
1.879247205073907594e+02 1.766474414002136371e+02 9.773456599449343685e+01
1.879374920249233298e+02 1.766338405391625770e+02 9.771877662038419032e+01
1.879502635424559287e+02 1.766202396781114885e+02 9.770298724627495801e+01
1.879502635424559287e+02 1.766202396781114885e+02 9.770298724627495801e+01
1.879511662125358100e+02 1.765938159581227183e+02 9.770282860861719598e+01
1.879520688826156629e+02 1.765673922381339480e+02 9.770266997095943395e+01
1.879529715526955442e+02 1.765409685181451778e+02 9.770251133330167193e+01
1.879538742227754256e+02 1.765145447981564075e+02 9.770235269564390990e+01
1.879547768928553069e+02 1.764881210781676373e+02 9.770219405798614787e+01
1.879556795629351882e+02 1.764616973581788670e+02 9.770203542032838584e+01
1.879565822330150411e+02 1.764352736381901252e+02 9.770187678267062381e+01
1.879574849030949224e+02 1.764088499182013550e+02 9.770171814501286178e+01
1.879583875731748037e+02 1.763824261982125847e+02 9.770155950735509975e+01
1.879592902432546566e+02 1.763560024782238145e+02 9.770140086969733773e+01
1.879601929133345379e+02 1.763295787582350442e+02 9.770124223203957570e+01
1.879610955834144193e+02 1.763031550382462740e+02 9.770108359438182788e+01
1.879619982534943006e+02 1.762767313182575037e+02 9.770092495672406585e+01
1.879629009235741819e+02 1.762503075982687335e+02 9.770076631906630382e+01
1.879638035936540348e+02 1.762238838782799633e+02 9.770060768140854179e+01
1.879647062637339161e+02 1.761974601582911930e+02 9.770044904375077977e+01
1.879656089338137974e+02 1.761710364383024228e+02 9.770029040609301774e+01
1.879665116038936503e+02 1.761446127183136809e+02 9.770013176843525571e+01
1.879674142739735316e+02 1.761181889983249107e+02 9.769997313077749368e+01
1.879683169440534130e+02 1.760917652783361405e+02 9.769981449311973165e+01
1.879692196141332943e+02 1.760653415583473702e+02 9.769965585546196962e+01
1.879701222842131756e+02 1.760389178383586000e+02 9.769949721780420759e+01
1.879710249542930285e+02 1.760124941183698297e+02 9.769933858014644557e+01
1.879719276243729098e+02 1.759860703983810595e+02 9.769917994248868354e+01
1.879719276243729098e+02 1.759860703983810595e+02 9.769917994248868354e+01
1.879337231953392404e+02 1.759546517807416990e+02 9.769947673308254821e+01
1.878955187663055995e+02 1.759232331631023385e+02 9.769977352367641288e+01
1.878573143372719301e+02 1.758918145454629780e+02 9.770007031427027755e+01
1.878191099082382607e+02 1.758603959278236175e+02 9.770036710486412801e+01
1.877809054792045913e+02 1.758289773101842570e+02 9.770066389545799268e+01
1.877427010501709219e+02 1.757975586925448965e+02 9.770096068605185735e+01
1.877044966211372810e+02 1.757661400749055360e+02 9.770125747664572202e+01
1.876662921921036116e+02 1.757347214572661755e+02 9.770155426723958669e+01
1.876280877630699422e+02 1.757033028396268151e+02 9.770185105783345136e+01
1.875898833340363012e+02 1.756718842219874546e+02 9.770214784842730182e+01
1.875516789050026318e+02 1.756404656043480657e+02 9.770244463902116649e+01
1.875134744759689625e+02 1.756090469867087052e+02 9.770274142961503117e+01
1.874752700469352931e+02 1.755776283690693447e+02 9.770303822020889584e+01
1.874370656179016237e+02 1.755462097514299842e+02 9.770333501080276051e+01
1.873988611888679827e+02 1.755147911337906237e+02 9.770363180139662518e+01
1.873606567598343133e+02 1.754833725161512632e+02 9.770392859199048985e+01
1.873224523308006439e+02 1.754519538985119027e+02 9.770422538258434031e+01
1.872842479017670030e+02 1.754205352808725422e+02 9.770452217317820498e+01
1.872460434727333336e+02 1.753891166632331817e+02 9.770481896377206965e+01
1.872078390436996642e+02 1.753576980455938212e+02 9.770511575436593432e+01
1.872078390436996642e+02 1.753576980455938212e+02 9.770511575436593432e+01
1.871971140378611835e+02 1.753343271469400690e+02 9.769157250665081449e+01
1.871863890320227313e+02 1.753109562482863168e+02 9.767802925893569466e+01
1.871756640261842506e+02 1.752875853496325647e+02 9.766448601122057482e+01
1.871649390203457699e+02 1.752642144509788409e+02 9.765094276350545499e+01
1.871542140145072892e+02 1.752408435523250887e+02 9.763739951579033516e+01
1.871434890086688370e+02 1.752174726536713365e+02 9.762385626807521533e+01
1.871327640028303563e+02 1.751941017550175843e+02 9.761031302036009549e+01
1.871220389969918756e+02 1.751707308563638321e+02 9.759676977264497566e+01
1.871113139911534233e+02 1.751473599577100799e+02 9.758322652492985583e+01
1.871005889853149426e+02 1.751239890590563277e+02 9.756968327721473599e+01
1.870898639794764620e+02 1.751006181604025755e+02 9.755614002949961616e+01
1.870791389736379813e+02 1.750772472617488518e+02 9.754259678178449633e+01
1.870684139677995290e+02 1.750538763630950996e+02 9.752905353406937650e+01
1.870576889619610483e+02 1.750305054644413474e+02 9.751551028635425666e+01
1.870469639561225677e+02 1.750071345657875952e+02 9.750196703863913683e+01
1.870362389502841154e+02 1.749837636671338430e+02 9.748842379092403121e+01
1.870255139444456347e+02 1.749603927684800908e+02 9.747488054320891138e+01
1.870147889386071540e+02 1.749370218698263386e+02 9.746133729549379154e+01
1.870040639327687018e+02 1.749136509711725864e+02 9.744779404777867171e+01
1.869933389269302211e+02 1.748902800725188627e+02 9.743425080006355188e+01
1.869826139210917404e+02 1.748669091738651105e+02 9.742070755234843205e+01
1.869718889152532597e+02 1.748435382752113583e+02 9.740716430463331221e+01
1.869611639094148074e+02 1.748201673765576061e+02 9.739362105691819238e+01
1.869504389035763268e+02 1.747967964779038539e+02 9.738007780920307255e+01
1.869397138977378461e+02 1.747734255792501017e+02 9.736653456148795271e+01
1.869289888918993938e+02 1.747500546805963495e+02 9.735299131377283288e+01
1.869182638860609131e+02 1.747266837819425973e+02 9.733944806605771305e+01
1.869075388802224325e+02 1.747033128832888735e+02 9.732590481834259322e+01
1.868968138743839518e+02 1.746799419846351213e+02 9.731236157062747338e+01
1.868860888685454995e+02 1.746565710859813692e+02 9.729881832291235355e+01
1.868753638627070188e+02 1.746332001873276170e+02 9.728527507519723372e+01
1.868753638627070188e+02 1.746332001873276170e+02 9.728527507519723372e+01
1.868858603407495025e+02 1.746072448240388724e+02 9.728421040331085123e+01
1.868963568187919577e+02 1.745812894607501278e+02 9.728314573142448296e+01
1.869068532968344414e+02 1.745553340974613832e+02 9.728208105953810048e+01
1.869173497748769250e+02 1.745293787341726386e+02 9.728101638765171799e+01
1.869278462529194087e+02 1.745034233708838940e+02 9.727995171576533551e+01
1.869383427309618639e+02 1.744774680075951494e+02 9.727888704387896723e+01
1.869488392090043476e+02 1.744515126443064048e+02 9.727782237199258475e+01
1.869593356870468313e+02 1.744255572810176602e+02 9.727675770010620226e+01
1.869698321650893149e+02 1.743996019177289156e+02 9.727569302821981978e+01
1.869803286431317701e+02 1.743736465544401710e+02 9.727462835633345151e+01
1.869908251211742538e+02 1.743476911911514264e+02 9.727356368444706902e+01
1.870013215992167375e+02 1.743217358278626818e+02 9.727249901256068654e+01
1.870118180772591927e+02 1.742957804645739373e+02 9.727143434067431826e+01
1.870223145553016764e+02 1.742698251012851927e+02 9.727036966878793578e+01
1.870328110333441600e+02 1.742438697379964196e+02 9.726930499690155330e+01
1.870433075113866437e+02 1.742179143747076751e+02 9.726824032501517081e+01
1.870538039894290989e+02 1.741919590114189305e+02 9.726717565312880254e+01
1.870643004674715826e+02 1.741660036481301859e+02 9.726611098124242005e+01
1.870747969455140662e+02 1.741400482848414413e+02 9.726504630935603757e+01
1.870852934235565215e+02 1.741140929215526967e+02 9.726398163746966929e+01
1.870957899015990051e+02 1.740881375582639521e+02 9.726291696558328681e+01
1.871062863796414888e+02 1.740621821949752075e+02 9.726185229369690433e+01
1.871167828576839725e+02 1.740362268316864629e+02 9.726078762181052184e+01
1.871272793357264277e+02 1.740102714683977183e+02 9.725972294992415357e+01
1.871377758137689113e+02 1.739843161051089737e+02 9.725865827803777108e+01
1.871482722918113950e+02 1.739583607418202291e+02 9.725759360615138860e+01
1.871587687698538787e+02 1.739324053785314845e+02 9.725652893426500611e+01
1.871692652478963339e+02 1.739064500152427399e+02 9.725546426237863784e+01
1.871797617259388176e+02 1.738804946519539953e+02 9.725439959049225536e+01
1.871797617259388176e+02 1.738804946519539953e+02 9.725439959049225536e+01
1.871958053925306160e+02 1.738716105982285285e+02 9.726427185361202987e+01
1.872118490591224429e+02 1.738627265445030901e+02 9.727414411673179018e+01
1.872278927257142414e+02 1.738538424907776232e+02 9.728401637985156469e+01
1.872439363923060398e+02 1.738449584370521563e+02 9.729388864297133921e+01
1.872599800588978383e+02 1.738360743833266895e+02 9.730376090609111372e+01
1.872760237254896651e+02 1.738271903296012511e+02 9.731363316921087403e+01
1.872920673920814636e+02 1.738183062758757842e+02 9.732350543233064855e+01
1.873081110586732621e+02 1.738094222221503173e+02 9.733337769545042306e+01
1.873241547252650605e+02 1.738005381684248505e+02 9.734324995857019758e+01
1.873401983918568874e+02 1.737916541146994120e+02 9.735312222168995788e+01
1.873562420584486858e+02 1.737827700609739452e+02 9.736299448480973240e+01
1.873722857250404843e+02 1.737738860072484783e+02 9.737286674792950691e+01
1.873883293916323112e+02 1.737650019535230399e+02 9.738273901104926722e+01
1.874043730582241096e+02 1.737561178997975730e+02 9.739261127416904174e+01
1.874204167248159081e+02 1.737472338460721062e+02 9.740248353728881625e+01
1.874364603914077065e+02 1.737383497923466393e+02 9.741235580040859077e+01
1.874525040579995334e+02 1.737294657386212009e+02 9.742222806352835107e+01
1.874685477245913319e+02 1.737205816848957340e+02 9.743210032664812559e+01
1.874845913911831303e+02 1.737116976311702672e+02 9.744197258976790010e+01
1.875006350577749288e+02 1.737028135774448003e+02 9.745184485288767462e+01
1.875166787243667557e+02 1.736939295237193619e+02 9.746171711600743492e+01
1.875327223909585541e+02 1.736850454699938950e+02 9.747158937912720944e+01
1.875487660575503526e+02 1.736761614162684282e+02 9.748146164224698396e+01
1.875648097241421510e+02 1.736672773625429613e+02 9.749133390536675847e+01
1.875808533907339779e+02 1.736583933088175229e+02 9.750120616848651878e+01
1.875968970573257764e+02 1.736495092550920560e+02 9.751107843160629329e+01
1.875968970573257764e+02 1.736495092550920560e+02 9.751107843160629329e+01
1.876102736140784089e+02 1.736346951318429035e+02 9.750967781531460332e+01
1.876236501708310414e+02 1.736198810085937509e+02 9.750827719902291335e+01
1.876370267275837023e+02 1.736050668853445984e+02 9.750687658273122338e+01
1.876504032843363348e+02 1.735902527620954459e+02 9.750547596643953341e+01
1.876637798410889673e+02 1.735754386388463217e+02 9.750407535014782923e+01
1.876771563978415998e+02 1.735606245155971692e+02 9.750267473385613926e+01
1.876905329545942323e+02 1.735458103923480166e+02 9.750127411756444928e+01
1.877039095113468647e+02 1.735309962690988641e+02 9.749987350127275931e+01
1.877172860680995257e+02 1.735161821458497116e+02 9.749847288498106934e+01
1.877306626248521582e+02 1.735013680226005590e+02 9.749707226868937937e+01
1.877440391816047907e+02 1.734865538993514065e+02 9.749567165239768940e+01
1.877574157383574232e+02 1.734717397761022539e+02 9.749427103610599943e+01
1.877707922951100556e+02 1.734569256528531298e+02 9.749287041981429525e+01
1.877841688518626881e+02 1.734421115296039773e+02 9.749146980352260528e+01
1.877975454086153491e+02 1.734272974063548247e+02 9.749006918723091530e+01
1.878109219653679816e+02 1.734124832831056722e+02 9.748866857093922533e+01
1.878242985221206141e+02 1.733976691598565196e+02 9.748726795464753536e+01
1.878242985221206141e+02 1.733976691598565196e+02 9.748726795464753536e+01
1.878575411367760637e+02 1.733608539913691118e+02 9.748378722724318379e+01
1.878907837514315133e+02 1.733240388228817039e+02 9.748030649983881801e+01
1.879240263660869346e+02 1.732872236543942961e+02 9.747682577243446644e+01
1.879572689807423842e+02 1.732504084859068882e+02 9.747334504503011487e+01
1.879905115953978338e+02 1.732135933174194804e+02 9.746986431762576331e+01
1.880237542100532835e+02 1.731767781489320726e+02 9.746638359022139753e+01
1.880569968247087331e+02 1.731399629804446647e+02 9.746290286281704596e+01
1.880902394393641544e+02 1.731031478119572569e+02 9.745942213541269439e+01
1.881234820540196040e+02 1.730663326434698490e+02 9.745594140800832861e+01
1.881567246686750536e+02 1.730295174749824412e+02 9.745246068060397704e+01
1.881567246686750536e+02 1.730295174749824412e+02 9.745246068060397704e+01
1.881854030063070695e+02 1.730026025316997504e+02 9.745506214311122051e+01
1.882140813439391138e+02 1.729756875884170313e+02 9.745766360561847819e+01
1.882427596815711297e+02 1.729487726451343406e+02 9.746026506812572165e+01
1.882714380192031740e+02 1.729218577018516214e+02 9.746286653063296512e+01
1.883001163568351899e+02 1.728949427585689307e+02 9.746546799314022280e+01
1.883287946944672058e+02 1.728680278152862115e+02 9.746806945564746627e+01
1.883574730320992501e+02 1.728411128720035208e+02 9.747067091815470974e+01
1.883861513697312660e+02 1.728141979287208017e+02 9.747327238066196742e+01
1.884148297073633103e+02 1.727872829854381109e+02 9.747587384316921089e+01
1.884435080449953261e+02 1.727603680421553918e+02 9.747847530567645435e+01
1.884721863826273420e+02 1.727334530988727010e+02 9.748107676818371203e+01
1.885008647202593863e+02 1.727065381555899819e+02 9.748367823069095550e+01
1.885295430578914022e+02 1.726796232123072912e+02 9.748627969319819897e+01
1.885582213955234465e+02 1.726527082690245720e+02 9.748888115570545665e+01
1.885868997331554624e+02 1.726257933257418813e+02 9.749148261821270012e+01
1.885868997331554624e+02 1.726257933257418813e+02 9.749148261821270012e+01
1.886008599211362764e+02 1.725912730086265015e+02 9.749006661756833125e+01
1.886148201091170620e+02 1.725567526915111216e+02 9.748865061692396239e+01
1.886287802970978760e+02 1.725222323743957134e+02 9.748723461627960774e+01
1.886427404850786615e+02 1.724877120572803335e+02 9.748581861563523887e+01
1.886567006730594755e+02 1.724531917401649537e+02 9.748440261499087001e+01
1.886706608610402895e+02 1.724186714230495738e+02 9.748298661434650114e+01
1.886846210490210751e+02 1.723841511059341656e+02 9.748157061370214649e+01
1.886985812370018891e+02 1.723496307888187857e+02 9.748015461305777762e+01
1.887125414249827031e+02 1.723151104717034059e+02 9.747873861241340876e+01
1.887265016129634887e+02 1.722805901545880261e+02 9.747732261176903990e+01
1.887404618009443027e+02 1.722460698374726462e+02 9.747590661112467103e+01
1.887544219889250883e+02 1.722115495203572380e+02 9.747449061048031638e+01
1.887683821769059023e+02 1.721770292032418581e+02 9.747307460983594751e+01
1.887823423648867163e+02 1.721425088861264783e+02 9.747165860919157865e+01
1.887963025528675018e+02 1.721079885690110984e+02 9.747024260854720978e+01
1.888102627408483158e+02 1.720734682518956902e+02 9.746882660790285513e+01
1.888242229288291014e+02 1.720389479347803103e+02 9.746741060725848627e+01
1.888381831168099154e+02 1.720044276176649305e+02 9.746599460661411740e+01
1.888381831168099154e+02 1.720044276176649305e+02 9.746599460661411740e+01
1.888212427788969592e+02 1.719804493028919126e+02 9.746117482783112962e+01
1.888043024409840314e+02 1.719564709881188662e+02 9.745635504904815605e+01
1.887873621030710751e+02 1.719324926733458483e+02 9.745153527026516826e+01
1.887704217651581189e+02 1.719085143585728304e+02 9.744671549148219469e+01
1.887534814272451911e+02 1.718845360437998124e+02 9.744189571269920691e+01
1.887365410893322348e+02 1.718605577290267661e+02 9.743707593391623334e+01
1.887196007514192786e+02 1.718365794142537482e+02 9.743225615513324556e+01
1.887026604135063508e+02 1.718126010994807302e+02 9.742743637635027198e+01
1.886857200755933945e+02 1.717886227847076839e+02 9.742261659756728420e+01
1.886687797376804383e+02 1.717646444699346659e+02 9.741779681878431063e+01
1.886518393997675105e+02 1.717406661551616480e+02 9.741297704000132285e+01
1.886348990618545542e+02 1.717166878403886301e+02 9.740815726121834928e+01
1.886179587239415980e+02 1.716927095256155837e+02 9.740333748243536149e+01
1.886010183860286702e+02 1.716687312108425658e+02 9.739851770365238792e+01
1.885840780481157140e+02 1.716447528960695479e+02 9.739369792486940014e+01
1.885671377102027577e+02 1.716207745812965015e+02 9.738887814608642657e+01
1.885501973722898299e+02 1.715967962665234836e+02 9.738405836730343879e+01
1.885332570343768737e+02 1.715728179517504657e+02 9.737923858852046521e+01
1.885163166964639174e+02 1.715488396369774478e+02 9.737441880973747743e+01
1.884993763585509896e+02 1.715248613222044014e+02 9.736959903095450386e+01
1.884824360206380334e+02 1.715008830074313835e+02 9.736477925217151608e+01
1.884824360206380334e+02 1.715008830074313835e+02 9.736477925217151608e+01
1.884972354713959248e+02 1.714642873875157534e+02 9.736327812397479420e+01
1.885120349221538163e+02 1.714276917676001233e+02 9.736177699577808653e+01
1.885268343729117362e+02 1.713910961476845216e+02 9.736027586758136465e+01
1.885416338236696276e+02 1.713545005277688915e+02 9.735877473938464277e+01
1.885564332744275191e+02 1.713179049078532614e+02 9.735727361118793510e+01
1.885712327251854106e+02 1.712813092879376313e+02 9.735577248299121322e+01
1.885860321759433020e+02 1.712447136680220012e+02 9.735427135479450556e+01
1.886008316267012219e+02 1.712081180481063996e+02 9.735277022659778368e+01
1.886156310774591134e+02 1.711715224281907695e+02 9.735126909840106180e+01
1.886304305282170048e+02 1.711349268082751394e+02 9.734976797020435413e+01
1.886452299789748963e+02 1.710983311883595093e+02 9.734826684200763225e+01
1.886600294297328162e+02 1.710617355684439076e+02 9.734676571381091037e+01
1.886748288804907077e+02 1.710251399485282775e+02 9.734526458561420270e+01
1.886896283312485991e+02 1.709885443286126474e+02 9.734376345741748082e+01
1.887044277820064906e+02 1.709519487086970173e+02 9.734226232922077315e+01
1.887192272327643821e+02 1.709153530887813872e+02 9.734076120102405127e+01
1.887340266835223019e+02 1.708787574688657855e+02 9.733926007282732940e+01
1.887488261342801934e+02 1.708421618489501554e+02 9.733775894463062173e+01
1.887636255850380849e+02 1.708055662290345253e+02 9.733625781643389985e+01
1.887636255850380849e+02 1.708055662290345253e+02 9.733625781643389985e+01
1.887938345366127919e+02 1.707883590128205356e+02 9.731834595286845513e+01
1.888240434881875274e+02 1.707711517966065173e+02 9.730043408930301041e+01
1.888542524397622344e+02 1.707539445803925275e+02 9.728252222573756569e+01
1.888844613913369415e+02 1.707367373641785093e+02 9.726461036217212097e+01
1.889146703429116485e+02 1.707195301479645195e+02 9.724669849860667625e+01
1.889448792944863840e+02 1.707023229317505297e+02 9.722878663504123153e+01
1.889750882460610910e+02 1.706851157155365115e+02 9.721087477147578682e+01
1.890052971976357981e+02 1.706679084993225217e+02 9.719296290791034210e+01
1.890355061492105335e+02 1.706507012831085319e+02 9.717505104434489738e+01
1.890657151007852406e+02 1.706334940668945137e+02 9.715713918077945266e+01
1.890959240523599476e+02 1.706162868506805239e+02 9.713922731721400794e+01
1.891261330039346831e+02 1.705990796344665341e+02 9.712131545364856322e+01
1.891563419555093901e+02 1.705818724182525159e+02 9.710340359008311850e+01
1.891865509070840972e+02 1.705646652020385261e+02 9.708549172651767378e+01
1.892167598586588042e+02 1.705474579858245079e+02 9.706757986295222906e+01
1.892469688102335397e+02 1.705302507696105181e+02 9.704966799938678435e+01
1.892771777618082467e+02 1.705130435533965283e+02 9.703175613582133963e+01
1.893073867133829538e+02 1.704958363371825101e+02 9.701384427225589491e+01
1.893375956649576892e+02 1.704786291209685203e+02 9.699593240869045019e+01
1.893678046165323963e+02 1.704614219047545021e+02 9.697802054512500547e+01
1.893980135681071033e+02 1.704442146885405123e+02 9.696010868155956075e+01
1.894282225196818104e+02 1.704270074723265225e+02 9.694219681799411603e+01
1.894584314712565458e+02 1.704098002561125043e+02 9.692428495442867131e+01
1.894886404228312529e+02 1.703925930398985145e+02 9.690637309086322659e+01
1.894886404228312529e+02 1.703925930398985145e+02 9.690637309086322659e+01
1.895189952594840861e+02 1.703814281971496598e+02 9.690025045073032572e+01
1.895493500961369193e+02 1.703702633544008052e+02 9.689412781059742485e+01
1.895797049327897525e+02 1.703590985116519505e+02 9.688800517046450977e+01
1.896100597694425858e+02 1.703479336689030958e+02 9.688188253033160890e+01
1.896404146060954190e+02 1.703367688261542412e+02 9.687575989019870804e+01
1.896707694427482522e+02 1.703256039834053865e+02 9.686963725006580717e+01
1.897011242794010855e+02 1.703144391406565319e+02 9.686351460993289209e+01
1.897314791160538903e+02 1.703032742979076488e+02 9.685739196979999122e+01
1.897618339527067235e+02 1.702921094551587942e+02 9.685126932966709035e+01
1.897921887893595567e+02 1.702809446124099395e+02 9.684514668953418948e+01
1.898225436260123900e+02 1.702697797696610849e+02 9.683902404940127440e+01
1.898528984626652232e+02 1.702586149269122302e+02 9.683290140926837353e+01
1.898832532993180564e+02 1.702474500841633755e+02 9.682677876913547266e+01
1.899136081359708896e+02 1.702362852414145209e+02 9.682065612900257179e+01
1.899439629726237229e+02 1.702251203986656662e+02 9.681453348886967092e+01
1.899743178092765561e+02 1.702139555559168116e+02 9.680841084873675584e+01
1.900046726459293893e+02 1.702027907131679569e+02 9.680228820860385497e+01
1.900350274825822225e+02 1.701916258704191023e+02 9.679616556847095410e+01
1.900653823192350558e+02 1.701804610276702476e+02 9.679004292833805323e+01
1.900957371558878890e+02 1.701692961849213930e+02 9.678392028820513815e+01
1.901260919925407222e+02 1.701581313421725383e+02 9.677779764807223728e+01
1.901564468291935555e+02 1.701469664994236837e+02 9.677167500793933641e+01
1.901868016658463603e+02 1.701358016566748006e+02 9.676555236780643554e+01
1.902171565024991935e+02 1.701246368139259459e+02 9.675942972767352046e+01
1.902475113391520267e+02 1.701134719711770913e+02 9.675330708754061959e+01
1.902778661758048599e+02 1.701023071284282366e+02 9.674718444740771872e+01
1.903082210124576932e+02 1.700911422856793820e+02 9.674106180727481785e+01
1.903385758491105264e+02 1.700799774429305273e+02 9.673493916714190277e+01
1.903689306857633596e+02 1.700688126001816727e+02 9.672881652700900190e+01
1.903992855224161929e+02 1.700576477574328180e+02 9.672269388687610103e+01
1.903992855224161929e+02 1.700576477574328180e+02 9.672269388687610103e+01
1.904191535632641603e+02 1.700476381804013783e+02 9.670217385800422960e+01
1.904390216041121278e+02 1.700376286033699671e+02 9.668165382913235817e+01
1.904588896449600952e+02 1.700276190263385274e+02 9.666113380026047253e+01
1.904787576858080627e+02 1.700176094493070877e+02 9.664061377138860109e+01
1.904986257266560301e+02 1.700075998722756481e+02 9.662009374251672966e+01
1.905184937675039976e+02 1.699975902952442368e+02 9.659957371364485823e+01
1.905383618083519650e+02 1.699875807182127971e+02 9.657905368477297259e+01
1.905582298491999325e+02 1.699775711411813575e+02 9.655853365590110116e+01
1.905780978900478999e+02 1.699675615641499462e+02 9.653801362702922972e+01
1.905979659308958674e+02 1.699575519871185065e+02 9.651749359815735829e+01
1.906178339717438348e+02 1.699475424100870669e+02 9.649697356928548686e+01
1.906377020125918023e+02 1.699375328330556272e+02 9.647645354041360122e+01
1.906575700534397697e+02 1.699275232560242159e+02 9.645593351154172979e+01
1.906774380942877372e+02 1.699175136789927762e+02 9.643541348266985835e+01
1.906973061351357046e+02 1.699075041019613366e+02 9.641489345379798692e+01
1.907171741759836436e+02 1.698974945249299253e+02 9.639437342492610128e+01
1.907370422168316111e+02 1.698874849478984856e+02 9.637385339605422985e+01
1.907569102576795785e+02 1.698774753708670460e+02 9.635333336718235842e+01
1.907767782985275460e+02 1.698674657938356347e+02 9.633281333831048698e+01
1.907966463393755134e+02 1.698574562168041950e+02 9.631229330943860134e+01
1.908165143802234809e+02 1.698474466397727554e+02 9.629177328056672991e+01
1.908363824210714483e+02 1.698374370627413157e+02 9.627125325169485848e+01
1.908562504619194158e+02 1.698274274857099044e+02 9.625073322282298705e+01
1.908761185027673832e+02 1.698174179086784648e+02 9.623021319395111561e+01
1.908959865436153507e+02 1.698074083316470251e+02 9.620969316507922997e+01
1.909158545844633181e+02 1.697973987546156138e+02 9.618917313620735854e+01
1.909357226253112856e+02 1.697873891775841741e+02 9.616865310733548711e+01
1.909555906661592530e+02 1.697773796005527345e+02 9.614813307846361567e+01
1.909754587070072205e+02 1.697673700235212948e+02 9.612761304959173003e+01
1.909953267478551879e+02 1.697573604464898835e+02 9.610709302071985860e+01
1.910151947887031554e+02 1.697473508694584439e+02 9.608657299184798717e+01
1.910151947887031554e+02 1.697473508694584439e+02 9.608657299184798717e+01
1.910314896936505136e+02 1.697299978229262649e+02 9.606642766850391979e+01
1.910477845985979002e+02 1.697126447763940575e+02 9.604628234515983820e+01
1.910640795035452584e+02 1.696952917298618786e+02 9.602613702181577082e+01
1.910803744084926166e+02 1.696779386833296996e+02 9.600599169847170344e+01
1.910966693134400032e+02 1.696605856367975207e+02 9.598584637512763607e+01
1.911129642183873614e+02 1.696432325902653133e+02 9.596570105178355448e+01
1.911292591233347480e+02 1.696258795437331344e+02 9.594555572843948710e+01
1.911455540282821062e+02 1.696085264972009554e+02 9.592541040509541972e+01
1.911618489332294644e+02 1.695911734506687480e+02 9.590526508175133813e+01
1.911781438381768510e+02 1.695738204041365691e+02 9.588511975840727075e+01
1.911944387431242092e+02 1.695564673576043901e+02 9.586497443506320337e+01
1.912107336480715674e+02 1.695391143110721828e+02 9.584482911171912178e+01
1.912270285530189540e+02 1.695217612645400038e+02 9.582468378837505441e+01
1.912433234579663122e+02 1.695044082180078249e+02 9.580453846503098703e+01
1.912596183629136704e+02 1.694870551714756175e+02 9.578439314168690544e+01
1.912759132678610570e+02 1.694697021249434385e+02 9.576424781834283806e+01
1.912922081728084152e+02 1.694523490784112596e+02 9.574410249499877068e+01
1.913085030777558018e+02 1.694349960318790806e+02 9.572395717165470330e+01
1.913247979827031600e+02 1.694176429853468733e+02 9.570381184831062171e+01
1.913410928876505182e+02 1.694002899388146943e+02 9.568366652496655433e+01
1.913573877925979048e+02 1.693829368922825154e+02 9.566352120162248696e+01
1.913736826975452630e+02 1.693655838457503080e+02 9.564337587827840537e+01
1.913899776024926211e+02 1.693482307992181291e+02 9.562323055493433799e+01
1.914062725074400078e+02 1.693308777526859501e+02 9.560308523159027061e+01
1.914225674123873659e+02 1.693135247061537427e+02 9.558293990824620323e+01
1.914388623173347526e+02 1.692961716596215638e+02 9.556279458490212164e+01
1.914551572222821108e+02 1.692788186130893848e+02 9.554264926155805426e+01
1.914714521272294689e+02 1.692614655665572059e+02 9.552250393821398688e+01
1.914877470321768556e+02 1.692441125200249985e+02 9.550235861486990530e+01
1.915040419371242137e+02 1.692267594734928196e+02 9.548221329152583792e+01
1.915040419371242137e+02 1.692267594734928196e+02 9.548221329152583792e+01
1.915191821943466834e+02 1.692106360539982575e+02 9.546349545437097106e+01
1.915343224515691247e+02 1.691945126345036670e+02 9.544477761721610420e+01
1.915494627087915944e+02 1.691783892150091049e+02 9.542605978006123735e+01
1.915646029660140641e+02 1.691622657955145428e+02 9.540734194290637049e+01
1.915797432232365054e+02 1.691461423760199523e+02 9.538862410575151785e+01
1.915948834804589751e+02 1.691300189565253902e+02 9.536990626859665099e+01
1.916100237376814164e+02 1.691138955370307997e+02 9.535118843144178413e+01
1.916251639949038861e+02 1.690977721175362376e+02 9.533247059428691728e+01
1.916403042521263558e+02 1.690816486980416755e+02 9.531375275713205042e+01
1.916554445093487971e+02 1.690655252785470850e+02 9.529503491997718356e+01
1.916705847665712668e+02 1.690494018590525229e+02 9.527631708282231671e+01
1.916857250237937365e+02 1.690332784395579608e+02 9.525759924566744985e+01
1.917008652810161777e+02 1.690171550200633703e+02 9.523888140851258299e+01
1.917160055382386474e+02 1.690010316005688082e+02 9.522016357135771614e+01
1.917311457954610887e+02 1.689849081810742177e+02 9.520144573420284928e+01
1.917462860526835584e+02 1.689687847615796557e+02 9.518272789704799663e+01
1.917614263099060281e+02 1.689526613420850936e+02 9.516401005989312978e+01
1.917765665671284694e+02 1.689365379225905031e+02 9.514529222273826292e+01
1.917917068243509391e+02 1.689204145030959410e+02 9.512657438558339607e+01
1.918068470815734088e+02 1.689042910836013789e+02 9.510785654842852921e+01
1.918219873387958501e+02 1.688881676641067884e+02 9.508913871127366235e+01
1.918371275960183198e+02 1.688720442446122263e+02 9.507042087411879550e+01
1.918522678532407895e+02 1.688559208251176642e+02 9.505170303696392864e+01
1.918674081104632307e+02 1.688397974056230737e+02 9.503298519980906178e+01
1.918825483676857004e+02 1.688236739861285116e+02 9.501426736265420914e+01
1.918976886249081417e+02 1.688075505666339211e+02 9.499554952549934228e+01
1.919128288821306114e+02 1.687914271471393590e+02 9.497683168834447542e+01
1.919279691393530811e+02 1.687753037276447969e+02 9.495811385118960857e+01
1.919431093965755224e+02 1.687591803081502064e+02 9.493939601403474171e+01
1.919582496537979921e+02 1.687430568886556443e+02 9.492067817687987485e+01
1.919582496537979921e+02 1.687430568886556443e+02 9.492067817687987485e+01
1.919662801030697210e+02 1.687242631088928988e+02 9.490477982100733811e+01
1.919743105523414783e+02 1.687054693291301533e+02 9.488888146513478716e+01
1.919823410016132073e+02 1.686866755493673793e+02 9.487298310926225042e+01
1.919903714508849362e+02 1.686678817696046337e+02 9.485708475338969947e+01
1.919984019001566651e+02 1.686490879898418882e+02 9.484118639751716273e+01
1.920064323494284224e+02 1.686302942100791427e+02 9.482528804164462599e+01
1.920144627987001513e+02 1.686115004303163971e+02 9.480938968577207504e+01
1.920224932479718802e+02 1.685927066505536516e+02 9.479349132989953830e+01
1.920305236972436376e+02 1.685739128707908776e+02 9.477759297402698735e+01
1.920385541465153665e+02 1.685551190910281321e+02 9.476169461815445061e+01
1.920465845957870954e+02 1.685363253112653865e+02 9.474579626228191387e+01
1.920546150450588527e+02 1.685175315315026410e+02 9.472989790640936292e+01
1.920626454943305816e+02 1.684987377517398954e+02 9.471399955053682618e+01
1.920706759436023106e+02 1.684799439719771215e+02 9.469810119466427523e+01
1.920787063928740395e+02 1.684611501922143759e+02 9.468220283879173849e+01
1.920867368421457968e+02 1.684423564124516304e+02 9.466630448291918754e+01
1.920947672914175257e+02 1.684235626326888848e+02 9.465040612704665079e+01
1.921027977406892546e+02 1.684047688529261393e+02 9.463450777117411405e+01
1.921108281899610120e+02 1.683859750731633653e+02 9.461860941530156310e+01
1.921188586392327409e+02 1.683671812934006198e+02 9.460271105942902636e+01
1.921268890885044698e+02 1.683483875136378742e+02 9.458681270355647541e+01
1.921349195377762271e+02 1.683295937338751287e+02 9.457091434768393867e+01
1.921429499870479560e+02 1.683107999541123831e+02 9.455501599181140193e+01
1.921509804363196849e+02 1.682920061743496376e+02 9.453911763593885098e+01
1.921590108855914139e+02 1.682732123945868636e+02 9.452321928006631424e+01
1.921670413348631712e+02 1.682544186148241181e+02 9.450732092419376329e+01
1.921750717841349001e+02 1.682356248350613726e+02 9.449142256832122655e+01
1.921750717841349001e+02 1.682356248350613726e+02 9.449142256832122655e+01
1.921973755097324954e+02 1.682330138311835697e+02 9.446878163243422932e+01
1.922196792353300907e+02 1.682304028273057668e+02 9.444614069654724631e+01
1.922419829609276860e+02 1.682277918234279639e+02 9.442349976066026329e+01
1.922642866865253097e+02 1.682251808195501610e+02 9.440085882477326606e+01
1.922865904121229050e+02 1.682225698156723581e+02 9.437821788888626884e+01
1.923088941377205003e+02 1.682199588117945552e+02 9.435557695299928582e+01
1.923311978633180956e+02 1.682173478079167523e+02 9.433293601711230281e+01
1.923535015889156909e+02 1.682147368040389495e+02 9.431029508122530558e+01
1.923758053145132862e+02 1.682121258001611466e+02 9.428765414533830835e+01
1.923981090401108816e+02 1.682095147962833437e+02 9.426501320945132534e+01
1.924204127657084769e+02 1.682069037924055124e+02 9.424237227356434232e+01
1.924427164913061006e+02 1.682042927885277095e+02 9.421973133767734510e+01
1.924650202169036959e+02 1.682016817846499066e+02 9.419709040179034787e+01
1.924873239425012912e+02 1.681990707807721037e+02 9.417444946590336485e+01
1.925096276680988865e+02 1.681964597768943008e+02 9.415180853001638184e+01
1.925319313936964818e+02 1.681938487730164979e+02 9.412916759412938461e+01
1.925542351192940771e+02 1.681912377691386951e+02 9.410652665824238738e+01
1.925765388448916724e+02 1.681886267652608922e+02 9.408388572235540437e+01
1.925988425704892961e+02 1.681860157613830893e+02 9.406124478646842135e+01
1.926211462960868914e+02 1.681834047575052864e+02 9.403860385058142413e+01
1.926434500216844867e+02 1.681807937536274835e+02 9.401596291469442690e+01
1.926657537472820820e+02 1.681781827497496806e+02 9.399332197880744388e+01
1.926657537472820820e+02 1.681781827497496806e+02 9.399332197880744388e+01
1.926995008498904269e+02 1.681763792982097812e+02 9.399338956945592827e+01
1.927332479524987434e+02 1.681745758466699101e+02 9.399345716010439844e+01
1.927669950551070883e+02 1.681727723951300106e+02 9.399352475075288282e+01
1.928007421577154332e+02 1.681709689435901112e+02 9.399359234140135300e+01
1.928344892603237497e+02 1.681691654920502401e+02 9.399365993204983738e+01
1.928682363629320946e+02 1.681673620405103406e+02 9.399372752269830755e+01
1.929019834655404111e+02 1.681655585889704412e+02 9.399379511334679194e+01
1.929357305681487560e+02 1.681637551374305701e+02 9.399386270399526211e+01
1.929694776707571009e+02 1.681619516858906707e+02 9.399393029464374649e+01
1.930032247733654174e+02 1.681601482343507712e+02 9.399399788529221667e+01
1.930369718759737623e+02 1.681583447828109001e+02 9.399406547594070105e+01
1.930707189785821072e+02 1.681565413312710007e+02 9.399413306658918543e+01
1.931044660811904237e+02 1.681547378797311012e+02 9.399420065723765561e+01
1.931382131837987686e+02 1.681529344281912017e+02 9.399426824788613999e+01
1.931719602864071135e+02 1.681511309766513307e+02 9.399433583853461016e+01
1.932057073890154300e+02 1.681493275251114312e+02 9.399440342918309454e+01
1.932394544916237749e+02 1.681475240735715317e+02 9.399447101983156472e+01
1.932732015942320913e+02 1.681457206220316607e+02 9.399453861048004910e+01
1.933069486968404362e+02 1.681439171704917612e+02 9.399460620112851927e+01
1.933406957994487811e+02 1.681421137189518618e+02 9.399467379177700366e+01
1.933744429020570976e+02 1.681403102674119907e+02 9.399474138242547383e+01
1.934081900046654425e+02 1.681385068158720912e+02 9.399480897307395821e+01
1.934081900046654425e+02 1.681385068158720912e+02 9.399480897307395821e+01
1.934420667475421567e+02 1.681366964363317607e+02 9.399487682337345973e+01
1.934759434904188709e+02 1.681348860567914301e+02 9.399494467367296124e+01
1.935098202332955850e+02 1.681330756772510995e+02 9.399501252397246276e+01
1.935436969761723276e+02 1.681312652977107689e+02 9.399508037427197849e+01
1.935775737190490418e+02 1.681294549181704383e+02 9.399514822457148000e+01
1.936114504619257559e+02 1.681276445386301361e+02 9.399521607487098152e+01
1.936453272048024701e+02 1.681258341590898056e+02 9.399528392517048303e+01
1.936792039476791842e+02 1.681240237795494750e+02 9.399535177546998455e+01
1.937130806905558984e+02 1.681222134000091444e+02 9.399541962576948606e+01
1.937469574334326126e+02 1.681204030204688138e+02 9.399548747606898758e+01
1.937808341763093267e+02 1.681185926409284832e+02 9.399555532636848909e+01
1.938147109191860693e+02 1.681167822613881526e+02 9.399562317666800482e+01
1.938485876620627835e+02 1.681149718818478220e+02 9.399569102696750633e+01
1.938824644049394976e+02 1.681131615023074914e+02 9.399575887726700785e+01
1.939163411478162118e+02 1.681113511227671609e+02 9.399582672756650936e+01
1.939502178906929259e+02 1.681095407432268303e+02 9.399589457786601088e+01
1.939840946335696401e+02 1.681077303636864997e+02 9.399596242816551239e+01
1.940179713764463543e+02 1.681059199841461975e+02 9.399603027846501391e+01
1.940518481193230684e+02 1.681041096046058669e+02 9.399609812876451542e+01
1.940857248621998110e+02 1.681022992250655363e+02 9.399616597906403115e+01
1.941196016050765252e+02 1.681004888455252058e+02 9.399623382936353266e+01
1.941534783479532393e+02 1.680986784659848752e+02 9.399630167966303418e+01
1.941873550908299535e+02 1.680968680864445446e+02 9.399636952996253569e+01
1.941873550908299535e+02 1.680968680864445446e+02 9.399636952996253569e+01
1.942141724187995635e+02 1.680954349633707352e+02 9.399642324125765924e+01
1.942409897467692019e+02 1.680940018402968974e+02 9.399647695255279700e+01
1.942678070747388119e+02 1.680925687172230880e+02 9.399653066384792055e+01
1.942946244027084504e+02 1.680911355941492786e+02 9.399658437514304410e+01
1.943214417306780604e+02 1.680897024710754408e+02 9.399663808643818186e+01
1.943482590586476988e+02 1.680882693480016314e+02 9.399669179773330541e+01
1.943750763866173088e+02 1.680868362249277936e+02 9.399674550902842896e+01
1.944018937145869472e+02 1.680854031018539843e+02 9.399679922032356671e+01
1.944287110425565572e+02 1.680839699787801749e+02 9.399685293161869026e+01
1.944555283705261672e+02 1.680825368557063371e+02 9.399690664291381381e+01
1.944823456984958057e+02 1.680811037326325277e+02 9.399696035420895157e+01
1.945091630264654157e+02 1.680796706095587183e+02 9.399701406550407512e+01
1.945359803544350541e+02 1.680782374864848805e+02 9.399706777679919867e+01
1.945627976824046641e+02 1.680768043634110711e+02 9.399712148809432222e+01
1.945896150103743025e+02 1.680753712403372617e+02 9.399717519938945998e+01
1.946164323383439125e+02 1.680739381172634239e+02 9.399722891068458352e+01
1.946432496663135225e+02 1.680725049941896145e+02 9.399728262197970707e+01
1.946700669942831610e+02 1.680710718711158052e+02 9.399733633327484483e+01
1.946968843222527710e+02 1.680696387480419673e+02 9.399739004456996838e+01
1.947237016502224094e+02 1.680682056249681580e+02 9.399744375586509193e+01
1.947505189781920194e+02 1.680667725018943202e+02 9.399749746716022969e+01
1.947773363061616578e+02 1.680653393788205108e+02 9.399755117845535324e+01
1.948041536341312678e+02 1.680639062557467014e+02 9.399760488975047679e+01
1.948309709621009063e+02 1.680624731326728636e+02 9.399765860104561455e+01
1.948577882900705163e+02 1.680610400095990542e+02 9.399771231234073809e+01
1.948577882900705163e+02 1.680610400095990542e+02 9.399771231234073809e+01
1.948879513336000571e+02 1.680594280908535438e+02 9.399777272462844735e+01
1.949181143771296263e+02 1.680578161721080335e+02 9.399783313691615660e+01
1.949482774206591671e+02 1.680562042533625231e+02 9.399789354920388007e+01
1.949784404641887363e+02 1.680545923346170127e+02 9.399795396149158933e+01
1.950086035077182771e+02 1.680529804158715024e+02 9.399801437377929858e+01
1.950387665512478179e+02 1.680513684971259636e+02 9.399807478606700784e+01
1.950689295947773871e+02 1.680497565783804532e+02 9.399813519835471709e+01
1.950990926383069279e+02 1.680481446596349429e+02 9.399819561064244056e+01
1.951292556818364687e+02 1.680465327408894325e+02 9.399825602293014981e+01
1.951594187253660380e+02 1.680449208221439221e+02 9.399831643521785907e+01
1.951895817688955788e+02 1.680433089033984118e+02 9.399837684750556832e+01
1.952197448124251480e+02 1.680416969846529014e+02 9.399843725979327758e+01
1.952499078559546888e+02 1.680400850659073910e+02 9.399849767208098683e+01
1.952800708994842296e+02 1.680384731471618807e+02 9.399855808436871030e+01
1.953102339430137988e+02 1.680368612284163703e+02 9.399861849665641955e+01
1.953403969865433396e+02 1.680352493096708315e+02 9.399867890894412881e+01
1.953705600300728804e+02 1.680336373909253211e+02 9.399873932123183806e+01
1.954007230736024496e+02 1.680320254721798108e+02 9.399879973351954732e+01
1.954308861171319904e+02 1.680304135534343004e+02 9.399886014580727078e+01
1.954610491606615597e+02 1.680288016346887900e+02 9.399892055809498004e+01
1.954912122041911005e+02 1.680271897159432797e+02 9.399898097038268929e+01
1.954912122041911005e+02 1.680271897159432797e+02 9.399898097038268929e+01
1.955166515939815497e+02 1.680258302301461129e+02 9.399903192186354772e+01
1.955420909837719989e+02 1.680244707443489460e+02 9.399908287334442036e+01
1.955675303735624482e+02 1.680231112585517792e+02 9.399913382482529300e+01
1.955929697633528690e+02 1.680217517727546124e+02 9.399918477630615143e+01
1.956184091531433182e+02 1.680203922869574740e+02 9.399923572778700986e+01
1.956438485429337675e+02 1.680190328011603071e+02 9.399928667926788250e+01
1.956692879327242167e+02 1.680176733153631403e+02 9.399933763074875515e+01
1.956947273225146660e+02 1.680163138295659735e+02 9.399938858222961358e+01
1.957201667123051152e+02 1.680149543437688067e+02 9.399943953371047201e+01
1.957456061020955644e+02 1.680135948579716398e+02 9.399949048519134465e+01
1.957710454918859853e+02 1.680122353721744730e+02 9.399954143667221729e+01
1.957964848816764345e+02 1.680108758863773062e+02 9.399959238815307572e+01
1.958219242714668837e+02 1.680095164005801394e+02 9.399964333963393415e+01
1.958473636612573330e+02 1.680081569147829725e+02 9.399969429111480679e+01
1.958728030510477822e+02 1.680067974289858057e+02 9.399974524259567943e+01
1.958982424408382315e+02 1.680054379431886673e+02 9.399979619407653786e+01
1.959236818306286523e+02 1.680040784573915005e+02 9.399984714555739629e+01
1.959491212204191015e+02 1.680027189715943337e+02 9.399989809703826893e+01
1.959745606102095508e+02 1.680013594857971668e+02 9.399994904851914157e+01
1.960000000000000000e+02 1.680000000000000000e+02 9.400000000000000000e+01
1.960000000000000000e+02 1.680000000000000000e+02 9.400000000000000000e+01
1.960000000000000000e+02 1.680000000000000000e+02 9.400000000000000000e+01
1.960000000000000000e+02 1.680000000000000000e+02 9.400000000000000000e+01
1.960000000000000000e+02 1.680000000000000000e+02 9.400000000000000000e+01
1.960000000000000000e+02 1.680000000000000000e+02 9.400000000000000000e+01
1.960000000000000000e+02 1.680000000000000000e+02 9.400000000000000000e+01
1.960000000000000000e+02 1.680000000000000000e+02 9.400000000000000000e+01
1.960000000000000000e+02 1.680000000000000000e+02 9.400000000000000000e+01
1.960000000000000000e+02 1.680000000000000000e+02 9.400000000000000000e+01
1.960000000000000000e+02 1.680000000000000000e+02 9.400000000000000000e+01
1.960000000000000000e+02 1.680000000000000000e+02 9.400000000000000000e+01
1.960000000000000000e+02 1.680000000000000000e+02 9.400000000000000000e+01
1.960000000000000000e+02 1.680000000000000000e+02 9.400000000000000000e+01
1.960000000000000000e+02 1.680000000000000000e+02 9.400000000000000000e+01
1.960000000000000000e+02 1.680000000000000000e+02 9.400000000000000000e+01
1.960000000000000000e+02 1.680000000000000000e+02 9.400000000000000000e+01
1.960000000000000000e+02 1.680000000000000000e+02 9.400000000000000000e+01
1.960330796556928874e+02 1.679923081822875872e+02 9.399938858222961358e+01
1.960661593113857748e+02 1.679846163645751460e+02 9.399877716445922715e+01
1.960992389670786622e+02 1.679769245468627332e+02 9.399816574668884073e+01
1.961323186227715496e+02 1.679692327291502920e+02 9.399755432891845430e+01
1.961653982784644370e+02 1.679615409114378792e+02 9.399694291114806788e+01
1.961984779341573244e+02 1.679538490937254664e+02 9.399633149337768145e+01
1.962315575898502118e+02 1.679461572760130252e+02 9.399572007560729503e+01
1.962646372455431276e+02 1.679384654583006125e+02 9.399510865783692282e+01
1.962977169012360150e+02 1.679307736405881712e+02 9.399449724006653639e+01
1.963307965569289024e+02 1.679230818228757585e+02 9.399388582229614997e+01
1.963638762126217898e+02 1.679153900051633457e+02 9.399327440452576354e+01
1.963969558683146772e+02 1.679076981874509045e+02 9.399266298675537712e+01
1.964300355240075646e+02 1.679000063697384917e+02 9.399205156898499069e+01
1.964631151797004520e+02 1.678923145520260505e+02 9.399144015121460427e+01
1.964961948353933394e+02 1.678846227343136377e+02 9.399082873344421785e+01
1.964961948353933394e+02 1.678846227343136377e+02 9.399082873344421785e+01
1.965189848679965223e+02 1.678613899176828568e+02 9.399089382272417481e+01
1.965417749005997337e+02 1.678381571010521043e+02 9.399095891200413178e+01
1.965645649332029166e+02 1.678149242844213234e+02 9.399102400128408874e+01
1.965873549658060995e+02 1.677916914677905709e+02 9.399108909056403149e+01
1.966101449984093108e+02 1.677684586511597900e+02 9.399115417984398846e+01
1.966329350310124937e+02 1.677452258345290375e+02 9.399121926912394542e+01
1.966557250636156766e+02 1.677219930178982565e+02 9.399128435840390239e+01
1.966785150962188879e+02 1.676987602012675040e+02 9.399134944768385935e+01
1.967013051288220709e+02 1.676755273846367231e+02 9.399141453696381632e+01
1.967240951614252538e+02 1.676522945680059706e+02 9.399147962624377328e+01
1.967468851940284367e+02 1.676290617513751897e+02 9.399154471552373025e+01
1.967696752266316480e+02 1.676058289347444088e+02 9.399160980480367300e+01
1.967924652592348309e+02 1.675825961181136563e+02 9.399167489408362997e+01
1.968152552918380138e+02 1.675593633014828754e+02 9.399173998336358693e+01
1.968380453244412251e+02 1.675361304848521229e+02 9.399180507264354389e+01
1.968608353570444081e+02 1.675128976682213420e+02 9.399187016192350086e+01
1.968836253896475910e+02 1.674896648515905895e+02 9.399193525120345782e+01
1.969064154222508023e+02 1.674664320349598086e+02 9.399200034048341479e+01
1.969292054548539852e+02 1.674431992183290561e+02 9.399206542976335754e+01
1.969519954874571681e+02 1.674199664016982751e+02 9.399213051904331451e+01
1.969747855200603794e+02 1.673967335850675227e+02 9.399219560832327147e+01
1.969975755526635623e+02 1.673735007684367417e+02 9.399226069760322844e+01
1.969975755526635623e+02 1.673735007684367417e+02 9.399226069760322844e+01
1.970196223840624441e+02 1.673510255925518209e+02 9.399232366426966223e+01
1.970416692154613258e+02 1.673285504166669000e+02 9.399238663093611024e+01
1.970637160468602076e+02 1.673060752407819791e+02 9.399244959760254403e+01
1.970857628782591178e+02 1.672836000648970582e+02 9.399251256426897783e+01
1.971078097096579995e+02 1.672611248890121374e+02 9.399257553093542583e+01
1.971298565410568813e+02 1.672386497131272449e+02 9.399263849760185963e+01
1.971519033724557630e+02 1.672161745372423240e+02 9.399270146426829342e+01
1.971739502038546448e+02 1.671936993613574032e+02 9.399276443093474143e+01
1.971959970352535265e+02 1.671712241854724823e+02 9.399282739760117522e+01
1.972180438666524083e+02 1.671487490095875614e+02 9.399289036426760902e+01
1.972400906980512900e+02 1.671262738337026406e+02 9.399295333093405702e+01
1.972621375294502002e+02 1.671037986578177197e+02 9.399301629760049082e+01
1.972841843608490819e+02 1.670813234819327988e+02 9.399307926426692461e+01
1.973062311922479637e+02 1.670588483060478779e+02 9.399314223093335841e+01
1.973282780236468454e+02 1.670363731301629571e+02 9.399320519759980641e+01
1.973503248550457272e+02 1.670138979542780362e+02 9.399326816426624021e+01
1.973723716864446089e+02 1.669914227783931437e+02 9.399333113093267400e+01
1.973944185178434907e+02 1.669689476025082229e+02 9.399339409759912201e+01
1.974164653492424009e+02 1.669464724266233020e+02 9.399345706426555580e+01
1.974385121806412826e+02 1.669239972507383811e+02 9.399352003093198960e+01
1.974605590120401644e+02 1.669015220748534603e+02 9.399358299759843760e+01
1.974826058434390461e+02 1.668790468989685394e+02 9.399364596426487140e+01
1.974826058434390461e+02 1.668790468989685394e+02 9.399364596426487140e+01
1.975133451748366724e+02 1.668854172356151082e+02 9.398978725778140131e+01
1.975440845062342987e+02 1.668917875722616770e+02 9.398592855129791701e+01
1.975748238376319534e+02 1.668981579089082459e+02 9.398206984481444692e+01
1.976055631690295797e+02 1.669045282455548147e+02 9.397821113833097684e+01
1.976363025004272060e+02 1.669108985822014120e+02 9.397435243184750675e+01
1.976670418318248323e+02 1.669172689188479808e+02 9.397049372536402245e+01
1.976977811632224871e+02 1.669236392554945496e+02 9.396663501888055237e+01
1.977285204946201134e+02 1.669300095921411184e+02 9.396277631239708228e+01
1.977592598260177397e+02 1.669363799287876873e+02 9.395891760591361219e+01
1.977899991574153660e+02 1.669427502654342561e+02 9.395505889943012789e+01
1.978207384888130207e+02 1.669491206020808249e+02 9.395120019294665781e+01
1.978514778202106470e+02 1.669554909387273938e+02 9.394734148646318772e+01
1.978822171516082733e+02 1.669618612753739626e+02 9.394348277997971763e+01
1.979129564830058996e+02 1.669682316120205599e+02 9.393962407349623334e+01
1.979436958144035259e+02 1.669746019486671287e+02 9.393576536701276325e+01
1.979744351458011806e+02 1.669809722853136975e+02 9.393190666052929316e+01
1.980051744771988069e+02 1.669873426219602663e+02 9.392804795404580886e+01
1.980359138085964332e+02 1.669937129586068352e+02 9.392418924756233878e+01
1.980666531399940595e+02 1.670000832952534040e+02 9.392033054107886869e+01
1.980973924713917143e+02 1.670064536318999728e+02 9.391647183459539860e+01
1.981281318027893406e+02 1.670128239685465417e+02 9.391261312811191431e+01
1.981588711341869669e+02 1.670191943051931389e+02 9.390875442162844422e+01
1.981896104655845932e+02 1.670255646418397077e+02 9.390489571514497413e+01
1.982203497969822479e+02 1.670319349784862766e+02 9.390103700866150405e+01
1.982510891283798742e+02 1.670383053151328454e+02 9.389717830217801975e+01
1.982818284597775005e+02 1.670446756517794142e+02 9.389331959569454966e+01
1.982818284597775005e+02 1.670446756517794142e+02 9.389331959569454966e+01
1.983033383474257505e+02 1.670678200449920610e+02 9.389579165341599776e+01
1.983248482350740005e+02 1.670909644382047361e+02 9.389826371113744585e+01
1.983463581227222505e+02 1.671141088314174112e+02 9.390073576885887974e+01
1.983678680103705005e+02 1.671372532246300580e+02 9.390320782658032783e+01
1.983893778980187506e+02 1.671603976178427047e+02 9.390567988430177593e+01
1.984108877856670006e+02 1.671835420110553798e+02 9.390815194202320981e+01
1.984323976733152506e+02 1.672066864042680550e+02 9.391062399974465791e+01
1.984539075609635006e+02 1.672298307974807017e+02 9.391309605746610600e+01
1.984754174486117506e+02 1.672529751906933484e+02 9.391556811518755410e+01
1.984969273362600006e+02 1.672761195839060235e+02 9.391804017290900219e+01
1.985184372239082506e+02 1.672992639771186987e+02 9.392051223063043608e+01
1.985399471115565007e+02 1.673224083703313454e+02 9.392298428835188417e+01
1.985614569992047507e+02 1.673455527635439921e+02 9.392545634607333227e+01
1.985829668868530007e+02 1.673686971567566673e+02 9.392792840379476615e+01
1.986044767745012791e+02 1.673918415499693424e+02 9.393040046151621425e+01
1.986259866621495291e+02 1.674149859431819891e+02 9.393287251923766235e+01
1.986474965497977792e+02 1.674381303363946358e+02 9.393534457695911044e+01
1.986690064374460292e+02 1.674612747296073110e+02 9.393781663468055854e+01
1.986905163250942792e+02 1.674844191228199861e+02 9.394028869240199242e+01
1.987120262127425292e+02 1.675075635160326328e+02 9.394276075012344052e+01
1.987335361003907792e+02 1.675307079092452796e+02 9.394523280784488861e+01
1.987550459880390292e+02 1.675538523024579547e+02 9.394770486556632250e+01
1.987765558756872792e+02 1.675769966956706298e+02 9.395017692328777059e+01
1.987980657633355293e+02 1.676001410888832766e+02 9.395264898100921869e+01
1.988195756509837793e+02 1.676232854820959233e+02 9.395512103873066678e+01
1.988410855386320293e+02 1.676464298753085984e+02 9.395759309645211488e+01
1.988625954262802793e+02 1.676695742685212736e+02 9.396006515417354876e+01
1.988841053139285293e+02 1.676927186617339203e+02 9.396253721189499686e+01
1.988841053139285293e+02 1.676927186617339203e+02 9.396253721189499686e+01
1.988830402904318078e+02 1.677238949278874713e+02 9.396272438197712518e+01
1.988819752669350862e+02 1.677550711940410224e+02 9.396291155205925349e+01
1.988809102434383362e+02 1.677862474601945735e+02 9.396309872214136760e+01
1.988798452199416147e+02 1.678174237263481245e+02 9.396328589222349592e+01
1.988787801964448931e+02 1.678485999925016472e+02 9.396347306230562424e+01
1.988777151729481716e+02 1.678797762586551983e+02 9.396366023238775256e+01
1.988766501494514500e+02 1.679109525248087493e+02 9.396384740246988088e+01
1.988755851259547001e+02 1.679421287909623004e+02 9.396403457255199498e+01
1.988745201024579785e+02 1.679733050571158515e+02 9.396422174263412330e+01
1.988734550789612570e+02 1.680044813232694025e+02 9.396440891271625162e+01
1.988723900554645354e+02 1.680356575894229536e+02 9.396459608279837994e+01
1.988713250319678139e+02 1.680668338555765047e+02 9.396478325288050826e+01
1.988702600084710639e+02 1.680980101217300557e+02 9.396497042296262237e+01
1.988691949849743423e+02 1.681291863878836068e+02 9.396515759304475068e+01
1.988681299614776208e+02 1.681603626540371295e+02 9.396534476312687900e+01
1.988670649379808992e+02 1.681915389201906805e+02 9.396553193320900732e+01
1.988659999144841493e+02 1.682227151863442316e+02 9.396571910329112143e+01
1.988649348909874277e+02 1.682538914524977827e+02 9.396590627337324975e+01
1.988638698674907062e+02 1.682850677186513337e+02 9.396609344345537806e+01
1.988628048439939846e+02 1.683162439848048848e+02 9.396628061353750638e+01
1.988617398204972631e+02 1.683474202509584359e+02 9.396646778361963470e+01
1.988606747970005131e+02 1.683785965171119869e+02 9.396665495370174881e+01
1.988596097735037915e+02 1.684097727832655380e+02 9.396684212378387713e+01
1.988585447500070700e+02 1.684409490494190891e+02 9.396702929386600545e+01
1.988574797265103484e+02 1.684721253155726117e+02 9.396721646394813376e+01
1.988564147030136269e+02 1.685033015817261628e+02 9.396740363403026208e+01
1.988553496795168769e+02 1.685344778478797139e+02 9.396759080411237619e+01
1.988542846560201554e+02 1.685656541140332649e+02 9.396777797419450451e+01
1.988532196325234338e+02 1.685968303801868160e+02 9.396796514427663283e+01
1.988532196325234338e+02 1.685968303801868160e+02 9.396796514427663283e+01
1.988651620408785732e+02 1.686144542401416402e+02 9.399124799262116881e+01
1.988771044492337126e+02 1.686320781000964928e+02 9.401453084096569057e+01
1.988890468575888519e+02 1.686497019600513170e+02 9.403781368931022655e+01
1.989009892659439913e+02 1.686673258200061696e+02 9.406109653765474832e+01
1.989129316742991307e+02 1.686849496799609938e+02 9.408437938599928430e+01
1.989248740826542701e+02 1.687025735399158179e+02 9.410766223434382027e+01
1.989368164910094094e+02 1.687201973998706706e+02 9.413094508268834204e+01
1.989487588993645488e+02 1.687378212598254947e+02 9.415422793103287802e+01
1.989607013077196882e+02 1.687554451197803473e+02 9.417751077937739979e+01
1.989726437160748276e+02 1.687730689797351715e+02 9.420079362772193576e+01
1.989845861244299670e+02 1.687906928396899957e+02 9.422407647606647174e+01
1.989965285327851063e+02 1.688083166996448483e+02 9.424735932441099351e+01
1.990084709411402457e+02 1.688259405595996725e+02 9.427064217275552949e+01
1.990204133494953851e+02 1.688435644195545251e+02 9.429392502110005125e+01
1.990323557578505245e+02 1.688611882795093493e+02 9.431720786944458723e+01
1.990442981662056638e+02 1.688788121394641735e+02 9.434049071778912321e+01
1.990562405745608032e+02 1.688964359994190261e+02 9.436377356613364498e+01
1.990681829829159710e+02 1.689140598593738503e+02 9.438705641447818095e+01
1.990801253912711104e+02 1.689316837193287029e+02 9.441033926282270272e+01
1.990920677996262498e+02 1.689493075792835270e+02 9.443362211116723870e+01
1.991040102079813892e+02 1.689669314392383512e+02 9.445690495951177468e+01
1.991159526163365285e+02 1.689845552991932038e+02 9.448018780785629644e+01
1.991278950246916679e+02 1.690021791591480280e+02 9.450347065620083242e+01
1.991398374330468073e+02 1.690198030191028806e+02 9.452675350454535419e+01
1.991517798414019467e+02 1.690374268790577048e+02 9.455003635288989017e+01
1.991637222497570860e+02 1.690550507390125290e+02 9.457331920123442615e+01
1.991756646581122254e+02 1.690726745989673816e+02 9.459660204957894791e+01
1.991876070664673648e+02 1.690902984589222058e+02 9.461988489792348389e+01
1.991995494748225042e+02 1.691079223188770584e+02 9.464316774626800566e+01
1.992114918831776436e+02 1.691255461788318826e+02 9.466645059461254164e+01
1.992234342915327829e+02 1.691431700387867068e+02 9.468973344295707761e+01
1.992353766998879223e+02 1.691607938987415594e+02 9.471301629130159938e+01
1.992473191082430617e+02 1.691784177586963835e+02 9.473629913964613536e+01
1.992592615165982011e+02 1.691960416186512361e+02 9.475958198799065713e+01
1.992712039249533404e+02 1.692136654786060603e+02 9.478286483633519310e+01
1.992712039249533404e+02 1.692136654786060603e+02 9.478286483633519310e+01
1.992935733234374425e+02 1.692353954374436285e+02 9.477839105697779587e+01
1.993159427219215445e+02 1.692571253962812250e+02 9.477391727762039864e+01
1.993383121204056465e+02 1.692788553551188215e+02 9.476944349826300140e+01
1.993606815188897485e+02 1.693005853139563897e+02 9.476496971890560417e+01
1.993830509173738506e+02 1.693223152727939578e+02 9.476049593954820693e+01
1.994054203158579526e+02 1.693440452316315543e+02 9.475602216019080970e+01
1.994277897143420546e+02 1.693657751904691509e+02 9.475154838083341247e+01
1.994501591128261566e+02 1.693875051493067190e+02 9.474707460147601523e+01
1.994725285113102586e+02 1.694092351081442871e+02 9.474260082211861800e+01
1.994948979097943607e+02 1.694309650669818836e+02 9.473812704276122076e+01
1.995172673082784627e+02 1.694526950258194802e+02 9.473365326340382353e+01
1.995396367067625647e+02 1.694744249846570483e+02 9.472917948404642630e+01
1.995620061052466667e+02 1.694961549434946164e+02 9.472470570468902906e+01
1.995843755037307687e+02 1.695178849023322130e+02 9.472023192533164604e+01
1.996067449022148708e+02 1.695396148611698095e+02 9.471575814597424881e+01
1.996291143006989728e+02 1.695613448200073776e+02 9.471128436661685157e+01
1.996514836991830748e+02 1.695830747788449457e+02 9.470681058725945434e+01
1.996738530976671768e+02 1.696048047376825423e+02 9.470233680790205710e+01
1.996962224961512788e+02 1.696265346965201388e+02 9.469786302854465987e+01
1.997185918946353809e+02 1.696482646553577069e+02 9.469338924918726264e+01
1.997409612931194829e+02 1.696699946141952751e+02 9.468891546982986540e+01
1.997633306916035849e+02 1.696917245730328716e+02 9.468444169047246817e+01
1.997857000900876869e+02 1.697134545318704681e+02 9.467996791111507093e+01
1.998080694885717890e+02 1.697351844907080363e+02 9.467549413175767370e+01
1.998304388870558910e+02 1.697569144495456044e+02 9.467102035240027647e+01
1.998528082855399930e+02 1.697786444083832009e+02 9.466654657304287923e+01
1.998528082855399930e+02 1.697786444083832009e+02 9.466654657304287923e+01
1.998724192185287905e+02 1.698035944024355217e+02 9.466470285696334486e+01
1.998920301515175879e+02 1.698285443964878425e+02 9.466285914088379627e+01
1.999116410845063854e+02 1.698534943905401633e+02 9.466101542480426190e+01
1.999312520174951828e+02 1.698784443845924841e+02 9.465917170872472752e+01
1.999508629504839803e+02 1.699033943786448049e+02 9.465732799264519315e+01
1.999704738834727777e+02 1.699283443726970972e+02 9.465548427656564456e+01
1.999900848164615752e+02 1.699532943667494180e+02 9.465364056048611019e+01
2.000096957494503727e+02 1.699782443608017388e+02 9.465179684440657581e+01
2.000293066824391701e+02 1.700031943548540596e+02 9.464995312832704144e+01
2.000489176154279676e+02 1.700281443489063804e+02 9.464810941224749286e+01
2.000685285484167366e+02 1.700530943429587012e+02 9.464626569616795848e+01
2.000881394814055341e+02 1.700780443370110220e+02 9.464442198008842411e+01
2.001077504143943315e+02 1.701029943310633428e+02 9.464257826400887552e+01
2.001273613473831290e+02 1.701279443251156636e+02 9.464073454792934115e+01
2.001469722803719264e+02 1.701528943191679843e+02 9.463889083184980677e+01
2.001665832133607239e+02 1.701778443132203051e+02 9.463704711577027240e+01
2.001861941463495214e+02 1.702027943072725975e+02 9.463520339969072381e+01
2.002058050793383188e+02 1.702277443013249183e+02 9.463335968361118944e+01
2.002254160123271163e+02 1.702526942953772391e+02 9.463151596753165506e+01
2.002450269453159137e+02 1.702776442894295599e+02 9.462967225145212069e+01
2.002646378783047112e+02 1.703025942834818807e+02 9.462782853537257211e+01
2.002842488112935087e+02 1.703275442775342015e+02 9.462598481929303773e+01
2.002842488112935087e+02 1.703275442775342015e+02 9.462598481929303773e+01
2.003009398614630641e+02 1.703558748121583619e+02 9.462684003424645596e+01
2.003176309116326479e+02 1.703842053467824940e+02 9.462769524919988839e+01
2.003343219618022033e+02 1.704125358814066544e+02 9.462855046415330662e+01
2.003510130119717587e+02 1.704408664160308149e+02 9.462940567910672485e+01
2.003677040621413425e+02 1.704691969506549469e+02 9.463026089406014307e+01
2.003843951123108980e+02 1.704975274852791074e+02 9.463111610901357551e+01
2.004010861624804534e+02 1.705258580199032394e+02 9.463197132396699374e+01
2.004177772126500372e+02 1.705541885545273999e+02 9.463282653892041196e+01
2.004344682628195926e+02 1.705825190891515604e+02 9.463368175387384440e+01
2.004511593129891764e+02 1.706108496237756924e+02 9.463453696882726263e+01
2.004678503631587319e+02 1.706391801583998529e+02 9.463539218378068085e+01
2.004845414133282873e+02 1.706675106930240133e+02 9.463624739873409908e+01
2.005012324634978711e+02 1.706958412276481454e+02 9.463710261368753152e+01
2.005179235136674265e+02 1.707241717622723058e+02 9.463795782864094974e+01
2.005179235136674265e+02 1.707241717622723058e+02 9.463795782864094974e+01
2.005346145638369819e+02 1.707525022968964663e+02 9.463881304359436797e+01
2.005513056140065657e+02 1.707808328315205983e+02 9.463966825854780041e+01
2.005679966641761212e+02 1.708091633661447588e+02 9.464052347350121863e+01
2.005846877143456766e+02 1.708374939007689193e+02 9.464137868845463686e+01
2.006013787645152604e+02 1.708658244353930513e+02 9.464223390340805508e+01
2.006180698146848158e+02 1.708941549700172118e+02 9.464308911836148752e+01
2.006347608648543996e+02 1.709224855046413722e+02 9.464394433331490575e+01
2.006514519150239551e+02 1.709508160392655043e+02 9.464479954826832397e+01
2.006681429651935105e+02 1.709791465738896648e+02 9.464565476322175641e+01
2.006848340153630943e+02 1.710074771085137968e+02 9.464650997817517464e+01
2.007015250655326497e+02 1.710358076431379573e+02 9.464736519312859286e+01
2.007182161157022051e+02 1.710641381777621177e+02 9.464822040808201109e+01
2.007349071658717889e+02 1.710924687123862498e+02 9.464907562303544353e+01
2.007515982160413444e+02 1.711207992470104102e+02 9.464993083798886175e+01
2.007515982160413444e+02 1.711207992470104102e+02 9.464993083798886175e+01
2.007495230913255568e+02 1.711405374821362386e+02 9.467657853078843289e+01
2.007474479666097693e+02 1.711602757172620670e+02 9.470322622358800402e+01
2.007453728418939818e+02 1.711800139523879238e+02 9.472987391638756094e+01
2.007432977171781943e+02 1.711997521875137522e+02 9.475652160918713207e+01
2.007412225924624067e+02 1.712194904226395806e+02 9.478316930198670320e+01
2.007391474677466476e+02 1.712392286577654090e+02 9.480981699478627434e+01
2.007370723430308601e+02 1.712589668928912374e+02 9.483646468758584547e+01
2.007349972183150726e+02 1.712787051280170658e+02 9.486311238038541660e+01
2.007329220935992851e+02 1.712984433631429226e+02 9.488976007318497352e+01
2.007308469688834975e+02 1.713181815982687510e+02 9.491640776598454465e+01
2.007287718441677100e+02 1.713379198333945794e+02 9.494305545878411579e+01
2.007287718441677100e+02 1.713379198333945794e+02 9.494305545878411579e+01
2.007113210746654204e+02 1.713521210012964957e+02 9.496708691457186546e+01
2.006938703051631308e+02 1.713663221691984404e+02 9.499111837035960093e+01
2.006764195356608411e+02 1.713805233371003567e+02 9.501514982614735061e+01
2.006589687661585515e+02 1.713947245050022730e+02 9.503918128193510029e+01
2.006415179966562619e+02 1.714089256729042177e+02 9.506321273772284997e+01
2.006240672271540006e+02 1.714231268408061339e+02 9.508724419351058543e+01
2.006066164576517110e+02 1.714373280087080786e+02 9.511127564929833511e+01
2.005891656881494214e+02 1.714515291766099949e+02 9.513530710508608479e+01
2.005717149186471318e+02 1.714657303445119112e+02 9.515933856087383447e+01
2.005542641491448421e+02 1.714799315124138559e+02 9.518337001666156993e+01
2.005368133796425525e+02 1.714941326803157722e+02 9.520740147244931961e+01
