2.216686861717155352e+02 1.903647726958265025e+02 1.704518566335439971e+02
2.216489027443286943e+02 1.903411762305998707e+02 1.704422437183931720e+02
2.216291193169418534e+02 1.903175797653732388e+02 1.704326308032423469e+02
2.216093358895549841e+02 1.902939833001466070e+02 1.704230178880915219e+02
2.215895524621681432e+02 1.902703868349199752e+02 1.704134049729407252e+02
2.215697690347813023e+02 1.902467903696933433e+02 1.704037920577899001e+02
2.215499856073944613e+02 1.902231939044667115e+02 1.703941791426390751e+02
2.215302021800076204e+02 1.901995974392400797e+02 1.703845662274882500e+02
2.215104187526207511e+02 1.901760009740134478e+02 1.703749533123374249e+02
2.214906353252339102e+02 1.901524045087868160e+02 1.703653403971865998e+02
2.214708518978470693e+02 1.901288080435601842e+02 1.703557274820357748e+02
2.214510684704602284e+02 1.901052115783335523e+02 1.703461145668849497e+02
2.214312850430733874e+02 1.900816151131069205e+02 1.703365016517341246e+02
2.214115016156865465e+02 1.900580186478802887e+02 1.703268887365833280e+02
2.213917181882996772e+02 1.900344221826536568e+02 1.703172758214325029e+02
2.213719347609128363e+02 1.900108257174270250e+02 1.703076629062816778e+02
2.213521513335259954e+02 1.899872292522003931e+02 1.702980499911308527e+02
2.213323679061391545e+02 1.899636327869737329e+02 1.702884370759800277e+02
2.213125844787523135e+02 1.899400363217471011e+02 1.702788241608292026e+02
2.212928010513654442e+02 1.899164398565204692e+02 1.702692112456783775e+02
2.212730176239786033e+02 1.898928433912938374e+02 1.702595983305275809e+02
2.212532341965917624e+02 1.898692469260672055e+02 1.702499854153767558e+02
2.212334507692049215e+02 1.898456504608405737e+02 1.702403725002259307e+02
2.212136673418180806e+02 1.898220539956139419e+02 1.702307595850751056e+02
2.211938839144312396e+02 1.897984575303873100e+02 1.702211466699242806e+02
2.211741004870443703e+02 1.897748610651606782e+02 1.702115337547734555e+02
2.211543170596575294e+02 1.897512645999340464e+02 1.702019208396226304e+02
2.211345336322706885e+02 1.897276681347074145e+02 1.701923079244718053e+02
2.211147502048838476e+02 1.897040716694807827e+02 1.701826950093209803e+02
2.210949667774970067e+02 1.896804752042541509e+02 1.701730820941701836e+02
2.210751833501101373e+02 1.896568787390275190e+02 1.701634691790193585e+02
2.210553999227232964e+02 1.896332822738008872e+02 1.701538562638685335e+02
2.210356164953364555e+02 1.896096858085742554e+02 1.701442433487177084e+02
2.210356164953364555e+02 1.896096858085742554e+02 1.701442433487177084e+02
2.210337434991741361e+02 1.895929810411530809e+02 1.701166515573769118e+02
2.210318705030117883e+02 1.895762762737319065e+02 1.700890597660361152e+02
2.210299975068494689e+02 1.895595715063107320e+02 1.700614679746953186e+02
2.210281245106871211e+02 1.895428667388895576e+02 1.700338761833545220e+02
2.210262515145248017e+02 1.895261619714683832e+02 1.700062843920137254e+02
2.210243785183624539e+02 1.895094572040472087e+02 1.699786926006729004e+02
2.210225055222001345e+02 1.894927524366260343e+02 1.699511008093321038e+02
2.210206325260377866e+02 1.894760476692048599e+02 1.699235090179913072e+02
2.210187595298754673e+02 1.894593429017836854e+02 1.698959172266505107e+02
2.210168865337131194e+02 1.894426381343625110e+02 1.698683254353097141e+02
2.210150135375508000e+02 1.894259333669413365e+02 1.698407336439689175e+02
2.210131405413884522e+02 1.894092285995201621e+02 1.698131418526281209e+02
2.210112675452261328e+02 1.893925238320989877e+02 1.697855500612873243e+02
2.210093945490637850e+02 1.893758190646778132e+02 1.697579582699465277e+02
2.210075215529014656e+02 1.893591142972566388e+02 1.697303664786057311e+02
2.210056485567391178e+02 1.893424095298354644e+02 1.697027746872649345e+02
2.210037755605767984e+02 1.893257047624142615e+02 1.696751828959241095e+02
2.210019025644144506e+02 1.893089999949930871e+02 1.696475911045833129e+02
2.210000295682521312e+02 1.892922952275719126e+02 1.696199993132425163e+02
2.209981565720897834e+02 1.892755904601507382e+02 1.695924075219017197e+02
2.209962835759274640e+02 1.892588856927295637e+02 1.695648157305609232e+02
2.209944105797651162e+02 1.892421809253083893e+02 1.695372239392201266e+02
2.209925375836027968e+02 1.892254761578872149e+02 1.695096321478793300e+02
2.209906645874404489e+02 1.892087713904660404e+02 1.694820403565385334e+02
2.209887915912781295e+02 1.891920666230448660e+02 1.694544485651977368e+02
2.209869185951157817e+02 1.891753618556236916e+02 1.694268567738569402e+02
2.209850455989534623e+02 1.891586570882025171e+02 1.693992649825161436e+02
2.209831726027911145e+02 1.891419523207813427e+02 1.693716731911753186e+02
2.209812996066287951e+02 1.891252475533601682e+02 1.693440813998345220e+02
2.209794266104664473e+02 1.891085427859389938e+02 1.693164896084937254e+02
2.209775536143041279e+02 1.890918380185178194e+02 1.692888978171529288e+02
2.209756806181417801e+02 1.890751332510966449e+02 1.692613060258121322e+02
2.209738076219794607e+02 1.890584284836754705e+02 1.692337142344713357e+02
2.209738076219794607e+02 1.890584284836754705e+02 1.692337142344713357e+02
2.209719299329336764e+02 1.890416818616429566e+02 1.692060533105485831e+02
2.209700522438879204e+02 1.890249352396104143e+02 1.691783923866258021e+02
2.209681745548421361e+02 1.890081886175779005e+02 1.691507314627030496e+02
2.209662968657963518e+02 1.889914419955453866e+02 1.691230705387802686e+02
2.209644191767505959e+02 1.889746953735128727e+02 1.690954096148575161e+02
2.209625414877048115e+02 1.889579487514803304e+02 1.690677486909347635e+02
2.209606637986590272e+02 1.889412021294478166e+02 1.690400877670119826e+02
2.209587861096132713e+02 1.889244555074153027e+02 1.690124268430892300e+02
2.209569084205674869e+02 1.889077088853827604e+02 1.689847659191664775e+02
2.209550307315217026e+02 1.888909622633502465e+02 1.689571049952436965e+02
2.209531530424759467e+02 1.888742156413177327e+02 1.689294440713209440e+02
2.209512753534301623e+02 1.888574690192851904e+02 1.689017831473981630e+02
2.209493976643843780e+02 1.888407223972526765e+02 1.688741222234754105e+02
2.209475199753386221e+02 1.888239757752201626e+02 1.688464612995526579e+02
2.209456422862928378e+02 1.888072291531876488e+02 1.688188003756298770e+02
2.209437645972470534e+02 1.887904825311551065e+02 1.687911394517071244e+02
2.209418869082012975e+02 1.887737359091225926e+02 1.687634785277843434e+02
2.209400092191555132e+02 1.887569892870900787e+02 1.687358176038615909e+02
2.209381315301097288e+02 1.887402426650575364e+02 1.687081566799388384e+02
2.209362538410639445e+02 1.887234960430250226e+02 1.686804957560160574e+02
2.209343761520181886e+02 1.887067494209925087e+02 1.686528348320933048e+02
2.209324984629724042e+02 1.886900027989599948e+02 1.686251739081705523e+02
2.209306207739266199e+02 1.886732561769274525e+02 1.685975129842477713e+02
2.209287430848808640e+02 1.886565095548949387e+02 1.685698520603250188e+02
2.209268653958350797e+02 1.886397629328624248e+02 1.685421911364022378e+02
2.209249877067892953e+02 1.886230163108298825e+02 1.685145302124794853e+02
2.209231100177435394e+02 1.886062696887973686e+02 1.684868692885567327e+02
2.209212323286977551e+02 1.885895230667648548e+02 1.684592083646339518e+02
2.209193546396519707e+02 1.885727764447323125e+02 1.684315474407111992e+02
2.209174769506062148e+02 1.885560298226997986e+02 1.684038865167884467e+02
2.209155992615604305e+02 1.885392832006672847e+02 1.683762255928656657e+02
2.209137215725146461e+02 1.885225365786347709e+02 1.683485646689429132e+02
2.209118438834688902e+02 1.885057899566022286e+02 1.683209037450201322e+02
2.209099661944231059e+02 1.884890433345697147e+02 1.682932428210973796e+02
2.209099661944231059e+02 1.884890433345697147e+02 1.682932428210973796e+02
2.209122420901485384e+02 1.884673953995763895e+02 1.682640169294323300e+02
2.209145179858739425e+02 1.884457474645830928e+02 1.682347910377672804e+02
2.209167938815993750e+02 1.884240995295897676e+02 1.682055651461022308e+02
2.209190697773248075e+02 1.884024515945964424e+02 1.681763392544371811e+02
2.209213456730502401e+02 1.883808036596031172e+02 1.681471133627721315e+02
2.209236215687756442e+02 1.883591557246098205e+02 1.681178874711070819e+02
2.209258974645010767e+02 1.883375077896164953e+02 1.680886615794420322e+02
2.209281733602265092e+02 1.883158598546231701e+02 1.680594356877769826e+02
2.209304492559519417e+02 1.882942119196298734e+02 1.680302097961119330e+02
2.209327251516773458e+02 1.882725639846365482e+02 1.680009839044468833e+02
2.209350010474027783e+02 1.882509160496432230e+02 1.679717580127818337e+02
2.209372769431282109e+02 1.882292681146498978e+02 1.679425321211167841e+02
2.209395528388536434e+02 1.882076201796566011e+02 1.679133062294517345e+02
2.209418287345790475e+02 1.881859722446632759e+02 1.678840803377866848e+02
2.209441046303044800e+02 1.881643243096699507e+02 1.678548544461216352e+02
2.209463805260299125e+02 1.881426763746766539e+02 1.678256285544565856e+02
2.209486564217553450e+02 1.881210284396833288e+02 1.677964026627915359e+02
2.209509323174807491e+02 1.880993805046900036e+02 1.677671767711264863e+02
2.209532082132061817e+02 1.880777325696966784e+02 1.677379508794614367e+02
2.209554841089316142e+02 1.880560846347033817e+02 1.677087249877963870e+02
2.209577600046570467e+02 1.880344366997100565e+02 1.676794990961313374e+02
2.209600359003824508e+02 1.880127887647167313e+02 1.676502732044662878e+02
2.209623117961078833e+02 1.879911408297234345e+02 1.676210473128012381e+02
2.209645876918333158e+02 1.879694928947301094e+02 1.675918214211361885e+02
2.209668635875587483e+02 1.879478449597367842e+02 1.675625955294711389e+02
2.209691394832841524e+02 1.879261970247434590e+02 1.675333696378060893e+02
2.209714153790095850e+02 1.879045490897501622e+02 1.675041437461410396e+02
2.209736912747350175e+02 1.878829011547568371e+02 1.674749178544759900e+02
2.209759671704604500e+02 1.878612532197635119e+02 1.674456919628109404e+02
2.209782430661858541e+02 1.878396052847702151e+02 1.674164660711458907e+02
2.209805189619112866e+02 1.878179573497768899e+02 1.673872401794808411e+02
2.209827948576367191e+02 1.877963094147835648e+02 1.673580142878157915e+02
2.209850707533621517e+02 1.877746614797902396e+02 1.673287883961507418e+02
2.209873466490875558e+02 1.877530135447969428e+02 1.672995625044856922e+02
2.209896225448129883e+02 1.877313656098036176e+02 1.672703366128206426e+02
2.209896225448129883e+02 1.877313656098036176e+02 1.672703366128206426e+02
2.209826450663761364e+02 1.877173462022445847e+02 1.672477332249240476e+02
2.209756675879393129e+02 1.877033267946855517e+02 1.672251298370274242e+02
2.209686901095024609e+02 1.876893073871264903e+02 1.672025264491308292e+02
2.209617126310656090e+02 1.876752879795674573e+02 1.671799230612342058e+02
2.209547351526287855e+02 1.876612685720084244e+02 1.671573196733376108e+02
2.209477576741919336e+02 1.876472491644493914e+02 1.671347162854409873e+02
2.209407801957550816e+02 1.876332297568903584e+02 1.671121128975443924e+02
2.209338027173182581e+02 1.876192103493312970e+02 1.670895095096477689e+02
2.209268252388814062e+02 1.876051909417722641e+02 1.670669061217511739e+02
2.209198477604445543e+02 1.875911715342132311e+02 1.670443027338545789e+02
2.209128702820077308e+02 1.875771521266541981e+02 1.670216993459579555e+02
2.209058928035708789e+02 1.875631327190951652e+02 1.669990959580613605e+02
2.208989153251340269e+02 1.875491133115361038e+02 1.669764925701647371e+02
2.208919378466972034e+02 1.875350939039770708e+02 1.669538891822681421e+02
2.208849603682603515e+02 1.875210744964180378e+02 1.669312857943715187e+02
2.208779828898234996e+02 1.875070550888590049e+02 1.669086824064749237e+02
2.208710054113866761e+02 1.874930356812999719e+02 1.668860790185783287e+02
2.208640279329498242e+02 1.874790162737409105e+02 1.668634756306817053e+02
2.208570504545129722e+02 1.874649968661818775e+02 1.668408722427851103e+02
2.208500729760761487e+02 1.874509774586228446e+02 1.668182688548884869e+02
2.208430954976392968e+02 1.874369580510638116e+02 1.667956654669918919e+02
2.208361180192024733e+02 1.874229386435047786e+02 1.667730620790952685e+02
2.208291405407656214e+02 1.874089192359457456e+02 1.667504586911986735e+02
2.208221630623287695e+02 1.873948998283866842e+02 1.667278553033020501e+02
2.208151855838919460e+02 1.873808804208276513e+02 1.667052519154054551e+02
2.208082081054550940e+02 1.873668610132686183e+02 1.666826485275088601e+02
2.208012306270182421e+02 1.873528416057095853e+02 1.666600451396122367e+02
2.207942531485814186e+02 1.873388221981505524e+02 1.666374417517156417e+02
2.207872756701445667e+02 1.873248027905914910e+02 1.666148383638190182e+02
2.207802981917077148e+02 1.873107833830324580e+02 1.665922349759224232e+02
2.207733207132708912e+02 1.872967639754734250e+02 1.665696315880257998e+02
2.207663432348340393e+02 1.872827445679143921e+02 1.665470282001292048e+02
2.207593657563971874e+02 1.872687251603553591e+02 1.665244248122326098e+02
2.207523882779603639e+02 1.872547057527962977e+02 1.665018214243359864e+02
2.207454107995235120e+02 1.872406863452372647e+02 1.664792180364393914e+02
2.207384333210866600e+02 1.872266669376782318e+02 1.664566146485427680e+02
2.207314558426498365e+02 1.872126475301191988e+02 1.664340112606461730e+02
2.207244783642129846e+02 1.871986281225601658e+02 1.664114078727495496e+02
2.207175008857761327e+02 1.871846087150011044e+02 1.663888044848529546e+02
2.207105234073393092e+02 1.871705893074420715e+02 1.663662010969563312e+02
2.207035459289024573e+02 1.871565698998830385e+02 1.663435977090597362e+02
2.207035459289024573e+02 1.871565698998830385e+02 1.663435977090597362e+02
2.207126847089542991e+02 1.871477833814211067e+02 1.663216421290073299e+02
2.207218234890061126e+02 1.871389968629591465e+02 1.662996865489549236e+02
2.207309622690579545e+02 1.871302103444972147e+02 1.662777309689025174e+02
2.207401010491097679e+02 1.871214238260352829e+02 1.662557753888501395e+02
2.207492398291616098e+02 1.871126373075733227e+02 1.662338198087977332e+02
2.207583786092134233e+02 1.871038507891113909e+02 1.662118642287453270e+02
2.207675173892652651e+02 1.870950642706494591e+02 1.661899086486929207e+02
2.207766561693170786e+02 1.870862777521875273e+02 1.661679530686405144e+02
2.207857949493689205e+02 1.870774912337255671e+02 1.661459974885881081e+02
2.207949337294207339e+02 1.870687047152636353e+02 1.661240419085357019e+02
2.208040725094725758e+02 1.870599181968017035e+02 1.661020863284833240e+02
2.208132112895243893e+02 1.870511316783397433e+02 1.660801307484309177e+02
2.208223500695762311e+02 1.870423451598778115e+02 1.660581751683785114e+02
2.208314888496280446e+02 1.870335586414158797e+02 1.660362195883261052e+02
2.208406276296798865e+02 1.870247721229539195e+02 1.660142640082736989e+02
2.208497664097316999e+02 1.870159856044919877e+02 1.659923084282212926e+02
2.208589051897835418e+02 1.870071990860300559e+02 1.659703528481688863e+02
2.208680439698353553e+02 1.869984125675680957e+02 1.659483972681164801e+02
2.208771827498871971e+02 1.869896260491061639e+02 1.659264416880641022e+02
2.208863215299390390e+02 1.869808395306442321e+02 1.659044861080116959e+02
2.208954603099908525e+02 1.869720530121823003e+02 1.658825305279592897e+02
2.209045990900426943e+02 1.869632664937203401e+02 1.658605749479068834e+02
2.209137378700945078e+02 1.869544799752584083e+02 1.658386193678544771e+02
2.209228766501463497e+02 1.869456934567964765e+02 1.658166637878020708e+02
2.209320154301981631e+02 1.869369069383345163e+02 1.657947082077496646e+02
2.209411542102500050e+02 1.869281204198725845e+02 1.657727526276972867e+02
2.209502929903018185e+02 1.869193339014106527e+02 1.657507970476448804e+02
2.209594317703536603e+02 1.869105473829486925e+02 1.657288414675924741e+02
2.209685705504054738e+02 1.869017608644867607e+02 1.657068858875400679e+02
2.209777093304573157e+02 1.868929743460248289e+02 1.656849303074876616e+02
2.209868481105091291e+02 1.868841878275628972e+02 1.656629747274352553e+02
2.209959868905609710e+02 1.868754013091009369e+02 1.656410191473828490e+02
2.210051256706127845e+02 1.868666147906390052e+02 1.656190635673304712e+02
2.210142644506646263e+02 1.868578282721770734e+02 1.655971079872780649e+02
2.210234032307164398e+02 1.868490417537151131e+02 1.655751524072256586e+02
2.210325420107682817e+02 1.868402552352531814e+02 1.655531968271732524e+02
2.210325420107682817e+02 1.868402552352531814e+02 1.655531968271732524e+02
2.210308180073392350e+02 1.868248792954115061e+02 1.655277999022664801e+02
2.210290940039101599e+02 1.868095033555698024e+02 1.655024029773597363e+02
2.210273700004811133e+02 1.867941274157281271e+02 1.654770060524529640e+02
2.210256459970520382e+02 1.867787514758864233e+02 1.654516091275461918e+02
2.210239219936229915e+02 1.867633755360447481e+02 1.654262122026394479e+02
2.210221979901939164e+02 1.867479995962030443e+02 1.654008152777326757e+02
2.210204739867648698e+02 1.867326236563613691e+02 1.653754183528259034e+02
2.210187499833357947e+02 1.867172477165196653e+02 1.653500214279191312e+02
2.210170259799067480e+02 1.867018717766779901e+02 1.653246245030123873e+02
2.210153019764777014e+02 1.866864958368363148e+02 1.652992275781056151e+02
2.210135779730486263e+02 1.866711198969946111e+02 1.652738306531988428e+02
2.210118539696195796e+02 1.866557439571529358e+02 1.652484337282920990e+02
2.210101299661905045e+02 1.866403680173112321e+02 1.652230368033853267e+02
2.210084059627614579e+02 1.866249920774695568e+02 1.651976398784785545e+02
2.210066819593323828e+02 1.866096161376278530e+02 1.651722429535718106e+02
2.210049579559033361e+02 1.865942401977861778e+02 1.651468460286650384e+02
2.210032339524742611e+02 1.865788642579444740e+02 1.651214491037582661e+02
2.210015099490452144e+02 1.865634883181027988e+02 1.650960521788515223e+02
2.209997859456161393e+02 1.865481123782610950e+02 1.650706552539447500e+02
2.209980619421870927e+02 1.865327364384194198e+02 1.650452583290379778e+02
2.209963379387580460e+02 1.865173604985777445e+02 1.650198614041312339e+02
2.209946139353289709e+02 1.865019845587360408e+02 1.649944644792244617e+02
2.209928899318999242e+02 1.864866086188943655e+02 1.649690675543176894e+02
2.209911659284708492e+02 1.864712326790526618e+02 1.649436706294109172e+02
2.209894419250418025e+02 1.864558567392109865e+02 1.649182737045041733e+02
2.209877179216127274e+02 1.864404807993692827e+02 1.648928767795974011e+02
2.209859939181836808e+02 1.864251048595276075e+02 1.648674798546906288e+02
2.209842699147546057e+02 1.864097289196859037e+02 1.648420829297838850e+02
2.209825459113255590e+02 1.863943529798442285e+02 1.648166860048771127e+02
2.209825459113255590e+02 1.863943529798442285e+02 1.648166860048771127e+02
2.209817563949301871e+02 1.863671339564894254e+02 1.647885965397976236e+02
2.209809668785348151e+02 1.863399149331346223e+02 1.647605070747181344e+02
2.209801773621394716e+02 1.863126959097798476e+02 1.647324176096386736e+02
2.209793878457440996e+02 1.862854768864250445e+02 1.647043281445591845e+02
2.209785983293487277e+02 1.862582578630702415e+02 1.646762386794796953e+02
2.209778088129533558e+02 1.862310388397154384e+02 1.646481492144002061e+02
2.209770192965579838e+02 1.862038198163606353e+02 1.646200597493207169e+02
2.209762297801626119e+02 1.861766007930058322e+02 1.645919702842412278e+02
2.209754402637672683e+02 1.861493817696510575e+02 1.645638808191617670e+02
2.209746507473718964e+02 1.861221627462962545e+02 1.645357913540822778e+02
2.209738612309765244e+02 1.860949437229414514e+02 1.645077018890027887e+02
2.209730717145811525e+02 1.860677246995866483e+02 1.644796124239232995e+02
2.209722821981857805e+02 1.860405056762318452e+02 1.644515229588438103e+02
2.209714926817904370e+02 1.860132866528770705e+02 1.644234334937643496e+02
2.209707031653950651e+02 1.859860676295222675e+02 1.643953440286848604e+02
2.209699136489996931e+02 1.859588486061674644e+02 1.643672545636053712e+02
2.209691241326043212e+02 1.859316295828126613e+02 1.643391650985258821e+02
2.209683346162089492e+02 1.859044105594578582e+02 1.643110756334463929e+02
2.209675450998136057e+02 1.858771915361030835e+02 1.642829861683669321e+02
2.209667555834182338e+02 1.858499725127482805e+02 1.642548967032874430e+02
2.209659660670228618e+02 1.858227534893934774e+02 1.642268072382079538e+02
2.209651765506274899e+02 1.857955344660386743e+02 1.641987177731284646e+02
2.209643870342321179e+02 1.857683154426838712e+02 1.641706283080489754e+02
2.209635975178367460e+02 1.857410964193290681e+02 1.641425388429694863e+02
2.209628080014414024e+02 1.857138773959742934e+02 1.641144493778900255e+02
2.209620184850460305e+02 1.856866583726194904e+02 1.640863599128105363e+02
2.209612289686506585e+02 1.856594393492646873e+02 1.640582704477310472e+02
2.209612289686506585e+02 1.856594393492646873e+02 1.640582704477310472e+02
2.209414198001005047e+02 1.856625927628915917e+02 1.640334312416736111e+02
2.209216106315503794e+02 1.856657461765184962e+02 1.640085920356161751e+02
2.209018014630002256e+02 1.856688995901454007e+02 1.639837528295587390e+02
2.208819922944501002e+02 1.856720530037723051e+02 1.639589136235013029e+02
2.208621831258999464e+02 1.856752064173992380e+02 1.639340744174438669e+02
2.208423739573498210e+02 1.856783598310261425e+02 1.639092352113864308e+02
2.208225647887996672e+02 1.856815132446530470e+02 1.638843960053289948e+02
2.208027556202495418e+02 1.856846666582799514e+02 1.638595567992715587e+02
2.207829464516993880e+02 1.856878200719068559e+02 1.638347175932141226e+02
2.207631372831492342e+02 1.856909734855337604e+02 1.638098783871566866e+02
2.207433281145991089e+02 1.856941268991606648e+02 1.637850391810992505e+02
2.207235189460489551e+02 1.856972803127875693e+02 1.637601999750418145e+02
2.207037097774988297e+02 1.857004337264145022e+02 1.637353607689843784e+02
2.206839006089486759e+02 1.857035871400414067e+02 1.637105215629269424e+02
2.206640914403985505e+02 1.857067405536683111e+02 1.636856823568695063e+02
2.206442822718483967e+02 1.857098939672952156e+02 1.636608431508120702e+02
2.206244731032982713e+02 1.857130473809221201e+02 1.636360039447546342e+02
2.206046639347481175e+02 1.857162007945490245e+02 1.636111647386971981e+02
2.205848547661979637e+02 1.857193542081759290e+02 1.635863255326397621e+02
2.205650455976478383e+02 1.857225076218028335e+02 1.635614863265823260e+02
2.205452364290976845e+02 1.857256610354297379e+02 1.635366471205248899e+02
2.205254272605475592e+02 1.857288144490566708e+02 1.635118079144674539e+02
2.205056180919974054e+02 1.857319678626835753e+02 1.634869687084100178e+02
2.204858089234472800e+02 1.857351212763104797e+02 1.634621295023525818e+02
2.204659997548971262e+02 1.857382746899373842e+02 1.634372902962951457e+02
2.204461905863469724e+02 1.857414281035642887e+02 1.634124510902377096e+02
2.204263814177968470e+02 1.857445815171911931e+02 1.633876118841802736e+02
2.204065722492466932e+02 1.857477349308180976e+02 1.633627726781228375e+02
2.203867630806965678e+02 1.857508883444450021e+02 1.633379334720654015e+02
2.203669539121464140e+02 1.857540417580719350e+02 1.633130942660079654e+02
2.203471447435962887e+02 1.857571951716988394e+02 1.632882550599505294e+02
2.203273355750461349e+02 1.857603485853257439e+02 1.632634158538930933e+02
2.203075264064960095e+02 1.857635019989526484e+02 1.632385766478356572e+02
2.202877172379458557e+02 1.857666554125795528e+02 1.632137374417782212e+02
2.202877172379458557e+02 1.857666554125795528e+02 1.632137374417782212e+02
2.202673268950544241e+02 1.857699013431176525e+02 1.631881694868496879e+02
2.202469365521630209e+02 1.857731472736557521e+02 1.631626015319211547e+02
2.202265462092715893e+02 1.857763932041938233e+02 1.631370335769926214e+02
2.202061558663801861e+02 1.857796391347319229e+02 1.631114656220640882e+02
2.201857655234887545e+02 1.857828850652700226e+02 1.630858976671355549e+02
2.201653751805973513e+02 1.857861309958081222e+02 1.630603297122070217e+02
2.201449848377059197e+02 1.857893769263461934e+02 1.630347617572784884e+02
2.201245944948144881e+02 1.857926228568842930e+02 1.630091938023499551e+02
2.201042041519230850e+02 1.857958687874223926e+02 1.629836258474214219e+02
2.200838138090316534e+02 1.857991147179604923e+02 1.629580578924928886e+02
2.200634234661402502e+02 1.858023606484985635e+02 1.629324899375643554e+02
2.200430331232488186e+02 1.858056065790366631e+02 1.629069219826358221e+02
2.200226427803574154e+02 1.858088525095747627e+02 1.628813540277072889e+02
2.200022524374659838e+02 1.858120984401128624e+02 1.628557860727787556e+02
2.199818620945745522e+02 1.858153443706509620e+02 1.628302181178502224e+02
2.199614717516831490e+02 1.858185903011890332e+02 1.628046501629216891e+02
2.199410814087917174e+02 1.858218362317271328e+02 1.627790822079931559e+02
2.199206910659003142e+02 1.858250821622652325e+02 1.627535142530645942e+02
2.199003007230088826e+02 1.858283280928033321e+02 1.627279462981360609e+02
2.198799103801174795e+02 1.858315740233414033e+02 1.627023783432075277e+02
2.198595200372260479e+02 1.858348199538795029e+02 1.626768103882789944e+02
2.198391296943346163e+02 1.858380658844176025e+02 1.626512424333504612e+02
2.198187393514432131e+02 1.858413118149557022e+02 1.626256744784219279e+02
2.197983490085517815e+02 1.858445577454938018e+02 1.626001065234933947e+02
2.197779586656603783e+02 1.858478036760318730e+02 1.625745385685648614e+02
2.197575683227689467e+02 1.858510496065699726e+02 1.625489706136363282e+02
2.197371779798775435e+02 1.858542955371080723e+02 1.625234026587077949e+02
2.197167876369861119e+02 1.858575414676461719e+02 1.624978347037792616e+02
2.196963972940946803e+02 1.858607873981842431e+02 1.624722667488507284e+02
2.196760069512032771e+02 1.858640333287223427e+02 1.624466987939221951e+02
2.196556166083118455e+02 1.858672792592604424e+02 1.624211308389936619e+02
2.196352262654204424e+02 1.858705251897985420e+02 1.623955628840651286e+02
2.196148359225290108e+02 1.858737711203366132e+02 1.623699949291365954e+02
2.195944455796376076e+02 1.858770170508747128e+02 1.623444269742080621e+02
2.195740552367461760e+02 1.858802629814128125e+02 1.623188590192795289e+02
2.195740552367461760e+02 1.858802629814128125e+02 1.623188590192795289e+02
2.195658852399626539e+02 1.858914689981314439e+02 1.622964819200619218e+02
2.195577152431791319e+02 1.859026750148500753e+02 1.622741048208443431e+02
2.195495452463955814e+02 1.859138810315686783e+02 1.622517277216267360e+02
2.195413752496120594e+02 1.859250870482873097e+02 1.622293506224091573e+02
2.195332052528285374e+02 1.859362930650059411e+02 1.622069735231915502e+02
2.195250352560450153e+02 1.859474990817245725e+02 1.621845964239739430e+02
2.195168652592614649e+02 1.859587050984431755e+02 1.621622193247563644e+02
2.195086952624779428e+02 1.859699111151618069e+02 1.621398422255387572e+02
2.195005252656944208e+02 1.859811171318804384e+02 1.621174651263211786e+02
2.194923552689108988e+02 1.859923231485990698e+02 1.620950880271035714e+02
2.194841852721273483e+02 1.860035291653177012e+02 1.620727109278859643e+02
2.194760152753438263e+02 1.860147351820363042e+02 1.620503338286683856e+02
2.194678452785603042e+02 1.860259411987549356e+02 1.620279567294507785e+02
2.194596752817767822e+02 1.860371472154735670e+02 1.620055796302331999e+02
2.194515052849932317e+02 1.860483532321921984e+02 1.619832025310155927e+02
2.194433352882097097e+02 1.860595592489108299e+02 1.619608254317979856e+02
2.194351652914261877e+02 1.860707652656294329e+02 1.619384483325804069e+02
2.194269952946426656e+02 1.860819712823480643e+02 1.619160712333627998e+02
2.194188252978591152e+02 1.860931772990666957e+02 1.618936941341452211e+02
2.194106553010755931e+02 1.861043833157853271e+02 1.618713170349276140e+02
2.194024853042920711e+02 1.861155893325039301e+02 1.618489399357100353e+02
2.193943153075085490e+02 1.861267953492225615e+02 1.618265628364924282e+02
2.193861453107249986e+02 1.861380013659411929e+02 1.618041857372748211e+02
2.193779753139414765e+02 1.861492073826598244e+02 1.617818086380572424e+02
2.193698053171579545e+02 1.861604133993784558e+02 1.617594315388396353e+02
2.193616353203744325e+02 1.861716194160970588e+02 1.617370544396220566e+02
2.193534653235908820e+02 1.861828254328156902e+02 1.617146773404044495e+02
2.193452953268073600e+02 1.861940314495343216e+02 1.616923002411868424e+02
2.193371253300238379e+02 1.862052374662529530e+02 1.616699231419692637e+02
2.193289553332403159e+02 1.862164434829715844e+02 1.616475460427516566e+02
2.193207853364567654e+02 1.862276494996901874e+02 1.616251689435340779e+02
2.193126153396732434e+02 1.862388555164088189e+02 1.616027918443164708e+02
2.193044453428897214e+02 1.862500615331274503e+02 1.615804147450988637e+02
2.192962753461061993e+02 1.862612675498460817e+02 1.615580376458812850e+02
2.192881053493226489e+02 1.862724735665646847e+02 1.615356605466636779e+02
2.192799353525391268e+02 1.862836795832833161e+02 1.615132834474460992e+02
2.192717653557556048e+02 1.862948856000019475e+02 1.614909063482284921e+02
2.192717653557556048e+02 1.862948856000019475e+02 1.614909063482284921e+02
2.192695800354667028e+02 1.862984715345642996e+02 1.614660747036319037e+02
2.192673947151778009e+02 1.863020574691266518e+02 1.614412430590353154e+02
2.192652093948888705e+02 1.863056434036890039e+02 1.614164114144387270e+02
2.192630240745999686e+02 1.863092293382513276e+02 1.613915797698421102e+02
2.192608387543110666e+02 1.863128152728136797e+02 1.613667481252455218e+02
2.192586534340221647e+02 1.863164012073760318e+02 1.613419164806489334e+02
2.192564681137332627e+02 1.863199871419383840e+02 1.613170848360523451e+02
2.192542827934443324e+02 1.863235730765007361e+02 1.612922531914557567e+02
2.192520974731554304e+02 1.863271590110630882e+02 1.612674215468591683e+02
2.192499121528665285e+02 1.863307449456254403e+02 1.612425899022625799e+02
2.192477268325776265e+02 1.863343308801877924e+02 1.612177582576659916e+02
2.192455415122887246e+02 1.863379168147501161e+02 1.611929266130693748e+02
2.192433561919997942e+02 1.863415027493124683e+02 1.611680949684727864e+02
2.192411708717108922e+02 1.863450886838748204e+02 1.611432633238761980e+02
2.192389855514219903e+02 1.863486746184371725e+02 1.611184316792796096e+02
2.192368002311330883e+02 1.863522605529995246e+02 1.610936000346830212e+02
2.192346149108441864e+02 1.863558464875618768e+02 1.610687683900864329e+02
2.192324295905552844e+02 1.863594324221242289e+02 1.610439367454898445e+02
2.192302442702663541e+02 1.863630183566865810e+02 1.610191051008932561e+02
2.192280589499774521e+02 1.863666042912489047e+02 1.609942734562966393e+02
2.192258736296885502e+02 1.863701902258112568e+02 1.609694418117000509e+02
2.192236883093996482e+02 1.863737761603736089e+02 1.609446101671034626e+02
2.192215029891107463e+02 1.863773620949359611e+02 1.609197785225068742e+02
2.192193176688218159e+02 1.863809480294983132e+02 1.608949468779102858e+02
2.192171323485329140e+02 1.863845339640606653e+02 1.608701152333136974e+02
2.192149470282440120e+02 1.863881198986230174e+02 1.608452835887171091e+02
2.192127617079551101e+02 1.863917058331853696e+02 1.608204519441205207e+02
2.192105763876662081e+02 1.863952917677476933e+02 1.607956202995239039e+02
2.192083910673772777e+02 1.863988777023100454e+02 1.607707886549273155e+02
2.192062057470883758e+02 1.864024636368723975e+02 1.607459570103307271e+02
2.192040204267994739e+02 1.864060495714347496e+02 1.607211253657341388e+02
2.192040204267994739e+02 1.864060495714347496e+02 1.607211253657341388e+02
2.192060332520103714e+02 1.864346231069237945e+02 1.606847075578785393e+02
2.192080460772212689e+02 1.864631966424128677e+02 1.606482897500229399e+02
2.192100589024321664e+02 1.864917701779019126e+02 1.606118719421673120e+02
2.192120717276430639e+02 1.865203437133909574e+02 1.605754541343117126e+02
2.192140845528539899e+02 1.865489172488800307e+02 1.605390363264561131e+02
2.192160973780648874e+02 1.865774907843690755e+02 1.605026185186005137e+02
2.192181102032757849e+02 1.866060643198581204e+02 1.604662007107448858e+02
2.192201230284866824e+02 1.866346378553471936e+02 1.604297829028892863e+02
2.192221358536975799e+02 1.866632113908362385e+02 1.603933650950336869e+02
2.192241486789084775e+02 1.866917849263252833e+02 1.603569472871780874e+02
2.192261615041193750e+02 1.867203584618143566e+02 1.603205294793224596e+02
2.192281743293302725e+02 1.867489319973034014e+02 1.602841116714668601e+02
2.192301871545411984e+02 1.867775055327924463e+02 1.602476938636112607e+02
2.192321999797520959e+02 1.868060790682814911e+02 1.602112760557556612e+02
2.192342128049629935e+02 1.868346526037705644e+02 1.601748582479000333e+02
2.192362256301738910e+02 1.868632261392596092e+02 1.601384404400444339e+02
2.192382384553847885e+02 1.868917996747486541e+02 1.601020226321888345e+02
2.192402512805956860e+02 1.869203732102377273e+02 1.600656048243332350e+02
2.192422641058065835e+02 1.869489467457267722e+02 1.600291870164776071e+02
2.192442769310174810e+02 1.869775202812158170e+02 1.599927692086220077e+02
2.192462897562284070e+02 1.870060938167048903e+02 1.599563514007664082e+02
2.192483025814393045e+02 1.870346673521939351e+02 1.599199335929108088e+02
2.192503154066502020e+02 1.870632408876829800e+02 1.598835157850551809e+02
2.192523282318610995e+02 1.870918144231720532e+02 1.598470979771995815e+02
2.192543410570719971e+02 1.871203879586610981e+02 1.598106801693439820e+02
2.192543410570719971e+02 1.871203879586610981e+02 1.598106801693439820e+02
2.192399326463465741e+02 1.871284099192879751e+02 1.597922067326662159e+02
2.192255242356211795e+02 1.871364318799148521e+02 1.597737332959884213e+02
2.192111158248957565e+02 1.871444538405417575e+02 1.597552598593106552e+02
2.191967074141703620e+02 1.871524758011686345e+02 1.597367864226328606e+02
2.191822990034449390e+02 1.871604977617955115e+02 1.597183129859550945e+02
2.191678905927195160e+02 1.871685197224223884e+02 1.596998395492773000e+02
2.191534821819941214e+02 1.871765416830492654e+02 1.596813661125995338e+02
2.191390737712686985e+02 1.871845636436761708e+02 1.596628926759217677e+02
2.191246653605432755e+02 1.871925856043030478e+02 1.596444192392439732e+02
2.191102569498178809e+02 1.872006075649299248e+02 1.596259458025662070e+02
2.190958485390924579e+02 1.872086295255568018e+02 1.596074723658884125e+02
2.190814401283670634e+02 1.872166514861836788e+02 1.595889989292106463e+02
2.190670317176416404e+02 1.872246734468105558e+02 1.595705254925328518e+02
2.190526233069162174e+02 1.872326954074374612e+02 1.595520520558550857e+02
2.190382148961908229e+02 1.872407173680643382e+02 1.595335786191773195e+02
2.190238064854653999e+02 1.872487393286912152e+02 1.595151051824995250e+02
2.190093980747399769e+02 1.872567612893180922e+02 1.594966317458217588e+02
2.189949896640145823e+02 1.872647832499449692e+02 1.594781583091439643e+02
2.189805812532891593e+02 1.872728052105718746e+02 1.594596848724661982e+02
2.189661728425637648e+02 1.872808271711987516e+02 1.594412114357884036e+02
2.189517644318383418e+02 1.872888491318256285e+02 1.594227379991106375e+02
2.189373560211129188e+02 1.872968710924525055e+02 1.594042645624328429e+02
2.189229476103875243e+02 1.873048930530793825e+02 1.593857911257550768e+02
2.189085391996621013e+02 1.873129150137062879e+02 1.593673176890773107e+02
2.188941307889366783e+02 1.873209369743331649e+02 1.593488442523995161e+02
2.188797223782112837e+02 1.873289589349600419e+02 1.593303708157217500e+02
2.188653139674858608e+02 1.873369808955869189e+02 1.593118973790439554e+02
2.188509055567604662e+02 1.873450028562137959e+02 1.592934239423661893e+02
2.188364971460350432e+02 1.873530248168406729e+02 1.592749505056883947e+02
2.188220887353096202e+02 1.873610467774675783e+02 1.592564770690106286e+02
2.188076803245842257e+02 1.873690687380944553e+02 1.592380036323328625e+02
2.187932719138588027e+02 1.873770906987213323e+02 1.592195301956550679e+02
2.187788635031333797e+02 1.873851126593482093e+02 1.592010567589773018e+02
2.187644550924079851e+02 1.873931346199750863e+02 1.591825833222995072e+02
2.187500466816825622e+02 1.874011565806019917e+02 1.591641098856217411e+02
2.187356382709571676e+02 1.874091785412288687e+02 1.591456364489439466e+02
2.187212298602317446e+02 1.874172005018557456e+02 1.591271630122661804e+02
2.187212298602317446e+02 1.874172005018557456e+02 1.591271630122661804e+02
2.187030527855847311e+02 1.874273206865110240e+02 1.591038576634752530e+02
2.186848757109377459e+02 1.874374408711662738e+02 1.590805523146843257e+02
2.186666986362907323e+02 1.874475610558215521e+02 1.590572469658933983e+02
2.186485215616437472e+02 1.874576812404768305e+02 1.590339416171024709e+02
2.186303444869967336e+02 1.874678014251321088e+02 1.590106362683115435e+02
2.186121674123497201e+02 1.874779216097873586e+02 1.589873309195206161e+02
2.185939903377027349e+02 1.874880417944426370e+02 1.589640255707296888e+02
2.185758132630557213e+02 1.874981619790979153e+02 1.589407202219387898e+02
2.185576361884087362e+02 1.875082821637531936e+02 1.589174148731478624e+02
2.185394591137617226e+02 1.875184023484084435e+02 1.588941095243569350e+02
2.185212820391147375e+02 1.875285225330637218e+02 1.588708041755660076e+02
2.185031049644677239e+02 1.875386427177190001e+02 1.588474988267750803e+02
2.184849278898207103e+02 1.875487629023742500e+02 1.588241934779841529e+02
2.184667508151737252e+02 1.875588830870295283e+02 1.588008881291932255e+02
2.184485737405267116e+02 1.875690032716848066e+02 1.587775827804022981e+02
2.184303966658797265e+02 1.875791234563400849e+02 1.587542774316113707e+02
2.184122195912327129e+02 1.875892436409953348e+02 1.587309720828204433e+02
2.183940425165856993e+02 1.875993638256506131e+02 1.587076667340295160e+02
2.183758654419387142e+02 1.876094840103058914e+02 1.586843613852385886e+02
2.183576883672917006e+02 1.876196041949611413e+02 1.586610560364476612e+02
2.183395112926447155e+02 1.876297243796164196e+02 1.586377506876567338e+02
2.183213342179977019e+02 1.876398445642716979e+02 1.586144453388658349e+02
2.183031571433507168e+02 1.876499647489269762e+02 1.585911399900749075e+02
2.182849800687037032e+02 1.876600849335822261e+02 1.585678346412839801e+02
2.182668029940566896e+02 1.876702051182375044e+02 1.585445292924930527e+02
2.182486259194097045e+02 1.876803253028927827e+02 1.585212239437021253e+02
2.182304488447626909e+02 1.876904454875480610e+02 1.584979185949111979e+02
2.182122717701157057e+02 1.877005656722033109e+02 1.584746132461202706e+02
2.181940946954686922e+02 1.877106858568585892e+02 1.584513078973293432e+02
2.181940946954686922e+02 1.877106858568585892e+02 1.584513078973293432e+02
2.181700398013600477e+02 1.877352081097938594e+02 1.584512391955523753e+02
2.181459849072514032e+02 1.877597303627291581e+02 1.584511704937754075e+02
2.181219300131427588e+02 1.877842526156644283e+02 1.584511017919984397e+02
2.180978751190341143e+02 1.878087748685996985e+02 1.584510330902214719e+02
2.180738202249254698e+02 1.878332971215349687e+02 1.584509643884445325e+02
2.180497653308168253e+02 1.878578193744702673e+02 1.584508956866675646e+02
2.180257104367081809e+02 1.878823416274055376e+02 1.584508269848905968e+02
2.180016555425995080e+02 1.879068638803408078e+02 1.584507582831136290e+02
2.179776006484908635e+02 1.879313861332760780e+02 1.584506895813366611e+02
2.179535457543822190e+02 1.879559083862113766e+02 1.584506208795596933e+02
2.179294908602735745e+02 1.879804306391466469e+02 1.584505521777827255e+02
2.179054359661649301e+02 1.880049528920819171e+02 1.584504834760057577e+02
2.178813810720562856e+02 1.880294751450172157e+02 1.584504147742287898e+02
2.178573261779476411e+02 1.880539973979524859e+02 1.584503460724518220e+02
2.178332712838389966e+02 1.880785196508877561e+02 1.584502773706748826e+02
2.178092163897303521e+02 1.881030419038230264e+02 1.584502086688979148e+02
2.177851614956217077e+02 1.881275641567583250e+02 1.584501399671209469e+02
2.177611066015130632e+02 1.881520864096935952e+02 1.584500712653439791e+02
2.177370517074044187e+02 1.881766086626288654e+02 1.584500025635670113e+02
2.177129968132957742e+02 1.882011309155641641e+02 1.584499338617900435e+02
2.176889419191871298e+02 1.882256531684994343e+02 1.584498651600130756e+02
2.176648870250784569e+02 1.882501754214347045e+02 1.584497964582361078e+02
2.176408321309698124e+02 1.882746976743699747e+02 1.584497277564591400e+02
2.176167772368611679e+02 1.882992199273052734e+02 1.584496590546821722e+02
2.175927223427525234e+02 1.883237421802405436e+02 1.584495903529052327e+02
2.175686674486438790e+02 1.883482644331758138e+02 1.584495216511282649e+02
2.175446125545352345e+02 1.883727866861110840e+02 1.584494529493512971e+02
2.175205576604265900e+02 1.883973089390463826e+02 1.584493842475743293e+02
2.174965027663179455e+02 1.884218311919816529e+02 1.584493155457973614e+02
2.174965027663179455e+02 1.884218311919816529e+02 1.584493155457973614e+02
2.174744325971733474e+02 1.884443301590377473e+02 1.584492525124773579e+02
2.174523624280287493e+02 1.884668291260938418e+02 1.584491894791573543e+02
2.174302922588841511e+02 1.884893280931499362e+02 1.584491264458373223e+02
2.174082220897395530e+02 1.885118270602060022e+02 1.584490634125173187e+02
2.173861519205949548e+02 1.885343260272620967e+02 1.584490003791973152e+02
2.173640817514503567e+02 1.885568249943181911e+02 1.584489373458773116e+02
2.173420115823057586e+02 1.885793239613742855e+02 1.584488743125572796e+02
2.173199414131611888e+02 1.886018229284303800e+02 1.584488112792372760e+02
2.172978712440165907e+02 1.886243218954864744e+02 1.584487482459172725e+02
2.172758010748719926e+02 1.886468208625425405e+02 1.584486852125972689e+02
2.172537309057273944e+02 1.886693198295986349e+02 1.584486221792772653e+02
2.172316607365827963e+02 1.886918187966547293e+02 1.584485591459572333e+02
2.172095905674381981e+02 1.887143177637108238e+02 1.584484961126372298e+02
2.171875203982936000e+02 1.887368167307669182e+02 1.584484330793172262e+02
2.171654502291490019e+02 1.887593156978230127e+02 1.584483700459972226e+02
2.171433800600044037e+02 1.887818146648791071e+02 1.584483070126772191e+02
2.171213098908598056e+02 1.888043136319351731e+02 1.584482439793571871e+02
2.170992397217152075e+02 1.888268125989912676e+02 1.584481809460371835e+02
2.170771695525706093e+02 1.888493115660473620e+02 1.584481179127171799e+02
2.170550993834260112e+02 1.888718105331034565e+02 1.584480548793971764e+02
2.170330292142814130e+02 1.888943095001595509e+02 1.584479918460771444e+02
2.170109590451368149e+02 1.889168084672156454e+02 1.584479288127571408e+02
2.169888888759922168e+02 1.889393074342717114e+02 1.584478657794371372e+02
2.169668187068476186e+02 1.889618064013278058e+02 1.584478027461171337e+02
2.169447485377030489e+02 1.889843053683839003e+02 1.584477397127971301e+02
2.169226783685584508e+02 1.890068043354399947e+02 1.584476766794770981e+02
2.169006081994138526e+02 1.890293033024960891e+02 1.584476136461570945e+02
2.168785380302692545e+02 1.890518022695521836e+02 1.584475506128370910e+02
2.168564678611246563e+02 1.890743012366082496e+02 1.584474875795170874e+02
2.168343976919800582e+02 1.890968002036643441e+02 1.584474245461970554e+02
2.168123275228354601e+02 1.891192991707204385e+02 1.584473615128770518e+02
2.167902573536908619e+02 1.891417981377765329e+02 1.584472984795570483e+02
2.167902573536908619e+02 1.891417981377765329e+02 1.584472984795570483e+02
2.167655618113880109e+02 1.891686169459710243e+02 1.584333204020708763e+02
2.167408662690851884e+02 1.891954357541654872e+02 1.584193423245847328e+02
2.167161707267823374e+02 1.892222545623599785e+02 1.584053642470985892e+02
2.166914751844795148e+02 1.892490733705544699e+02 1.583913861696124172e+02
2.166667796421766639e+02 1.892758921787489612e+02 1.583774080921262453e+02
2.166420840998738129e+02 1.893027109869434241e+02 1.583634300146401017e+02
2.166173885575709903e+02 1.893295297951379155e+02 1.583494519371539582e+02
2.165926930152681393e+02 1.893563486033324068e+02 1.583354738596677862e+02
2.165679974729653168e+02 1.893831674115268697e+02 1.583214957821816142e+02
2.165433019306624658e+02 1.894099862197213611e+02 1.583075177046954707e+02
2.165186063883596148e+02 1.894368050279158524e+02 1.582935396272093271e+02
2.164939108460567923e+02 1.894636238361103437e+02 1.582795615497231552e+02
2.164692153037539413e+02 1.894904426443048067e+02 1.582655834722369832e+02
2.164445197614511187e+02 1.895172614524992980e+02 1.582516053947508397e+02
2.164198242191482677e+02 1.895440802606937893e+02 1.582376273172646961e+02
2.163951286768454452e+02 1.895708990688882523e+02 1.582236492397785241e+02
2.163704331345425942e+02 1.895977178770827436e+02 1.582096711622923522e+02
2.163457375922397432e+02 1.896245366852772349e+02 1.581956930848062086e+02
2.163210420499369206e+02 1.896513554934717263e+02 1.581817150073200651e+02
2.162963465076340697e+02 1.896781743016661892e+02 1.581677369298338931e+02
2.162716509653312471e+02 1.897049931098606805e+02 1.581537588523477211e+02
2.162469554230283961e+02 1.897318119180551719e+02 1.581397807748615776e+02
2.162222598807255451e+02 1.897586307262496632e+02 1.581258026973754340e+02
2.161975643384227226e+02 1.897854495344441261e+02 1.581118246198892621e+02
2.161728687961198716e+02 1.898122683426386175e+02 1.580978465424030901e+02
2.161481732538170490e+02 1.898390871508331088e+02 1.580838684649169466e+02
2.161234777115141981e+02 1.898659059590275717e+02 1.580698903874308030e+02
2.160987821692113471e+02 1.898927247672220631e+02 1.580559123099446310e+02
2.160740866269085245e+02 1.899195435754165544e+02 1.580419342324584591e+02
2.160493910846056735e+02 1.899463623836110457e+02 1.580279561549723155e+02
2.160246955423028510e+02 1.899731811918055087e+02 1.580139780774861720e+02
2.160000000000000000e+02 1.900000000000000000e+02 1.580000000000000000e+02
2.160000000000000000e+02 1.900000000000000000e+02 1.580000000000000000e+02
2.160000000000000000e+02 1.900000000000000000e+02 1.580000000000000000e+02
2.160000000000000000e+02 1.900000000000000000e+02 1.580000000000000000e+02
2.160000000000000000e+02 1.900000000000000000e+02 1.580000000000000000e+02
2.160000000000000000e+02 1.900000000000000000e+02 1.580000000000000000e+02
2.160000000000000000e+02 1.900000000000000000e+02 1.580000000000000000e+02
2.160000000000000000e+02 1.900000000000000000e+02 1.580000000000000000e+02
2.160000000000000000e+02 1.900000000000000000e+02 1.580000000000000000e+02
2.160000000000000000e+02 1.900000000000000000e+02 1.580000000000000000e+02
2.160000000000000000e+02 1.900000000000000000e+02 1.580000000000000000e+02
2.160000000000000000e+02 1.900000000000000000e+02 1.580000000000000000e+02
2.160000000000000000e+02 1.900000000000000000e+02 1.580000000000000000e+02
2.160000000000000000e+02 1.900000000000000000e+02 1.580000000000000000e+02
2.160000000000000000e+02 1.900000000000000000e+02 1.580000000000000000e+02
2.160000000000000000e+02 1.900000000000000000e+02 1.580000000000000000e+02
2.160000000000000000e+02 1.900000000000000000e+02 1.580000000000000000e+02
2.160000000000000000e+02 1.900000000000000000e+02 1.580000000000000000e+02
2.160000000000000000e+02 1.900000000000000000e+02 1.580000000000000000e+02
2.160000000000000000e+02 1.900000000000000000e+02 1.580000000000000000e+02
2.160000000000000000e+02 1.900000000000000000e+02 1.580000000000000000e+02
2.160000000000000000e+02 1.900000000000000000e+02 1.580000000000000000e+02
2.160000000000000000e+02 1.900000000000000000e+02 1.580000000000000000e+02
2.160000000000000000e+02 1.900000000000000000e+02 1.580000000000000000e+02
2.160000000000000000e+02 1.900000000000000000e+02 1.580000000000000000e+02
2.160000000000000000e+02 1.900000000000000000e+02 1.580000000000000000e+02
2.160000000000000000e+02 1.900000000000000000e+02 1.580000000000000000e+02
2.160000000000000000e+02 1.900000000000000000e+02 1.580000000000000000e+02
2.160000000000000000e+02 1.900000000000000000e+02 1.580000000000000000e+02
2.160000000000000000e+02 1.900000000000000000e+02 1.580000000000000000e+02
2.160000000000000000e+02 1.900000000000000000e+02 1.580000000000000000e+02
2.160000000000000000e+02 1.900000000000000000e+02 1.580000000000000000e+02
2.160000000000000000e+02 1.900000000000000000e+02 1.580000000000000000e+02
2.160000000000000000e+02 1.900000000000000000e+02 1.580000000000000000e+02
2.160000000000000000e+02 1.900000000000000000e+02 1.580000000000000000e+02
2.160000000000000000e+02 1.900000000000000000e+02 1.580000000000000000e+02
2.160000000000000000e+02 1.900000000000000000e+02 1.580000000000000000e+02
2.160000000000000000e+02 1.900000000000000000e+02 1.580000000000000000e+02
2.160000000000000000e+02 1.900000000000000000e+02 1.580000000000000000e+02
2.160000000000000000e+02 1.900000000000000000e+02 1.580000000000000000e+02
2.160000000000000000e+02 1.900000000000000000e+02 1.580000000000000000e+02
2.160000000000000000e+02 1.900000000000000000e+02 1.580000000000000000e+02
2.160000000000000000e+02 1.900000000000000000e+02 1.580000000000000000e+02
2.159803920762307428e+02 1.900069447242319711e+02 1.579766979982018427e+02
2.159607841524614855e+02 1.900138894484639138e+02 1.579533959964036853e+02
2.159411762286922283e+02 1.900208341726958849e+02 1.579300939946055280e+02
2.159215683049229710e+02 1.900277788969278561e+02 1.579067919928073991e+02
2.159019603811537138e+02 1.900347236211597988e+02 1.578834899910092417e+02
2.158823524573844566e+02 1.900416683453917699e+02 1.578601879892110844e+02
2.158627445336151709e+02 1.900486130696237410e+02 1.578368859874129271e+02
2.158431366098459137e+02 1.900555577938556837e+02 1.578135839856147697e+02
2.158235286860766564e+02 1.900625025180876548e+02 1.577902819838166124e+02
2.158039207623073992e+02 1.900694472423195975e+02 1.577669799820184835e+02
2.157843128385381419e+02 1.900763919665515687e+02 1.577436779802203262e+02
2.157647049147688847e+02 1.900833366907835398e+02 1.577203759784221688e+02
2.157450969909996275e+02 1.900902814150154825e+02 1.576970739766240115e+02
2.157254890672303702e+02 1.900972261392474536e+02 1.576737719748258542e+02
2.157058811434611130e+02 1.901041708634794247e+02 1.576504699730276968e+02
2.156862732196918557e+02 1.901111155877113674e+02 1.576271679712295395e+02
2.156666652959225985e+02 1.901180603119433385e+02 1.576038659694314106e+02
2.156470573721533412e+02 1.901250050361753097e+02 1.575805639676332532e+02
2.156274494483840840e+02 1.901319497604072524e+02 1.575572619658350959e+02
2.156078415246147983e+02 1.901388944846392235e+02 1.575339599640369386e+02
2.155882336008455411e+02 1.901458392088711946e+02 1.575106579622387812e+02
2.155686256770762839e+02 1.901527839331031373e+02 1.574873559604406239e+02
2.155490177533070266e+02 1.901597286573351084e+02 1.574640539586424666e+02
2.155294098295377694e+02 1.901666733815670796e+02 1.574407519568443377e+02
2.155098019057685121e+02 1.901736181057990223e+02 1.574174499550461803e+02
2.154901939819992549e+02 1.901805628300309934e+02 1.573941479532480230e+02
2.154705860582299977e+02 1.901875075542629645e+02 1.573708459514498657e+02
2.154509781344607404e+02 1.901944522784949072e+02 1.573475439496517083e+02
2.154313702106914832e+02 1.902013970027268783e+02 1.573242419478535510e+02
2.154117622869222259e+02 1.902083417269588494e+02 1.573009399460553936e+02
2.153921543631529687e+02 1.902152864511907921e+02 1.572776379442572647e+02
2.153725464393837115e+02 1.902222311754227633e+02 1.572543359424591074e+02
2.153529385156144542e+02 1.902291758996547060e+02 1.572310339406609501e+02
2.153333305918451686e+02 1.902361206238866771e+02 1.572077319388627927e+02
2.153137226680759113e+02 1.902430653481186482e+02 1.571844299370646354e+02
2.152941147443066541e+02 1.902500100723505909e+02 1.571611279352664781e+02
2.152745068205373968e+02 1.902569547965825620e+02 1.571378259334683491e+02
2.152548988967681396e+02 1.902638995208145332e+02 1.571145239316701918e+02
2.152352909729988824e+02 1.902708442450464759e+02 1.570912219298720345e+02
2.152156830492296251e+02 1.902777889692784470e+02 1.570679199280738771e+02
2.152156830492296251e+02 1.902777889692784470e+02 1.570679199280738771e+02
2.151968815307223792e+02 1.902801321663202430e+02 1.570428315763605838e+02
2.151780800122151334e+02 1.902824753633620389e+02 1.570177432246473188e+02
2.151592784937078875e+02 1.902848185604038349e+02 1.569926548729340254e+02
2.151404769752006416e+02 1.902871617574456309e+02 1.569675665212207321e+02
2.151216754566933957e+02 1.902895049544874553e+02 1.569424781695074387e+02
2.151028739381861499e+02 1.902918481515292513e+02 1.569173898177941737e+02
2.150840724196789040e+02 1.902941913485710472e+02 1.568923014660808803e+02
2.150652709011716581e+02 1.902965345456128432e+02 1.568672131143675870e+02
2.150464693826644123e+02 1.902988777426546392e+02 1.568421247626542936e+02
2.150276678641571664e+02 1.903012209396964352e+02 1.568170364109410286e+02
2.150088663456499205e+02 1.903035641367382311e+02 1.567919480592277353e+02
2.149900648271426746e+02 1.903059073337800271e+02 1.567668597075144419e+02
2.149712633086354288e+02 1.903082505308218231e+02 1.567417713558011485e+02
2.149524617901282113e+02 1.903105937278636475e+02 1.567166830040878835e+02
2.149336602716209654e+02 1.903129369249054434e+02 1.566915946523745902e+02
2.149148587531137196e+02 1.903152801219472394e+02 1.566665063006612968e+02
2.148960572346064737e+02 1.903176233189890354e+02 1.566414179489480034e+02
2.148772557160992278e+02 1.903199665160308314e+02 1.566163295972347385e+02
2.148584541975919819e+02 1.903223097130726273e+02 1.565912412455214451e+02
2.148396526790847361e+02 1.903246529101144233e+02 1.565661528938081517e+02
2.148208511605774902e+02 1.903269961071562193e+02 1.565410645420948583e+02
2.148020496420702443e+02 1.903293393041980153e+02 1.565159761903815934e+02
2.147832481235629984e+02 1.903316825012398397e+02 1.564908878386683000e+02
2.147644466050557526e+02 1.903340256982816356e+02 1.564657994869550066e+02
2.147456450865485067e+02 1.903363688953234316e+02 1.564407111352417132e+02
2.147268435680412608e+02 1.903387120923652276e+02 1.564156227835284483e+02
2.147080420495340150e+02 1.903410552894070236e+02 1.563905344318151549e+02
2.147080420495340150e+02 1.903410552894070236e+02 1.563905344318151549e+02
2.146887288519852746e+02 1.903530777101414628e+02 1.563686057129548317e+02
2.146694156544365342e+02 1.903651001308759021e+02 1.563466769940944801e+02
2.146501024568877938e+02 1.903771225516103414e+02 1.563247482752341568e+02
2.146307892593390534e+02 1.903891449723447806e+02 1.563028195563738336e+02
2.146114760617902846e+02 1.904011673930792483e+02 1.562808908375134820e+02
2.145921628642415442e+02 1.904131898138136876e+02 1.562589621186531588e+02
2.145728496666928038e+02 1.904252122345481268e+02 1.562370333997928356e+02
2.145535364691440634e+02 1.904372346552825661e+02 1.562151046809324839e+02
2.145342232715953230e+02 1.904492570760170054e+02 1.561931759620721607e+02
2.145149100740465826e+02 1.904612794967514446e+02 1.561712472432118375e+02
2.144955968764978422e+02 1.904733019174858839e+02 1.561493185243514858e+02
2.144762836789491018e+02 1.904853243382203232e+02 1.561273898054911626e+02
2.144569704814003330e+02 1.904973467589547909e+02 1.561054610866308394e+02
2.144376572838515926e+02 1.905093691796892301e+02 1.560835323677704878e+02
2.144183440863028522e+02 1.905213916004236694e+02 1.560616036489101646e+02
2.143990308887541119e+02 1.905334140211581087e+02 1.560396749300498129e+02
2.143797176912053715e+02 1.905454364418925479e+02 1.560177462111894897e+02
2.143604044936566311e+02 1.905574588626269872e+02 1.559958174923291665e+02
2.143410912961078907e+02 1.905694812833614264e+02 1.559738887734688149e+02
2.143217780985591503e+02 1.905815037040958657e+02 1.559519600546084916e+02
2.143024649010104099e+02 1.905935261248303050e+02 1.559300313357481684e+02
2.142831517034616411e+02 1.906055485455647727e+02 1.559081026168878168e+02
2.142638385059129007e+02 1.906175709662992119e+02 1.558861738980274936e+02
2.142445253083641603e+02 1.906295933870336512e+02 1.558642451791671704e+02
2.142252121108154199e+02 1.906416158077680905e+02 1.558423164603068187e+02
2.142058989132666795e+02 1.906536382285025297e+02 1.558203877414464955e+02
2.142058989132666795e+02 1.906536382285025297e+02 1.558203877414464955e+02
2.141865665978364177e+02 1.906656725500739356e+02 1.557984373156343167e+02
2.141672342824061559e+02 1.906777068716453414e+02 1.557764868898221380e+02
2.141479019669758657e+02 1.906897411932167472e+02 1.557545364640099592e+02
2.141285696515456038e+02 1.907017755147881530e+02 1.557325860381977805e+02
2.141092373361153420e+02 1.907138098363595589e+02 1.557106356123856017e+02
2.140899050206850802e+02 1.907258441579309647e+02 1.556886851865734229e+02
2.140705727052548184e+02 1.907378784795023421e+02 1.556667347607612442e+02
2.140512403898245566e+02 1.907499128010737479e+02 1.556447843349490938e+02
2.140319080743942664e+02 1.907619471226451537e+02 1.556228339091369151e+02
2.140125757589640045e+02 1.907739814442165596e+02 1.556008834833247363e+02
2.139932434435337427e+02 1.907860157657879654e+02 1.555789330575125575e+02
2.139739111281034809e+02 1.907980500873593712e+02 1.555569826317003788e+02
2.139545788126732191e+02 1.908100844089307770e+02 1.555350322058882000e+02
2.139352464972429289e+02 1.908221187305021829e+02 1.555130817800760212e+02
2.139159141818126670e+02 1.908341530520735887e+02 1.554911313542638425e+02
2.138965818663824052e+02 1.908461873736449945e+02 1.554691809284516637e+02
2.138772495509521434e+02 1.908582216952164003e+02 1.554472305026394849e+02
2.138579172355218816e+02 1.908702560167878062e+02 1.554252800768273062e+02
2.138385849200916198e+02 1.908822903383592120e+02 1.554033296510151274e+02
2.138192526046613295e+02 1.908943246599306178e+02 1.553813792252029486e+02
2.137999202892310677e+02 1.909063589815020237e+02 1.553594287993907983e+02
2.137805879738008059e+02 1.909183933030734011e+02 1.553374783735786195e+02
2.137612556583705441e+02 1.909304276246448069e+02 1.553155279477664408e+02
2.137419233429402823e+02 1.909424619462162127e+02 1.552935775219542620e+02
2.137225910275100205e+02 1.909544962677876185e+02 1.552716270961420832e+02
2.137032587120797302e+02 1.909665305893590244e+02 1.552496766703299045e+02
2.136839263966494684e+02 1.909785649109304302e+02 1.552277262445177257e+02
2.136645940812192066e+02 1.909905992325018360e+02 1.552057758187055470e+02
2.136645940812192066e+02 1.909905992325018360e+02 1.552057758187055470e+02
2.136652935926204009e+02 1.910097810356538446e+02 1.551810432658961645e+02
2.136659931040215952e+02 1.910289628388058532e+02 1.551563107130868104e+02
2.136666926154227895e+02 1.910481446419578617e+02 1.551315781602774280e+02
2.136673921268239837e+02 1.910673264451098703e+02 1.551068456074680455e+02
2.136680916382252065e+02 1.910865082482619073e+02 1.550821130546586630e+02
2.136687911496264007e+02 1.911056900514139159e+02 1.550573805018493090e+02
2.136694906610275950e+02 1.911248718545659244e+02 1.550326479490399265e+02
2.136701901724287893e+02 1.911440536577179330e+02 1.550079153962305440e+02
2.136708896838299836e+02 1.911632354608699416e+02 1.549831828434211900e+02
2.136715891952311779e+02 1.911824172640219501e+02 1.549584502906118075e+02
2.136722887066323722e+02 1.912015990671739587e+02 1.549337177378024251e+02
2.136729882180335665e+02 1.912207808703259673e+02 1.549089851849930426e+02
2.136736877294347607e+02 1.912399626734779758e+02 1.548842526321836885e+02
2.136743872408359834e+02 1.912591444766300128e+02 1.548595200793743061e+02
2.136750867522371777e+02 1.912783262797820214e+02 1.548347875265649236e+02
2.136757862636383720e+02 1.912975080829340300e+02 1.548100549737555696e+02
2.136764857750395663e+02 1.913166898860860385e+02 1.547853224209461871e+02
2.136771852864407606e+02 1.913358716892380471e+02 1.547605898681368046e+02
2.136778847978419549e+02 1.913550534923900557e+02 1.547358573153274222e+02
2.136785843092431492e+02 1.913742352955420643e+02 1.547111247625180681e+02
2.136792838206443435e+02 1.913934170986940728e+02 1.546863922097086856e+02
2.136799833320455377e+02 1.914125989018460814e+02 1.546616596568993032e+02
2.136806828434467320e+02 1.914317807049980900e+02 1.546369271040899491e+02
2.136813823548479547e+02 1.914509625081501270e+02 1.546121945512805667e+02
2.136820818662491490e+02 1.914701443113021355e+02 1.545874619984711842e+02
2.136827813776503433e+02 1.914893261144541441e+02 1.545627294456618017e+02
2.136834808890515376e+02 1.915085079176061527e+02 1.545379968928524477e+02
2.136841804004527319e+02 1.915276897207581612e+02 1.545132643400430652e+02
2.136841804004527319e+02 1.915276897207581612e+02 1.545132643400430652e+02
2.136986496166505276e+02 1.915541230603927545e+02 1.545027298700001950e+02
2.137131188328483233e+02 1.915805564000273193e+02 1.544921953999573248e+02
2.137275880490461191e+02 1.916069897396619126e+02 1.544816609299144545e+02
2.137420572652439148e+02 1.916334230792964775e+02 1.544711264598715559e+02
2.137565264814417105e+02 1.916598564189310707e+02 1.544605919898286857e+02
2.137709956976395063e+02 1.916862897585656356e+02 1.544500575197858154e+02
2.137854649138373020e+02 1.917127230982002288e+02 1.544395230497429452e+02
2.137999341300351261e+02 1.917391564378348221e+02 1.544289885797000750e+02
2.138144033462329219e+02 1.917655897774693869e+02 1.544184541096572048e+02
2.138288725624307176e+02 1.917920231171039802e+02 1.544079196396143061e+02
2.138433417786285133e+02 1.918184564567385451e+02 1.543973851695714359e+02
2.138578109948263091e+02 1.918448897963731383e+02 1.543868506995285657e+02
2.138722802110241048e+02 1.918713231360077316e+02 1.543763162294856954e+02
2.138867494272219005e+02 1.918977564756422964e+02 1.543657817594428252e+02
2.139012186434196963e+02 1.919241898152768897e+02 1.543552472893999550e+02
2.139156878596174920e+02 1.919506231549114545e+02 1.543447128193570563e+02
2.139301570758152877e+02 1.919770564945460478e+02 1.543341783493141861e+02
2.139446262920130835e+02 1.920034898341806127e+02 1.543236438792713159e+02
2.139590955082108792e+02 1.920299231738152059e+02 1.543131094092284457e+02
2.139735647244086749e+02 1.920563565134497992e+02 1.543025749391855754e+02
2.139880339406064707e+02 1.920827898530843640e+02 1.542920404691427052e+02
2.140025031568042664e+02 1.921092231927189573e+02 1.542815059990998066e+02
2.140169723730020621e+02 1.921356565323535222e+02 1.542709715290569363e+02
2.140314415891998863e+02 1.921620898719881154e+02 1.542604370590140661e+02
2.140459108053976820e+02 1.921885232116227087e+02 1.542499025889711959e+02
2.140603800215954777e+02 1.922149565512572735e+02 1.542393681189283257e+02
2.140748492377932735e+02 1.922413898908918668e+02 1.542288336488854554e+02
2.140893184539910692e+02 1.922678232305264316e+02 1.542182991788425568e+02
2.141037876701888649e+02 1.922942565701610249e+02 1.542077647087996866e+02
2.141182568863866607e+02 1.923206899097955898e+02 1.541972302387568163e+02
2.141327261025844564e+02 1.923471232494301830e+02 1.541866957687139461e+02
2.141327261025844564e+02 1.923471232494301830e+02 1.541866957687139461e+02
2.141573471284529546e+02 1.923463456314156019e+02 1.541658490063366571e+02
2.141819681543214813e+02 1.923455680134010208e+02 1.541450022439593681e+02
2.142065891801899795e+02 1.923447903953864682e+02 1.541241554815821075e+02
2.142312102060585062e+02 1.923440127773718871e+02 1.541033087192048185e+02
2.142558312319270044e+02 1.923432351593573060e+02 1.540824619568275295e+02
2.142804522577955311e+02 1.923424575413427249e+02 1.540616151944502406e+02
2.143050732836640293e+02 1.923416799233281438e+02 1.540407684320729800e+02
2.143296943095325560e+02 1.923409023053135627e+02 1.540199216696956910e+02
2.143543153354010542e+02 1.923401246872990100e+02 1.539990749073184020e+02
2.143789363612695809e+02 1.923393470692844289e+02 1.539782281449411130e+02
2.144035573871380791e+02 1.923385694512698478e+02 1.539573813825638240e+02
2.144281784130066058e+02 1.923377918332552667e+02 1.539365346201865634e+02
2.144527994388751040e+02 1.923370142152406856e+02 1.539156878578092744e+02
2.144774204647436306e+02 1.923362365972261045e+02 1.538948410954319854e+02
2.145020414906121289e+02 1.923354589792115519e+02 1.538739943330546964e+02
2.145266625164806555e+02 1.923346813611969708e+02 1.538531475706774074e+02
2.145512835423491538e+02 1.923339037431823897e+02 1.538323008083001469e+02
2.145759045682176804e+02 1.923331261251678086e+02 1.538114540459228579e+02
2.146005255940861787e+02 1.923323485071532275e+02 1.537906072835455689e+02
2.146251466199547053e+02 1.923315708891386464e+02 1.537697605211682799e+02
2.146497676458232036e+02 1.923307932711240937e+02 1.537489137587910193e+02
2.146743886716917302e+02 1.923300156531095126e+02 1.537280669964137303e+02
2.146990096975602285e+02 1.923292380350949315e+02 1.537072202340364413e+02
2.146990096975602285e+02 1.923292380350949315e+02 1.537072202340364413e+02
2.147283346069753804e+02 1.923181260129549912e+02 1.537040047796964473e+02
2.147576595163905324e+02 1.923070139908150793e+02 1.537007893253564816e+02
2.147869844258057128e+02 1.922959019686751390e+02 1.536975738710164876e+02
2.148163093352208648e+02 1.922847899465351986e+02 1.536943584166765220e+02
2.148456342446360168e+02 1.922736779243952583e+02 1.536911429623365279e+02
2.148749591540511688e+02 1.922625659022553464e+02 1.536879275079965623e+02
2.149042840634663207e+02 1.922514538801154060e+02 1.536847120536565683e+02
2.149336089728815011e+02 1.922403418579754657e+02 1.536814965993166027e+02
2.149629338822966531e+02 1.922292298358355254e+02 1.536782811449766086e+02
2.149922587917118051e+02 1.922181178136956134e+02 1.536750656906366430e+02
2.150215837011269571e+02 1.922070057915556731e+02 1.536718502362966490e+02
2.150509086105421090e+02 1.921958937694157328e+02 1.536686347819566834e+02
2.150802335199572894e+02 1.921847817472757924e+02 1.536654193276166893e+02
2.151095584293724414e+02 1.921736697251358805e+02 1.536622038732767237e+02
2.151388833387875934e+02 1.921625577029959402e+02 1.536589884189367297e+02
2.151682082482027454e+02 1.921514456808559999e+02 1.536557729645967356e+02
2.151975331576178974e+02 1.921403336587160879e+02 1.536525575102567700e+02
2.152268580670330778e+02 1.921292216365761476e+02 1.536493420559167760e+02
2.152561829764482297e+02 1.921181096144362073e+02 1.536461266015768103e+02
2.152855078858633817e+02 1.921069975922962669e+02 1.536429111472368163e+02
2.153148327952785337e+02 1.920958855701563550e+02 1.536396956928968507e+02
2.153441577046936857e+02 1.920847735480164147e+02 1.536364802385568566e+02
2.153734826141088661e+02 1.920736615258764743e+02 1.536332647842168910e+02
2.154028075235240181e+02 1.920625495037365340e+02 1.536300493298768970e+02
2.154321324329391700e+02 1.920514374815966221e+02 1.536268338755369314e+02
2.154614573423543220e+02 1.920403254594566818e+02 1.536236184211969373e+02
2.154907822517694740e+02 1.920292134373167414e+02 1.536204029668569717e+02
2.155201071611846544e+02 1.920181014151768011e+02 1.536171875125169777e+02
2.155494320705998064e+02 1.920069893930368892e+02 1.536139720581770121e+02
2.155787569800149583e+02 1.919958773708969488e+02 1.536107566038370180e+02
2.155787569800149583e+02 1.919958773708969488e+02 1.536107566038370180e+02
2.156071692774488326e+02 1.919964318557206582e+02 1.535973757776379500e+02
2.156355815748827354e+02 1.919969863405443959e+02 1.535839949514389104e+02
2.156639938723166097e+02 1.919975408253681053e+02 1.535706141252398425e+02
2.156924061697505124e+02 1.919980953101918146e+02 1.535572332990408029e+02
2.157208184671843867e+02 1.919986497950155524e+02 1.535438524728417349e+02
2.157492307646182894e+02 1.919992042798392617e+02 1.535304716466426953e+02
2.157776430620521637e+02 1.919997587646629995e+02 1.535170908204436273e+02
2.158060553594860380e+02 1.920003132494867089e+02 1.535037099942445877e+02
2.158344676569199407e+02 1.920008677343104182e+02 1.534903291680455197e+02
2.158628799543538150e+02 1.920014222191341560e+02 1.534769483418464802e+02
2.158912922517877178e+02 1.920019767039578653e+02 1.534635675156474122e+02
2.159197045492215921e+02 1.920025311887815747e+02 1.534501866894483726e+02
2.159481168466554948e+02 1.920030856736053124e+02 1.534368058632493046e+02
2.159765291440893691e+02 1.920036401584290218e+02 1.534234250370502650e+02
2.160049414415232718e+02 1.920041946432527311e+02 1.534100442108511970e+02
2.160333537389571461e+02 1.920047491280764689e+02 1.533966633846521290e+02
2.160617660363910204e+02 1.920053036129001782e+02 1.533832825584530895e+02
2.160901783338249231e+02 1.920058580977239160e+02 1.533699017322540215e+02
2.161185906312587974e+02 1.920064125825476253e+02 1.533565209060549819e+02
2.161470029286927002e+02 1.920069670673713347e+02 1.533431400798559139e+02
2.161754152261265745e+02 1.920075215521950724e+02 1.533297592536568743e+02
2.162038275235604772e+02 1.920080760370187818e+02 1.533163784274578063e+02
2.162322398209943515e+02 1.920086305218424911e+02 1.533029976012587667e+02
2.162606521184282258e+02 1.920091850066662289e+02 1.532896167750596987e+02
2.162890644158621285e+02 1.920097394914899382e+02 1.532762359488606592e+02
2.163174767132960028e+02 1.920102939763136760e+02 1.532628551226615912e+02
2.163458890107299055e+02 1.920108484611373854e+02 1.532494742964625516e+02
2.163743013081637798e+02 1.920114029459610947e+02 1.532360934702634836e+02
2.164027136055976825e+02 1.920119574307848325e+02 1.532227126440644440e+02
2.164311259030315568e+02 1.920125119156085418e+02 1.532093318178653760e+02
2.164311259030315568e+02 1.920125119156085418e+02 1.532093318178653760e+02
2.164373112192626820e+02 1.919958280871076681e+02 1.531832573073625667e+02
2.164434965354938356e+02 1.919791442586067944e+02 1.531571827968597574e+02
2.164496818517249608e+02 1.919624604301059208e+02 1.531311082863569197e+02
2.164558671679560860e+02 1.919457766016050471e+02 1.531050337758541104e+02
2.164620524841872111e+02 1.919290927731041734e+02 1.530789592653513012e+02
2.164682378004183647e+02 1.919124089446032997e+02 1.530528847548484919e+02
2.164744231166494899e+02 1.918957251161024260e+02 1.530268102443456826e+02
2.164806084328806151e+02 1.918790412876015523e+02 1.530007357338428449e+02
2.164867937491117402e+02 1.918623574591006786e+02 1.529746612233400356e+02
2.164929790653428938e+02 1.918456736305998049e+02 1.529485867128372263e+02
2.164991643815740190e+02 1.918289898020989312e+02 1.529225122023344170e+02
2.165053496978051442e+02 1.918123059735980576e+02 1.528964376918316077e+02
2.165115350140362693e+02 1.917956221450971839e+02 1.528703631813287700e+02
2.165177203302674229e+02 1.917789383165963102e+02 1.528442886708259607e+02
2.165239056464985481e+02 1.917622544880954365e+02 1.528182141603231514e+02
2.165300909627296733e+02 1.917455706595945912e+02 1.527921396498203421e+02
2.165362762789608269e+02 1.917288868310937175e+02 1.527660651393175328e+02
2.165424615951919520e+02 1.917122030025928439e+02 1.527399906288146951e+02
2.165486469114230772e+02 1.916955191740919702e+02 1.527139161183118858e+02
2.165548322276542024e+02 1.916788353455910965e+02 1.526878416078090765e+02
2.165610175438853560e+02 1.916621515170902228e+02 1.526617670973062673e+02
2.165672028601164811e+02 1.916454676885893491e+02 1.526356925868034580e+02
2.165733881763476063e+02 1.916287838600884754e+02 1.526096180763006203e+02
2.165795734925787315e+02 1.916121000315876017e+02 1.525835435657978110e+02
2.165857588088098851e+02 1.915954162030867280e+02 1.525574690552950017e+02
2.165919441250410102e+02 1.915787323745858544e+02 1.525313945447921924e+02
2.165981294412721354e+02 1.915620485460849807e+02 1.525053200342893831e+02
2.166043147575032606e+02 1.915453647175841070e+02 1.524792455237865454e+02
2.166105000737344142e+02 1.915286808890832333e+02 1.524531710132837361e+02
2.166166853899655393e+02 1.915119970605823596e+02 1.524270965027809268e+02
2.166166853899655393e+02 1.915119970605823596e+02 1.524270965027809268e+02
2.166167647368915254e+02 1.914957318958118435e+02 1.523999268620544001e+02
2.166168440838175400e+02 1.914794667310413558e+02 1.523727572213279018e+02
2.166169234307435261e+02 1.914632015662708397e+02 1.523455875806013751e+02
2.166170027776695406e+02 1.914469364015003237e+02 1.523184179398748768e+02
2.166170821245955267e+02 1.914306712367298360e+02 1.522912482991483500e+02
2.166171614715215128e+02 1.914144060719593199e+02 1.522640786584218517e+02
2.166172408184475273e+02 1.913981409071888322e+02 1.522369090176953250e+02
2.166173201653735134e+02 1.913818757424183161e+02 1.522097393769688267e+02
2.166173995122995279e+02 1.913656105776478000e+02 1.521825697362423000e+02
2.166174788592255140e+02 1.913493454128773124e+02 1.521554000955158017e+02
2.166175582061515001e+02 1.913330802481067963e+02 1.521282304547892750e+02
2.166176375530775147e+02 1.913168150833362802e+02 1.521010608140627767e+02
2.166177169000035008e+02 1.913005499185657925e+02 1.520738911733362499e+02
2.166177962469295153e+02 1.912842847537952764e+02 1.520467215326097516e+02
2.166178755938555014e+02 1.912680195890247887e+02 1.520195518918832249e+02
2.166179549407815159e+02 1.912517544242542726e+02 1.519923822511567266e+02
2.166180342877075020e+02 1.912354892594837565e+02 1.519652126104301999e+02
2.166181136346334881e+02 1.912192240947132689e+02 1.519380429697037016e+02
2.166181929815595026e+02 1.912029589299427528e+02 1.519108733289771749e+02
2.166182723284854887e+02 1.911866937651722367e+02 1.518837036882506766e+02
2.166183516754115033e+02 1.911704286004017490e+02 1.518565340475241499e+02
2.166184310223374894e+02 1.911541634356312329e+02 1.518293644067976516e+02
2.166185103692634755e+02 1.911378982708607452e+02 1.518021947660711248e+02
2.166185897161894900e+02 1.911216331060902291e+02 1.517750251253446265e+02
2.166186690631154761e+02 1.911053679413197131e+02 1.517478554846180998e+02
2.166187484100414906e+02 1.910891027765492254e+02 1.517206858438916015e+02
2.166188277569674767e+02 1.910728376117787093e+02 1.516935162031650748e+02
2.166188277569674767e+02 1.910728376117787093e+02 1.516935162031650748e+02
2.166143927450097522e+02 1.910415759207511428e+02 1.516932004402218297e+02
2.166099577330519992e+02 1.910103142297236047e+02 1.516928846772786130e+02
2.166055227210942746e+02 1.909790525386960383e+02 1.516925689143353679e+02
2.166010877091365501e+02 1.909477908476685002e+02 1.516922531513921228e+02
2.165966526971787971e+02 1.909165291566409337e+02 1.516919373884489062e+02
2.165922176852210725e+02 1.908852674656133672e+02 1.516916216255056611e+02
2.165877826732633480e+02 1.908540057745858292e+02 1.516913058625624160e+02
2.165833476613056234e+02 1.908227440835582627e+02 1.516909900996191993e+02
2.165789126493478705e+02 1.907914823925306962e+02 1.516906743366759542e+02
2.165744776373901459e+02 1.907602207015031581e+02 1.516903585737327091e+02
2.165700426254324213e+02 1.907289590104755916e+02 1.516900428107894925e+02
2.165656076134746684e+02 1.906976973194480536e+02 1.516897270478462474e+02
2.165611726015169438e+02 1.906664356284204871e+02 1.516894112849030023e+02
2.165567375895592193e+02 1.906351739373929206e+02 1.516890955219597856e+02
2.165523025776014663e+02 1.906039122463653825e+02 1.516887797590165405e+02
2.165478675656437417e+02 1.905726505553378161e+02 1.516884639960733239e+02
2.165434325536860172e+02 1.905413888643102496e+02 1.516881482331300788e+02
2.165389975417282642e+02 1.905101271732827115e+02 1.516878324701868337e+02
2.165345625297705396e+02 1.904788654822551450e+02 1.516875167072436170e+02
2.165301275178128151e+02 1.904476037912276070e+02 1.516872009443003719e+02
2.165256925058550621e+02 1.904163421002000405e+02 1.516868851813571268e+02
2.165212574938973376e+02 1.903850804091724740e+02 1.516865694184139102e+02
2.165168224819396130e+02 1.903538187181449359e+02 1.516862536554706651e+02
2.165123874699818884e+02 1.903225570271173694e+02 1.516859378925274200e+02
2.165079524580241355e+02 1.902912953360898030e+02 1.516856221295842033e+02
2.165035174460664109e+02 1.902600336450622649e+02 1.516853063666409582e+02
2.164990824341086864e+02 1.902287719540346984e+02 1.516849906036977131e+02
2.164946474221509334e+02 1.901975102630071603e+02 1.516846748407544965e+02
2.164902124101932088e+02 1.901662485719795939e+02 1.516843590778112514e+02
2.164902124101932088e+02 1.901662485719795939e+02 1.516843590778112514e+02
2.164899864177020845e+02 1.901347804786709617e+02 1.516866941790501357e+02
2.164897604252109602e+02 1.901033123853623295e+02 1.516890292802890201e+02
2.164895344327198359e+02 1.900718442920536972e+02 1.516913643815279045e+02
2.164893084402287400e+02 1.900403761987450650e+02 1.516936994827667888e+02
2.164890824477376157e+02 1.900089081054364328e+02 1.516960345840056732e+02
2.164888564552464914e+02 1.899774400121278006e+02 1.516983696852445576e+02
2.164886304627553670e+02 1.899459719188191684e+02 1.517007047864834419e+02
2.164884044702642427e+02 1.899145038255105362e+02 1.517030398877223547e+02
2.164881784777731468e+02 1.898830357322019040e+02 1.517053749889612391e+02
2.164879524852820225e+02 1.898515676388932718e+02 1.517077100902001234e+02
2.164877264927908982e+02 1.898200995455846396e+02 1.517100451914390078e+02
2.164875005002997739e+02 1.897886314522760074e+02 1.517123802926778922e+02
2.164872745078086496e+02 1.897571633589673752e+02 1.517147153939167765e+02
2.164870485153175252e+02 1.897256952656587430e+02 1.517170504951556609e+02
2.164868225228264009e+02 1.896942271723501392e+02 1.517193855963945452e+02
2.164865965303353050e+02 1.896627590790415070e+02 1.517217206976334296e+02
2.164863705378441807e+02 1.896312909857328748e+02 1.517240557988723140e+02
2.164861445453530564e+02 1.895998228924242426e+02 1.517263909001111983e+02
2.164859185528619321e+02 1.895683547991156104e+02 1.517287260013500827e+02
2.164856925603708078e+02 1.895368867058069782e+02 1.517310611025889671e+02
2.164854665678797119e+02 1.895054186124983460e+02 1.517333962038278514e+02
2.164852405753885876e+02 1.894739505191897138e+02 1.517357313050667358e+02
2.164850145828974632e+02 1.894424824258810816e+02 1.517380664063056486e+02
2.164847885904063389e+02 1.894110143325724493e+02 1.517404015075445329e+02
2.164845625979152146e+02 1.893795462392638171e+02 1.517427366087834173e+02
2.164843366054240903e+02 1.893480781459551849e+02 1.517450717100223017e+02
2.164841106129329660e+02 1.893166100526465527e+02 1.517474068112611860e+02
2.164838846204418701e+02 1.892851419593379205e+02 1.517497419125000704e+02
2.164836586279507458e+02 1.892536738660292883e+02 1.517520770137389547e+02
2.164834326354596215e+02 1.892222057727206561e+02 1.517544121149778391e+02
2.164834326354596215e+02 1.892222057727206561e+02 1.517544121149778391e+02
2.164629032523167211e+02 1.891981992545414357e+02 1.517547280055085821e+02
2.164423738691738208e+02 1.891741927363622153e+02 1.517550438960393251e+02
2.164218444860309205e+02 1.891501862181829665e+02 1.517553597865700681e+02
2.164013151028880486e+02 1.891261797000037461e+02 1.517556756771008111e+02
2.163807857197451483e+02 1.891021731818245257e+02 1.517559915676315541e+02
2.163602563366022480e+02 1.890781666636453053e+02 1.517563074581622971e+02
2.163397269534593477e+02 1.890541601454660565e+02 1.517566233486930400e+02
2.163191975703164474e+02 1.890301536272868361e+02 1.517569392392238115e+02
2.162986681871735755e+02 1.890061471091076157e+02 1.517572551297545544e+02
2.162781388040306751e+02 1.889821405909283953e+02 1.517575710202852974e+02
2.162576094208877748e+02 1.889581340727491465e+02 1.517578869108160404e+02
2.162370800377448745e+02 1.889341275545699261e+02 1.517582028013467834e+02
2.162165506546019742e+02 1.889101210363907057e+02 1.517585186918775264e+02
2.161960212714590739e+02 1.888861145182114853e+02 1.517588345824082694e+02
2.161754918883161736e+02 1.888621080000322650e+02 1.517591504729390124e+02
2.161549625051733017e+02 1.888381014818530161e+02 1.517594663634697554e+02
2.161344331220304014e+02 1.888140949636737957e+02 1.517597822540004984e+02
2.161139037388875010e+02 1.887900884454945754e+02 1.517600981445312414e+02
2.160933743557446007e+02 1.887660819273153550e+02 1.517604140350619844e+02
2.160728449726017004e+02 1.887420754091361061e+02 1.517607299255927273e+02
2.160523155894588285e+02 1.887180688909568858e+02 1.517610458161234703e+02
2.160317862063159282e+02 1.886940623727776654e+02 1.517613617066542133e+02
2.160112568231730279e+02 1.886700558545984450e+02 1.517616775971849847e+02
2.159907274400301276e+02 1.886460493364191962e+02 1.517619934877157277e+02
2.159701980568872273e+02 1.886220428182399758e+02 1.517623093782464707e+02
2.159496686737443270e+02 1.885980363000607554e+02 1.517626252687772137e+02
2.159291392906014266e+02 1.885740297818815350e+02 1.517629411593079567e+02
2.159086099074585547e+02 1.885500232637022862e+02 1.517632570498386997e+02
2.158880805243156544e+02 1.885260167455230658e+02 1.517635729403694427e+02
2.158675511411727541e+02 1.885020102273438454e+02 1.517638888309001857e+02
2.158675511411727541e+02 1.885020102273438454e+02 1.517638888309001857e+02
2.158417485099485305e+02 1.885028846574133752e+02 1.517819863052471874e+02
2.158159458787242784e+02 1.885037590874829050e+02 1.518000837795941607e+02
2.157901432475000547e+02 1.885046335175524348e+02 1.518181812539411624e+02
2.157643406162758311e+02 1.885055079476219646e+02 1.518362787282881357e+02
2.157385379850515790e+02 1.885063823776914944e+02 1.518543762026351374e+02
2.157127353538273553e+02 1.885072568077610242e+02 1.518724736769821391e+02
2.156869327226031317e+02 1.885081312378305540e+02 1.518905711513291124e+02
2.156611300913789080e+02 1.885090056679000838e+02 1.519086686256761141e+02
2.156353274601546559e+02 1.885098800979696136e+02 1.519267661000230873e+02
2.156095248289304322e+02 1.885107545280391435e+02 1.519448635743700891e+02
2.155837221977062086e+02 1.885116289581086733e+02 1.519629610487170908e+02
2.155579195664819565e+02 1.885125033881782031e+02 1.519810585230640640e+02
2.155321169352577328e+02 1.885133778182477329e+02 1.519991559974110658e+02
2.155063143040335092e+02 1.885142522483172627e+02 1.520172534717580675e+02
2.154805116728092571e+02 1.885151266783867925e+02 1.520353509461050407e+02
2.154547090415850334e+02 1.885160011084563223e+02 1.520534484204520425e+02
2.154289064103608098e+02 1.885168755385258521e+02 1.520715458947990157e+02
2.154031037791365861e+02 1.885177499685953819e+02 1.520896433691460174e+02
2.153773011479123340e+02 1.885186243986649117e+02 1.521077408434930192e+02
2.153514985166881104e+02 1.885194988287344415e+02 1.521258383178399924e+02
2.153256958854638867e+02 1.885203732588039713e+02 1.521439357921869941e+02
2.152998932542396346e+02 1.885212476888735011e+02 1.521620332665339674e+02
2.152740906230154110e+02 1.885221221189430310e+02 1.521801307408809691e+02
2.152740906230154110e+02 1.885221221189430310e+02 1.521801307408809691e+02
2.152641547097595378e+02 1.885453752843829704e+02 1.521998014566174504e+02
2.152542187965036646e+02 1.885686284498229099e+02 1.522194721723539601e+02
2.152442828832477630e+02 1.885918816152628494e+02 1.522391428880904414e+02
2.152343469699918899e+02 1.886151347807027889e+02 1.522588136038269226e+02
2.152244110567360167e+02 1.886383879461427284e+02 1.522784843195634323e+02
2.152144751434801435e+02 1.886616411115826679e+02 1.522981550352999136e+02
2.152045392302242703e+02 1.886848942770226358e+02 1.523178257510364233e+02
2.151946033169683972e+02 1.887081474424625753e+02 1.523374964667729046e+02
2.151846674037124956e+02 1.887314006079025148e+02 1.523571671825093858e+02
2.151747314904566224e+02 1.887546537733424543e+02 1.523768378982458955e+02
2.151647955772007492e+02 1.887779069387823938e+02 1.523965086139823768e+02
2.151548596639448760e+02 1.888011601042223333e+02 1.524161793297188581e+02
2.151449237506890029e+02 1.888244132696622728e+02 1.524358500454553678e+02
2.151349878374331297e+02 1.888476664351022123e+02 1.524555207611918490e+02
2.151250519241772281e+02 1.888709196005421518e+02 1.524751914769283303e+02
2.151151160109213549e+02 1.888941727659820913e+02 1.524948621926648400e+02
2.151051800976654818e+02 1.889174259314220308e+02 1.525145329084013213e+02
2.150952441844096086e+02 1.889406790968619703e+02 1.525342036241378025e+02
2.150853082711537354e+02 1.889639322623019098e+02 1.525538743398743122e+02
2.150753723578978338e+02 1.889871854277418493e+02 1.525735450556107935e+02
2.150654364446419606e+02 1.890104385931817887e+02 1.525932157713472748e+02
2.150555005313860875e+02 1.890336917586217567e+02 1.526128864870837845e+02
2.150455646181302143e+02 1.890569449240616962e+02 1.526325572028202657e+02
2.150356287048743411e+02 1.890801980895016356e+02 1.526522279185567754e+02
2.150256927916184679e+02 1.891034512549415751e+02 1.526718986342932567e+02
2.150157568783625663e+02 1.891267044203815146e+02 1.526915693500297380e+02
2.150058209651066932e+02 1.891499575858214541e+02 1.527112400657662477e+02
2.149958850518508200e+02 1.891732107512613936e+02 1.527309107815027289e+02
2.149958850518508200e+02 1.891732107512613936e+02 1.527309107815027289e+02
2.149978452192314080e+02 1.891732107512613936e+02 1.527618572402565178e+02
2.149998053866120244e+02 1.891732107512613936e+02 1.527928036990103067e+02
2.150017655539926409e+02 1.891732107512613936e+02 1.528237501577640955e+02
2.150037257213732289e+02 1.891732107512613936e+02 1.528546966165178844e+02
2.150056858887538169e+02 1.891732107512613936e+02 1.528856430752716733e+02
2.150076460561344334e+02 1.891732107512613936e+02 1.529165895340254622e+02
2.150096062235150498e+02 1.891732107512613936e+02 1.529475359927792226e+02
2.150115663908956378e+02 1.891732107512613936e+02 1.529784824515330115e+02
2.150135265582762258e+02 1.891732107512613936e+02 1.530094289102868004e+02
2.150154867256568423e+02 1.891732107512613936e+02 1.530403753690405892e+02
2.150174468930374587e+02 1.891732107512613936e+02 1.530713218277943781e+02
2.150194070604180467e+02 1.891732107512613936e+02 1.531022682865481670e+02
2.150213672277986348e+02 1.891732107512613936e+02 1.531332147453019559e+02
2.150233273951792512e+02 1.891732107512613936e+02 1.531641612040557447e+02
2.150252875625598676e+02 1.891732107512613936e+02 1.531951076628095336e+02
2.150272477299404557e+02 1.891732107512613936e+02 1.532260541215633225e+02
2.150292078973210437e+02 1.891732107512613936e+02 1.532570005803171114e+02
2.150311680647016601e+02 1.891732107512613936e+02 1.532879470390709002e+02
2.150331282320822766e+02 1.891732107512613936e+02 1.533188934978246607e+02
2.150350883994628646e+02 1.891732107512613936e+02 1.533498399565784496e+02
2.150370485668434810e+02 1.891732107512613936e+02 1.533807864153322384e+02
2.150390087342240690e+02 1.891732107512613936e+02 1.534117328740860273e+02
2.150409689016046855e+02 1.891732107512613936e+02 1.534426793328398162e+02
2.150429290689852735e+02 1.891732107512613936e+02 1.534736257915936051e+02
2.150448892363658899e+02 1.891732107512613936e+02 1.535045722503473939e+02
2.150468494037464779e+02 1.891732107512613936e+02 1.535355187091011828e+02
2.150488095711270944e+02 1.891732107512613936e+02 1.535664651678549717e+02
2.150507697385076824e+02 1.891732107512613936e+02 1.535974116266087606e+02
2.150527299058882704e+02 1.891732107512613936e+02 1.536283580853625494e+02
2.150546900732688869e+02 1.891732107512613936e+02 1.536593045441163383e+02
2.150566502406495033e+02 1.891732107512613936e+02 1.536902510028701272e+02
2.150586104080300913e+02 1.891732107512613936e+02 1.537211974616238876e+02
2.150605705754106793e+02 1.891732107512613936e+02 1.537521439203776765e+02
2.150625307427912958e+02 1.891732107512613936e+02 1.537830903791314654e+02
2.150644909101719122e+02 1.891732107512613936e+02 1.538140368378852543e+02
2.150664510775525002e+02 1.891732107512613936e+02 1.538449832966390431e+02
2.150684112449330883e+02 1.891732107512613936e+02 1.538759297553928320e+02
2.150703714123137047e+02 1.891732107512613936e+02 1.539068762141466209e+02
2.150703714123137047e+02 1.891732107512613936e+02 1.539068762141466209e+02
2.150582935530646580e+02 1.891495256339304945e+02 1.539236682038136905e+02
2.150462156938156397e+02 1.891258405165995953e+02 1.539404601934807602e+02
2.150341378345665930e+02 1.891021553992686677e+02 1.539572521831478582e+02
2.150220599753175748e+02 1.890784702819377685e+02 1.539740441728149278e+02
2.150099821160685281e+02 1.890547851646068693e+02 1.539908361624819975e+02
2.149979042568194814e+02 1.890311000472759702e+02 1.540076281521490671e+02
2.149858263975704631e+02 1.890074149299450710e+02 1.540244201418161367e+02
2.149737485383214164e+02 1.889837298126141718e+02 1.540412121314832063e+02
2.149616706790723981e+02 1.889600446952832442e+02 1.540580041211503044e+02
2.149495928198233514e+02 1.889363595779523450e+02 1.540747961108173740e+02
2.149375149605743047e+02 1.889126744606214459e+02 1.540915881004844437e+02
2.149254371013252864e+02 1.888889893432905467e+02 1.541083800901515133e+02
2.149133592420762398e+02 1.888653042259596475e+02 1.541251720798185829e+02
2.149012813828272215e+02 1.888416191086287199e+02 1.541419640694856525e+02
2.148892035235781748e+02 1.888179339912978207e+02 1.541587560591527506e+02
2.148771256643291281e+02 1.887942488739669216e+02 1.541755480488198202e+02
2.148650478050801098e+02 1.887705637566360224e+02 1.541923400384868899e+02
2.148529699458310631e+02 1.887468786393051232e+02 1.542091320281539595e+02
2.148408920865820164e+02 1.887231935219742240e+02 1.542259240178210291e+02
2.148288142273329981e+02 1.886995084046432964e+02 1.542427160074881272e+02
2.148167363680839514e+02 1.886758232873123973e+02 1.542595079971551968e+02
2.148046585088349332e+02 1.886521381699814981e+02 1.542762999868222664e+02
2.147925806495858865e+02 1.886284530526505989e+02 1.542930919764893360e+02
2.147805027903368398e+02 1.886047679353196997e+02 1.543098839661564057e+02
2.147684249310878215e+02 1.885810828179888006e+02 1.543266759558234753e+02
2.147563470718387748e+02 1.885573977006578730e+02 1.543434679454905734e+02
2.147442692125897565e+02 1.885337125833269738e+02 1.543602599351576430e+02
2.147321913533407098e+02 1.885100274659960746e+02 1.543770519248247126e+02
2.147321913533407098e+02 1.885100274659960746e+02 1.543770519248247126e+02
2.147195153926624016e+02 1.884851694502039265e+02 1.543946754619385047e+02
2.147068394319840650e+02 1.884603114344117785e+02 1.544122989990522967e+02
2.146941634713057567e+02 1.884354534186196304e+02 1.544299225361660888e+02
2.146814875106274485e+02 1.884105954028274823e+02 1.544475460732798808e+02
2.146688115499491118e+02 1.883857373870353342e+02 1.544651696103936729e+02
2.146561355892708036e+02 1.883608793712431861e+02 1.544827931475074649e+02
2.146434596285924954e+02 1.883360213554510381e+02 1.545004166846212570e+02
2.146307836679141587e+02 1.883111633396588900e+02 1.545180402217350490e+02
2.146181077072358505e+02 1.882863053238667419e+02 1.545356637588488411e+02
2.146054317465575423e+02 1.882614473080746222e+02 1.545532872959626332e+02
2.145927557858792341e+02 1.882365892922824742e+02 1.545709108330764252e+02
2.145800798252008974e+02 1.882117312764903261e+02 1.545885343701902173e+02
2.145674038645225892e+02 1.881868732606981780e+02 1.546061579073040093e+02
2.145547279038442809e+02 1.881620152449060299e+02 1.546237814444178014e+02
2.145420519431659443e+02 1.881371572291138818e+02 1.546414049815315934e+02
2.145293759824876361e+02 1.881122992133217338e+02 1.546590285186453855e+02
2.145167000218093278e+02 1.880874411975295857e+02 1.546766520557591775e+02
2.145040240611309912e+02 1.880625831817374376e+02 1.546942755928729696e+02
2.144913481004526830e+02 1.880377251659452895e+02 1.547118991299867616e+02
2.144913481004526830e+02 1.880377251659452895e+02 1.547118991299867616e+02
2.144756672342496131e+02 1.880084026444462211e+02 1.547105013098319262e+02
2.144599863680465148e+02 1.879790801229471526e+02 1.547091034896771191e+02
2.144443055018434450e+02 1.879497576014480842e+02 1.547077056695222836e+02
2.144286246356403467e+02 1.879204350799489873e+02 1.547063078493674482e+02
2.144129437694372768e+02 1.878911125584499189e+02 1.547049100292126411e+02
2.143972629032342070e+02 1.878617900369508504e+02 1.547035122090578056e+02
2.143815820370311087e+02 1.878324675154517820e+02 1.547021143889029702e+02
2.143659011708280389e+02 1.878031449939527135e+02 1.547007165687481631e+02
2.143502203046249406e+02 1.877738224724536167e+02 1.546993187485933277e+02
2.143345394384218707e+02 1.877444999509545482e+02 1.546979209284384922e+02
2.143188585722188009e+02 1.877151774294554798e+02 1.546965231082836851e+02
2.143031777060157026e+02 1.876858549079564114e+02 1.546951252881288497e+02
2.142874968398126327e+02 1.876565323864573429e+02 1.546937274679740142e+02
2.142718159736095629e+02 1.876272098649582745e+02 1.546923296478192071e+02
2.142561351074064646e+02 1.875978873434592060e+02 1.546909318276643717e+02
2.142404542412033948e+02 1.875685648219601092e+02 1.546895340075095362e+02
2.142247733750002965e+02 1.875392423004610407e+02 1.546881361873547291e+02
2.142090925087972266e+02 1.875099197789619723e+02 1.546867383671998937e+02
2.142090925087972266e+02 1.875099197789619723e+02 1.546867383671998937e+02
2.141937346042766421e+02 1.874941013408462425e+02 1.547097451436349331e+02
2.141783766997560292e+02 1.874782829027305411e+02 1.547327519200699726e+02
2.141630187952354447e+02 1.874624644646148113e+02 1.547557586965049836e+02
2.141476608907148318e+02 1.874466460264991099e+02 1.547787654729400231e+02
2.141323029861942473e+02 1.874308275883833801e+02 1.548017722493750625e+02
2.141169450816736344e+02 1.874150091502676787e+02 1.548247790258101020e+02
2.141015871771530499e+02 1.873991907121519489e+02 1.548477858022451414e+02
2.140862292726324654e+02 1.873833722740362475e+02 1.548707925786801525e+02
2.140708713681118525e+02 1.873675538359205177e+02 1.548937993551151919e+02
2.140555134635912680e+02 1.873517353978048163e+02 1.549168061315502314e+02
2.140401555590706550e+02 1.873359169596890865e+02 1.549398129079852708e+02
2.140247976545500705e+02 1.873200985215733851e+02 1.549628196844203103e+02
2.140094397500294576e+02 1.873042800834576553e+02 1.549858264608553498e+02
2.139940818455088731e+02 1.872884616453419540e+02 1.550088332372903608e+02
2.139787239409882886e+02 1.872726432072262241e+02 1.550318400137254002e+02
2.139633660364676757e+02 1.872568247691105228e+02 1.550548467901604397e+02
2.139480081319470912e+02 1.872410063309947930e+02 1.550778535665954792e+02
2.139326502274264783e+02 1.872251878928790916e+02 1.551008603430305186e+02
2.139172923229058938e+02 1.872093694547633618e+02 1.551238671194655296e+02
2.139019344183852809e+02 1.871935510166476604e+02 1.551468738959005691e+02
2.138865765138646964e+02 1.871777325785319306e+02 1.551698806723356086e+02
2.138865765138646964e+02 1.871777325785319306e+02 1.551698806723356086e+02
2.138668630067413972e+02 1.871773932762283437e+02 1.551956322526307304e+02
2.138471494996180695e+02 1.871770539739247567e+02 1.552213838329258238e+02
2.138274359924947703e+02 1.871767146716211698e+02 1.552471354132209456e+02
2.138077224853714711e+02 1.871763753693175545e+02 1.552728869935160390e+02
2.137880089782481434e+02 1.871760360670139676e+02 1.552986385738111608e+02
2.137682954711248442e+02 1.871756967647103806e+02 1.553243901541062542e+02
2.137485819640015450e+02 1.871753574624067937e+02 1.553501417344013760e+02
2.137288684568782173e+02 1.871750181601032068e+02 1.553758933146964694e+02
2.137091549497549181e+02 1.871746788577996199e+02 1.554016448949915912e+02
2.136894414426316189e+02 1.871743395554960330e+02 1.554273964752866846e+02
2.136697279355082912e+02 1.871740002531924176e+02 1.554531480555818064e+02
2.136500144283849920e+02 1.871736609508888307e+02 1.554788996358768998e+02
2.136303009212616928e+02 1.871733216485852438e+02 1.555046512161720216e+02
2.136105874141383651e+02 1.871729823462816569e+02 1.555304027964671150e+02
2.135908739070150659e+02 1.871726430439780700e+02 1.555561543767622368e+02
2.135711603998917667e+02 1.871723037416744830e+02 1.555819059570573302e+02
2.135514468927684391e+02 1.871719644393708961e+02 1.556076575373524520e+02
2.135317333856451398e+02 1.871716251370672808e+02 1.556334091176475454e+02
2.135120198785218406e+02 1.871712858347636939e+02 1.556591606979426672e+02
2.134923063713985130e+02 1.871709465324601069e+02 1.556849122782377606e+02
2.134725928642752137e+02 1.871706072301565200e+02 1.557106638585328824e+02
2.134725928642752137e+02 1.871706072301565200e+02 1.557106638585328824e+02
2.134732358585946770e+02 1.871927748222437913e+02 1.557335403517749342e+02
2.134738788529141686e+02 1.872149424143310341e+02 1.557564168450169859e+02
2.134745218472336319e+02 1.872371100064183054e+02 1.557792933382590377e+02
2.134751648415530951e+02 1.872592775985055482e+02 1.558021698315010894e+02
2.134758078358725584e+02 1.872814451905928195e+02 1.558250463247431412e+02
2.134764508301920500e+02 1.873036127826800623e+02 1.558479228179851930e+02
2.134770938245115133e+02 1.873257803747673336e+02 1.558707993112272447e+02
2.134777368188309765e+02 1.873479479668545764e+02 1.558936758044692965e+02
2.134783798131504682e+02 1.873701155589418477e+02 1.559165522977113483e+02
2.134790228074699314e+02 1.873922831510291189e+02 1.559394287909534000e+02
2.134796658017893947e+02 1.874144507431163618e+02 1.559623052841954518e+02
2.134803087961088863e+02 1.874366183352036330e+02 1.559851817774375036e+02
2.134809517904283496e+02 1.874587859272908759e+02 1.560080582706795553e+02
2.134815947847478128e+02 1.874809535193781471e+02 1.560309347639216071e+02
2.134822377790672761e+02 1.875031211114653900e+02 1.560538112571636589e+02
2.134828807733867677e+02 1.875252887035526612e+02 1.560766877504057106e+02
2.134835237677062310e+02 1.875474562956399041e+02 1.560995642436477624e+02
2.134841667620256942e+02 1.875696238877271753e+02 1.561224407368898142e+02
2.134848097563451859e+02 1.875917914798144466e+02 1.561453172301318659e+02
2.134854527506646491e+02 1.876139590719016894e+02 1.561681937233739177e+02
2.134860957449841123e+02 1.876361266639889607e+02 1.561910702166159695e+02
2.134867387393036040e+02 1.876582942560762035e+02 1.562139467098580212e+02
2.134873817336230672e+02 1.876804618481634748e+02 1.562368232031000730e+02
2.134880247279425305e+02 1.877026294402507176e+02 1.562596996963421248e+02
2.134886677222619937e+02 1.877247970323379889e+02 1.562825761895841765e+02
2.134893107165814854e+02 1.877469646244252317e+02 1.563054526828262283e+02
2.134899537109009486e+02 1.877691322165125030e+02 1.563283291760682800e+02
