1.488423852305784294e+02 1.445664246896649843e+02 1.342873026720284884e+02
1.488238119912419393e+02 1.445861129492593591e+02 1.343062756738105747e+02
1.488052387519054776e+02 1.446058012088537055e+02 1.343252486755926896e+02
1.487866655125689874e+02 1.446254894684480803e+02 1.343442216773747759e+02
1.487680922732325257e+02 1.446451777280424267e+02 1.343631946791568907e+02
1.487495190338960356e+02 1.446648659876368015e+02 1.343821676809389771e+02
1.487309457945595454e+02 1.446845542472311763e+02 1.344011406827210919e+02
1.487123725552230837e+02 1.447042425068255227e+02 1.344201136845031783e+02
1.486937993158865936e+02 1.447239307664198975e+02 1.344390866862852931e+02
1.486752260765501319e+02 1.447436190260142439e+02 1.344580596880673795e+02
1.486566528372136418e+02 1.447633072856086187e+02 1.344770326898494943e+02
1.486380795978771516e+02 1.447829955452029935e+02 1.344960056916315807e+02
1.486195063585406899e+02 1.448026838047973399e+02 1.345149786934136955e+02
1.486009331192041998e+02 1.448223720643917147e+02 1.345339516951957819e+02
1.485823598798677381e+02 1.448420603239860611e+02 1.345529246969778967e+02
1.485637866405312479e+02 1.448617485835804359e+02 1.345718976987599831e+02
1.485452134011947578e+02 1.448814368431748107e+02 1.345908707005420695e+02
1.485266401618582961e+02 1.449011251027691571e+02 1.346098437023241843e+02
1.485080669225218060e+02 1.449208133623635320e+02 1.346288167041062707e+02
1.484894936831853443e+02 1.449405016219578783e+02 1.346477897058883855e+02
1.484709204438488541e+02 1.449601898815522532e+02 1.346667627076704719e+02
1.484523472045123640e+02 1.449798781411466280e+02 1.346857357094525867e+02
1.484337739651759023e+02 1.449995664007409744e+02 1.347047087112346730e+02
1.484152007258394121e+02 1.450192546603353492e+02 1.347236817130167879e+02
1.483966274865029504e+02 1.450389429199296956e+02 1.347426547147988742e+02
1.483780542471664603e+02 1.450586311795240704e+02 1.347616277165809890e+02
1.483594810078299702e+02 1.450783194391184452e+02 1.347806007183630754e+02
1.483409077684935085e+02 1.450980076987127916e+02 1.347995737201451902e+02
1.483223345291570183e+02 1.451176959583071664e+02 1.348185467219272766e+02
1.483037612898205566e+02 1.451373842179015128e+02 1.348375197237093914e+02
1.482851880504840665e+02 1.451570724774958876e+02 1.348564927254914778e+02
1.482851880504840665e+02 1.451570724774958876e+02 1.348564927254914778e+02
1.482671036273969207e+02 1.451561478087854482e+02 1.348792120948656930e+02
1.482490192043098034e+02 1.451552231400749804e+02 1.349019314642399081e+02
1.482309347812226576e+02 1.451542984713645410e+02 1.349246508336141233e+02
1.482128503581355119e+02 1.451533738026541016e+02 1.349473702029883384e+02
1.481947659350483946e+02 1.451524491339436338e+02 1.349700895723625536e+02
1.481766815119612488e+02 1.451515244652331944e+02 1.349928089417367687e+02
1.481585970888741031e+02 1.451505997965227550e+02 1.350155283111109839e+02
1.481405126657869857e+02 1.451496751278123156e+02 1.350382476804851990e+02
1.481224282426998400e+02 1.451487504591018478e+02 1.350609670498594141e+02
1.481043438196126942e+02 1.451478257903914084e+02 1.350836864192336293e+02
1.480862593965255769e+02 1.451469011216809690e+02 1.351064057886078444e+02
1.480681749734384312e+02 1.451459764529705012e+02 1.351291251579820596e+02
1.480500905503512854e+02 1.451450517842600618e+02 1.351518445273562747e+02
1.480320061272641681e+02 1.451441271155496224e+02 1.351745638967304899e+02
1.480139217041770223e+02 1.451432024468391546e+02 1.351972832661047050e+02
1.479958372810899050e+02 1.451422777781287152e+02 1.352200026354789202e+02
1.479777528580027592e+02 1.451413531094182758e+02 1.352427220048531638e+02
1.479596684349156135e+02 1.451404284407078080e+02 1.352654413742273789e+02
1.479415840118284962e+02 1.451395037719973686e+02 1.352881607436015940e+02
1.479234995887413504e+02 1.451385791032869292e+02 1.353108801129758092e+02
1.479054151656542047e+02 1.451376544345764614e+02 1.353335994823500243e+02
1.478873307425670873e+02 1.451367297658660220e+02 1.353563188517242395e+02
1.478692463194799416e+02 1.451358050971555826e+02 1.353790382210984546e+02
1.478511618963927958e+02 1.451348804284451148e+02 1.354017575904726698e+02
1.478330774733056785e+02 1.451339557597346754e+02 1.354244769598468849e+02
1.478149930502185327e+02 1.451330310910242360e+02 1.354471963292211001e+02
1.477969086271313870e+02 1.451321064223137967e+02 1.354699156985953152e+02
1.477788242040442697e+02 1.451311817536033288e+02 1.354926350679695304e+02
1.477607397809571239e+02 1.451302570848928895e+02 1.355153544373437455e+02
1.477426553578699782e+02 1.451293324161824501e+02 1.355380738067179607e+02
1.477245709347828608e+02 1.451284077474719822e+02 1.355607931760921758e+02
1.477064865116957151e+02 1.451274830787615429e+02 1.355835125454663910e+02
1.477064865116957151e+02 1.451274830787615429e+02 1.355835125454663910e+02
1.477082610719154161e+02 1.451258574362362879e+02 1.356215073084543121e+02
1.477100356321351171e+02 1.451242317937110613e+02 1.356595020714422333e+02
1.477118101923548465e+02 1.451226061511858063e+02 1.356974968344301828e+02
1.477135847525745476e+02 1.451209805086605797e+02 1.357354915974181040e+02
1.477153593127942486e+02 1.451193548661353248e+02 1.357734863604060251e+02
1.477171338730139496e+02 1.451177292236100982e+02 1.358114811233939463e+02
1.477189084332336506e+02 1.451161035810848432e+02 1.358494758863818674e+02
1.477206829934533516e+02 1.451144779385596166e+02 1.358874706493697886e+02
1.477224575536730811e+02 1.451128522960343616e+02 1.359254654123577382e+02
1.477242321138927821e+02 1.451112266535091067e+02 1.359634601753456593e+02
1.477260066741124831e+02 1.451096010109838801e+02 1.360014549383335805e+02
1.477277812343321841e+02 1.451079753684586251e+02 1.360394497013215016e+02
1.477295557945518851e+02 1.451063497259333985e+02 1.360774444643094228e+02
1.477313303547715861e+02 1.451047240834081435e+02 1.361154392272973439e+02
1.477331049149913156e+02 1.451030984408829170e+02 1.361534339902852935e+02
1.477348794752110166e+02 1.451014727983576620e+02 1.361914287532732146e+02
1.477366540354307176e+02 1.450998471558324354e+02 1.362294235162611358e+02
1.477384285956504186e+02 1.450982215133071804e+02 1.362674182792490569e+02
1.477402031558701196e+02 1.450965958707819539e+02 1.363054130422369781e+02
1.477419777160898207e+02 1.450949702282566989e+02 1.363434078052248992e+02
1.477437522763095501e+02 1.450933445857314439e+02 1.363814025682128488e+02
1.477455268365292511e+02 1.450917189432062173e+02 1.364193973312007699e+02
1.477473013967489521e+02 1.450900933006809623e+02 1.364573920941886911e+02
1.477490759569686531e+02 1.450884676581557358e+02 1.364953868571766122e+02
1.477508505171883542e+02 1.450868420156304808e+02 1.365333816201645334e+02
1.477526250774080552e+02 1.450852163731052542e+02 1.365713763831524545e+02
1.477543996376277846e+02 1.450835907305799992e+02 1.366093711461404041e+02
1.477561741978474856e+02 1.450819650880547727e+02 1.366473659091283253e+02
1.477579487580671866e+02 1.450803394455295177e+02 1.366853606721162464e+02
1.477579487580671866e+02 1.450803394455295177e+02 1.366853606721162464e+02
1.477574145053851566e+02 1.450656893200810487e+02 1.367042501893554061e+02
1.477568802527031266e+02 1.450510391946325797e+02 1.367231397065945657e+02
1.477563460000210966e+02 1.450363890691841107e+02 1.367420292238337254e+02
1.477558117473390666e+02 1.450217389437356417e+02 1.367609187410728850e+02
1.477552774946570366e+02 1.450070888182872011e+02 1.367798082583120447e+02
1.477547432419750066e+02 1.449924386928387321e+02 1.367986977755512328e+02
1.477542089892929766e+02 1.449777885673902631e+02 1.368175872927903924e+02
1.477536747366109466e+02 1.449631384419417941e+02 1.368364768100295521e+02
1.477531404839288882e+02 1.449484883164933251e+02 1.368553663272687118e+02
1.477526062312468582e+02 1.449338381910448561e+02 1.368742558445078714e+02
1.477520719785648282e+02 1.449191880655963871e+02 1.368931453617470311e+02
1.477515377258827982e+02 1.449045379401479181e+02 1.369120348789861907e+02
1.477510034732007682e+02 1.448898878146994491e+02 1.369309243962253504e+02
1.477504692205187382e+02 1.448752376892510085e+02 1.369498139134645101e+02
1.477499349678367082e+02 1.448605875638025395e+02 1.369687034307036697e+02
1.477494007151546782e+02 1.448459374383540705e+02 1.369875929479428294e+02
1.477488664624726482e+02 1.448312873129056015e+02 1.370064824651819890e+02
1.477483322097906182e+02 1.448166371874571325e+02 1.370253719824211771e+02
1.477477979571085882e+02 1.448019870620086635e+02 1.370442614996603368e+02
1.477472637044265582e+02 1.447873369365601945e+02 1.370631510168994964e+02
1.477467294517445282e+02 1.447726868111117255e+02 1.370820405341386561e+02
1.477461951990624982e+02 1.447580366856632850e+02 1.371009300513778157e+02
1.477456609463804682e+02 1.447433865602148160e+02 1.371198195686169754e+02
1.477451266936984382e+02 1.447287364347663470e+02 1.371387090858561351e+02
1.477445924410164082e+02 1.447140863093178780e+02 1.371575986030952947e+02
1.477440581883343782e+02 1.446994361838694090e+02 1.371764881203344544e+02
1.477435239356523198e+02 1.446847860584209400e+02 1.371953776375736140e+02
1.477429896829702898e+02 1.446701359329724710e+02 1.372142671548127737e+02
1.477424554302882598e+02 1.446554858075240020e+02 1.372331566720519334e+02
1.477419211776062298e+02 1.446408356820755330e+02 1.372520461892911214e+02
1.477413869249241998e+02 1.446261855566270924e+02 1.372709357065302811e+02
1.477408526722421698e+02 1.446115354311786234e+02 1.372898252237694408e+02
1.477403184195601398e+02 1.445968853057301544e+02 1.373087147410086004e+02
1.477397841668781098e+02 1.445822351802816854e+02 1.373276042582477601e+02
1.477392499141960798e+02 1.445675850548332164e+02 1.373464937754869197e+02
1.477392499141960798e+02 1.445675850548332164e+02 1.373464937754869197e+02
1.477171305364627756e+02 1.445712754755451215e+02 1.373704463793543482e+02
1.476950111587294998e+02 1.445749658962569981e+02 1.373943989832217483e+02
1.476728917809961956e+02 1.445786563169689032e+02 1.374183515870891767e+02
1.476507724032628914e+02 1.445823467376807798e+02 1.374423041909566052e+02
1.476286530255296157e+02 1.445860371583926849e+02 1.374662567948240337e+02
1.476065336477963115e+02 1.445897275791045899e+02 1.374902093986914338e+02
1.475844142700630073e+02 1.445934179998164666e+02 1.375141620025588622e+02
1.475622948923297315e+02 1.445971084205283717e+02 1.375381146064262907e+02
1.475401755145964273e+02 1.446007988412402767e+02 1.375620672102937192e+02
1.475180561368631231e+02 1.446044892619521534e+02 1.375860198141611193e+02
1.474959367591298474e+02 1.446081796826640584e+02 1.376099724180285477e+02
1.474738173813965432e+02 1.446118701033759351e+02 1.376339250218959762e+02
1.474516980036632390e+02 1.446155605240878401e+02 1.376578776257633763e+02
1.474295786259299632e+02 1.446192509447997452e+02 1.376818302296308048e+02
1.474074592481966590e+02 1.446229413655116218e+02 1.377057828334982332e+02
1.473853398704633832e+02 1.446266317862235269e+02 1.377297354373656617e+02
1.473632204927300791e+02 1.446303222069354035e+02 1.377536880412330618e+02
1.473411011149967749e+02 1.446340126276473086e+02 1.377776406451004902e+02
1.473189817372634991e+02 1.446377030483592137e+02 1.378015932489679187e+02
1.472968623595301949e+02 1.446413934690710903e+02 1.378255458528353472e+02
1.472747429817968907e+02 1.446450838897829954e+02 1.378494984567027473e+02
1.472526236040636149e+02 1.446487743104949004e+02 1.378734510605701757e+02
1.472305042263303108e+02 1.446524647312067771e+02 1.378974036644376042e+02
1.472083848485970066e+02 1.446561551519186821e+02 1.379213562683050327e+02
1.471862654708637308e+02 1.446598455726305588e+02 1.379453088721724328e+02
1.471641460931304266e+02 1.446635359933424638e+02 1.379692614760398612e+02
1.471641460931304266e+02 1.446635359933424638e+02 1.379692614760398612e+02
1.471595545324338445e+02 1.446759209399402835e+02 1.379886174302277482e+02
1.471549629717372625e+02 1.446883058865380747e+02 1.380079733844156351e+02
1.471503714110406804e+02 1.447006908331358943e+02 1.380273293386035220e+02
1.471457798503440983e+02 1.447130757797337139e+02 1.380466852927914090e+02
1.471411882896475163e+02 1.447254607263315336e+02 1.380660412469792959e+02
1.471365967289509342e+02 1.447378456729293248e+02 1.380853972011671829e+02
1.471320051682543237e+02 1.447502306195271444e+02 1.381047531553550698e+02
1.471274136075577417e+02 1.447626155661249641e+02 1.381241091095429567e+02
1.471228220468611596e+02 1.447750005127227837e+02 1.381434650637308437e+02
1.471182304861645775e+02 1.447873854593205749e+02 1.381628210179187306e+02
1.471136389254679955e+02 1.447997704059183945e+02 1.381821769721066175e+02
1.471090473647714134e+02 1.448121553525162142e+02 1.382015329262945045e+02
1.471044558040748313e+02 1.448245402991140338e+02 1.382208888804823914e+02
1.470998642433782493e+02 1.448369252457118250e+02 1.382402448346703068e+02
1.470952726826816672e+02 1.448493101923096447e+02 1.382596007888581937e+02
1.470906811219850852e+02 1.448616951389074643e+02 1.382789567430460806e+02
1.470860895612885031e+02 1.448740800855052839e+02 1.382983126972339676e+02
1.470814980005919210e+02 1.448864650321030751e+02 1.383176686514218545e+02
1.470769064398953390e+02 1.448988499787008948e+02 1.383370246056097415e+02
1.470723148791987569e+02 1.449112349252987144e+02 1.383563805597976284e+02
1.470677233185021464e+02 1.449236198718965341e+02 1.383757365139855153e+02
1.470631317578055643e+02 1.449360048184943253e+02 1.383950924681734023e+02
1.470585401971089823e+02 1.449483897650921449e+02 1.384144484223612892e+02
1.470539486364124002e+02 1.449607747116899645e+02 1.384338043765491761e+02
1.470493570757158182e+02 1.449731596582877842e+02 1.384531603307370631e+02
1.470447655150192361e+02 1.449855446048855754e+02 1.384725162849249500e+02
1.470401739543226540e+02 1.449979295514833950e+02 1.384918722391128370e+02
1.470401739543226540e+02 1.449979295514833950e+02 1.384918722391128370e+02
1.470422033305377170e+02 1.450239678519133406e+02 1.385191259659170839e+02
1.470442327067527799e+02 1.450500061523432578e+02 1.385463796927213593e+02
1.470462620829678428e+02 1.450760444527732034e+02 1.385736334195256063e+02
1.470482914591829058e+02 1.451020827532031490e+02 1.386008871463298533e+02
1.470503208353979687e+02 1.451281210536330946e+02 1.386281408731341287e+02
1.470523502116130317e+02 1.451541593540630402e+02 1.386553945999383757e+02
1.470543795878280946e+02 1.451801976544929573e+02 1.386826483267426227e+02
1.470564089640431575e+02 1.452062359549229029e+02 1.387099020535468981e+02
1.470584383402582205e+02 1.452322742553528485e+02 1.387371557803511450e+02
1.470604677164732834e+02 1.452583125557827657e+02 1.387644095071553920e+02
1.470624970926883179e+02 1.452843508562127113e+02 1.387916632339596674e+02
1.470645264689033809e+02 1.453103891566426569e+02 1.388189169607639144e+02
1.470665558451184438e+02 1.453364274570726025e+02 1.388461706875681898e+02
1.470685852213335068e+02 1.453624657575025481e+02 1.388734244143724368e+02
1.470706145975485697e+02 1.453885040579324652e+02 1.389006781411766838e+02
1.470726439737636326e+02 1.454145423583624108e+02 1.389279318679809592e+02
1.470746733499786956e+02 1.454405806587923564e+02 1.389551855947852061e+02
1.470767027261937585e+02 1.454666189592222736e+02 1.389824393215894531e+02
1.470787321024088214e+02 1.454926572596522192e+02 1.390096930483937285e+02
1.470807614786238844e+02 1.455186955600821648e+02 1.390369467751979755e+02
1.470807614786238844e+02 1.455186955600821648e+02 1.390369467751979755e+02
1.470828503662397111e+02 1.455454974329440176e+02 1.390649997167786012e+02
1.470849392538555094e+02 1.455722993058058705e+02 1.390930526583591984e+02
1.470870281414713361e+02 1.455991011786677518e+02 1.391211055999398241e+02
1.470891170290871344e+02 1.456259030515296047e+02 1.391491585415204213e+02
1.470912059167029611e+02 1.456527049243914576e+02 1.391772114831010470e+02
1.470932948043187594e+02 1.456795067972533388e+02 1.392052644246816726e+02
1.470953836919345861e+02 1.457063086701151917e+02 1.392333173662622698e+02
1.470974725795503844e+02 1.457331105429770446e+02 1.392613703078428955e+02
1.470995614671662111e+02 1.457599124158388975e+02 1.392894232494234927e+02
1.471016503547820093e+02 1.457867142887007503e+02 1.393174761910041184e+02
1.471037392423978361e+02 1.458135161615626316e+02 1.393455291325847156e+02
1.471058281300136628e+02 1.458403180344244845e+02 1.393735820741653413e+02
1.471079170176294610e+02 1.458671199072863374e+02 1.394016350157459669e+02
1.471100059052452877e+02 1.458939217801482187e+02 1.394296879573265642e+02
1.471120947928610860e+02 1.459207236530100715e+02 1.394577408989071898e+02
1.471141836804769127e+02 1.459475255258719244e+02 1.394857938404877871e+02
1.471162725680927110e+02 1.459743273987337773e+02 1.395138467820684127e+02
1.471183614557085377e+02 1.460011292715956301e+02 1.395418997236490100e+02
1.471204503433243360e+02 1.460279311444575114e+02 1.395699526652296356e+02
1.471225392309401627e+02 1.460547330173193643e+02 1.395980056068102613e+02
1.471246281185559610e+02 1.460815348901812172e+02 1.396260585483908585e+02
1.471267170061717877e+02 1.461083367630430985e+02 1.396541114899714842e+02
1.471288058937875860e+02 1.461351386359049513e+02 1.396821644315520814e+02
1.471308947814034127e+02 1.461619405087668042e+02 1.397102173731327071e+02
1.471308947814034127e+02 1.461619405087668042e+02 1.397102173731327071e+02
1.471231748575188476e+02 1.461764567236027688e+02 1.397284146847923694e+02
1.471154549336342825e+02 1.461909729384387049e+02 1.397466119964520033e+02
1.471077350097497174e+02 1.462054891532746694e+02 1.397648093081116656e+02
1.471000150858651523e+02 1.462200053681106340e+02 1.397830066197713279e+02
1.470922951619805872e+02 1.462345215829465985e+02 1.398012039314309618e+02
1.470845752380960221e+02 1.462490377977825347e+02 1.398194012430906241e+02
1.470768553142114570e+02 1.462635540126184992e+02 1.398375985547502864e+02
1.470691353903268919e+02 1.462780702274544637e+02 1.398557958664099488e+02
1.470614154664423268e+02 1.462925864422904283e+02 1.398739931780695827e+02
1.470536955425577617e+02 1.463071026571263644e+02 1.398921904897292450e+02
1.470459756186731965e+02 1.463216188719623290e+02 1.399103878013889073e+02
1.470382556947886314e+02 1.463361350867982935e+02 1.399285851130485412e+02
1.470305357709040663e+02 1.463506513016342581e+02 1.399467824247082035e+02
1.470228158470195012e+02 1.463651675164701942e+02 1.399649797363678658e+02
1.470150959231349361e+02 1.463796837313061587e+02 1.399831770480275281e+02
1.470073759992503994e+02 1.463941999461421233e+02 1.400013743596871620e+02
1.469996560753658343e+02 1.464087161609780594e+02 1.400195716713468244e+02
1.469919361514812692e+02 1.464232323758140240e+02 1.400377689830064867e+02
1.469842162275967041e+02 1.464377485906499885e+02 1.400559662946661206e+02
1.469764963037121390e+02 1.464522648054859530e+02 1.400741636063257829e+02
1.469687763798275739e+02 1.464667810203218892e+02 1.400923609179854452e+02
1.469610564559430088e+02 1.464812972351578537e+02 1.401105582296450791e+02
1.469533365320584437e+02 1.464958134499938183e+02 1.401287555413047414e+02
1.469456166081738786e+02 1.465103296648297828e+02 1.401469528529644037e+02
1.469378966842893135e+02 1.465248458796657189e+02 1.401651501646240376e+02
1.469301767604047484e+02 1.465393620945016835e+02 1.401833474762837000e+02
1.469224568365201833e+02 1.465538783093376480e+02 1.402015447879433623e+02
1.469147369126356182e+02 1.465683945241736126e+02 1.402197420996030246e+02
1.469070169887510531e+02 1.465829107390095487e+02 1.402379394112626585e+02
1.468992970648664880e+02 1.465974269538455133e+02 1.402561367229223208e+02
1.468992970648664880e+02 1.465974269538455133e+02 1.402561367229223208e+02
1.468810961655746610e+02 1.465989348611473986e+02 1.402877658990569785e+02
1.468628952662828624e+02 1.466004427684492839e+02 1.403193950751916077e+02
1.468446943669910354e+02 1.466019506757511692e+02 1.403510242513262654e+02
1.468264934676992084e+02 1.466034585830530546e+02 1.403826534274609230e+02
1.468082925684074098e+02 1.466049664903549399e+02 1.404142826035955522e+02
1.467900916691155828e+02 1.466064743976568252e+02 1.404459117797302099e+02
1.467718907698237558e+02 1.466079823049587105e+02 1.404775409558648676e+02
1.467536898705319572e+02 1.466094902122605959e+02 1.405091701319995252e+02
1.467354889712401302e+02 1.466109981195624812e+02 1.405407993081341544e+02
1.467172880719483032e+02 1.466125060268643665e+02 1.405724284842688121e+02
1.466990871726565047e+02 1.466140139341662518e+02 1.406040576604034698e+02
1.466808862733646777e+02 1.466155218414681372e+02 1.406356868365380990e+02
1.466626853740728791e+02 1.466170297487700225e+02 1.406673160126727566e+02
1.466444844747810521e+02 1.466185376560719078e+02 1.406989451888074143e+02
1.466262835754892251e+02 1.466200455633737931e+02 1.407305743649420435e+02
1.466080826761974265e+02 1.466215534706756785e+02 1.407622035410767012e+02
1.465898817769055995e+02 1.466230613779775638e+02 1.407938327172113588e+02
1.465716808776137725e+02 1.466245692852794491e+02 1.408254618933460165e+02
1.465534799783219739e+02 1.466260771925813344e+02 1.408570910694806457e+02
1.465352790790301469e+02 1.466275850998832198e+02 1.408887202456153034e+02
1.465170781797383199e+02 1.466290930071851051e+02 1.409203494217499610e+02
1.464988772804465214e+02 1.466306009144869904e+02 1.409519785978845903e+02
1.464806763811546944e+02 1.466321088217888757e+02 1.409836077740192479e+02
1.464806763811546944e+02 1.466321088217888757e+02 1.409836077740192479e+02
1.464728877334679567e+02 1.466442219584737359e+02 1.410100234590680657e+02
1.464650990857812474e+02 1.466563350951585960e+02 1.410364391441168550e+02
1.464573104380945097e+02 1.466684482318434561e+02 1.410628548291656728e+02
1.464495217904077720e+02 1.466805613685283163e+02 1.410892705142144905e+02
1.464417331427210627e+02 1.466926745052131764e+02 1.411156861992633083e+02
1.464339444950343250e+02 1.467047876418980366e+02 1.411421018843120976e+02
1.464261558473476157e+02 1.467169007785828967e+02 1.411685175693609153e+02
1.464183671996608780e+02 1.467290139152677568e+02 1.411949332544097331e+02
1.464105785519741403e+02 1.467411270519526170e+02 1.412213489394585224e+02
1.464027899042874310e+02 1.467532401886374771e+02 1.412477646245073402e+02
1.463950012566006933e+02 1.467653533253223372e+02 1.412741803095561579e+02
1.463872126089139556e+02 1.467774664620071974e+02 1.413005959946049472e+02
1.463794239612272463e+02 1.467895795986920575e+02 1.413270116796537650e+02
1.463716353135405086e+02 1.468016927353769177e+02 1.413534273647025827e+02
1.463638466658537993e+02 1.468138058720617778e+02 1.413798430497514005e+02
1.463560580181670616e+02 1.468259190087466379e+02 1.414062587348001898e+02
1.463482693704803239e+02 1.468380321454314981e+02 1.414326744198490076e+02
1.463404807227936146e+02 1.468501452821163582e+02 1.414590901048978253e+02
1.463326920751068769e+02 1.468622584188012183e+02 1.414855057899466146e+02
1.463249034274201392e+02 1.468743715554860785e+02 1.415119214749954324e+02
1.463171147797334299e+02 1.468864846921709386e+02 1.415383371600442501e+02
1.463093261320466922e+02 1.468985978288557988e+02 1.415647528450930395e+02
1.463015374843599830e+02 1.469107109655406589e+02 1.415911685301418572e+02
1.462937488366732453e+02 1.469228241022255190e+02 1.416175842151906750e+02
1.462859601889865075e+02 1.469349372389103792e+02 1.416439999002394927e+02
1.462781715412997983e+02 1.469470503755952393e+02 1.416704155852882820e+02
1.462703828936130606e+02 1.469591635122800994e+02 1.416968312703370998e+02
1.462703828936130606e+02 1.469591635122800994e+02 1.416968312703370998e+02
1.462663202008163523e+02 1.469617478648839892e+02 1.417218647305277557e+02
1.462622575080196441e+02 1.469643322174878790e+02 1.417468981907184116e+02
1.462581948152229074e+02 1.469669165700917972e+02 1.417719316509090959e+02
1.462541321224261992e+02 1.469695009226956870e+02 1.417969651110997518e+02
1.462500694296294910e+02 1.469720852752995768e+02 1.418219985712904077e+02
1.462460067368327827e+02 1.469746696279034666e+02 1.418470320314810635e+02
1.462419440440360745e+02 1.469772539805073563e+02 1.418720654916717478e+02
1.462378813512393378e+02 1.469798383331112746e+02 1.418970989518624037e+02
1.462338186584426296e+02 1.469824226857151643e+02 1.419221324120530596e+02
1.462297559656459214e+02 1.469850070383190541e+02 1.419471658722437155e+02
1.462256932728492131e+02 1.469875913909229439e+02 1.419721993324343998e+02
1.462216305800525049e+02 1.469901757435268337e+02 1.419972327926250557e+02
1.462175678872557683e+02 1.469927600961307235e+02 1.420222662528157116e+02
1.462135051944590600e+02 1.469953444487346417e+02 1.420472997130063675e+02
1.462094425016623518e+02 1.469979288013385315e+02 1.420723331731970234e+02
1.462053798088656436e+02 1.470005131539424212e+02 1.420973666333877077e+02
1.462013171160689353e+02 1.470030975065463110e+02 1.421224000935783636e+02
1.461972544232722271e+02 1.470056818591502008e+02 1.421474335537690195e+02
1.461931917304754904e+02 1.470082662117541190e+02 1.421724670139596753e+02
1.461891290376787822e+02 1.470108505643580088e+02 1.421975004741503597e+02
1.461850663448820740e+02 1.470134349169618986e+02 1.422225339343410155e+02
1.461810036520853657e+02 1.470160192695657884e+02 1.422475673945316714e+02
1.461769409592886575e+02 1.470186036221696781e+02 1.422726008547223273e+02
1.461728782664919208e+02 1.470211879747735964e+02 1.422976343149130116e+02
1.461688155736952126e+02 1.470237723273774861e+02 1.423226677751036675e+02
1.461647528808985044e+02 1.470263566799813759e+02 1.423477012352943234e+02
1.461647528808985044e+02 1.470263566799813759e+02 1.423477012352943234e+02
1.461555430194950134e+02 1.470355217221819260e+02 1.423805763016087553e+02
1.461463331580914939e+02 1.470446867643824476e+02 1.424134513679231873e+02
1.461371232966880029e+02 1.470538518065829976e+02 1.424463264342375908e+02
1.461279134352844835e+02 1.470630168487835192e+02 1.424792015005520227e+02
1.461187035738809925e+02 1.470721818909840692e+02 1.425120765668664546e+02
1.461094937124775015e+02 1.470813469331845909e+02 1.425449516331808866e+02
1.461002838510739821e+02 1.470905119753851409e+02 1.425778266994952901e+02
1.460910739896704911e+02 1.470996770175856909e+02 1.426107017658097220e+02
1.460818641282670001e+02 1.471088420597862125e+02 1.426435768321241540e+02
1.460726542668634806e+02 1.471180071019867626e+02 1.426764518984385859e+02
1.460634444054599896e+02 1.471271721441872842e+02 1.427093269647529894e+02
1.460542345440564702e+02 1.471363371863878342e+02 1.427422020310674213e+02
1.460450246826529792e+02 1.471455022285883558e+02 1.427750770973818533e+02
1.460358148212494882e+02 1.471546672707889059e+02 1.428079521636962852e+02
1.460266049598459688e+02 1.471638323129894559e+02 1.428408272300106887e+02
1.460173950984424778e+02 1.471729973551899775e+02 1.428737022963251206e+02
1.460081852370389868e+02 1.471821623973905275e+02 1.429065773626395526e+02
1.459989753756354673e+02 1.471913274395910491e+02 1.429394524289539845e+02
1.459897655142319763e+02 1.472004924817915992e+02 1.429723274952683880e+02
1.459805556528284569e+02 1.472096575239921208e+02 1.430052025615828200e+02
1.459713457914249659e+02 1.472188225661926708e+02 1.430380776278972519e+02
1.459713457914249659e+02 1.472188225661926708e+02 1.430380776278972519e+02
1.459681233025710299e+02 1.472085487639339760e+02 1.430740478103782607e+02
1.459649008137170654e+02 1.471982749616752812e+02 1.431100179928592979e+02
1.459616783248631293e+02 1.471880011594165580e+02 1.431459881753403067e+02
1.459584558360091933e+02 1.471777273571578633e+02 1.431819583578213440e+02
1.459552333471552288e+02 1.471674535548991685e+02 1.432179285403023528e+02
1.459520108583012927e+02 1.471571797526404737e+02 1.432538987227833616e+02
1.459487883694473567e+02 1.471469059503817789e+02 1.432898689052643988e+02
1.459455658805934206e+02 1.471366321481230841e+02 1.433258390877454076e+02
1.459423433917394561e+02 1.471263583458643609e+02 1.433618092702264448e+02
1.459391209028855201e+02 1.471160845436056661e+02 1.433977794527074536e+02
1.459358984140315840e+02 1.471058107413469713e+02 1.434337496351884624e+02
1.459326759251776195e+02 1.470955369390882765e+02 1.434697198176694997e+02
1.459294534363236835e+02 1.470852631368295818e+02 1.435056900001505085e+02
1.459262309474697474e+02 1.470749893345708870e+02 1.435416601826315173e+02
1.459230084586157830e+02 1.470647155323121638e+02 1.435776303651125545e+02
1.459197859697618469e+02 1.470544417300534690e+02 1.436136005475935633e+02
1.459165634809079108e+02 1.470441679277947742e+02 1.436495707300746005e+02
1.459133409920539748e+02 1.470338941255360794e+02 1.436855409125556093e+02
1.459101185032000103e+02 1.470236203232773846e+02 1.437215110950366181e+02
1.459068960143460743e+02 1.470133465210186898e+02 1.437574812775176554e+02
1.459036735254921382e+02 1.470030727187599666e+02 1.437934514599986642e+02
1.459004510366381737e+02 1.469927989165012718e+02 1.438294216424797014e+02
1.458972285477842377e+02 1.469825251142425770e+02 1.438653918249607102e+02
1.458972285477842377e+02 1.469825251142425770e+02 1.438653918249607102e+02
1.458964944965362065e+02 1.469623961692113596e+02 1.438913455995895276e+02
1.458957604452881469e+02 1.469422672241801422e+02 1.439172993742183451e+02
1.458950263940401157e+02 1.469221382791489248e+02 1.439432531488471625e+02
1.458942923427920846e+02 1.469020093341177073e+02 1.439692069234759799e+02
1.458935582915440250e+02 1.468818803890864899e+02 1.439951606981047973e+02
1.458928242402959938e+02 1.468617514440552725e+02 1.440211144727336148e+02
1.458920901890479627e+02 1.468416224990240266e+02 1.440470682473624038e+02
1.458913561377999031e+02 1.468214935539928092e+02 1.440730220219912212e+02
1.458906220865518719e+02 1.468013646089615918e+02 1.440989757966200386e+02
1.458898880353038408e+02 1.467812356639303744e+02 1.441249295712488561e+02
1.458891539840557812e+02 1.467611067188991569e+02 1.441508833458776735e+02
1.458884199328077500e+02 1.467409777738679395e+02 1.441768371205064909e+02
1.458876858815597188e+02 1.467208488288367221e+02 1.442027908951353083e+02
1.458869518303116593e+02 1.467007198838055047e+02 1.442287446697641258e+02
1.458862177790636281e+02 1.466805909387742872e+02 1.442546984443929432e+02
1.458854837278155969e+02 1.466604619937430698e+02 1.442806522190217606e+02
1.458847496765675373e+02 1.466403330487118524e+02 1.443066059936505781e+02
1.458840156253195062e+02 1.466202041036806349e+02 1.443325597682793955e+02
1.458832815740714750e+02 1.466000751586494175e+02 1.443585135429082129e+02
1.458825475228234154e+02 1.465799462136182001e+02 1.443844673175370303e+02
1.458818134715753843e+02 1.465598172685869542e+02 1.444104210921658193e+02
1.458810794203273531e+02 1.465396883235557368e+02 1.444363748667946368e+02
1.458803453690792935e+02 1.465195593785245194e+02 1.444623286414234542e+02
1.458796113178312623e+02 1.464994304334933020e+02 1.444882824160522716e+02
1.458788772665832312e+02 1.464793014884620845e+02 1.445142361906810891e+02
1.458781432153351716e+02 1.464591725434308671e+02 1.445401899653099065e+02
1.458774091640871404e+02 1.464390435983996497e+02 1.445661437399387239e+02
1.458774091640871404e+02 1.464390435983996497e+02 1.445661437399387239e+02
1.458838441769009080e+02 1.464072114637570792e+02 1.445751052259206517e+02
1.458902791897147040e+02 1.463753793291145371e+02 1.445840667119026079e+02
1.458967142025284716e+02 1.463435471944719666e+02 1.445930281978845358e+02
1.459031492153422391e+02 1.463117150598293961e+02 1.446019896838664920e+02
1.459095842281560067e+02 1.462798829251868256e+02 1.446109511698484198e+02
1.459160192409697743e+02 1.462480507905442835e+02 1.446199126558303760e+02
1.459224542537835703e+02 1.462162186559017130e+02 1.446288741418123038e+02
1.459288892665973378e+02 1.461843865212591425e+02 1.446378356277942601e+02
1.459353242794111054e+02 1.461525543866166004e+02 1.446467971137761879e+02
1.459417592922249014e+02 1.461207222519740299e+02 1.446557585997581441e+02
1.459481943050386690e+02 1.460888901173314594e+02 1.446647200857400719e+02
1.459546293178524365e+02 1.460570579826888888e+02 1.446736815717220281e+02
1.459610643306662041e+02 1.460252258480463468e+02 1.446826430577039559e+02
1.459674993434799717e+02 1.459933937134037762e+02 1.446916045436859122e+02
1.459739343562937677e+02 1.459615615787612057e+02 1.447005660296678400e+02
1.459803693691075352e+02 1.459297294441186637e+02 1.447095275156497678e+02
1.459868043819213028e+02 1.458978973094760931e+02 1.447184890016317240e+02
1.459932393947350988e+02 1.458660651748335226e+02 1.447274504876136518e+02
1.459996744075488664e+02 1.458342330401909521e+02 1.447364119735956081e+02
1.460061094203626340e+02 1.458024009055484100e+02 1.447453734595775359e+02
1.460125444331764015e+02 1.457705687709058395e+02 1.447543349455594921e+02
1.460189794459901691e+02 1.457387366362632690e+02 1.447632964315414199e+02
1.460254144588039651e+02 1.457069045016207269e+02 1.447722579175233761e+02
1.460318494716177327e+02 1.456750723669781564e+02 1.447812194035053039e+02
1.460382844844315002e+02 1.456432402323355859e+02 1.447901808894872602e+02
1.460447194972452962e+02 1.456114080976930154e+02 1.447991423754691880e+02
1.460511545100590638e+02 1.455795759630504733e+02 1.448081038614511442e+02
1.460575895228728314e+02 1.455477438284079028e+02 1.448170653474330720e+02
1.460575895228728314e+02 1.455477438284079028e+02 1.448170653474330720e+02
1.460566297100108955e+02 1.455214241124621708e+02 1.448510013522704298e+02
1.460556698971489595e+02 1.454951043965164104e+02 1.448849373571077876e+02
1.460547100842870520e+02 1.454687846805706783e+02 1.449188733619451455e+02
1.460537502714251161e+02 1.454424649646249179e+02 1.449528093667824749e+02
1.460527904585631802e+02 1.454161452486791859e+02 1.449867453716198327e+02
1.460518306457012443e+02 1.453898255327334255e+02 1.450206813764571905e+02
1.460508708328393084e+02 1.453635058167876934e+02 1.450546173812945483e+02
1.460499110199774009e+02 1.453371861008419614e+02 1.450885533861319061e+02
1.460489512071154650e+02 1.453108663848962010e+02 1.451224893909692639e+02
1.460479913942535291e+02 1.452845466689504690e+02 1.451564253958066217e+02
1.460470315813915931e+02 1.452582269530047085e+02 1.451903614006439796e+02
1.460460717685296572e+02 1.452319072370589765e+02 1.452242974054813089e+02
1.460451119556677497e+02 1.452055875211132161e+02 1.452582334103186668e+02
1.460441521428058138e+02 1.451792678051674841e+02 1.452921694151560246e+02
1.460431923299438779e+02 1.451529480892217521e+02 1.453261054199933824e+02
1.460422325170819420e+02 1.451266283732759916e+02 1.453600414248307402e+02
1.460412727042200061e+02 1.451003086573302596e+02 1.453939774296680980e+02
1.460403128913580986e+02 1.450739889413844992e+02 1.454279134345054558e+02
1.460393530784961627e+02 1.450476692254387672e+02 1.454618494393427852e+02
1.460383932656342267e+02 1.450213495094930067e+02 1.454957854441801430e+02
1.460374334527722908e+02 1.449950297935472747e+02 1.455297214490175008e+02
1.460364736399103549e+02 1.449687100776015143e+02 1.455636574538548587e+02
1.460355138270484474e+02 1.449423903616557823e+02 1.455975934586922165e+02
1.460345540141865115e+02 1.449160706457100503e+02 1.456315294635295743e+02
1.460335942013245756e+02 1.448897509297642898e+02 1.456654654683669321e+02
1.460326343884626397e+02 1.448634312138185578e+02 1.456994014732042899e+02
1.460316745756007037e+02 1.448371114978727974e+02 1.457333374780416193e+02
1.460307147627387963e+02 1.448107917819270654e+02 1.457672734828789771e+02
1.460297549498768603e+02 1.447844720659813049e+02 1.458012094877163349e+02
1.460287951370149244e+02 1.447581523500355729e+02 1.458351454925536927e+02
1.460287951370149244e+02 1.447581523500355729e+02 1.458351454925536927e+02
1.460393992013476918e+02 1.447507743182702313e+02 1.458642479822286475e+02
1.460500032656804592e+02 1.447433962865048613e+02 1.458933504719036307e+02
1.460606073300132266e+02 1.447360182547395198e+02 1.459224529615785855e+02
1.460712113943459940e+02 1.447286402229741498e+02 1.459515554512535402e+02
1.460818154586787614e+02 1.447212621912088082e+02 1.459806579409285234e+02
1.460924195230115288e+02 1.447138841594434666e+02 1.460097604306034782e+02
1.461030235873442678e+02 1.447065061276780966e+02 1.460388629202784330e+02
1.461136276516770351e+02 1.446991280959127550e+02 1.460679654099534162e+02
1.461242317160098025e+02 1.446917500641473850e+02 1.460970678996283709e+02
1.461348357803425699e+02 1.446843720323820435e+02 1.461261703893033257e+02
1.461454398446753373e+02 1.446769940006166735e+02 1.461552728789782805e+02
1.461560439090081047e+02 1.446696159688513319e+02 1.461843753686532636e+02
1.461666479733408721e+02 1.446622379370859903e+02 1.462134778583282184e+02
1.461772520376736395e+02 1.446548599053206203e+02 1.462425803480031732e+02
1.461878561020064069e+02 1.446474818735552788e+02 1.462716828376781564e+02
1.461984601663391743e+02 1.446401038417899088e+02 1.463007853273531111e+02
1.462090642306719417e+02 1.446327258100245672e+02 1.463298878170280659e+02
1.462196682950047091e+02 1.446253477782592256e+02 1.463589903067030491e+02
1.462302723593374765e+02 1.446179697464938556e+02 1.463880927963780039e+02
1.462408764236702439e+02 1.446105917147285140e+02 1.464171952860529586e+02
1.462514804880029828e+02 1.446032136829631440e+02 1.464462977757279418e+02
1.462620845523357502e+02 1.445958356511978025e+02 1.464754002654028966e+02
1.462726886166685176e+02 1.445884576194324325e+02 1.465045027550778514e+02
1.462832926810012850e+02 1.445810795876670909e+02 1.465336052447528346e+02
1.462938967453340524e+02 1.445737015559017493e+02 1.465627077344277893e+02
1.463045008096668198e+02 1.445663235241363793e+02 1.465918102241027441e+02
1.463151048739995872e+02 1.445589454923710377e+02 1.466209127137777273e+02
1.463257089383323546e+02 1.445515674606056677e+02 1.466500152034526820e+02
1.463363130026651220e+02 1.445441894288403262e+02 1.466791176931276368e+02
1.463469170669978894e+02 1.445368113970749846e+02 1.467082201828026200e+02
1.463575211313306568e+02 1.445294333653096146e+02 1.467373226724775748e+02
1.463681251956634242e+02 1.445220553335442730e+02 1.467664251621525295e+02
1.463787292599961916e+02 1.445146773017789030e+02 1.467955276518274843e+02
1.463893333243289590e+02 1.445072992700135615e+02 1.468246301415024675e+02
1.463999373886616979e+02 1.444999212382481915e+02 1.468537326311774223e+02
1.464105414529944653e+02 1.444925432064828499e+02 1.468828351208523770e+02
1.464211455173272327e+02 1.444851651747175083e+02 1.469119376105273602e+02
1.464317495816600001e+02 1.444777871429521383e+02 1.469410401002023150e+02
1.464423536459927675e+02 1.444704091111867967e+02 1.469701425898772698e+02
1.464529577103255349e+02 1.444630310794214267e+02 1.469992450795522529e+02
1.464635617746583023e+02 1.444556530476560852e+02 1.470283475692272077e+02
1.464635617746583023e+02 1.444556530476560852e+02 1.470283475692272077e+02
1.464763341133569270e+02 1.444686136893785715e+02 1.470514821509122783e+02
1.464891064520555233e+02 1.444815743311010294e+02 1.470746167325973488e+02
1.465018787907541480e+02 1.444945349728235158e+02 1.470977513142824193e+02
1.465146511294527443e+02 1.445074956145459737e+02 1.471208858959674615e+02
1.465274234681513690e+02 1.445204562562684600e+02 1.471440204776525320e+02
1.465401958068499653e+02 1.445334168979909180e+02 1.471671550593376026e+02
1.465529681455485900e+02 1.445463775397134043e+02 1.471902896410226731e+02
1.465657404842471863e+02 1.445593381814358906e+02 1.472134242227077436e+02
1.465785128229458110e+02 1.445722988231583486e+02 1.472365588043928142e+02
1.465912851616444073e+02 1.445852594648808349e+02 1.472596933860778847e+02
1.466040575003430320e+02 1.445982201066032928e+02 1.472828279677629268e+02
1.466168298390416567e+02 1.446111807483257792e+02 1.473059625494479974e+02
1.466296021777402530e+02 1.446241413900482371e+02 1.473290971311330679e+02
1.466423745164388777e+02 1.446371020317707234e+02 1.473522317128181385e+02
1.466551468551374739e+02 1.446500626734932098e+02 1.473753662945032090e+02
1.466679191938360987e+02 1.446630233152156677e+02 1.473985008761882796e+02
1.466806915325346949e+02 1.446759839569381541e+02 1.474216354578733501e+02
1.466934638712333197e+02 1.446889445986606120e+02 1.474447700395583922e+02
1.467062362099319159e+02 1.447019052403830983e+02 1.474679046212434628e+02
1.467190085486305406e+02 1.447148658821055562e+02 1.474910392029285333e+02
1.467317808873291369e+02 1.447278265238280426e+02 1.475141737846136039e+02
1.467445532260277616e+02 1.447407871655505289e+02 1.475373083662986744e+02
1.467573255647263863e+02 1.447537478072729868e+02 1.475604429479837449e+02
1.467700979034249826e+02 1.447667084489954732e+02 1.475835775296688155e+02
1.467828702421236073e+02 1.447796690907179311e+02 1.476067121113538576e+02
1.467956425808222036e+02 1.447926297324404175e+02 1.476298466930389282e+02
1.468084149195208283e+02 1.448055903741628754e+02 1.476529812747239987e+02
1.468211872582194246e+02 1.448185510158853617e+02 1.476761158564090692e+02
1.468339595969180493e+02 1.448315116576078481e+02 1.476992504380941398e+02
1.468467319356166456e+02 1.448444722993303060e+02 1.477223850197792103e+02
1.468595042743152703e+02 1.448574329410527923e+02 1.477455196014642809e+02
1.468722766130138950e+02 1.448703935827752503e+02 1.477686541831493230e+02
1.468850489517124913e+02 1.448833542244977366e+02 1.477917887648343935e+02
1.468978212904111160e+02 1.448963148662201945e+02 1.478149233465194641e+02
1.469105936291097123e+02 1.449092755079426809e+02 1.478380579282045346e+02
1.469233659678083370e+02 1.449222361496651672e+02 1.478611925098896052e+02
1.469361383065069333e+02 1.449351967913876251e+02 1.478843270915746757e+02
1.469489106452055580e+02 1.449481574331101115e+02 1.479074616732597462e+02
1.469616829839041543e+02 1.449611180748325694e+02 1.479305962549447884e+02
1.469744553226027790e+02 1.449740787165550557e+02 1.479537308366298589e+02
1.469872276613013753e+02 1.449870393582775137e+02 1.479768654183149295e+02
1.470000000000000000e+02 1.450000000000000000e+02 1.480000000000000000e+02
1.470000000000000000e+02 1.450000000000000000e+02 1.480000000000000000e+02
1.470000000000000000e+02 1.450000000000000000e+02 1.480000000000000000e+02
1.470000000000000000e+02 1.450000000000000000e+02 1.480000000000000000e+02
1.470000000000000000e+02 1.450000000000000000e+02 1.480000000000000000e+02
1.470000000000000000e+02 1.450000000000000000e+02 1.480000000000000000e+02
1.470000000000000000e+02 1.450000000000000000e+02 1.480000000000000000e+02
1.470000000000000000e+02 1.450000000000000000e+02 1.480000000000000000e+02
1.470000000000000000e+02 1.450000000000000000e+02 1.480000000000000000e+02
1.470000000000000000e+02 1.450000000000000000e+02 1.480000000000000000e+02
1.470000000000000000e+02 1.450000000000000000e+02 1.480000000000000000e+02
1.470000000000000000e+02 1.450000000000000000e+02 1.480000000000000000e+02
1.470000000000000000e+02 1.450000000000000000e+02 1.480000000000000000e+02
1.470000000000000000e+02 1.450000000000000000e+02 1.480000000000000000e+02
1.470000000000000000e+02 1.450000000000000000e+02 1.480000000000000000e+02
1.470000000000000000e+02 1.450000000000000000e+02 1.480000000000000000e+02
1.470000000000000000e+02 1.450000000000000000e+02 1.480000000000000000e+02
1.470000000000000000e+02 1.450000000000000000e+02 1.480000000000000000e+02
1.470000000000000000e+02 1.450000000000000000e+02 1.480000000000000000e+02
1.470000000000000000e+02 1.450000000000000000e+02 1.480000000000000000e+02
1.470000000000000000e+02 1.450000000000000000e+02 1.480000000000000000e+02
1.470000000000000000e+02 1.450000000000000000e+02 1.480000000000000000e+02
1.470000000000000000e+02 1.450000000000000000e+02 1.480000000000000000e+02
1.470000000000000000e+02 1.450000000000000000e+02 1.480000000000000000e+02
1.470000000000000000e+02 1.450000000000000000e+02 1.480000000000000000e+02
1.470000000000000000e+02 1.450000000000000000e+02 1.480000000000000000e+02
1.470000000000000000e+02 1.450000000000000000e+02 1.480000000000000000e+02
1.470000000000000000e+02 1.450000000000000000e+02 1.480000000000000000e+02
1.470000000000000000e+02 1.450000000000000000e+02 1.480000000000000000e+02
1.470000000000000000e+02 1.450000000000000000e+02 1.480000000000000000e+02
1.470000000000000000e+02 1.450000000000000000e+02 1.480000000000000000e+02
1.470000000000000000e+02 1.450000000000000000e+02 1.480000000000000000e+02
1.470000000000000000e+02 1.450000000000000000e+02 1.480000000000000000e+02
1.470000000000000000e+02 1.450000000000000000e+02 1.480000000000000000e+02
1.470000000000000000e+02 1.450000000000000000e+02 1.480000000000000000e+02
1.470000000000000000e+02 1.450000000000000000e+02 1.480000000000000000e+02
1.470000000000000000e+02 1.450000000000000000e+02 1.480000000000000000e+02
1.470000000000000000e+02 1.450000000000000000e+02 1.480000000000000000e+02
1.470000000000000000e+02 1.450000000000000000e+02 1.480000000000000000e+02
1.470000000000000000e+02 1.450000000000000000e+02 1.480000000000000000e+02
1.470000000000000000e+02 1.450000000000000000e+02 1.480000000000000000e+02
1.470000000000000000e+02 1.450000000000000000e+02 1.480000000000000000e+02
1.470000000000000000e+02 1.450000000000000000e+02 1.480000000000000000e+02
1.470078419701825112e+02 1.450157563763255837e+02 1.480254038898885369e+02
1.470156839403650224e+02 1.450315127526511674e+02 1.480508077797770454e+02
1.470235259105475620e+02 1.450472691289767511e+02 1.480762116696655823e+02
1.470313678807300732e+02 1.450630255053023348e+02 1.481016155595540909e+02
1.470392098509125844e+02 1.450787818816279469e+02 1.481270194494426278e+02
1.470470518210951241e+02 1.450945382579535305e+02 1.481524233393311363e+02
1.470548937912776353e+02 1.451102946342791142e+02 1.481778272292196732e+02
1.470627357614601465e+02 1.451260510106046979e+02 1.482032311191082101e+02
1.470705777316426577e+02 1.451418073869302816e+02 1.482286350089967186e+02
1.470784197018251689e+02 1.451575637632558653e+02 1.482540388988852555e+02
1.470862616720077085e+02 1.451733201395814490e+02 1.482794427887737641e+02
1.470941036421902197e+02 1.451890765159070611e+02 1.483048466786623010e+02
1.471019456123727309e+02 1.452048328922326448e+02 1.483302505685508095e+02
1.471097875825552705e+02 1.452205892685582285e+02 1.483556544584393464e+02
1.471176295527377818e+02 1.452363456448838122e+02 1.483810583483278833e+02
1.471254715229202930e+02 1.452521020212093958e+02 1.484064622382163918e+02
1.471333134931028042e+02 1.452678583975349795e+02 1.484318661281049287e+02
1.471411554632853154e+02 1.452836147738605632e+02 1.484572700179934372e+02
1.471489974334678550e+02 1.452993711501861469e+02 1.484826739078819742e+02
1.471568394036503662e+02 1.453151275265117306e+02 1.485080777977705111e+02
1.471646813738328774e+02 1.453308839028373427e+02 1.485334816876590196e+02
1.471725233440154170e+02 1.453466402791629264e+02 1.485588855775475565e+02
1.471803653141979282e+02 1.453623966554885101e+02 1.485842894674360650e+02
1.471882072843804394e+02 1.453781530318140938e+02 1.486096933573246019e+02
1.471960492545629506e+02 1.453939094081396775e+02 1.486350972472131104e+02
1.472038912247454618e+02 1.454096657844652611e+02 1.486605011371016474e+02
1.472117331949280015e+02 1.454254221607908448e+02 1.486859050269901843e+02
1.472195751651105127e+02 1.454411785371164569e+02 1.487113089168786928e+02
1.472274171352930239e+02 1.454569349134420406e+02 1.487367128067672297e+02
1.472352591054755635e+02 1.454726912897676243e+02 1.487621166966557382e+02
1.472431010756580747e+02 1.454884476660932080e+02 1.487875205865442751e+02
1.472509430458405859e+02 1.455042040424187917e+02 1.488129244764327836e+02
1.472587850160230971e+02 1.455199604187443754e+02 1.488383283663213206e+02
1.472666269862056083e+02 1.455357167950699591e+02 1.488637322562098575e+02
1.472744689563881479e+02 1.455514731713955427e+02 1.488891361460983660e+02
1.472823109265706591e+02 1.455672295477211264e+02 1.489145400359869029e+02
1.472901528967531704e+02 1.455829859240467385e+02 1.489399439258754114e+02
1.472979948669357100e+02 1.455987423003723222e+02 1.489653478157639483e+02
1.473058368371182212e+02 1.456144986766979059e+02 1.489907517056524568e+02
1.473136788073007324e+02 1.456302550530234896e+02 1.490161555955409938e+02
1.473136788073007324e+02 1.456302550530234896e+02 1.490161555955409938e+02
1.473215722368436218e+02 1.456461148233978520e+02 1.490417261868953744e+02
1.473294656663865112e+02 1.456619745937721859e+02 1.490672967782497267e+02
1.473373590959294006e+02 1.456778343641465483e+02 1.490928673696041074e+02
1.473452525254722900e+02 1.456936941345208822e+02 1.491184379609584880e+02
1.473531459550151794e+02 1.457095539048952446e+02 1.491440085523128403e+02
1.473610393845580404e+02 1.457254136752695786e+02 1.491695791436672209e+02
1.473689328141009298e+02 1.457412734456439409e+02 1.491951497350215732e+02
1.473768262436438192e+02 1.457571332160182749e+02 1.492207203263759538e+02
1.473847196731867086e+02 1.457729929863926372e+02 1.492462909177303345e+02
1.473926131027295980e+02 1.457888527567669712e+02 1.492718615090846868e+02
1.474005065322724874e+02 1.458047125271413336e+02 1.492974321004390674e+02
1.474083999618153769e+02 1.458205722975156675e+02 1.493230026917934481e+02
1.474162933913582663e+02 1.458364320678900299e+02 1.493485732831478003e+02
1.474241868209011557e+02 1.458522918382643638e+02 1.493741438745021810e+02
1.474320802504440451e+02 1.458681516086387262e+02 1.493997144658565617e+02
1.474399736799869061e+02 1.458840113790130886e+02 1.494252850572109139e+02
1.474478671095297955e+02 1.458998711493874225e+02 1.494508556485652946e+02
1.474557605390726849e+02 1.459157309197617849e+02 1.494764262399196468e+02
1.474636539686155743e+02 1.459315906901361188e+02 1.495019968312740275e+02
1.474715473981584637e+02 1.459474504605104812e+02 1.495275674226284082e+02
1.474794408277013531e+02 1.459633102308848152e+02 1.495531380139827604e+02
1.474873342572442425e+02 1.459791700012591775e+02 1.495787086053371411e+02
1.474952276867871319e+02 1.459950297716335115e+02 1.496042791966915217e+02
1.475031211163300213e+02 1.460108895420078738e+02 1.496298497880458740e+02
1.475110145458729107e+02 1.460267493123822078e+02 1.496554203794002547e+02
1.475189079754157717e+02 1.460426090827565702e+02 1.496809909707546069e+02
1.475268014049586611e+02 1.460584688531309041e+02 1.497065615621089876e+02
1.475346948345015505e+02 1.460743286235052665e+02 1.497321321534633682e+02
1.475425882640444399e+02 1.460901883938796004e+02 1.497577027448177205e+02
1.475504816935873293e+02 1.461060481642539628e+02 1.497832733361721012e+02
1.475504816935873293e+02 1.461060481642539628e+02 1.497832733361721012e+02
1.475667992468365810e+02 1.461337447443141002e+02 1.497841094139143934e+02
1.475831168000858327e+02 1.461614413243742661e+02 1.497849454916566572e+02
1.475994343533350843e+02 1.461891379044344035e+02 1.497857815693989210e+02
1.476157519065843360e+02 1.462168344844945693e+02 1.497866176471412132e+02
1.476320694598335876e+02 1.462445310645547067e+02 1.497874537248835054e+02
1.476483870130828393e+02 1.462722276446148726e+02 1.497882898026257692e+02
1.476647045663320910e+02 1.462999242246750100e+02 1.497891258803680330e+02
1.476810221195813710e+02 1.463276208047351474e+02 1.497899619581103252e+02
1.476973396728306227e+02 1.463553173847953133e+02 1.497907980358526174e+02
1.477136572260798744e+02 1.463830139648554507e+02 1.497916341135948812e+02
1.477299747793291260e+02 1.464107105449156165e+02 1.497924701913371450e+02
1.477462923325783777e+02 1.464384071249757540e+02 1.497933062690794372e+02
1.477626098858276293e+02 1.464661037050359198e+02 1.497941423468217295e+02
1.477789274390768810e+02 1.464938002850960572e+02 1.497949784245639933e+02
1.477952449923261327e+02 1.465214968651562231e+02 1.497958145023062571e+02
1.478115625455753843e+02 1.465491934452163605e+02 1.497966505800485493e+02
1.478115625455753843e+02 1.465491934452163605e+02 1.497966505800485493e+02
1.478278198401898180e+02 1.465767877453526467e+02 1.497974835702627843e+02
1.478440771348042233e+02 1.466043820454889328e+02 1.497983165604770193e+02
1.478603344294186286e+02 1.466319763456252190e+02 1.497991495506912258e+02
1.478765917240330623e+02 1.466595706457615051e+02 1.497999825409054608e+02
1.478928490186474960e+02 1.466871649458977913e+02 1.498008155311196958e+02
1.479091063132619013e+02 1.467147592460340775e+02 1.498016485213339024e+02
1.479253636078763066e+02 1.467423535461703636e+02 1.498024815115481374e+02
1.479416209024907403e+02 1.467699478463066498e+02 1.498033145017623724e+02
1.479578781971051740e+02 1.467975421464429360e+02 1.498041474919766074e+02
1.479741354917195792e+02 1.468251364465792221e+02 1.498049804821908424e+02
1.479903927863339845e+02 1.468527307467155083e+02 1.498058134724050490e+02
1.480066500809484182e+02 1.468803250468517945e+02 1.498066464626192840e+02
1.480229073755628519e+02 1.469079193469880806e+02 1.498074794528335190e+02
1.480391646701772572e+02 1.469355136471243668e+02 1.498083124430477255e+02
1.480554219647916625e+02 1.469631079472606530e+02 1.498091454332619605e+02
1.480716792594060962e+02 1.469907022473969391e+02 1.498099784234761955e+02
1.480716792594060962e+02 1.469907022473969391e+02 1.498099784234761955e+02
1.480877358102842720e+02 1.470103295063398150e+02 1.497891890022263510e+02
1.481037923611624194e+02 1.470299567652826909e+02 1.497683995809765065e+02
1.481198489120405952e+02 1.470495840242255667e+02 1.497476101597266904e+02
1.481359054629187710e+02 1.470692112831684426e+02 1.497268207384768459e+02
1.481519620137969184e+02 1.470888385421113185e+02 1.497060313172270014e+02
1.481680185646750942e+02 1.471084658010541943e+02 1.496852418959771569e+02
1.481840751155532701e+02 1.471280930599970702e+02 1.496644524747273408e+02
1.482001316664314174e+02 1.471477203189399461e+02 1.496436630534774963e+02
1.482161882173095933e+02 1.471673475778828504e+02 1.496228736322276518e+02
1.482322447681877406e+02 1.471869748368257262e+02 1.496020842109778073e+02
1.482483013190659165e+02 1.472066020957686021e+02 1.495812947897279912e+02
1.482643578699440923e+02 1.472262293547114780e+02 1.495605053684781467e+02
1.482804144208222397e+02 1.472458566136543539e+02 1.495397159472283022e+02
1.482964709717004155e+02 1.472654838725972297e+02 1.495189265259784577e+02
1.483125275225785913e+02 1.472851111315401056e+02 1.494981371047286416e+02
1.483285840734567387e+02 1.473047383904829815e+02 1.494773476834787971e+02
1.483446406243349145e+02 1.473243656494258573e+02 1.494565582622289526e+02
1.483446406243349145e+02 1.473243656494258573e+02 1.494565582622289526e+02
1.483602556092306486e+02 1.473434531455054071e+02 1.494363405640899884e+02
1.483758705941264111e+02 1.473625406415849284e+02 1.494161228659510527e+02
1.483914855790221452e+02 1.473816281376644781e+02 1.493959051678120886e+02
1.484071005639178793e+02 1.474007156337439994e+02 1.493756874696731529e+02
1.484227155488136418e+02 1.474198031298235492e+02 1.493554697715341888e+02
1.484383305337093759e+02 1.474388906259030989e+02 1.493352520733952247e+02
1.484539455186051100e+02 1.474579781219826202e+02 1.493150343752562890e+02
1.484695605035008725e+02 1.474770656180621700e+02 1.492948166771173248e+02
1.484851754883966066e+02 1.474961531141416913e+02 1.492745989789783891e+02
1.485007904732923407e+02 1.475152406102212410e+02 1.492543812808394250e+02
1.485164054581881032e+02 1.475343281063007908e+02 1.492341635827004609e+02
1.485320204430838373e+02 1.475534156023803121e+02 1.492139458845615252e+02
1.485476354279795999e+02 1.475725030984598618e+02 1.491937281864225611e+02
1.485632504128753340e+02 1.475915905945393831e+02 1.491735104882836254e+02
1.485788653977710680e+02 1.476106780906189329e+02 1.491532927901446612e+02
1.485944803826668306e+02 1.476297655866984826e+02 1.491330750920056971e+02
1.486100953675625647e+02 1.476488530827780039e+02 1.491128573938667614e+02
1.486257103524582988e+02 1.476679405788575536e+02 1.490926396957277973e+02
1.486413253373540613e+02 1.476870280749370750e+02 1.490724219975888616e+02
1.486569403222497954e+02 1.477061155710166247e+02 1.490522042994498975e+02
1.486569403222497954e+02 1.477061155710166247e+02 1.490522042994498975e+02
1.486803376138814770e+02 1.477288440401986804e+02 1.490475249460736791e+02
1.487037349055131585e+02 1.477515725093807646e+02 1.490428455926974323e+02
1.487271321971448401e+02 1.477743009785628487e+02 1.490381662393212139e+02
1.487505294887765217e+02 1.477970294477449045e+02 1.490334868859449671e+02
1.487739267804082033e+02 1.478197579169269602e+02 1.490288075325687487e+02
1.487973240720398849e+02 1.478424863861090444e+02 1.490241281791925303e+02
1.488207213636715665e+02 1.478652148552911285e+02 1.490194488258162835e+02
1.488441186553032480e+02 1.478879433244731842e+02 1.490147694724400651e+02
1.488675159469349296e+02 1.479106717936552400e+02 1.490100901190638183e+02
1.488909132385666112e+02 1.479334002628373241e+02 1.490054107656875999e+02
1.489143105301982928e+02 1.479561287320194083e+02 1.490007314123113815e+02
1.489377078218299744e+02 1.479788572012014640e+02 1.489960520589351347e+02
1.489611051134616559e+02 1.480015856703835198e+02 1.489913727055589163e+02
1.489845024050933375e+02 1.480243141395656039e+02 1.489866933521826979e+02
1.490078996967250191e+02 1.480470426087476881e+02 1.489820139988064511e+02
1.490312969883567007e+02 1.480697710779297438e+02 1.489773346454302327e+02
1.490546942799883823e+02 1.480924995471117995e+02 1.489726552920539859e+02
1.490780915716200639e+02 1.481152280162938837e+02 1.489679759386777675e+02
1.490780915716200639e+02 1.481152280162938837e+02 1.489679759386777675e+02
1.490943097723788071e+02 1.481350528733441081e+02 1.489469772192114192e+02
1.491105279731375504e+02 1.481548777303943609e+02 1.489259784997450424e+02
1.491267461738962936e+02 1.481747025874445853e+02 1.489049797802786941e+02
1.491429643746550369e+02 1.481945274444948097e+02 1.488839810608123173e+02
1.491591825754137801e+02 1.482143523015450342e+02 1.488629823413459690e+02
1.491754007761725234e+02 1.482341771585952870e+02 1.488419836218795922e+02
1.491916189769312666e+02 1.482540020156455114e+02 1.488209849024132438e+02
1.492078371776900099e+02 1.482738268726957358e+02 1.487999861829468955e+02
1.492240553784487531e+02 1.482936517297459602e+02 1.487789874634805187e+02
1.492402735792074679e+02 1.483134765867962130e+02 1.487579887440141704e+02
1.492564917799662112e+02 1.483333014438464375e+02 1.487369900245477936e+02
1.492727099807249544e+02 1.483531263008966619e+02 1.487159913050814453e+02
1.492889281814836977e+02 1.483729511579468863e+02 1.486949925856150969e+02
1.493051463822424409e+02 1.483927760149971391e+02 1.486739938661487201e+02
1.493213645830011842e+02 1.484126008720473635e+02 1.486529951466823718e+02
1.493375827837599275e+02 1.484324257290975879e+02 1.486319964272159950e+02
1.493538009845186707e+02 1.484522505861478123e+02 1.486109977077496467e+02
1.493700191852774140e+02 1.484720754431980652e+02 1.485899989882832699e+02
1.493862373860361572e+02 1.484919003002482896e+02 1.485690002688169216e+02
1.493862373860361572e+02 1.484919003002482896e+02 1.485690002688169216e+02
1.494054951684634034e+02 1.485118271882402894e+02 1.485530860221806506e+02
1.494247529508906780e+02 1.485317540762322608e+02 1.485371717755443512e+02
1.494440107333179242e+02 1.485516809642242606e+02 1.485212575289080803e+02
1.494632685157451704e+02 1.485716078522162320e+02 1.485053432822718094e+02
1.494825262981724450e+02 1.485915347402082318e+02 1.484894290356355384e+02
1.495017840805996912e+02 1.486114616282002032e+02 1.484735147889992390e+02
1.495210418630269373e+02 1.486313885161922030e+02 1.484576005423629681e+02
1.495402996454542119e+02 1.486513154041841744e+02 1.484416862957266972e+02
1.495595574278814581e+02 1.486712422921761743e+02 1.484257720490903978e+02
1.495788152103087327e+02 1.486911691801681457e+02 1.484098578024541268e+02
1.495980729927359789e+02 1.487110960681601455e+02 1.483939435558178559e+02
1.496173307751632251e+02 1.487310229561521169e+02 1.483780293091815565e+02
1.496365885575904997e+02 1.487509498441441167e+02 1.483621150625452856e+02
1.496558463400177459e+02 1.487708767321360881e+02 1.483462008159090146e+02
1.496751041224449921e+02 1.487908036201280879e+02 1.483302865692727437e+02
1.496943619048722667e+02 1.488107305081200593e+02 1.483143723226364443e+02
1.497136196872995129e+02 1.488306573961120591e+02 1.482984580760001734e+02
1.497136196872995129e+02 1.488306573961120591e+02 1.482984580760001734e+02
1.497362990363594974e+02 1.488526884454443291e+02 1.482939223079179101e+02
1.497589783854194536e+02 1.488747194947765990e+02 1.482893865398356468e+02
1.497816577344794382e+02 1.488967505441088690e+02 1.482848507717533835e+02
1.498043370835394228e+02 1.489187815934411390e+02 1.482803150036710917e+02
1.498270164325993790e+02 1.489408126427734089e+02 1.482757792355888284e+02
1.498496957816593635e+02 1.489628436921056789e+02 1.482712434675065651e+02
1.498723751307193481e+02 1.489848747414379488e+02 1.482667076994243018e+02
1.498950544797793043e+02 1.490069057907702188e+02 1.482621719313420385e+02
1.499177338288392889e+02 1.490289368401024888e+02 1.482576361632597752e+02
1.499404131778992735e+02 1.490509678894347303e+02 1.482531003951774835e+02
1.499630925269592581e+02 1.490729989387670003e+02 1.482485646270952202e+02
1.499857718760192142e+02 1.490950299880992702e+02 1.482440288590129569e+02
1.500084512250791988e+02 1.491170610374315402e+02 1.482394930909306936e+02
1.500311305741391834e+02 1.491390920867638101e+02 1.482349573228484303e+02
1.500538099231991396e+02 1.491611231360960801e+02 1.482304215547661670e+02
1.500764892722591242e+02 1.491831541854283500e+02 1.482258857866838753e+02
1.500991686213191088e+02 1.492051852347606200e+02 1.482213500186016120e+02
1.501218479703790649e+02 1.492272162840928900e+02 1.482168142505193487e+02
1.501445273194390495e+02 1.492492473334251599e+02 1.482122784824370854e+02
1.501445273194390495e+02 1.492492473334251599e+02 1.482122784824370854e+02
1.501671473416809590e+02 1.492712207518239893e+02 1.482077545794523132e+02
1.501897673639228401e+02 1.492931941702228471e+02 1.482032306764675411e+02
1.502123873861647496e+02 1.493151675886216765e+02 1.481987067734827974e+02
1.502350074084066307e+02 1.493371410070205343e+02 1.481941828704980253e+02
1.502576274306485402e+02 1.493591144254193637e+02 1.481896589675132532e+02
1.502802474528904213e+02 1.493810878438182215e+02 1.481851350645284811e+02
1.503028674751323308e+02 1.494030612622170509e+02 1.481806111615437374e+02
1.503254874973742119e+02 1.494250346806158802e+02 1.481760872585589652e+02
1.503481075196161214e+02 1.494470080990147380e+02 1.481715633555741931e+02
1.503707275418580025e+02 1.494689815174135674e+02 1.481670394525894210e+02
1.503933475640999120e+02 1.494909549358124252e+02 1.481625155496046773e+02
1.504159675863417931e+02 1.495129283542112546e+02 1.481579916466199052e+02
1.504385876085837026e+02 1.495349017726101124e+02 1.481534677436351330e+02
1.504612076308256121e+02 1.495568751910089418e+02 1.481489438406503609e+02
1.504838276530674932e+02 1.495788486094077712e+02 1.481444199376655888e+02
1.505064476753094027e+02 1.496008220278066290e+02 1.481398960346808451e+02
1.505290676975512838e+02 1.496227954462054583e+02 1.481353721316960730e+02
1.505516877197931933e+02 1.496447688646043161e+02 1.481308482287113009e+02
1.505743077420350744e+02 1.496667422830031455e+02 1.481263243257265287e+02
1.505969277642769839e+02 1.496887157014019749e+02 1.481218004227417850e+02
1.506195477865188650e+02 1.497106891198008327e+02 1.481172765197570129e+02
1.506421678087607745e+02 1.497326625381996621e+02 1.481127526167722408e+02
1.506647878310026556e+02 1.497546359565985199e+02 1.481082287137874687e+02
1.506874078532445651e+02 1.497766093749973493e+02 1.481037048108027250e+02
1.507100278754864462e+02 1.497985827933962071e+02 1.480991809078179529e+02
1.507326478977283557e+02 1.498205562117950365e+02 1.480946570048331807e+02
1.507326478977283557e+02 1.498205562117950365e+02 1.480946570048331807e+02
1.507487501404623345e+02 1.498355987451760427e+02 1.480719264636486230e+02
1.507648523831963132e+02 1.498506412785570490e+02 1.480491959224640937e+02
1.507809546259302920e+02 1.498656838119380552e+02 1.480264653812795359e+02
1.507970568686642707e+02 1.498807263453190615e+02 1.480037348400950066e+02
1.508131591113982495e+02 1.498957688787000677e+02 1.479810042989104488e+02
1.508292613541322282e+02 1.499108114120811024e+02 1.479582737577259195e+02
1.508453635968662070e+02 1.499258539454621086e+02 1.479355432165413617e+02
1.508614658396001857e+02 1.499408964788431149e+02 1.479128126753568324e+02
1.508775680823341645e+02 1.499559390122241211e+02 1.478900821341722747e+02
1.508936703250681433e+02 1.499709815456051274e+02 1.478673515929877453e+02
1.509097725678021220e+02 1.499860240789861336e+02 1.478446210518031876e+02
1.509258748105361292e+02 1.500010666123671399e+02 1.478218905106186298e+02
1.509419770532701079e+02 1.500161091457481461e+02 1.477991599694341005e+02
1.509580792960040867e+02 1.500311516791291524e+02 1.477764294282495428e+02
1.509741815387380655e+02 1.500461942125101586e+02 1.477536988870650134e+02
1.509902837814720442e+02 1.500612367458911649e+02 1.477309683458804557e+02
1.510063860242060230e+02 1.500762792792721712e+02 1.477082378046959263e+02
1.510224882669400017e+02 1.500913218126531774e+02 1.476855072635113686e+02
1.510385905096739805e+02 1.501063643460342121e+02 1.476627767223268393e+02
1.510546927524079592e+02 1.501214068794152183e+02 1.476400461811422815e+02
1.510707949951419380e+02 1.501364494127962246e+02 1.476173156399577522e+02
1.510868972378759167e+02 1.501514919461772308e+02 1.475945850987731944e+02
1.511029994806098955e+02 1.501665344795582371e+02 1.475718545575886651e+02
1.511191017233438743e+02 1.501815770129392433e+02 1.475491240164041074e+02
1.511191017233438743e+02 1.501815770129392433e+02 1.475491240164041074e+02
1.511304821532039568e+02 1.501981049184898040e+02 1.475249068483113888e+02
1.511418625830640678e+02 1.502146328240403363e+02 1.475006896802186418e+02
1.511532430129241504e+02 1.502311607295908971e+02 1.474764725121259232e+02
1.511646234427842614e+02 1.502476886351414294e+02 1.474522553440332047e+02
1.511760038726443440e+02 1.502642165406919901e+02 1.474280381759404577e+02
1.511873843025044266e+02 1.502807444462425508e+02 1.474038210078477391e+02
1.511987647323645376e+02 1.502972723517930831e+02 1.473796038397550205e+02
1.512101451622246202e+02 1.503138002573436438e+02 1.473553866716623020e+02
1.512215255920847028e+02 1.503303281628941761e+02 1.473311695035695550e+02
1.512329060219448138e+02 1.503468560684447368e+02 1.473069523354768364e+02
1.512442864518048964e+02 1.503633839739952975e+02 1.472827351673841179e+02
1.512556668816649790e+02 1.503799118795458298e+02 1.472585179992913709e+02
1.512670473115250900e+02 1.503964397850963906e+02 1.472343008311986523e+02
1.512784277413851726e+02 1.504129676906469228e+02 1.472100836631059337e+02
1.512898081712452836e+02 1.504294955961974836e+02 1.471858664950131867e+02
1.513011886011053662e+02 1.504460235017480159e+02 1.471616493269204682e+02
1.513125690309654487e+02 1.504625514072985766e+02 1.471374321588277496e+02
1.513239494608255598e+02 1.504790793128491373e+02 1.471132149907350026e+02
1.513353298906856423e+02 1.504956072183996696e+02 1.470889978226422841e+02
1.513467103205457533e+02 1.505121351239502303e+02 1.470647806545495655e+02
1.513580907504058359e+02 1.505286630295007626e+02 1.470405634864568185e+02
1.513694711802659185e+02 1.505451909350513233e+02 1.470163463183640999e+02
1.513808516101260295e+02 1.505617188406018840e+02 1.469921291502713814e+02
1.513922320399861121e+02 1.505782467461524163e+02 1.469679119821786344e+02
1.514036124698461947e+02 1.505947746517029771e+02 1.469436948140859158e+02
1.514149928997063057e+02 1.506113025572535093e+02 1.469194776459931973e+02
1.514263733295663883e+02 1.506278304628040701e+02 1.468952604779004787e+02
1.514377537594264709e+02 1.506443583683546308e+02 1.468710433098077317e+02
1.514491341892865819e+02 1.506608862739051631e+02 1.468468261417150131e+02
1.514605146191466645e+02 1.506774141794557238e+02 1.468226089736222946e+02
1.514718950490067755e+02 1.506939420850062561e+02 1.467983918055295476e+02
1.514832754788668581e+02 1.507104699905568168e+02 1.467741746374368290e+02
1.514832754788668581e+02 1.507104699905568168e+02 1.467741746374368290e+02
1.515117821244095921e+02 1.507232259037633071e+02 1.467686563581704604e+02
1.515402887699523262e+02 1.507359818169698258e+02 1.467631380789041202e+02
1.515687954154950603e+02 1.507487377301763161e+02 1.467576197996377516e+02
1.515973020610377944e+02 1.507614936433828348e+02 1.467521015203714114e+02
1.516258087065805285e+02 1.507742495565893250e+02 1.467465832411050428e+02
1.516543153521232625e+02 1.507870054697958437e+02 1.467410649618386742e+02
1.516828219976659966e+02 1.507997613830023340e+02 1.467355466825723340e+02
1.517113286432087307e+02 1.508125172962088527e+02 1.467300284033059654e+02
1.517398352887514648e+02 1.508252732094153430e+02 1.467245101240396252e+02
1.517683419342941988e+02 1.508380291226218617e+02 1.467189918447732566e+02
1.517968485798369329e+02 1.508507850358283520e+02 1.467134735655068880e+02
1.518253552253796670e+02 1.508635409490348422e+02 1.467079552862405478e+02
1.518538618709224011e+02 1.508762968622413609e+02 1.467024370069741792e+02
1.518823685164651351e+02 1.508890527754478512e+02 1.466969187277078390e+02
1.519108751620078692e+02 1.509018086886543699e+02 1.466914004484414704e+02
1.519393818075506033e+02 1.509145646018608602e+02 1.466858821691751018e+02
1.519678884530933374e+02 1.509273205150673789e+02 1.466803638899087616e+02
1.519963950986360430e+02 1.509400764282738692e+02 1.466748456106423930e+02
1.520249017441787771e+02 1.509528323414803879e+02 1.466693273313760528e+02
1.520534083897215112e+02 1.509655882546868781e+02 1.466638090521096842e+02
1.520819150352642453e+02 1.509783441678933968e+02 1.466582907728433156e+02
1.521104216808069793e+02 1.509911000810998871e+02 1.466527724935769754e+02
1.521389283263497134e+02 1.510038559943064058e+02 1.466472542143106068e+02
1.521674349718924475e+02 1.510166119075128961e+02 1.466417359350442666e+02
1.521959416174351816e+02 1.510293678207193864e+02 1.466362176557778980e+02
1.522244482629779156e+02 1.510421237339259051e+02 1.466306993765115294e+02
1.522529549085206497e+02 1.510548796471323953e+02 1.466251810972451892e+02
1.522814615540633838e+02 1.510676355603389140e+02 1.466196628179788206e+02
1.523099681996061179e+02 1.510803914735454043e+02 1.466141445387124804e+02
1.523384748451488520e+02 1.510931473867519230e+02 1.466086262594461118e+02
1.523669814906915860e+02 1.511059032999584133e+02 1.466031079801797432e+02
1.523954881362343201e+02 1.511186592131649320e+02 1.465975897009134030e+02
1.524239947817770542e+02 1.511314151263714223e+02 1.465920714216470344e+02
1.524525014273197883e+02 1.511441710395779410e+02 1.465865531423806942e+02
1.524810080728625223e+02 1.511569269527844313e+02 1.465810348631143256e+02
1.524810080728625223e+02 1.511569269527844313e+02 1.465810348631143256e+02
1.525095383059907874e+02 1.511696934207646734e+02 1.465755120177939261e+02
1.525380685391190809e+02 1.511824598887449156e+02 1.465699891724735267e+02
1.525665987722473460e+02 1.511952263567251578e+02 1.465644663271531272e+02
1.525951290053756111e+02 1.512079928247054283e+02 1.465589434818326993e+02
1.526236592385038762e+02 1.512207592926856705e+02 1.465534206365122998e+02
1.526521894716321412e+02 1.512335257606659127e+02 1.465478977911919003e+02
1.526807197047604348e+02 1.512462922286461549e+02 1.465423749458715008e+02
1.527092499378886998e+02 1.512590586966263970e+02 1.465368521005511013e+02
1.527377801710169649e+02 1.512718251646066392e+02 1.465313292552307018e+02
1.527663104041452584e+02 1.512845916325869098e+02 1.465258064099102739e+02
1.527948406372735235e+02 1.512973581005671520e+02 1.465202835645898745e+02
1.528233708704017886e+02 1.513101245685473941e+02 1.465147607192694750e+02
1.528519011035300537e+02 1.513228910365276363e+02 1.465092378739490755e+02
1.528804313366583187e+02 1.513356575045078785e+02 1.465037150286286760e+02
1.529089615697866122e+02 1.513484239724881206e+02 1.464981921833082765e+02
1.529374918029148773e+02 1.513611904404683628e+02 1.464926693379878770e+02
1.529660220360431424e+02 1.513739569084486334e+02 1.464871464926674491e+02
1.529945522691714359e+02 1.513867233764288756e+02 1.464816236473470497e+02
1.530230825022997010e+02 1.513994898444091177e+02 1.464761008020266502e+02
1.530516127354279661e+02 1.514122563123893599e+02 1.464705779567062507e+02
1.530801429685562312e+02 1.514250227803696021e+02 1.464650551113858512e+02
1.531086732016844962e+02 1.514377892483498442e+02 1.464595322660654517e+02
1.531372034348127897e+02 1.514505557163301148e+02 1.464540094207450238e+02
1.531657336679410548e+02 1.514633221843103570e+02 1.464484865754246243e+02
1.531942639010693199e+02 1.514760886522905992e+02 1.464429637301042249e+02
1.532227941341976134e+02 1.514888551202708413e+02 1.464374408847838254e+02
1.532513243673258785e+02 1.515016215882510835e+02 1.464319180394634259e+02
1.532798546004541436e+02 1.515143880562313257e+02 1.464263951941430264e+02
1.533083848335824086e+02 1.515271545242115963e+02 1.464208723488225985e+02
1.533369150667106737e+02 1.515399209921918384e+02 1.464153495035021990e+02
1.533654452998389672e+02 1.515526874601720806e+02 1.464098266581817995e+02
1.533939755329672323e+02 1.515654539281523228e+02 1.464043038128614000e+02
1.533939755329672323e+02 1.515654539281523228e+02 1.464043038128614000e+02
1.534175310169798649e+02 1.515769000668748561e+02 1.463879355087209717e+02
1.534410865009924692e+02 1.515883462055974178e+02 1.463715672045805434e+02
1.534646419850051018e+02 1.515997923443199511e+02 1.463551989004401150e+02
1.534881974690177344e+02 1.516112384830425128e+02 1.463388305962996867e+02
1.535117529530303386e+02 1.516226846217650461e+02 1.463224622921592584e+02
1.535353084370429713e+02 1.516341307604875794e+02 1.463060939880188300e+02
1.535588639210556039e+02 1.516455768992101412e+02 1.462897256838784017e+02
1.535824194050682081e+02 1.516570230379326745e+02 1.462733573797379734e+02
1.536059748890808407e+02 1.516684691766552078e+02 1.462569890755975450e+02
1.536295303730934450e+02 1.516799153153777695e+02 1.462406207714571167e+02
1.536530858571060776e+02 1.516913614541003028e+02 1.462242524673166884e+02
1.536766413411187102e+02 1.517028075928228645e+02 1.462078841631762600e+02
1.537001968251313144e+02 1.517142537315453978e+02 1.461915158590358317e+02
1.537237523091439471e+02 1.517256998702679311e+02 1.461751475548954033e+02
1.537473077931565797e+02 1.517371460089904929e+02 1.461587792507549750e+02
1.537708632771691839e+02 1.517485921477130262e+02 1.461424109466145467e+02
1.537944187611818165e+02 1.517600382864355879e+02 1.461260426424741468e+02
1.538179742451944492e+02 1.517714844251581212e+02 1.461096743383337184e+02
1.538415297292070534e+02 1.517829305638806545e+02 1.460933060341932901e+02
1.538650852132196860e+02 1.517943767026032162e+02 1.460769377300528618e+02
1.538886406972323186e+02 1.518058228413257496e+02 1.460605694259124334e+02
1.539121961812449229e+02 1.518172689800482829e+02 1.460442011217720051e+02
1.539357516652575555e+02 1.518287151187708446e+02 1.460278328176315767e+02
1.539593071492701881e+02 1.518401612574933779e+02 1.460114645134911484e+02
1.539828626332827923e+02 1.518516073962159396e+02 1.459950962093507201e+02
1.540064181172954250e+02 1.518630535349384729e+02 1.459787279052102917e+02
1.540299736013080292e+02 1.518744996736610062e+02 1.459623596010698634e+02
1.540535290853206618e+02 1.518859458123835680e+02 1.459459912969294351e+02
1.540770845693332944e+02 1.518973919511061013e+02 1.459296229927890067e+02
1.541006400533458987e+02 1.519088380898286346e+02 1.459132546886485784e+02
1.541241955373585313e+02 1.519202842285511963e+02 1.458968863845081501e+02
1.541477510213711639e+02 1.519317303672737296e+02 1.458805180803677217e+02
1.541713065053837681e+02 1.519431765059962913e+02 1.458641497762272934e+02
1.541948619893964008e+02 1.519546226447188246e+02 1.458477814720868651e+02
