1.434322096447685055e+02 1.696944443844146235e+02 2.423312052746414906e+02
1.434079516426312466e+02 1.697000849549283998e+02 2.423316536400573398e+02
1.433836936404939877e+02 1.697057255254421761e+02 2.423321020054731889e+02
1.433594356383567572e+02 1.697113660959559809e+02 2.423325503708890380e+02
1.433351776362194983e+02 1.697170066664697572e+02 2.423329987363048872e+02
1.433109196340822393e+02 1.697226472369835335e+02 2.423334471017207079e+02
1.432866616319449804e+02 1.697282878074973098e+02 2.423338954671365570e+02
1.432624036298077499e+02 1.697339283780110861e+02 2.423343438325524062e+02
1.432381456276704910e+02 1.697395689485248624e+02 2.423347921979682553e+02
1.432138876255332320e+02 1.697452095190386672e+02 2.423352405633841045e+02
1.431896296233959731e+02 1.697508500895524435e+02 2.423356889287999536e+02
1.431653716212587426e+02 1.697564906600662198e+02 2.423361372942158027e+02
1.431411136191214837e+02 1.697621312305799961e+02 2.423365856596316519e+02
1.431168556169842248e+02 1.697677718010937724e+02 2.423370340250475010e+02
1.430925976148469658e+02 1.697734123716075487e+02 2.423374823904633217e+02
1.430683396127097069e+02 1.697790529421213535e+02 2.423379307558791709e+02
1.430440816105724764e+02 1.697846935126351298e+02 2.423383791212950200e+02
1.430198236084352175e+02 1.697903340831489061e+02 2.423388274867108692e+02
1.429955656062979585e+02 1.697959746536626824e+02 2.423392758521267183e+02
1.429713076041606996e+02 1.698016152241764587e+02 2.423397242175425674e+02
1.429470496020234691e+02 1.698072557946902350e+02 2.423401725829584166e+02
1.429227915998862102e+02 1.698128963652040397e+02 2.423406209483742657e+02
1.428985335977489513e+02 1.698185369357178160e+02 2.423410693137900864e+02
1.428742755956116923e+02 1.698241775062315924e+02 2.423415176792059356e+02
1.428500175934744334e+02 1.698298180767453687e+02 2.423419660446217847e+02
1.428257595913372029e+02 1.698354586472591450e+02 2.423424144100376338e+02
1.428015015891999440e+02 1.698410992177729213e+02 2.423428627754534830e+02
1.427772435870626850e+02 1.698467397882867260e+02 2.423433111408693321e+02
1.427529855849254261e+02 1.698523803588005023e+02 2.423437595062851813e+02
1.427287275827881956e+02 1.698580209293142786e+02 2.423442078717010304e+02
1.427044695806509367e+02 1.698636614998280550e+02 2.423446562371168795e+02
1.426802115785136778e+02 1.698693020703418313e+02 2.423451046025327003e+02
1.426559535763764188e+02 1.698749426408556076e+02 2.423455529679485494e+02
1.426316955742391883e+02 1.698805832113694123e+02 2.423460013333643985e+02
1.426074375721019294e+02 1.698862237818831886e+02 2.423464496987802477e+02
1.425831795699646705e+02 1.698918643523969649e+02 2.423468980641960968e+02
1.425831795699646705e+02 1.698918643523969649e+02 2.423468980641960968e+02
1.425522373632575182e+02 1.698780185948320423e+02 2.423528878162162528e+02
1.425212951565503658e+02 1.698641728372670912e+02 2.423588775682364087e+02
1.424903529498432135e+02 1.698503270797021685e+02 2.423648673202565647e+02
1.424594107431360612e+02 1.698364813221372458e+02 2.423708570722767206e+02
1.424284685364289089e+02 1.698226355645723231e+02 2.423768468242968765e+02
1.423975263297217566e+02 1.698087898070073720e+02 2.423828365763170325e+02
1.423665841230146043e+02 1.697949440494424493e+02 2.423888263283371884e+02
1.423356419163074520e+02 1.697810982918775267e+02 2.423948160803573444e+02
1.423046997096002997e+02 1.697672525343125756e+02 2.424008058323775003e+02
1.422737575028931474e+02 1.697534067767476529e+02 2.424067955843976563e+02
1.422428152961859951e+02 1.697395610191827302e+02 2.424127853364178122e+02
1.422118730894788428e+02 1.697257152616178075e+02 2.424187750884379682e+02
1.421809308827716904e+02 1.697118695040528564e+02 2.424247648404581241e+02
1.421499886760645381e+02 1.696980237464879337e+02 2.424307545924782517e+02
1.421190464693573858e+02 1.696841779889230111e+02 2.424367443444984076e+02
1.420881042626502335e+02 1.696703322313580600e+02 2.424427340965185635e+02
1.420571620559430812e+02 1.696564864737931373e+02 2.424487238485387195e+02
1.420262198492359289e+02 1.696426407162282146e+02 2.424547136005588754e+02
1.419952776425287766e+02 1.696287949586632919e+02 2.424607033525790314e+02
1.419643354358216243e+02 1.696149492010983408e+02 2.424666931045991873e+02
1.419333932291144720e+02 1.696011034435334182e+02 2.424726828566193433e+02
1.419024510224073197e+02 1.695872576859684955e+02 2.424786726086394992e+02
1.418715088157001674e+02 1.695734119284035444e+02 2.424846623606596552e+02
1.418405666089930151e+02 1.695595661708386217e+02 2.424906521126798111e+02
1.418096244022858627e+02 1.695457204132736990e+02 2.424966418646999671e+02
1.417786821955787104e+02 1.695318746557087763e+02 2.425026316167201230e+02
1.417477399888715581e+02 1.695180288981438252e+02 2.425086213687402790e+02
1.417167977821644058e+02 1.695041831405789026e+02 2.425146111207604349e+02
1.417167977821644058e+02 1.695041831405789026e+02 2.425146111207604349e+02
1.417013831594793203e+02 1.694875971827867147e+02 2.425128395709664630e+02
1.416859685367942348e+02 1.694710112249945269e+02 2.425110680211724627e+02
1.416705539141091492e+02 1.694544252672023390e+02 2.425092964713784909e+02
1.416551392914240353e+02 1.694378393094101796e+02 2.425075249215845190e+02
1.416397246687389497e+02 1.694212533516179917e+02 2.425057533717905187e+02
1.416243100460538642e+02 1.694046673938258039e+02 2.425039818219965468e+02
1.416088954233687787e+02 1.693880814360336160e+02 2.425022102722025750e+02
1.415934808006836931e+02 1.693714954782414281e+02 2.425004387224085747e+02
1.415780661779986076e+02 1.693549095204492403e+02 2.424986671726146028e+02
1.415626515553135221e+02 1.693383235626570524e+02 2.424968956228206025e+02
1.415472369326284365e+02 1.693217376048648646e+02 2.424951240730266306e+02
1.415318223099433226e+02 1.693051516470727051e+02 2.424933525232326588e+02
1.415164076872582370e+02 1.692885656892805173e+02 2.424915809734386585e+02
1.415009930645731515e+02 1.692719797314883294e+02 2.424898094236446866e+02
1.414855784418880660e+02 1.692553937736961416e+02 2.424880378738507147e+02
1.414701638192029804e+02 1.692388078159039537e+02 2.424862663240567144e+02
1.414547491965178949e+02 1.692222218581117659e+02 2.424844947742627426e+02
1.414393345738328094e+02 1.692056359003195780e+02 2.424827232244687707e+02
1.414239199511477239e+02 1.691890499425273902e+02 2.424809516746747704e+02
1.414085053284626099e+02 1.691724639847352307e+02 2.424791801248807985e+02
1.413930907057775244e+02 1.691558780269430429e+02 2.424774085750868267e+02
1.413776760830924388e+02 1.691392920691508550e+02 2.424756370252928264e+02
1.413622614604073533e+02 1.691227061113586672e+02 2.424738654754988545e+02
1.413468468377222678e+02 1.691061201535664793e+02 2.424720939257048542e+02
1.413314322150371822e+02 1.690895341957742914e+02 2.424703223759108823e+02
1.413160175923520967e+02 1.690729482379821036e+02 2.424685508261169105e+02
1.413006029696670112e+02 1.690563622801899157e+02 2.424667792763229102e+02
1.412851883469818972e+02 1.690397763223977563e+02 2.424650077265289383e+02
1.412697737242968117e+02 1.690231903646055684e+02 2.424632361767349664e+02
1.412543591016117261e+02 1.690066044068133806e+02 2.424614646269409661e+02
1.412389444789266406e+02 1.689900184490211927e+02 2.424596930771469943e+02
1.412389444789266406e+02 1.689900184490211927e+02 2.424596930771469943e+02
1.412232975845097656e+02 1.689731825695008922e+02 2.424578948331583490e+02
1.412076506900928905e+02 1.689563466899805917e+02 2.424560965891697037e+02
1.411920037956759870e+02 1.689395108104602912e+02 2.424542983451810585e+02
1.411763569012591120e+02 1.689226749309399622e+02 2.424525001011924132e+02
1.411607100068422369e+02 1.689058390514196617e+02 2.424507018572037680e+02
1.411450631124253619e+02 1.688890031718993612e+02 2.424489036132151227e+02
1.411294162180084868e+02 1.688721672923790607e+02 2.424471053692264775e+02
1.411137693235916117e+02 1.688553314128587601e+02 2.424453071252378322e+02
1.410981224291747083e+02 1.688384955333384596e+02 2.424435088812491870e+02
1.410824755347578332e+02 1.688216596538181591e+02 2.424417106372605417e+02
1.410668286403409581e+02 1.688048237742978586e+02 2.424399123932719249e+02
1.410511817459240831e+02 1.687879878947775296e+02 2.424381141492832796e+02
1.410355348515072080e+02 1.687711520152572291e+02 2.424363159052946344e+02
1.410198879570903046e+02 1.687543161357369286e+02 2.424345176613059891e+02
1.410042410626734295e+02 1.687374802562166280e+02 2.424327194173173439e+02
1.409885941682565544e+02 1.687206443766963275e+02 2.424309211733286986e+02
1.409729472738396794e+02 1.687038084971760270e+02 2.424291229293400534e+02
1.409573003794228043e+02 1.686869726176557265e+02 2.424273246853514081e+02
1.409416534850059293e+02 1.686701367381353975e+02 2.424255264413627629e+02
1.409260065905890258e+02 1.686533008586150970e+02 2.424237281973741176e+02
1.409103596961721507e+02 1.686364649790947965e+02 2.424219299533854723e+02
1.408947128017552757e+02 1.686196290995744960e+02 2.424201317093968271e+02
1.408947128017552757e+02 1.686196290995744960e+02 2.424201317093968271e+02
1.408773402932147292e+02 1.686009364789840390e+02 2.424181351464867475e+02
1.408599677846742111e+02 1.685822438583935536e+02 2.424161385835766680e+02
1.408425952761336646e+02 1.685635512378030967e+02 2.424141420206665885e+02
1.408252227675931465e+02 1.685448586172126113e+02 2.424121454577565089e+02
1.408078502590526000e+02 1.685261659966221544e+02 2.424101488948464294e+02
1.407904777505120819e+02 1.685074733760316690e+02 2.424081523319363498e+02
1.407731052419715354e+02 1.684887807554412120e+02 2.424061557690262703e+02
1.407557327334310173e+02 1.684700881348507266e+02 2.424041592061161907e+02
1.407383602248904708e+02 1.684513955142602697e+02 2.424021626432061112e+02
1.407209877163499527e+02 1.684327028936697843e+02 2.424001660802960316e+02
1.407036152078094062e+02 1.684140102730793274e+02 2.423981695173859521e+02
1.406862426992688881e+02 1.683953176524888420e+02 2.423961729544758725e+02
1.406688701907283416e+02 1.683766250318983850e+02 2.423941763915657930e+02
1.406514976821878236e+02 1.683579324113078997e+02 2.423921798286557134e+02
1.406341251736472771e+02 1.683392397907174427e+02 2.423901832657456339e+02
1.406341251736472771e+02 1.683392397907174427e+02 2.423901832657456339e+02
1.406093465604045036e+02 1.683125782861325206e+02 2.423873355445861648e+02
1.405845679471617302e+02 1.682859167815475701e+02 2.423844878234267242e+02
1.405597893339189568e+02 1.682592552769626479e+02 2.423816401022672551e+02
1.405350107206761834e+02 1.682325937723777258e+02 2.423787923811077860e+02
1.405102321074334100e+02 1.682059322677927753e+02 2.423759446599483454e+02
1.404854534941906081e+02 1.681792707632078532e+02 2.423730969387888763e+02
1.404606748809478347e+02 1.681526092586229026e+02 2.423702492176294356e+02
1.404358962677050613e+02 1.681259477540379805e+02 2.423674014964699666e+02
1.404111176544622879e+02 1.680992862494530584e+02 2.423645537753104975e+02
1.403863390412195145e+02 1.680726247448681079e+02 2.423617060541510568e+02
1.403615604279767410e+02 1.680459632402831858e+02 2.423588583329915878e+02
1.403615604279767410e+02 1.680459632402831858e+02 2.423588583329915878e+02
1.403078630095014603e+02 1.680319409634817021e+02 2.423533932142356946e+02
1.402541655910261795e+02 1.680179186866802468e+02 2.423479280954798014e+02
1.402004681725508988e+02 1.680038964098787631e+02 2.423424629767238798e+02
1.401467707540756180e+02 1.679898741330773078e+02 2.423369978579679866e+02
1.400930733356003373e+02 1.679758518562758240e+02 2.423315327392120935e+02
1.400393759171250849e+02 1.679618295794743403e+02 2.423260676204562003e+02
1.399856784986498042e+02 1.679478073026728850e+02 2.423206025017003071e+02
1.399319810801745234e+02 1.679337850258714013e+02 2.423151373829444140e+02
1.398782836616992427e+02 1.679197627490699460e+02 2.423096722641885208e+02
1.398245862432239619e+02 1.679057404722684623e+02 2.423042071454325992e+02
1.397708888247486811e+02 1.678917181954670070e+02 2.422987420266767060e+02
1.397171914062734004e+02 1.678776959186655233e+02 2.422932769079208128e+02
1.397171914062734004e+02 1.678776959186655233e+02 2.422932769079208128e+02
1.396993264386284466e+02 1.678701166875623869e+02 2.423152815058741965e+02
1.396814614709834927e+02 1.678625374564592505e+02 2.423372861038275801e+02
1.396635965033385389e+02 1.678549582253560857e+02 2.423592907017809637e+02
1.396457315356935851e+02 1.678473789942529493e+02 2.423812952997343757e+02
1.396278665680486313e+02 1.678397997631498129e+02 2.424032998976877593e+02
1.396100016004036775e+02 1.678322205320466765e+02 2.424253044956411429e+02
1.395921366327587236e+02 1.678246413009435116e+02 2.424473090935945265e+02
1.395742716651137698e+02 1.678170620698403752e+02 2.424693136915479101e+02
1.395564066974688160e+02 1.678094828387372388e+02 2.424913182895012937e+02
1.395385417298238622e+02 1.678019036076341024e+02 2.425133228874546774e+02
1.395206767621788799e+02 1.677943243765309376e+02 2.425353274854080894e+02
1.395028117945339261e+02 1.677867451454278012e+02 2.425573320833614730e+02
1.394849468268889723e+02 1.677791659143246648e+02 2.425793366813148566e+02
1.394670818592440185e+02 1.677715866832215283e+02 2.426013412792682402e+02
1.394492168915990646e+02 1.677640074521183635e+02 2.426233458772216238e+02
1.394313519239541108e+02 1.677564282210152271e+02 2.426453504751750074e+02
1.394134869563091570e+02 1.677488489899120907e+02 2.426673550731283910e+02
1.393956219886642032e+02 1.677412697588089543e+02 2.426893596710818031e+02
1.393777570210192494e+02 1.677336905277057895e+02 2.427113642690351867e+02
1.393598920533742955e+02 1.677261112966026531e+02 2.427333688669885703e+02
1.393420270857293417e+02 1.677185320654995166e+02 2.427553734649419539e+02
1.393420270857293417e+02 1.677185320654995166e+02 2.427553734649419539e+02
1.393171185254867908e+02 1.677079645829114440e+02 2.427860537810011579e+02
1.392922099652442682e+02 1.676973971003233430e+02 2.428167340970603902e+02
1.392673014050017173e+02 1.676868296177352704e+02 2.428474144131195942e+02
1.392423928447591663e+02 1.676762621351471694e+02 2.428780947291787982e+02
1.392174842845166438e+02 1.676656946525590968e+02 2.429087750452380305e+02
1.391925757242740929e+02 1.676551271699709957e+02 2.429394553612972345e+02
1.391676671640315419e+02 1.676445596873829231e+02 2.429701356773564385e+02
1.391427586037890194e+02 1.676339922047948221e+02 2.430008159934156708e+02
1.391178500435464684e+02 1.676234247222067495e+02 2.430314963094748748e+02
1.390929414833039175e+02 1.676128572396186485e+02 2.430621766255340788e+02
1.390680329230613665e+02 1.676022897570305759e+02 2.430928569415932827e+02
1.390431243628188440e+02 1.675917222744424748e+02 2.431235372576525151e+02
1.390182158025762931e+02 1.675811547918544022e+02 2.431542175737117191e+02
1.389933072423337421e+02 1.675705873092663012e+02 2.431848978897709230e+02
1.389683986820912196e+02 1.675600198266782286e+02 2.432155782058301554e+02
1.389434901218486687e+02 1.675494523440901276e+02 2.432462585218893594e+02
1.389185815616061177e+02 1.675388848615020549e+02 2.432769388379485633e+02
1.388936730013635952e+02 1.675283173789139539e+02 2.433076191540077957e+02
1.388687644411210442e+02 1.675177498963258813e+02 2.433382994700669997e+02
1.388687644411210442e+02 1.675177498963258813e+02 2.433382994700669997e+02
1.388695083761097067e+02 1.675016616163116225e+02 2.433778034100730849e+02
1.388702523110983975e+02 1.674855733362973638e+02 2.434173073500791986e+02
1.388709962460870599e+02 1.674694850562831050e+02 2.434568112900852839e+02
1.388717401810757224e+02 1.674533967762688462e+02 2.434963152300913976e+02
1.388724841160643848e+02 1.674373084962545875e+02 2.435358191700974828e+02
1.388732280510530757e+02 1.674212202162403287e+02 2.435753231101035681e+02
1.388739719860417381e+02 1.674051319362260699e+02 2.436148270501096817e+02
1.388747159210304005e+02 1.673890436562118111e+02 2.436543309901157670e+02
1.388754598560190914e+02 1.673729553761975524e+02 2.436938349301218807e+02
1.388762037910077538e+02 1.673568670961832936e+02 2.437333388701279659e+02
1.388769477259964162e+02 1.673407788161690348e+02 2.437728428101340796e+02
1.388776916609850787e+02 1.673246905361547761e+02 2.438123467501401649e+02
1.388784355959737695e+02 1.673086022561405173e+02 2.438518506901462501e+02
1.388791795309624320e+02 1.672925139761262585e+02 2.438913546301523638e+02
1.388799234659510944e+02 1.672764256961119997e+02 2.439308585701584491e+02
1.388806674009397852e+02 1.672603374160977410e+02 2.439703625101645628e+02
1.388814113359284477e+02 1.672442491360834822e+02 2.440098664501706480e+02
1.388821552709171101e+02 1.672281608560692234e+02 2.440493703901767617e+02
1.388828992059058010e+02 1.672120725760549647e+02 2.440888743301828470e+02
1.388836431408944634e+02 1.671959842960407059e+02 2.441283782701889322e+02
1.388843870758831258e+02 1.671798960160264471e+02 2.441678822101950459e+02
1.388851310108717882e+02 1.671638077360121883e+02 2.442073861502011312e+02
1.388858749458604791e+02 1.671477194559979296e+02 2.442468900902072448e+02
1.388866188808491415e+02 1.671316311759836708e+02 2.442863940302133301e+02
1.388866188808491415e+02 1.671316311759836708e+02 2.442863940302133301e+02
1.388751831693044494e+02 1.671381101929847830e+02 2.443018599780364184e+02
1.388637474577597288e+02 1.671445892099858952e+02 2.443173259258595067e+02
1.388523117462150367e+02 1.671510682269870358e+02 2.443327918736825950e+02
1.388408760346703446e+02 1.671575472439881480e+02 2.443482578215056833e+02
1.388294403231256524e+02 1.671640262609892602e+02 2.443637237693287716e+02
1.388180046115809319e+02 1.671705052779903724e+02 2.443791897171518883e+02
1.388065689000362397e+02 1.671769842949915130e+02 2.443946556649749766e+02
1.387951331884915476e+02 1.671834633119926252e+02 2.444101216127980649e+02
1.387836974769468554e+02 1.671899423289937374e+02 2.444255875606211532e+02
1.387722617654021349e+02 1.671964213459948496e+02 2.444410535084442415e+02
1.387608260538574427e+02 1.672029003629959902e+02 2.444565194562673298e+02
1.387493903423127506e+02 1.672093793799971024e+02 2.444719854040904181e+02
1.387379546307680300e+02 1.672158583969982146e+02 2.444874513519135064e+02
1.387265189192233379e+02 1.672223374139993268e+02 2.445029172997365947e+02
1.387150832076786457e+02 1.672288164310004674e+02 2.445183832475596830e+02
1.387036474961339536e+02 1.672352954480015796e+02 2.445338491953827713e+02
1.386922117845892330e+02 1.672417744650026918e+02 2.445493151432058880e+02
1.386807760730445409e+02 1.672482534820038040e+02 2.445647810910289763e+02
1.386693403614998488e+02 1.672547324990049447e+02 2.445802470388520646e+02
1.386579046499551566e+02 1.672612115160060569e+02 2.445957129866751529e+02
1.386464689384104361e+02 1.672676905330071691e+02 2.446111789344982412e+02
1.386350332268657439e+02 1.672741695500082812e+02 2.446266448823213295e+02
1.386235975153210518e+02 1.672806485670094219e+02 2.446421108301444178e+02
1.386121618037763312e+02 1.672871275840105341e+02 2.446575767779675061e+02
1.386007260922316391e+02 1.672936066010116463e+02 2.446730427257905944e+02
1.385892903806869469e+02 1.673000856180127585e+02 2.446885086736136827e+02
1.385778546691422548e+02 1.673065646350138991e+02 2.447039746214367710e+02
1.385664189575975342e+02 1.673130436520150113e+02 2.447194405692598878e+02
1.385549832460528421e+02 1.673195226690161235e+02 2.447349065170829761e+02
1.385435475345081500e+02 1.673260016860172357e+02 2.447503724649060644e+02
1.385321118229634578e+02 1.673324807030183763e+02 2.447658384127291527e+02
1.385206761114187373e+02 1.673389597200194885e+02 2.447813043605522410e+02
1.385092403998740451e+02 1.673454387370206007e+02 2.447967703083753293e+02
1.385092403998740451e+02 1.673454387370206007e+02 2.447967703083753293e+02
1.384806665732558031e+02 1.673457833487104836e+02 2.447987755405505084e+02
1.384520927466375610e+02 1.673461279604003664e+02 2.448007807727257159e+02
1.384235189200193190e+02 1.673464725720902493e+02 2.448027860049008950e+02
1.383949450934010770e+02 1.673468171837801322e+02 2.448047912370761026e+02
1.383663712667828349e+02 1.673471617954700150e+02 2.448067964692512817e+02
1.383377974401645929e+02 1.673475064071598979e+02 2.448088017014264892e+02
1.383092236135463509e+02 1.673478510188497808e+02 2.448108069336016683e+02
1.382806497869281088e+02 1.673481956305396636e+02 2.448128121657768475e+02
1.382520759603098668e+02 1.673485402422295465e+02 2.448148173979520550e+02
1.382235021336916247e+02 1.673488848539194294e+02 2.448168226301272341e+02
1.381949283070734111e+02 1.673492294656093407e+02 2.448188278623024416e+02
1.381663544804551691e+02 1.673495740772992235e+02 2.448208330944776208e+02
1.381377806538369271e+02 1.673499186889891064e+02 2.448228383266528283e+02
1.381092068272186850e+02 1.673502633006789893e+02 2.448248435588280074e+02
1.380806330006004430e+02 1.673506079123688721e+02 2.448268487910031865e+02
1.380520591739822009e+02 1.673509525240587550e+02 2.448288540231783941e+02
1.380234853473639589e+02 1.673512971357486379e+02 2.448308592553535732e+02
1.379949115207457169e+02 1.673516417474385207e+02 2.448328644875287807e+02
1.379663376941274748e+02 1.673519863591284036e+02 2.448348697197039598e+02
1.379377638675092328e+02 1.673523309708182865e+02 2.448368749518791674e+02
1.379091900408909908e+02 1.673526755825081693e+02 2.448388801840543465e+02
1.379091900408909908e+02 1.673526755825081693e+02 2.448388801840543465e+02
1.378675165170281787e+02 1.673380236113627006e+02 2.448405600181817761e+02
1.378258429931653382e+02 1.673233716402172035e+02 2.448422398523092056e+02
1.377841694693025261e+02 1.673087196690717349e+02 2.448439196864366352e+02
1.377424959454396856e+02 1.672940676979262378e+02 2.448455995205640647e+02
1.377008224215768735e+02 1.672794157267807691e+02 2.448472793546914659e+02
1.376591488977140330e+02 1.672647637556352720e+02 2.448489591888188954e+02
1.376174753738512209e+02 1.672501117844898033e+02 2.448506390229463250e+02
1.375758018499883804e+02 1.672354598133443062e+02 2.448523188570737545e+02
1.375341283261255683e+02 1.672208078421988375e+02 2.448539986912011841e+02
1.374924548022627278e+02 1.672061558710533404e+02 2.448556785253286137e+02
1.374507812783999157e+02 1.671915038999078718e+02 2.448573583594560432e+02
1.374091077545370752e+02 1.671768519287623747e+02 2.448590381935834728e+02
1.373674342306742631e+02 1.671621999576169060e+02 2.448607180277109023e+02
1.373257607068114226e+02 1.671475479864714089e+02 2.448623978618383319e+02
1.372840871829486105e+02 1.671328960153259402e+02 2.448640776959657330e+02
1.372424136590857700e+02 1.671182440441804431e+02 2.448657575300931626e+02
1.372007401352229579e+02 1.671035920730349744e+02 2.448674373642205921e+02
1.371590666113601173e+02 1.670889401018894773e+02 2.448691171983480217e+02
1.371173930874973053e+02 1.670742881307440086e+02 2.448707970324754513e+02
1.371173930874973053e+02 1.670742881307440086e+02 2.448707970324754513e+02
1.370868738606539239e+02 1.670736925277958278e+02 2.448851701211378895e+02
1.370563546338105425e+02 1.670730969248476470e+02 2.448995432098003278e+02
1.370258354069671327e+02 1.670725013218994661e+02 2.449139162984627660e+02
1.369953161801237513e+02 1.670719057189512853e+02 2.449282893871252043e+02
1.369647969532803700e+02 1.670713101160030760e+02 2.449426624757876425e+02
1.369342777264369886e+02 1.670707145130548952e+02 2.449570355644500808e+02
1.369037584995935788e+02 1.670701189101067143e+02 2.449714086531125474e+02
1.368732392727501974e+02 1.670695233071585335e+02 2.449857817417749857e+02
1.368427200459068160e+02 1.670689277042103527e+02 2.450001548304374239e+02
1.368122008190634347e+02 1.670683321012621718e+02 2.450145279190998622e+02
1.367816815922200249e+02 1.670677364983139910e+02 2.450289010077623004e+02
1.367511623653766435e+02 1.670671408953658101e+02 2.450432740964247387e+02
1.367206431385332621e+02 1.670665452924176293e+02 2.450576471850871769e+02
1.366901239116898807e+02 1.670659496894694200e+02 2.450720202737496152e+02
1.366596046848464994e+02 1.670653540865212392e+02 2.450863933624120534e+02
1.366290854580030896e+02 1.670647584835730584e+02 2.451007664510744917e+02
1.365985662311597082e+02 1.670641628806248775e+02 2.451151395397369299e+02
1.365680470043163268e+02 1.670635672776766967e+02 2.451295126283993682e+02
1.365375277774729454e+02 1.670629716747285158e+02 2.451438857170618064e+02
1.365070085506295356e+02 1.670623760717803350e+02 2.451582588057242731e+02
1.364764893237861543e+02 1.670617804688321542e+02 2.451726318943867113e+02
1.364459700969427729e+02 1.670611848658839449e+02 2.451870049830491496e+02
1.364154508700993915e+02 1.670605892629357641e+02 2.452013780717115878e+02
1.363849316432559817e+02 1.670599936599875832e+02 2.452157511603740261e+02
1.363544124164126004e+02 1.670593980570394024e+02 2.452301242490364643e+02
1.363238931895692190e+02 1.670588024540912215e+02 2.452444973376989026e+02
1.363238931895692190e+02 1.670588024540912215e+02 2.452444973376989026e+02
1.363037082808705804e+02 1.670379162271185294e+02 2.452611777429623032e+02
1.362835233721719419e+02 1.670170300001458656e+02 2.452778581482256754e+02
1.362633384634733318e+02 1.669961437731731735e+02 2.452945385534890761e+02
1.362431535547746932e+02 1.669752575462005098e+02 2.453112189587524483e+02
1.362229686460760547e+02 1.669543713192278176e+02 2.453278993640158490e+02
1.362027837373774162e+02 1.669334850922551539e+02 2.453445797692792496e+02
1.361825988286787776e+02 1.669125988652824617e+02 2.453612601745426218e+02
1.361624139199801391e+02 1.668917126383097980e+02 2.453779405798060225e+02
1.361422290112815290e+02 1.668708264113371058e+02 2.453946209850693947e+02
1.361220441025828904e+02 1.668499401843644421e+02 2.454113013903327953e+02
1.361018591938842519e+02 1.668290539573917499e+02 2.454279817955961960e+02
1.360816742851856134e+02 1.668081677304190862e+02 2.454446622008595682e+02
1.360614893764869748e+02 1.667872815034463940e+02 2.454613426061229688e+02
1.360413044677883363e+02 1.667663952764737019e+02 2.454780230113863695e+02
1.360211195590897262e+02 1.667455090495010381e+02 2.454947034166497417e+02
1.360009346503910876e+02 1.667246228225283460e+02 2.455113838219131424e+02
1.359807497416924491e+02 1.667037365955556822e+02 2.455280642271765146e+02
1.359605648329938106e+02 1.666828503685829901e+02 2.455447446324399152e+02
1.359403799242951720e+02 1.666619641416103264e+02 2.455614250377033159e+02
1.359201950155965619e+02 1.666410779146376342e+02 2.455781054429666881e+02
1.359000101068979234e+02 1.666201916876649705e+02 2.455947858482300887e+02
1.358798251981992848e+02 1.665993054606922783e+02 2.456114662534934610e+02
1.358596402895006463e+02 1.665784192337196146e+02 2.456281466587568616e+02
1.358394553808020078e+02 1.665575330067469224e+02 2.456448270640202622e+02
1.358192704721033692e+02 1.665366467797742587e+02 2.456615074692836345e+02
1.357990855634047591e+02 1.665157605528015665e+02 2.456781878745470351e+02
1.357789006547061206e+02 1.664948743258289028e+02 2.456948682798104073e+02
1.357587157460074820e+02 1.664739880988562106e+02 2.457115486850738080e+02
1.357587157460074820e+02 1.664739880988562106e+02 2.457115486850738080e+02
1.357445494602155804e+02 1.664509815247683093e+02 2.457293416318694312e+02
1.357303831744236788e+02 1.664279749506803796e+02 2.457471345786650545e+02
1.357162168886318057e+02 1.664049683765924783e+02 2.457649275254606778e+02
1.357020506028399041e+02 1.663819618025045486e+02 2.457827204722563010e+02
1.356878843170480025e+02 1.663589552284166473e+02 2.458005134190519243e+02
1.356737180312561009e+02 1.663359486543287176e+02 2.458183063658475476e+02
1.356595517454641993e+02 1.663129420802408163e+02 2.458360993126431708e+02
1.356453854596723261e+02 1.662899355061528865e+02 2.458538922594387941e+02
1.356312191738804245e+02 1.662669289320649852e+02 2.458716852062344174e+02
1.356170528880885229e+02 1.662439223579770555e+02 2.458894781530300406e+02
1.356028866022966213e+02 1.662209157838891542e+02 2.459072710998256639e+02
1.355887203165047197e+02 1.661979092098012245e+02 2.459250640466212872e+02
1.355745540307128465e+02 1.661749026357133232e+02 2.459428569934169104e+02
1.355603877449209449e+02 1.661518960616253935e+02 2.459606499402125337e+02
1.355462214591290433e+02 1.661288894875374922e+02 2.459784428870081570e+02
1.355320551733371417e+02 1.661058829134495909e+02 2.459962358338037518e+02
1.355178888875452401e+02 1.660828763393616612e+02 2.460140287805993751e+02
1.355037226017533669e+02 1.660598697652737599e+02 2.460318217273949983e+02
1.354895563159614653e+02 1.660368631911858301e+02 2.460496146741906216e+02
1.354753900301695637e+02 1.660138566170979288e+02 2.460674076209862449e+02
1.354612237443776621e+02 1.659908500430099991e+02 2.460852005677818681e+02
1.354470574585857605e+02 1.659678434689220978e+02 2.461029935145774914e+02
1.354328911727938873e+02 1.659448368948341681e+02 2.461207864613731147e+02
1.354187248870019857e+02 1.659218303207462668e+02 2.461385794081687379e+02
1.354045586012100841e+02 1.658988237466583371e+02 2.461563723549643612e+02
1.353903923154181825e+02 1.658758171725704358e+02 2.461741653017599845e+02
1.353762260296262809e+02 1.658528105984825061e+02 2.461919582485556077e+02
1.353620597438344078e+02 1.658298040243946048e+02 2.462097511953512310e+02
1.353478934580425062e+02 1.658067974503066750e+02 2.462275441421468543e+02
1.353337271722506046e+02 1.657837908762187737e+02 2.462453370889424775e+02
1.353337271722506046e+02 1.657837908762187737e+02 2.462453370889424775e+02
1.353040461039860816e+02 1.657733553258868540e+02 2.462465335145572851e+02
1.352743650357215301e+02 1.657629197755549342e+02 2.462477299401721211e+02
1.352446839674570072e+02 1.657524842252230144e+02 2.462489263657869287e+02
1.352150028991924557e+02 1.657420486748910946e+02 2.462501227914017647e+02
1.351853218309279328e+02 1.657316131245591748e+02 2.462513192170165723e+02
1.351556407626633813e+02 1.657211775742272550e+02 2.462525156426313799e+02
1.351259596943988583e+02 1.657107420238953353e+02 2.462537120682462159e+02
1.350962786261343069e+02 1.657003064735633870e+02 2.462549084938610235e+02
1.350665975578697839e+02 1.656898709232314673e+02 2.462561049194758311e+02
1.350369164896052325e+02 1.656794353728995475e+02 2.462573013450906672e+02
1.350072354213407095e+02 1.656689998225676277e+02 2.462584977707054747e+02
1.349775543530761865e+02 1.656585642722357079e+02 2.462596941963203108e+02
1.349478732848116351e+02 1.656481287219037881e+02 2.462608906219351184e+02
1.349181922165471121e+02 1.656376931715718683e+02 2.462620870475499260e+02
1.348885111482825607e+02 1.656272576212399485e+02 2.462632834731647620e+02
1.348588300800180377e+02 1.656168220709080288e+02 2.462644798987795696e+02
1.348291490117534863e+02 1.656063865205761090e+02 2.462656763243944056e+02
1.347994679434889633e+02 1.655959509702441892e+02 2.462668727500092132e+02
1.347697868752244119e+02 1.655855154199122694e+02 2.462680691756240208e+02
1.347401058069598889e+02 1.655750798695803496e+02 2.462692656012388568e+02
1.347104247386953659e+02 1.655646443192484298e+02 2.462704620268536644e+02
1.346807436704308145e+02 1.655542087689165101e+02 2.462716584524685004e+02
1.346510626021662915e+02 1.655437732185845903e+02 2.462728548780833080e+02
1.346213815339017401e+02 1.655333376682526421e+02 2.462740513036981156e+02
1.345917004656372171e+02 1.655229021179207223e+02 2.462752477293129516e+02
1.345620193973726657e+02 1.655124665675888025e+02 2.462764441549277592e+02
1.345323383291081427e+02 1.655020310172568827e+02 2.462776405805425668e+02
1.345026572608435913e+02 1.654915954669249629e+02 2.462788370061574028e+02
1.344729761925790683e+02 1.654811599165930431e+02 2.462800334317722104e+02
1.344432951243145169e+02 1.654707243662611234e+02 2.462812298573870464e+02
1.344136140560499939e+02 1.654602888159292036e+02 2.462824262830018540e+02
1.344136140560499939e+02 1.654602888159292036e+02 2.462824262830018540e+02
1.343892542512730017e+02 1.654590432827340578e+02 2.463130293826941113e+02
1.343648944464959811e+02 1.654577977495389405e+02 2.463436324823863686e+02
1.343405346417189890e+02 1.654565522163437947e+02 2.463742355820786258e+02
1.343161748369419968e+02 1.654553066831486490e+02 2.464048386817708547e+02
1.342918150321649762e+02 1.654540611499535316e+02 2.464354417814631120e+02
1.342674552273879840e+02 1.654528156167583859e+02 2.464660448811553692e+02
1.342430954226109918e+02 1.654515700835632401e+02 2.464966479808476265e+02
1.342187356178339712e+02 1.654503245503681228e+02 2.465272510805398838e+02
1.341943758130569790e+02 1.654490790171729770e+02 2.465578541802321411e+02
1.341700160082799584e+02 1.654478334839778313e+02 2.465884572799243699e+02
1.341456562035029663e+02 1.654465879507827140e+02 2.466190603796166272e+02
1.341212963987259741e+02 1.654453424175875682e+02 2.466496634793088845e+02
1.340969365939489535e+02 1.654440968843924225e+02 2.466802665790011417e+02
1.340725767891719613e+02 1.654428513511973051e+02 2.467108696786933990e+02
1.340482169843949691e+02 1.654416058180021594e+02 2.467414727783856563e+02
1.340238571796179485e+02 1.654403602848070136e+02 2.467720758780778851e+02
1.339994973748409564e+02 1.654391147516118679e+02 2.468026789777701424e+02
1.339751375700639642e+02 1.654378692184167505e+02 2.468332820774623997e+02
1.339507777652869436e+02 1.654366236852216048e+02 2.468638851771546570e+02
1.339264179605099514e+02 1.654353781520264590e+02 2.468944882768469142e+02
1.339020581557329592e+02 1.654341326188313417e+02 2.469250913765391715e+02
1.338776983509559386e+02 1.654328870856361959e+02 2.469556944762314004e+02
1.338533385461789464e+02 1.654316415524410502e+02 2.469862975759236576e+02
1.338289787414019258e+02 1.654303960192459328e+02 2.470169006756159149e+02
1.338046189366249337e+02 1.654291504860507871e+02 2.470475037753081722e+02
1.337802591318479415e+02 1.654279049528556413e+02 2.470781068750004295e+02
1.337558993270709209e+02 1.654266594196605240e+02 2.471087099746926867e+02
1.337315395222939287e+02 1.654254138864653783e+02 2.471393130743849156e+02
1.337071797175169365e+02 1.654241683532702325e+02 2.471699161740771729e+02
1.336828199127399159e+02 1.654229228200751152e+02 2.472005192737694301e+02
1.336584601079629238e+02 1.654216772868799694e+02 2.472311223734616874e+02
1.336584601079629238e+02 1.654216772868799694e+02 2.472311223734616874e+02
1.336356488049857205e+02 1.654331038893548680e+02 2.472475770404919331e+02
1.336128375020085173e+02 1.654445304918297666e+02 2.472640317075221503e+02
1.335900261990312856e+02 1.654559570943046367e+02 2.472804863745523960e+02
1.335672148960540824e+02 1.654673836967795353e+02 2.472969410415826417e+02
1.335444035930768791e+02 1.654788102992544339e+02 2.473133957086128589e+02
1.335215922900996759e+02 1.654902369017293324e+02 2.473298503756431046e+02
1.334987809871224727e+02 1.655016635042042026e+02 2.473463050426733503e+02
1.334759696841452694e+02 1.655130901066791012e+02 2.473627597097035959e+02
1.334531583811680377e+02 1.655245167091539997e+02 2.473792143767338132e+02
1.334303470781908345e+02 1.655359433116288983e+02 2.473956690437640589e+02
1.334075357752136313e+02 1.655473699141037685e+02 2.474121237107943045e+02
1.333847244722364280e+02 1.655587965165786670e+02 2.474285783778245218e+02
1.333619131692592248e+02 1.655702231190535656e+02 2.474450330448547675e+02
1.333391018662819931e+02 1.655816497215284642e+02 2.474614877118850131e+02
1.333162905633047899e+02 1.655930763240033627e+02 2.474779423789152304e+02
1.332934792603275866e+02 1.656045029264782329e+02 2.474943970459454761e+02
1.332706679573503834e+02 1.656159295289531315e+02 2.475108517129757217e+02
1.332478566543731802e+02 1.656273561314280300e+02 2.475273063800059390e+02
1.332250453513959769e+02 1.656387827339029286e+02 2.475437610470361847e+02
1.332022340484187453e+02 1.656502093363777988e+02 2.475602157140664303e+02
1.331794227454415420e+02 1.656616359388526973e+02 2.475766703810966760e+02
1.331566114424643388e+02 1.656730625413275959e+02 2.475931250481268933e+02
1.331338001394871355e+02 1.656844891438024945e+02 2.476095797151571389e+02
1.331109888365099323e+02 1.656959157462773646e+02 2.476260343821873846e+02
1.330881775335327291e+02 1.657073423487522632e+02 2.476424890492176019e+02
1.330653662305554974e+02 1.657187689512271618e+02 2.476589437162478475e+02
1.330425549275782942e+02 1.657301955537020604e+02 2.476753983832780932e+02
1.330197436246010909e+02 1.657416221561769589e+02 2.476918530503083105e+02
1.329969323216238877e+02 1.657530487586518291e+02 2.477083077173385561e+02
1.329741210186466844e+02 1.657644753611267276e+02 2.477247623843688018e+02
1.329513097156694528e+02 1.657759019636016262e+02 2.477412170513990191e+02
1.329284984126922495e+02 1.657873285660765248e+02 2.477576717184292647e+02
1.329056871097150463e+02 1.657987551685513949e+02 2.477741263854595104e+02
1.328828758067378430e+02 1.658101817710262935e+02 2.477905810524897561e+02
1.328600645037606398e+02 1.658216083735011921e+02 2.478070357195199733e+02
1.328372532007834366e+02 1.658330349759760907e+02 2.478234903865502190e+02
1.328144418978062049e+02 1.658444615784509608e+02 2.478399450535804647e+02
1.327916305948290017e+02 1.658558881809258594e+02 2.478563997206106819e+02
1.327688192918517984e+02 1.658673147834007580e+02 2.478728543876409276e+02
1.327688192918517984e+02 1.658673147834007580e+02 2.478728543876409276e+02
1.327498336933934127e+02 1.658768250199071304e+02 2.478865494273900651e+02
1.327308480949349985e+02 1.658863352564135312e+02 2.479002444671392311e+02
1.327118624964766127e+02 1.658958454929199036e+02 2.479139395068883687e+02
1.326928768980182269e+02 1.659053557294262760e+02 2.479276345466375062e+02
1.326738912995598128e+02 1.659148659659326768e+02 2.479413295863866438e+02
1.326549057011014270e+02 1.659243762024390492e+02 2.479550246261358097e+02
1.326359201026430412e+02 1.659338864389454500e+02 2.479687196658849473e+02
1.326169345041846270e+02 1.659433966754518224e+02 2.479824147056340848e+02
1.325979489057262413e+02 1.659529069119581948e+02 2.479961097453832508e+02
1.325789633072678555e+02 1.659624171484645956e+02 2.480098047851323884e+02
1.325599777088094413e+02 1.659719273849709680e+02 2.480234998248815259e+02
1.325409921103510555e+02 1.659814376214773404e+02 2.480371948646306635e+02
1.325220065118926698e+02 1.659909478579837412e+02 2.480508899043798294e+02
1.325030209134342556e+02 1.660004580944901136e+02 2.480645849441289670e+02
1.324840353149758698e+02 1.660099683309965144e+02 2.480782799838781045e+02
1.324650497165174841e+02 1.660194785675028868e+02 2.480919750236272705e+02
1.324460641180590699e+02 1.660289888040092592e+02 2.481056700633764081e+02
1.324270785196006841e+02 1.660384990405156600e+02 2.481193651031255456e+02
1.324080929211422699e+02 1.660480092770220324e+02 2.481330601428746832e+02
1.323891073226838841e+02 1.660575195135284048e+02 2.481467551826238491e+02
1.323701217242254984e+02 1.660670297500348056e+02 2.481604502223729867e+02
1.323511361257670842e+02 1.660765399865411780e+02 2.481741452621221242e+02
1.323321505273086984e+02 1.660860502230475504e+02 2.481878403018712902e+02
1.323131649288503127e+02 1.660955604595539512e+02 2.482015353416204277e+02
1.322941793303918985e+02 1.661050706960603236e+02 2.482152303813695653e+02
1.322751937319335127e+02 1.661145809325667244e+02 2.482289254211187313e+02
1.322562081334751269e+02 1.661240911690730968e+02 2.482426204608678688e+02
1.322372225350167128e+02 1.661336014055794692e+02 2.482563155006170064e+02
1.322182369365583270e+02 1.661431116420858700e+02 2.482700105403661439e+02
1.321992513380999412e+02 1.661526218785922424e+02 2.482837055801153099e+02
1.321802657396415270e+02 1.661621321150986148e+02 2.482974006198644474e+02
1.321612801411831413e+02 1.661716423516050156e+02 2.483110956596135850e+02
1.321422945427247555e+02 1.661811525881113880e+02 2.483247906993627510e+02
1.321233089442663413e+02 1.661906628246177888e+02 2.483384857391118885e+02
1.321043233458079555e+02 1.662001730611241612e+02 2.483521807788610261e+02
1.320853377473495698e+02 1.662096832976305336e+02 2.483658758186101636e+02
1.320663521488911556e+02 1.662191935341369344e+02 2.483795708583593296e+02
1.320473665504327698e+02 1.662287037706433068e+02 2.483932658981084671e+02
1.320473665504327698e+02 1.662287037706433068e+02 2.483932658981084671e+02
1.320347767688215868e+02 1.662564749699987487e+02 2.483941810602103430e+02
1.320221869872104037e+02 1.662842461693541907e+02 2.483950962223121905e+02
1.320095972055991922e+02 1.663120173687096326e+02 2.483960113844140665e+02
1.319970074239880091e+02 1.663397885680650461e+02 2.483969265465159424e+02
1.319844176423768261e+02 1.663675597674204880e+02 2.483978417086178183e+02
1.319718278607656430e+02 1.663953309667759299e+02 2.483987568707196658e+02
1.319592380791544599e+02 1.664231021661313719e+02 2.483996720328215417e+02
1.319466482975432484e+02 1.664508733654868138e+02 2.484005871949234177e+02
1.319340585159320653e+02 1.664786445648422557e+02 2.484015023570252936e+02
1.319214687343208823e+02 1.665064157641976976e+02 2.484024175191271411e+02
1.319088789527096992e+02 1.665341869635531395e+02 2.484033326812290170e+02
1.318962891710985161e+02 1.665619581629085530e+02 2.484042478433308929e+02
1.318836993894873046e+02 1.665897293622639950e+02 2.484051630054327688e+02
1.318711096078761216e+02 1.666175005616194369e+02 2.484060781675346163e+02
1.318585198262649385e+02 1.666452717609748788e+02 2.484069933296364923e+02
1.318459300446537554e+02 1.666730429603303207e+02 2.484079084917383682e+02
1.318333402630425724e+02 1.667008141596857627e+02 2.484088236538402441e+02
1.318207504814313893e+02 1.667285853590412046e+02 2.484097388159420916e+02
1.318081606998201778e+02 1.667563565583966465e+02 2.484106539780439675e+02
1.317955709182089947e+02 1.667841277577520600e+02 2.484115691401458434e+02
1.317829811365978117e+02 1.668118989571075019e+02 2.484124843022477194e+02
1.317703913549866286e+02 1.668396701564629439e+02 2.484133994643495669e+02
1.317578015733754455e+02 1.668674413558183858e+02 2.484143146264514428e+02
1.317452117917642340e+02 1.668952125551738277e+02 2.484152297885533187e+02
1.317326220101530510e+02 1.669229837545292696e+02 2.484161449506551946e+02
1.317200322285418679e+02 1.669507549538847115e+02 2.484170601127570421e+02
1.317074424469306848e+02 1.669785261532401535e+02 2.484179752748589181e+02
1.316948526653195017e+02 1.670062973525955670e+02 2.484188904369607940e+02
1.316822628837082902e+02 1.670340685519510089e+02 2.484198055990626699e+02
1.316696731020971072e+02 1.670618397513064508e+02 2.484207207611645174e+02
1.316570833204859241e+02 1.670896109506618927e+02 2.484216359232663933e+02
1.316570833204859241e+02 1.670896109506618927e+02 2.484216359232663933e+02
1.316328368182844315e+02 1.671072783113003197e+02 2.484300484915971481e+02
1.316085903160829105e+02 1.671249456719387751e+02 2.484384610599279313e+02
1.315843438138814179e+02 1.671426130325772021e+02 2.484468736282586860e+02
1.315600973116799253e+02 1.671602803932156291e+02 2.484552861965894408e+02
1.315358508094784042e+02 1.671779477538540846e+02 2.484636987649202240e+02
1.315116043072769116e+02 1.671956151144925116e+02 2.484721113332509788e+02
1.314873578050754190e+02 1.672132824751309386e+02 2.484805239015817619e+02
1.314631113028738980e+02 1.672309498357693656e+02 2.484889364699125167e+02
1.314388648006724054e+02 1.672486171964078210e+02 2.484973490382432715e+02
1.314146182984709128e+02 1.672662845570462480e+02 2.485057616065740547e+02
1.313903717962693918e+02 1.672839519176846750e+02 2.485141741749048094e+02
1.313661252940678992e+02 1.673016192783231304e+02 2.485225867432355642e+02
1.313418787918664066e+02 1.673192866389615574e+02 2.485309993115663474e+02
1.313176322896648855e+02 1.673369539995999844e+02 2.485394118798971022e+02
1.312933857874633929e+02 1.673546213602384114e+02 2.485478244482278569e+02
1.312691392852619003e+02 1.673722887208768668e+02 2.485562370165586401e+02
1.312448927830603793e+02 1.673899560815152938e+02 2.485646495848893949e+02
1.312206462808588867e+02 1.674076234421537208e+02 2.485730621532201781e+02
1.311963997786573941e+02 1.674252908027921762e+02 2.485814747215509328e+02
1.311721532764558731e+02 1.674429581634306032e+02 2.485898872898816876e+02
1.311479067742543805e+02 1.674606255240690302e+02 2.485982998582124708e+02
1.311236602720528879e+02 1.674782928847074857e+02 2.486067124265432255e+02
1.310994137698513669e+02 1.674959602453459127e+02 2.486151249948739803e+02
1.310751672676498742e+02 1.675136276059843397e+02 2.486235375632047635e+02
1.310509207654483816e+02 1.675312949666227951e+02 2.486319501315355183e+02
1.310266742632468606e+02 1.675489623272612221e+02 2.486403626998663015e+02
1.310024277610453680e+02 1.675666296878996491e+02 2.486487752681970562e+02
1.309781812588438754e+02 1.675842970485380761e+02 2.486571878365278110e+02
1.309539347566423544e+02 1.676019644091765315e+02 2.486656004048585942e+02
1.309296882544408618e+02 1.676196317698149585e+02 2.486740129731893489e+02
1.309296882544408618e+02 1.676196317698149585e+02 2.486740129731893489e+02
1.309001100327934353e+02 1.676092323792681213e+02 2.486752052531202537e+02
1.308705318111460087e+02 1.675988329887212558e+02 2.486763975330511585e+02
1.308409535894985822e+02 1.675884335981744186e+02 2.486775898129820916e+02
1.308113753678511557e+02 1.675780342076275815e+02 2.486787820929129964e+02
1.307817971462037292e+02 1.675676348170807444e+02 2.486799743728439012e+02
1.307522189245563027e+02 1.675572354265338788e+02 2.486811666527748059e+02
1.307226407029088762e+02 1.675468360359870417e+02 2.486823589327057107e+02
1.306930624812614496e+02 1.675364366454402045e+02 2.486835512126366154e+02
1.306634842596140231e+02 1.675260372548933674e+02 2.486847434925675202e+02
1.306339060379665966e+02 1.675156378643465018e+02 2.486859357724984534e+02
1.306043278163191701e+02 1.675052384737996647e+02 2.486871280524293581e+02
1.305747495946717436e+02 1.674948390832528275e+02 2.486883203323602629e+02
1.305451713730243171e+02 1.674844396927059904e+02 2.486895126122911677e+02
1.305155931513768905e+02 1.674740403021591248e+02 2.486907048922220724e+02
1.304860149297294356e+02 1.674636409116122877e+02 2.486918971721530056e+02
1.304564367080820091e+02 1.674532415210654506e+02 2.486930894520839104e+02
1.304268584864345826e+02 1.674428421305185850e+02 2.486942817320148151e+02
1.303972802647871561e+02 1.674324427399717479e+02 2.486954740119457199e+02
1.303677020431397295e+02 1.674220433494249107e+02 2.486966662918766247e+02
1.303381238214923030e+02 1.674116439588780736e+02 2.486978585718075294e+02
1.303085455998448765e+02 1.674012445683312080e+02 2.486990508517384342e+02
1.302789673781974500e+02 1.673908451777843709e+02 2.487002431316693674e+02
1.302493891565500235e+02 1.673804457872375338e+02 2.487014354116002721e+02
1.302198109349025970e+02 1.673700463966906966e+02 2.487026276915311769e+02
1.301902327132551704e+02 1.673596470061438310e+02 2.487038199714620816e+02
1.301606544916077439e+02 1.673492476155969939e+02 2.487050122513929864e+02
1.301310762699603174e+02 1.673388482250501568e+02 2.487062045313239196e+02
1.301014980483128909e+02 1.673284488345033196e+02 2.487073968112548243e+02
1.300719198266654644e+02 1.673180494439564541e+02 2.487085890911857291e+02
1.300423416050180379e+02 1.673076500534096169e+02 2.487097813711166339e+02
1.300423416050180379e+02 1.673076500534096169e+02 2.487097813711166339e+02
1.300075968848507841e+02 1.672973950516293087e+02 2.487194553254127527e+02
1.299728521646835020e+02 1.672871400498489720e+02 2.487291292797088715e+02
1.299381074445162199e+02 1.672768850480686638e+02 2.487388032340049620e+02
1.299033627243489661e+02 1.672666300462883271e+02 2.487484771883010808e+02
1.298686180041817124e+02 1.672563750445080188e+02 2.487581511425971996e+02
1.298338732840144303e+02 1.672461200427276822e+02 2.487678250968933185e+02
1.297991285638471481e+02 1.672358650409473739e+02 2.487774990511894089e+02
1.297643838436798944e+02 1.672256100391670657e+02 2.487871730054855277e+02
1.297296391235126407e+02 1.672153550373867290e+02 2.487968469597816465e+02
1.296948944033453586e+02 1.672051000356064208e+02 2.488065209140777654e+02
1.296601496831780764e+02 1.671948450338260841e+02 2.488161948683738558e+02
1.296254049630108227e+02 1.671845900320457758e+02 2.488258688226699746e+02
1.295906602428435690e+02 1.671743350302654392e+02 2.488355427769660935e+02
1.295559155226762869e+02 1.671640800284851309e+02 2.488452167312622123e+02
1.295211708025090047e+02 1.671538250267047943e+02 2.488548906855583027e+02
1.294864260823417510e+02 1.671435700249244860e+02 2.488645646398544216e+02
1.294516813621744973e+02 1.671333150231441778e+02 2.488742385941505404e+02
1.294169366420072151e+02 1.671230600213638411e+02 2.488839125484466592e+02
1.293821919218399330e+02 1.671128050195835328e+02 2.488935865027427781e+02
1.293474472016726793e+02 1.671025500178031962e+02 2.489032604570388685e+02
1.293127024815054256e+02 1.670922950160228879e+02 2.489129344113349873e+02
1.292779577613381434e+02 1.670820400142425513e+02 2.489226083656311062e+02
1.292432130411708613e+02 1.670717850124622430e+02 2.489322823199272250e+02
1.292084683210036076e+02 1.670615300106819348e+02 2.489419562742233154e+02
1.291737236008363539e+02 1.670512750089015981e+02 2.489516302285194342e+02
1.291389788806690717e+02 1.670410200071212898e+02 2.489613041828155531e+02
1.291042341605017896e+02 1.670307650053409532e+02 2.489709781371116719e+02
1.290694894403345359e+02 1.670205100035606449e+02 2.489806520914077623e+02
1.290347447201672821e+02 1.670102550017803082e+02 2.489903260457038812e+02
1.290000000000000000e+02 1.670000000000000000e+02 2.490000000000000000e+02
1.290000000000000000e+02 1.670000000000000000e+02 2.490000000000000000e+02
1.290000000000000000e+02 1.670000000000000000e+02 2.490000000000000000e+02
1.290000000000000000e+02 1.670000000000000000e+02 2.490000000000000000e+02
1.290000000000000000e+02 1.670000000000000000e+02 2.490000000000000000e+02
1.290000000000000000e+02 1.670000000000000000e+02 2.490000000000000000e+02
1.290000000000000000e+02 1.670000000000000000e+02 2.490000000000000000e+02
1.290000000000000000e+02 1.670000000000000000e+02 2.490000000000000000e+02
1.290000000000000000e+02 1.670000000000000000e+02 2.490000000000000000e+02
1.290000000000000000e+02 1.670000000000000000e+02 2.490000000000000000e+02
1.290000000000000000e+02 1.670000000000000000e+02 2.490000000000000000e+02
1.290000000000000000e+02 1.670000000000000000e+02 2.490000000000000000e+02
1.290000000000000000e+02 1.670000000000000000e+02 2.490000000000000000e+02
1.290000000000000000e+02 1.670000000000000000e+02 2.490000000000000000e+02
1.290000000000000000e+02 1.670000000000000000e+02 2.490000000000000000e+02
1.290000000000000000e+02 1.670000000000000000e+02 2.490000000000000000e+02
1.290000000000000000e+02 1.670000000000000000e+02 2.490000000000000000e+02
1.290000000000000000e+02 1.670000000000000000e+02 2.490000000000000000e+02
1.290000000000000000e+02 1.670000000000000000e+02 2.490000000000000000e+02
1.290000000000000000e+02 1.670000000000000000e+02 2.490000000000000000e+02
1.290000000000000000e+02 1.670000000000000000e+02 2.490000000000000000e+02
1.290000000000000000e+02 1.670000000000000000e+02 2.490000000000000000e+02
1.290000000000000000e+02 1.670000000000000000e+02 2.490000000000000000e+02
1.290000000000000000e+02 1.670000000000000000e+02 2.490000000000000000e+02
1.290000000000000000e+02 1.670000000000000000e+02 2.490000000000000000e+02
1.290000000000000000e+02 1.670000000000000000e+02 2.490000000000000000e+02
1.290000000000000000e+02 1.670000000000000000e+02 2.490000000000000000e+02
1.290000000000000000e+02 1.670000000000000000e+02 2.490000000000000000e+02
1.290000000000000000e+02 1.670000000000000000e+02 2.490000000000000000e+02
1.290000000000000000e+02 1.670000000000000000e+02 2.490000000000000000e+02
1.290000000000000000e+02 1.670000000000000000e+02 2.490000000000000000e+02
1.290000000000000000e+02 1.670000000000000000e+02 2.490000000000000000e+02
1.290000000000000000e+02 1.670000000000000000e+02 2.490000000000000000e+02
1.290000000000000000e+02 1.670000000000000000e+02 2.490000000000000000e+02
1.290000000000000000e+02 1.670000000000000000e+02 2.490000000000000000e+02
1.290000000000000000e+02 1.670000000000000000e+02 2.490000000000000000e+02
1.290000000000000000e+02 1.670000000000000000e+02 2.490000000000000000e+02
1.290000000000000000e+02 1.670000000000000000e+02 2.490000000000000000e+02
1.290000000000000000e+02 1.670000000000000000e+02 2.490000000000000000e+02
1.289715575580501365e+02 1.669896870496788210e+02 2.490078116556008752e+02
1.289431151161002731e+02 1.669793740993576421e+02 2.490156233112017219e+02
1.289146726741504381e+02 1.669690611490364631e+02 2.490234349668025970e+02
1.288862302322005746e+02 1.669587481987152842e+02 2.490312466224034722e+02
1.288577877902507112e+02 1.669484352483941052e+02 2.490390582780043189e+02
1.288293453483008477e+02 1.669381222980729262e+02 2.490468699336051941e+02
1.288009029063510127e+02 1.669278093477517473e+02 2.490546815892060692e+02
1.287724604644011492e+02 1.669174963974305683e+02 2.490624932448069160e+02
1.287440180224512858e+02 1.669071834471093894e+02 2.490703049004077911e+02
1.287155755805014223e+02 1.668968704967882388e+02 2.490781165560086663e+02
1.286871331385515873e+02 1.668865575464670599e+02 2.490859282116095130e+02
1.286586906966017239e+02 1.668762445961458809e+02 2.490937398672103882e+02
1.286302482546518604e+02 1.668659316458247019e+02 2.491015515228112633e+02
1.286018058127019970e+02 1.668556186955035230e+02 2.491093631784121101e+02
1.285733633707521619e+02 1.668453057451823440e+02 2.491171748340129852e+02
1.285449209288022985e+02 1.668349927948611651e+02 2.491249864896138604e+02
1.285164784868524350e+02 1.668246798445399861e+02 2.491327981452147071e+02
1.284880360449025716e+02 1.668143668942188071e+02 2.491406098008155823e+02
1.284595936029527081e+02 1.668040539438976282e+02 2.491484214564164574e+02
1.284311511610028731e+02 1.667937409935764492e+02 2.491562331120173042e+02
1.284027087190530096e+02 1.667834280432552703e+02 2.491640447676181793e+02
1.283742662771031462e+02 1.667731150929340913e+02 2.491718564232190545e+02
1.283458238351532827e+02 1.667628021426129123e+02 2.491796680788199012e+02
1.283173813932034477e+02 1.667524891922917334e+02 2.491874797344207764e+02
1.282889389512535843e+02 1.667421762419705544e+02 2.491952913900216515e+02
1.282604965093037208e+02 1.667318632916493755e+02 2.492031030456224983e+02
1.282320540673538574e+02 1.667215503413282249e+02 2.492109147012233734e+02
1.282036116254040223e+02 1.667112373910070460e+02 2.492187263568242486e+02
1.281751691834541589e+02 1.667009244406858670e+02 2.492265380124250953e+02
1.281467267415042954e+02 1.666906114903646881e+02 2.492343496680259705e+02
1.281182842995544320e+02 1.666802985400435091e+02 2.492421613236268456e+02
1.280898418576045970e+02 1.666699855897223301e+02 2.492499729792276923e+02
1.280613994156547335e+02 1.666596726394011512e+02 2.492577846348285675e+02
1.280329569737048701e+02 1.666493596890799722e+02 2.492655962904294427e+02
1.280045145317550066e+02 1.666390467387587933e+02 2.492734079460302894e+02
1.279760720898051574e+02 1.666287337884376143e+02 2.492812196016311646e+02
1.279760720898051574e+02 1.666287337884376143e+02 2.492812196016311646e+02
1.279577040444014671e+02 1.666048898622030663e+02 2.492883329542962656e+02
1.279393359989977768e+02 1.665810459359685183e+02 2.492954463069613382e+02
1.279209679535940865e+02 1.665572020097339703e+02 2.493025596596264393e+02
1.279025999081903961e+02 1.665333580834993938e+02 2.493096730122915119e+02
1.278842318627867201e+02 1.665095141572648458e+02 2.493167863649566129e+02
1.278658638173830298e+02 1.664856702310302978e+02 2.493238997176216856e+02
1.278474957719793395e+02 1.664618263047957498e+02 2.493310130702867866e+02
1.278291277265756491e+02 1.664379823785612018e+02 2.493381264229518592e+02
1.278107596811719588e+02 1.664141384523266538e+02 2.493452397756169603e+02
1.277923916357682685e+02 1.663902945260921058e+02 2.493523531282820329e+02
1.277740235903645782e+02 1.663664505998575294e+02 2.493594664809471340e+02
1.277556555449608879e+02 1.663426066736229814e+02 2.493665798336122066e+02
1.277372874995572118e+02 1.663187627473884334e+02 2.493736931862773076e+02
1.277189194541535215e+02 1.662949188211538853e+02 2.493808065389423803e+02
1.277005514087498312e+02 1.662710748949193373e+02 2.493879198916074813e+02
1.276821833633461409e+02 1.662472309686847893e+02 2.493950332442725539e+02
1.276638153179424506e+02 1.662233870424502413e+02 2.494021465969376550e+02
1.276454472725387603e+02 1.661995431162156649e+02 2.494092599496027276e+02
1.276270792271350700e+02 1.661756991899811169e+02 2.494163733022678286e+02
1.276087111817313797e+02 1.661518552637465689e+02 2.494234866549329013e+02
1.275903431363277036e+02 1.661280113375120209e+02 2.494306000075980023e+02
1.275719750909240133e+02 1.661041674112774729e+02 2.494377133602630749e+02
1.275536070455203230e+02 1.660803234850429249e+02 2.494448267129281760e+02
1.275352390001166327e+02 1.660564795588083484e+02 2.494519400655932486e+02
1.275168709547129424e+02 1.660326356325738004e+02 2.494590534182583497e+02
1.274985029093092521e+02 1.660087917063392524e+02 2.494661667709234223e+02
1.274801348639055618e+02 1.659849477801047044e+02 2.494732801235885233e+02
1.274617668185018715e+02 1.659611038538701564e+02 2.494803934762535960e+02
1.274433987730981954e+02 1.659372599276356084e+02 2.494875068289186970e+02
1.274250307276945051e+02 1.659134160014010604e+02 2.494946201815837696e+02
1.274066626822908148e+02 1.658895720751664840e+02 2.495017335342488707e+02
1.273882946368871245e+02 1.658657281489319359e+02 2.495088468869139433e+02
1.273699265914834342e+02 1.658418842226973879e+02 2.495159602395790444e+02
1.273515585460797439e+02 1.658180402964628399e+02 2.495230735922441170e+02
1.273331905006760536e+02 1.657941963702282919e+02 2.495301869449092180e+02
1.273148224552723633e+02 1.657703524439937439e+02 2.495373002975742907e+02
1.272964544098686872e+02 1.657465085177591959e+02 2.495444136502393917e+02
1.272780863644649969e+02 1.657226645915246195e+02 2.495515270029044643e+02
1.272597183190613066e+02 1.656988206652900715e+02 2.495586403555695654e+02
1.272413502736576163e+02 1.656749767390555235e+02 2.495657537082346380e+02
1.272229822282539260e+02 1.656511328128209755e+02 2.495728670608997390e+02
1.272229822282539260e+02 1.656511328128209755e+02 2.495728670608997390e+02
1.272239686598551174e+02 1.656355991932495328e+02 2.496003316655674666e+02
1.272249550914563230e+02 1.656200655736780618e+02 2.496277962702351658e+02
1.272259415230575144e+02 1.656045319541066192e+02 2.496552608749028934e+02
1.272269279546587200e+02 1.655889983345351482e+02 2.496827254795705926e+02
1.272279143862599113e+02 1.655734647149637055e+02 2.497101900842383202e+02
1.272289008178611169e+02 1.655579310953922345e+02 2.497376546889060194e+02
1.272298872494623083e+02 1.655423974758207919e+02 2.497651192935737470e+02
1.272308736810635139e+02 1.655268638562493209e+02 2.497925838982414746e+02
1.272318601126647053e+02 1.655113302366778782e+02 2.498200485029091737e+02
1.272328465442659109e+02 1.654957966171064072e+02 2.498475131075769013e+02
1.272338329758671023e+02 1.654802629975349646e+02 2.498749777122446005e+02
1.272348194074683079e+02 1.654647293779634936e+02 2.499024423169123281e+02
1.272358058390694993e+02 1.654491957583920509e+02 2.499299069215800273e+02
1.272367922706707049e+02 1.654336621388206083e+02 2.499573715262477549e+02
1.272377787022718962e+02 1.654181285192491373e+02 2.499848361309154825e+02
1.272387651338731018e+02 1.654025948996776947e+02 2.500123007355831817e+02
1.272397515654742932e+02 1.653870612801062236e+02 2.500397653402509093e+02
1.272407379970754988e+02 1.653715276605347810e+02 2.500672299449186085e+02
1.272417244286766902e+02 1.653559940409633100e+02 2.500946945495863361e+02
1.272427108602778958e+02 1.653404604213918674e+02 2.501221591542540352e+02
1.272436972918790872e+02 1.653249268018203963e+02 2.501496237589217628e+02
1.272446837234802928e+02 1.653093931822489537e+02 2.501770883635894620e+02
1.272456701550814842e+02 1.652938595626774827e+02 2.502045529682571896e+02
1.272466565866826897e+02 1.652783259431060401e+02 2.502320175729249172e+02
1.272476430182838811e+02 1.652627923235345975e+02 2.502594821775926164e+02
1.272486294498850867e+02 1.652472587039631264e+02 2.502869467822603440e+02
1.272496158814862781e+02 1.652317250843916838e+02 2.503144113869280432e+02
1.272506023130874837e+02 1.652161914648202128e+02 2.503418759915957708e+02
1.272515887446886751e+02 1.652006578452487702e+02 2.503693405962634699e+02
1.272525751762898807e+02 1.651851242256772991e+02 2.503968052009311975e+02
1.272535616078910721e+02 1.651695906061058565e+02 2.504242698055989251e+02
1.272545480394922777e+02 1.651540569865343855e+02 2.504517344102666243e+02
1.272555344710934691e+02 1.651385233669629429e+02 2.504791990149343519e+02
1.272565209026946746e+02 1.651229897473914718e+02 2.505066636196020511e+02
1.272575073342958660e+02 1.651074561278200292e+02 2.505341282242697787e+02
1.272584937658970716e+02 1.650919225082485582e+02 2.505615928289374779e+02
1.272594801974982630e+02 1.650763888886771156e+02 2.505890574336052055e+02
1.272594801974982630e+02 1.650763888886771156e+02 2.505890574336052055e+02
1.272592544649543527e+02 1.650449569914510164e+02 2.505913898489006897e+02
1.272590287324104281e+02 1.650135250942249172e+02 2.505937222641962023e+02
1.272588029998665178e+02 1.649820931969987896e+02 2.505960546794917150e+02
1.272585772673225932e+02 1.649506612997726904e+02 2.505983870947871992e+02
1.272583515347786829e+02 1.649192294025465912e+02 2.506007195100826834e+02
1.272581258022347583e+02 1.648877975053204921e+02 2.506030519253781961e+02
1.272579000696908480e+02 1.648563656080943929e+02 2.506053843406737087e+02
1.272576743371469377e+02 1.648249337108682653e+02 2.506077167559691929e+02
1.272574486046030131e+02 1.647935018136421661e+02 2.506100491712646772e+02
1.272572228720591028e+02 1.647620699164160669e+02 2.506123815865601898e+02
1.272569971395151782e+02 1.647306380191899677e+02 2.506147140018557025e+02
1.272567714069712679e+02 1.646992061219638401e+02 2.506170464171511867e+02
1.272565456744273433e+02 1.646677742247377410e+02 2.506193788324466709e+02
1.272563199418834330e+02 1.646363423275116418e+02 2.506217112477421836e+02
1.272560942093395226e+02 1.646049104302855426e+02 2.506240436630376962e+02
1.272558684767955981e+02 1.645734785330594434e+02 2.506263760783331804e+02
1.272556427442516878e+02 1.645420466358333158e+02 2.506287084936286647e+02
1.272554170117077632e+02 1.645106147386072166e+02 2.506310409089241773e+02
1.272551912791638529e+02 1.644791828413811174e+02 2.506333733242196899e+02
1.272549655466199283e+02 1.644477509441550183e+02 2.506357057395151742e+02
1.272547398140760180e+02 1.644163190469288907e+02 2.506380381548106584e+02
1.272545140815321076e+02 1.643848871497027915e+02 2.506403705701061710e+02
1.272542883489881831e+02 1.643534552524766923e+02 2.506427029854016837e+02
1.272540626164442727e+02 1.643220233552505931e+02 2.506450354006971679e+02
1.272538368839003482e+02 1.642905914580244939e+02 2.506473678159926521e+02
1.272536111513564379e+02 1.642591595607983663e+02 2.506497002312881648e+02
1.272533854188125133e+02 1.642277276635722671e+02 2.506520326465836774e+02
1.272531596862686030e+02 1.641962957663461680e+02 2.506543650618791617e+02
1.272531596862686030e+02 1.641962957663461680e+02 2.506543650618791617e+02
1.272753970729331741e+02 1.641736263329267160e+02 2.506544285727793522e+02
1.272976344595977309e+02 1.641509568995072641e+02 2.506544920836795427e+02
1.273198718462622878e+02 1.641282874660878122e+02 2.506545555945797332e+02
1.273421092329268589e+02 1.641056180326683318e+02 2.506546191054799522e+02
1.273643466195914300e+02 1.640829485992488799e+02 2.506546826163801427e+02
1.273865840062559869e+02 1.640602791658294279e+02 2.506547461272803332e+02
1.274088213929205438e+02 1.640376097324099760e+02 2.506548096381805237e+02
1.274310587795851148e+02 1.640149402989905241e+02 2.506548731490807143e+02
1.274532961662496859e+02 1.639922708655710721e+02 2.506549366599809048e+02
1.274755335529142428e+02 1.639696014321516202e+02 2.506550001708810953e+02
1.274977709395787997e+02 1.639469319987321683e+02 2.506550636817813142e+02
1.275200083262433708e+02 1.639242625653126879e+02 2.506551271926815048e+02
1.275422457129079419e+02 1.639015931318932360e+02 2.506551907035816953e+02
1.275644830995724988e+02 1.638789236984737840e+02 2.506552542144818858e+02
1.275867204862370556e+02 1.638562542650543321e+02 2.506553177253820763e+02
1.276089578729016267e+02 1.638335848316348802e+02 2.506553812362822669e+02
1.276311952595661978e+02 1.638109153982154282e+02 2.506554447471824574e+02
1.276534326462307547e+02 1.637882459647959763e+02 2.506555082580826479e+02
1.276756700328953116e+02 1.637655765313764960e+02 2.506555717689828668e+02
1.276979074195598827e+02 1.637429070979570440e+02 2.506556352798830574e+02
1.277201448062244538e+02 1.637202376645375921e+02 2.506556987907832479e+02
1.277423821928890106e+02 1.636975682311181401e+02 2.506557623016834384e+02
1.277423821928890106e+02 1.636975682311181401e+02 2.506557623016834384e+02
1.277594453759549538e+02 1.636822404431455027e+02 2.506326367192135933e+02
1.277765085590208969e+02 1.636669126551728652e+02 2.506095111367437767e+02
1.277935717420868400e+02 1.636515848672002562e+02 2.505863855542739316e+02
1.278106349251527831e+02 1.636362570792276188e+02 2.505632599718041149e+02
1.278276981082187120e+02 1.636209292912549813e+02 2.505401343893342698e+02
1.278447612912846552e+02 1.636056015032823439e+02 2.505170088068644247e+02
1.278618244743505983e+02 1.635902737153097348e+02 2.504938832243946081e+02
1.278788876574165414e+02 1.635749459273370974e+02 2.504707576419247630e+02
1.278959508404824845e+02 1.635596181393644599e+02 2.504476320594549179e+02
1.279130140235484276e+02 1.635442903513918225e+02 2.504245064769851012e+02
1.279300772066143708e+02 1.635289625634191850e+02 2.504013808945152562e+02
1.279471403896803139e+02 1.635136347754465760e+02 2.503782553120454395e+02
1.279642035727462570e+02 1.634983069874739385e+02 2.503551297295755944e+02
1.279812667558121859e+02 1.634829791995013011e+02 2.503320041471057493e+02
1.279983299388781290e+02 1.634676514115286636e+02 2.503088785646359327e+02
1.280153931219440722e+02 1.634523236235560546e+02 2.502857529821660876e+02
1.280324563050100153e+02 1.634369958355834171e+02 2.502626273996962709e+02
1.280495194880759584e+02 1.634216680476107797e+02 2.502395018172264258e+02
1.280495194880759584e+02 1.634216680476107797e+02 2.502395018172264258e+02
1.280723287582740682e+02 1.633984156196208346e+02 2.502395669614497535e+02
1.280951380284721495e+02 1.633751631916308895e+02 2.502396321056730812e+02
1.281179472986702592e+02 1.633519107636409728e+02 2.502396972498964089e+02
1.281407565688683690e+02 1.633286583356510278e+02 2.502397623941197367e+02
1.281635658390664787e+02 1.633054059076610827e+02 2.502398275383430644e+02
1.281863751092645600e+02 1.632821534796711376e+02 2.502398926825663921e+02
1.282091843794626698e+02 1.632589010516811925e+02 2.502399578267897198e+02
1.282319936496607795e+02 1.632356486236912474e+02 2.502400229710130475e+02
1.282548029198588608e+02 1.632123961957013307e+02 2.502400881152363468e+02
1.282776121900569706e+02 1.631891437677113856e+02 2.502401532594596745e+02
1.283004214602550803e+02 1.631658913397214405e+02 2.502402184036830022e+02
1.283232307304531616e+02 1.631426389117314955e+02 2.502402835479063299e+02
1.283460400006512714e+02 1.631193864837415504e+02 2.502403486921296576e+02
1.283688492708493811e+02 1.630961340557516053e+02 2.502404138363529853e+02
1.283916585410474909e+02 1.630728816277616886e+02 2.502404789805763130e+02
1.284144678112455722e+02 1.630496291997717435e+02 2.502405441247996407e+02
1.284372770814436819e+02 1.630263767717817984e+02 2.502406092690229684e+02
1.284372770814436819e+02 1.630263767717817984e+02 2.502406092690229684e+02
1.284606601325296538e+02 1.630025394150036391e+02 2.502406760519883449e+02
1.284840431836156256e+02 1.629787020582254797e+02 2.502407428349537213e+02
1.285074262347015974e+02 1.629548647014472920e+02 2.502408096179190977e+02
1.285308092857875693e+02 1.629310273446691326e+02 2.502408764008844742e+02
1.285541923368735695e+02 1.629071899878909733e+02 2.502409431838498790e+02
1.285775753879595413e+02 1.628833526311128139e+02 2.502410099668152554e+02
1.286009584390455132e+02 1.628595152743346262e+02 2.502410767497806319e+02
1.286243414901314850e+02 1.628356779175564668e+02 2.502411435327460083e+02
1.286477245412174568e+02 1.628118405607783075e+02 2.502412103157113847e+02
1.286711075923034286e+02 1.627880032040001481e+02 2.502412770986767612e+02
1.286944906433894005e+02 1.627641658472219603e+02 2.502413438816421376e+02
1.287178736944753723e+02 1.627403284904438010e+02 2.502414106646075140e+02
1.287412567455613726e+02 1.627164911336656417e+02 2.502414774475729189e+02
1.287646397966473444e+02 1.626926537768874823e+02 2.502415442305382953e+02
1.287880228477333162e+02 1.626688164201092945e+02 2.502416110135036718e+02
1.288114058988192880e+02 1.626449790633311352e+02 2.502416777964690482e+02
1.288347889499052599e+02 1.626211417065529758e+02 2.502417445794344246e+02
1.288347889499052599e+02 1.626211417065529758e+02 2.502417445794344246e+02
1.288573172260719559e+02 1.625981757319841279e+02 2.502418089211271308e+02
1.288798455022386520e+02 1.625752097574152799e+02 2.502418732628198086e+02
1.289023737784053196e+02 1.625522437828464604e+02 2.502419376045125148e+02
1.289249020545720157e+02 1.625292778082776124e+02 2.502420019462052210e+02
1.289474303307387117e+02 1.625063118337087644e+02 2.502420662878979272e+02
1.289699586069054078e+02 1.624833458591399165e+02 2.502421306295906049e+02
1.289924868830720754e+02 1.624603798845710685e+02 2.502421949712833111e+02
1.290150151592387715e+02 1.624374139100022489e+02 2.502422593129760173e+02
1.290375434354054676e+02 1.624144479354334010e+02 2.502423236546686951e+02
1.290600717115721636e+02 1.623914819608645530e+02 2.502423879963614013e+02
1.290825999877388313e+02 1.623685159862957050e+02 2.502424523380541075e+02
1.291051282639055273e+02 1.623455500117268571e+02 2.502425166797468137e+02
1.291276565400722234e+02 1.623225840371580091e+02 2.502425810214394915e+02
1.291501848162389194e+02 1.622996180625891895e+02 2.502426453631321976e+02
1.291727130924055871e+02 1.622766520880203416e+02 2.502427097048249038e+02
1.291952413685722831e+02 1.622536861134514936e+02 2.502427740465175816e+02
1.292177696447389792e+02 1.622307201388826456e+02 2.502428383882102878e+02
1.292402979209056753e+02 1.622077541643137977e+02 2.502429027299029940e+02
1.292628261970723429e+02 1.621847881897449781e+02 2.502429670715957002e+02
1.292853544732390390e+02 1.621618222151761302e+02 2.502430314132883780e+02
1.293078827494057350e+02 1.621388562406072822e+02 2.502430957549810842e+02
1.293078827494057350e+02 1.621388562406072822e+02 2.502430957549810842e+02
1.293300899983694876e+02 1.621162175304293953e+02 2.502431591798067529e+02
1.293522972473332118e+02 1.620935788202515084e+02 2.502432226046324217e+02
1.293745044962969644e+02 1.620709401100735931e+02 2.502432860294580905e+02
1.293967117452606885e+02 1.620483013998957063e+02 2.502433494542837593e+02
1.294189189942244411e+02 1.620256626897178194e+02 2.502434128791094281e+02
1.294411262431881653e+02 1.620030239795399325e+02 2.502434763039350969e+02
1.294633334921519179e+02 1.619803852693620456e+02 2.502435397287607657e+02
1.294855407411156420e+02 1.619577465591841303e+02 2.502436031535864345e+02
1.295077479900793946e+02 1.619351078490062434e+02 2.502436665784121033e+02
1.295299552390431472e+02 1.619124691388283566e+02 2.502437300032377721e+02
1.295521624880068714e+02 1.618898304286504697e+02 2.502437934280634408e+02
1.295743697369706240e+02 1.618671917184725828e+02 2.502438568528891096e+02
1.295965769859343482e+02 1.618445530082946675e+02 2.502439202777147784e+02
1.296187842348981007e+02 1.618219142981167806e+02 2.502439837025404472e+02
1.296409914838618249e+02 1.617992755879388938e+02 2.502440471273661160e+02
1.296631987328255775e+02 1.617766368777610069e+02 2.502441105521917848e+02
1.296854059817893301e+02 1.617539981675831200e+02 2.502441739770174536e+02
1.297076132307530543e+02 1.617313594574052047e+02 2.502442374018431224e+02
1.297298204797168069e+02 1.617087207472273178e+02 2.502443008266687912e+02
1.297520277286805310e+02 1.616860820370494309e+02 2.502443642514944599e+02
1.297742349776442836e+02 1.616634433268715441e+02 2.502444276763201287e+02
1.297964422266080078e+02 1.616408046166936572e+02 2.502444911011457975e+02
1.298186494755717604e+02 1.616181659065157419e+02 2.502445545259714663e+02
1.298408567245354845e+02 1.615955271963378550e+02 2.502446179507971351e+02
1.298630639734992371e+02 1.615728884861599681e+02 2.502446813756228039e+02
1.298630639734992371e+02 1.615728884861599681e+02 2.502446813756228039e+02
1.298944629092664229e+02 1.615725098025324655e+02 2.502424778850960365e+02
1.299258618450336371e+02 1.615721311189049629e+02 2.502402743945692407e+02
1.299572607808008229e+02 1.615717524352774888e+02 2.502380709040424733e+02
1.299886597165680087e+02 1.615713737516499862e+02 2.502358674135156775e+02
1.300200586523352229e+02 1.615709950680224836e+02 2.502336639229889101e+02
1.300514575881024086e+02 1.615706163843949810e+02 2.502314604324621143e+02
1.300828565238695944e+02 1.615702377007674784e+02 2.502292569419353470e+02
1.301142554596367802e+02 1.615698590171399758e+02 2.502270534514085796e+02
1.301456543954039944e+02 1.615694803335125016e+02 2.502248499608817838e+02
1.301770533311711802e+02 1.615691016498849990e+02 2.502226464703550164e+02
1.302084522669383659e+02 1.615687229662574964e+02 2.502204429798282206e+02
1.302398512027055801e+02 1.615683442826299938e+02 2.502182394893014532e+02
1.302712501384727659e+02 1.615679655990024912e+02 2.502160359987746574e+02
1.303026490742399517e+02 1.615675869153749886e+02 2.502138325082478900e+02
1.303340480100071659e+02 1.615672082317475144e+02 2.502116290177210942e+02
1.303654469457743517e+02 1.615668295481200119e+02 2.502094255271943268e+02
1.303968458815415374e+02 1.615664508644925093e+02 2.502072220366675595e+02
1.304282448173087232e+02 1.615660721808650067e+02 2.502050185461407636e+02
1.304596437530759374e+02 1.615656934972375041e+02 2.502028150556139963e+02
1.304910426888431232e+02 1.615653148136100015e+02 2.502006115650872005e+02
1.305224416246103090e+02 1.615649361299825273e+02 2.501984080745604331e+02
1.305538405603775232e+02 1.615645574463550247e+02 2.501962045840336373e+02
1.305852394961447089e+02 1.615641787627275221e+02 2.501940010935068699e+02
1.305852394961447089e+02 1.615641787627275221e+02 2.501940010935068699e+02
1.306018484409789835e+02 1.615492590151115451e+02 2.501714911361315217e+02
1.306184573858132865e+02 1.615343392674955680e+02 2.501489811787561734e+02
1.306350663306475610e+02 1.615194195198795910e+02 2.501264712213808252e+02
1.306516752754818356e+02 1.615044997722636140e+02 2.501039612640054770e+02
1.306682842203161101e+02 1.614895800246476654e+02 2.500814513066301288e+02
1.306848931651504131e+02 1.614746602770316883e+02 2.500589413492547806e+02
1.307015021099846876e+02 1.614597405294157113e+02 2.500364313918794039e+02
1.307181110548189622e+02 1.614448207817997343e+02 2.500139214345040557e+02
1.307347199996532368e+02 1.614299010341837572e+02 2.499914114771287075e+02
1.307513289444875397e+02 1.614149812865677802e+02 2.499689015197533593e+02
1.307679378893218143e+02 1.614000615389518032e+02 2.499463915623780110e+02
1.307845468341560888e+02 1.613851417913358262e+02 2.499238816050026628e+02
1.308011557789903634e+02 1.613702220437198491e+02 2.499013716476273146e+02
1.308177647238246664e+02 1.613553022961039005e+02 2.498788616902519664e+02
1.308343736686589409e+02 1.613403825484879235e+02 2.498563517328766181e+02
1.308509826134932155e+02 1.613254628008719465e+02 2.498338417755012699e+02
1.308675915583274900e+02 1.613105430532559694e+02 2.498113318181259217e+02
1.308842005031617930e+02 1.612956233056399924e+02 2.497888218607505735e+02
1.309008094479960675e+02 1.612807035580240154e+02 2.497663119033752253e+02
1.309174183928303421e+02 1.612657838104080383e+02 2.497438019459998770e+02
1.309340273376646167e+02 1.612508640627920613e+02 2.497212919886245004e+02
1.309506362824989196e+02 1.612359443151760843e+02 2.496987820312491522e+02
1.309672452273331942e+02 1.612210245675601357e+02 2.496762720738738039e+02
1.309838541721674687e+02 1.612061048199441586e+02 2.496537621164984557e+02
1.310004631170017433e+02 1.611911850723281816e+02 2.496312521591231075e+02
1.310170720618360463e+02 1.611762653247122046e+02 2.496087422017477593e+02
1.310336810066703208e+02 1.611613455770962275e+02 2.495862322443724111e+02
1.310336810066703208e+02 1.611613455770962275e+02 2.495862322443724111e+02
1.310501859887937428e+02 1.611465192187607443e+02 2.495638631867479944e+02
1.310666909709171648e+02 1.611316928604252325e+02 2.495414941291235493e+02
1.310831959530405584e+02 1.611168665020897492e+02 2.495191250714991327e+02
1.310997009351639804e+02 1.611020401437542375e+02 2.494967560138746876e+02
1.311162059172874024e+02 1.610872137854187542e+02 2.494743869562502709e+02
1.311327108994108244e+02 1.610723874270832709e+02 2.494520178986258543e+02
1.311492158815342464e+02 1.610575610687477592e+02 2.494296488410014092e+02
1.311657208636576684e+02 1.610427347104122759e+02 2.494072797833769926e+02
1.311822258457810619e+02 1.610279083520767642e+02 2.493849107257525475e+02
1.311987308279044839e+02 1.610130819937412809e+02 2.493625416681281308e+02
1.312152358100279059e+02 1.609982556354057976e+02 2.493401726105037142e+02
1.312317407921513279e+02 1.609834292770702859e+02 2.493178035528792691e+02
1.312482457742747499e+02 1.609686029187348026e+02 2.492954344952548524e+02
1.312647507563981435e+02 1.609537765603992909e+02 2.492730654376304074e+02
1.312812557385215655e+02 1.609389502020638076e+02 2.492506963800059907e+02
1.312977607206449875e+02 1.609241238437282959e+02 2.492283273223815456e+02
1.313142657027684095e+02 1.609092974853928126e+02 2.492059582647571290e+02
1.313307706848918315e+02 1.608944711270573293e+02 2.491835892071327123e+02
1.313472756670152251e+02 1.608796447687218176e+02 2.491612201495082672e+02
1.313637806491386470e+02 1.608648184103863343e+02 2.491388510918838506e+02
1.313802856312620690e+02 1.608499920520508226e+02 2.491164820342594055e+02
1.313967906133854910e+02 1.608351656937153393e+02 2.490941129766349889e+02
1.314132955955089130e+02 1.608203393353798560e+02 2.490717439190105722e+02
1.314298005776323350e+02 1.608055129770443443e+02 2.490493748613861271e+02
1.314463055597557286e+02 1.607906866187088610e+02 2.490270058037617105e+02
1.314628105418791506e+02 1.607758602603733493e+02 2.490046367461372654e+02
1.314793155240025726e+02 1.607610339020378660e+02 2.489822676885128487e+02
1.314793155240025726e+02 1.607610339020378660e+02 2.489822676885128487e+02
1.314655777174087916e+02 1.607470935584942140e+02 2.489573843514579039e+02
1.314518399108150106e+02 1.607331532149505620e+02 2.489325010144029875e+02
1.314381021042212581e+02 1.607192128714069099e+02 2.489076176773480427e+02
1.314243642976274771e+02 1.607052725278632579e+02 2.488827343402931263e+02
1.314106264910336961e+02 1.606913321843195774e+02 2.488578510032381814e+02
1.313968886844399151e+02 1.606773918407759254e+02 2.488329676661832366e+02
1.313831508778461341e+02 1.606634514972322734e+02 2.488080843291283202e+02
1.313694130712523531e+02 1.606495111536886213e+02 2.487832009920733753e+02
1.313556752646586006e+02 1.606355708101449693e+02 2.487583176550184589e+02
1.313419374580648196e+02 1.606216304666013173e+02 2.487334343179635141e+02
1.313281996514710386e+02 1.606076901230576652e+02 2.487085509809085693e+02
1.313144618448772576e+02 1.605937497795140132e+02 2.486836676438536529e+02
1.313007240382834766e+02 1.605798094359703612e+02 2.486587843067987080e+02
1.312869862316896956e+02 1.605658690924266807e+02 2.486339009697437632e+02
1.312732484250959430e+02 1.605519287488830287e+02 2.486090176326888468e+02
1.312595106185021621e+02 1.605379884053393766e+02 2.485841342956339020e+02
1.312457728119083811e+02 1.605240480617957246e+02 2.485592509585789855e+02
1.312320350053146001e+02 1.605101077182520726e+02 2.485343676215240407e+02
1.312182971987208191e+02 1.604961673747084205e+02 2.485094842844690959e+02
1.312045593921270665e+02 1.604822270311647685e+02 2.484846009474141795e+02
1.311908215855332855e+02 1.604682866876211165e+02 2.484597176103592346e+02
1.311770837789395046e+02 1.604543463440774644e+02 2.484348342733043182e+02
1.311633459723457236e+02 1.604404060005338124e+02 2.484099509362493734e+02
1.311496081657519426e+02 1.604264656569901319e+02 2.483850675991944286e+02
1.311358703591581616e+02 1.604125253134464799e+02 2.483601842621395122e+02
1.311221325525644090e+02 1.603985849699028279e+02 2.483353009250845673e+02
1.311083947459706280e+02 1.603846446263591758e+02 2.483104175880296509e+02
1.310946569393768470e+02 1.603707042828155238e+02 2.482855342509747061e+02
1.310946569393768470e+02 1.603707042828155238e+02 2.482855342509747061e+02
1.311028419771485289e+02 1.603579746684733323e+02 2.482577741841972454e+02
1.311110270149202393e+02 1.603452450541311123e+02 2.482300141174197847e+02
1.311192120526919211e+02 1.603325154397889207e+02 2.482022540506422956e+02
1.311273970904636315e+02 1.603197858254467292e+02 2.481744939838648349e+02
1.311355821282353133e+02 1.603070562111045376e+02 2.481467339170873743e+02
1.311437671660070237e+02 1.602943265967623461e+02 2.481189738503098852e+02
1.311519522037787056e+02 1.602815969824201261e+02 2.480912137835324245e+02
1.311601372415504159e+02 1.602688673680779345e+02 2.480634537167549638e+02
1.311683222793220978e+02 1.602561377537357430e+02 2.480356936499775031e+02
1.311765073170938081e+02 1.602434081393935230e+02 2.480079335832000424e+02
1.311846923548654900e+02 1.602306785250513315e+02 2.479801735164225533e+02
1.311928773926372003e+02 1.602179489107091399e+02 2.479524134496450927e+02
1.312010624304088822e+02 1.602052192963669484e+02 2.479246533828676320e+02
1.312092474681805925e+02 1.601924896820247568e+02 2.478968933160901429e+02
1.312174325059522744e+02 1.601797600676825368e+02 2.478691332493126822e+02
1.312256175437239563e+02 1.601670304533403453e+02 2.478413731825352215e+02
1.312338025814956666e+02 1.601543008389981537e+02 2.478136131157577609e+02
1.312419876192673485e+02 1.601415712246559337e+02 2.477858530489803002e+02
1.312501726570390588e+02 1.601288416103137422e+02 2.477580929822028111e+02
1.312583576948107407e+02 1.601161119959715506e+02 2.477303329154253504e+02
1.312665427325824510e+02 1.601033823816293591e+02 2.477025728486478897e+02
1.312747277703541329e+02 1.600906527672871675e+02 2.476748127818704006e+02
1.312829128081258432e+02 1.600779231529449476e+02 2.476470527150929399e+02
1.312910978458975251e+02 1.600651935386027560e+02 2.476192926483154793e+02
1.312992828836692354e+02 1.600524639242605645e+02 2.475915325815380186e+02
1.313074679214409173e+02 1.600397343099183445e+02 2.475637725147605579e+02
1.313156529592126276e+02 1.600270046955761529e+02 2.475360124479830688e+02
1.313238379969843095e+02 1.600142750812339614e+02 2.475082523812056081e+02
1.313238379969843095e+02 1.600142750812339614e+02 2.475082523812056081e+02
1.313478039324212148e+02 1.599935771422655080e+02 2.475039704454069067e+02
1.313717698678581201e+02 1.599728792032970546e+02 2.474996885096081769e+02
1.313957358032950253e+02 1.599521812643286012e+02 2.474954065738094755e+02
1.314197017387319306e+02 1.599314833253601478e+02 2.474911246380107741e+02
1.314436676741688359e+02 1.599107853863916944e+02 2.474868427022120443e+02
1.314676336096057412e+02 1.598900874474232410e+02 2.474825607664133429e+02
1.314915995450426465e+02 1.598693895084547876e+02 2.474782788306146415e+02
1.315155654804795518e+02 1.598486915694863058e+02 2.474739968948159117e+02
1.315395314159164570e+02 1.598279936305178524e+02 2.474697149590172103e+02
1.315634973513533623e+02 1.598072956915493990e+02 2.474654330232185089e+02
1.315874632867902676e+02 1.597865977525809456e+02 2.474611510874197791e+02
1.316114292222271729e+02 1.597658998136124922e+02 2.474568691516210777e+02
1.316353951576640782e+02 1.597452018746440388e+02 2.474525872158223763e+02
1.316593610931009835e+02 1.597245039356755854e+02 2.474483052800236464e+02
1.316833270285378603e+02 1.597038059967071320e+02 2.474440233442249450e+02
1.317072929639747656e+02 1.596831080577386786e+02 2.474397414084262152e+02
1.317312588994116709e+02 1.596624101187702252e+02 2.474354594726275138e+02
1.317552248348485762e+02 1.596417121798017718e+02 2.474311775368288124e+02
1.317791907702854814e+02 1.596210142408333184e+02 2.474268956010300826e+02
1.318031567057223867e+02 1.596003163018648650e+02 2.474226136652313812e+02
1.318271226411592920e+02 1.595796183628964116e+02 2.474183317294326798e+02
1.318510885765961973e+02 1.595589204239279297e+02 2.474140497936339500e+02
1.318750545120331026e+02 1.595382224849594763e+02 2.474097678578352486e+02
1.318990204474700079e+02 1.595175245459910229e+02 2.474054859220365472e+02
1.319229863829069131e+02 1.594968266070225695e+02 2.474012039862378174e+02
1.319469523183438184e+02 1.594761286680541161e+02 2.473969220504391160e+02
1.319709182537807237e+02 1.594554307290856627e+02 2.473926401146404146e+02
1.319948841892176290e+02 1.594347327901172093e+02 2.473883581788416848e+02
1.320188501246545343e+02 1.594140348511487559e+02 2.473840762430429834e+02
