1.259969765992160546e+02 1.810847706691860139e+02 1.934132195659876174e+02
1.259637072826923117e+02 1.810664480429799710e+02 1.934256038058400406e+02
1.259304379661685687e+02 1.810481254167739280e+02 1.934379880456924639e+02
1.258971686496448399e+02 1.810298027905678850e+02 1.934503722855449155e+02
1.258638993331210969e+02 1.810114801643618421e+02 1.934627565253973387e+02
1.258306300165973539e+02 1.809931575381557991e+02 1.934751407652497619e+02
1.257973607000736109e+02 1.809748349119497561e+02 1.934875250051021851e+02
1.257640913835498679e+02 1.809565122857437132e+02 1.934999092449546083e+02
1.257308220670261392e+02 1.809381896595376702e+02 1.935122934848070599e+02
1.256975527505023962e+02 1.809198670333316272e+02 1.935246777246594831e+02
1.256642834339786532e+02 1.809015444071255843e+02 1.935370619645119064e+02
1.256310141174549102e+02 1.808832217809195697e+02 1.935494462043643296e+02
1.255977448009311672e+02 1.808648991547135267e+02 1.935618304442167528e+02
1.255644754844074384e+02 1.808465765285074838e+02 1.935742146840692044e+02
1.255312061678836955e+02 1.808282539023014408e+02 1.935865989239216276e+02
1.254979368513599525e+02 1.808099312760953978e+02 1.935989831637740508e+02
1.254646675348362095e+02 1.807916086498893549e+02 1.936113674036264740e+02
1.254313982183124665e+02 1.807732860236833119e+02 1.936237516434788972e+02
1.253981289017887377e+02 1.807549633974772689e+02 1.936361358833313489e+02
1.253648595852649947e+02 1.807366407712712260e+02 1.936485201231837721e+02
1.253315902687412517e+02 1.807183181450651830e+02 1.936609043630361953e+02
1.253315902687412517e+02 1.807183181450651830e+02 1.936609043630361953e+02
1.253108528193147038e+02 1.806831194593607393e+02 1.936598418189383040e+02
1.252901153698881416e+02 1.806479207736563239e+02 1.936587792748403842e+02
1.252693779204615936e+02 1.806127220879518802e+02 1.936577167307424929e+02
1.252486404710350456e+02 1.805775234022474365e+02 1.936566541866446016e+02
1.252279030216084834e+02 1.805423247165429927e+02 1.936555916425466819e+02
1.252071655721819354e+02 1.805071260308385774e+02 1.936545290984487906e+02
1.251864281227553732e+02 1.804719273451341337e+02 1.936534665543508993e+02
1.251656906733288253e+02 1.804367286594296900e+02 1.936524040102529796e+02
1.251449532239022773e+02 1.804015299737252747e+02 1.936513414661550883e+02
1.251242157744757151e+02 1.803663312880208309e+02 1.936502789220571970e+02
1.251034783250491671e+02 1.803311326023163872e+02 1.936492163779592772e+02
1.250827408756226191e+02 1.802959339166119435e+02 1.936481538338613859e+02
1.250620034261960569e+02 1.802607352309075281e+02 1.936470912897634946e+02
1.250412659767695089e+02 1.802255365452030844e+02 1.936460287456656033e+02
1.250205285273429610e+02 1.801903378594986407e+02 1.936449662015676836e+02
1.249997910779163988e+02 1.801551391737941969e+02 1.936439036574697923e+02
1.249790536284898508e+02 1.801199404880897816e+02 1.936428411133719010e+02
1.249583161790633028e+02 1.800847418023853379e+02 1.936417785692739812e+02
1.249375787296367406e+02 1.800495431166808942e+02 1.936407160251760899e+02
1.249168412802101926e+02 1.800143444309764789e+02 1.936396534810781986e+02
1.248961038307836304e+02 1.799791457452720351e+02 1.936385909369802789e+02
1.248753663813570824e+02 1.799439470595675914e+02 1.936375283928823876e+02
1.248546289319305345e+02 1.799087483738631477e+02 1.936364658487844963e+02
1.248338914825039723e+02 1.798735496881587324e+02 1.936354033046865766e+02
1.248131540330774243e+02 1.798383510024542886e+02 1.936343407605886853e+02
1.248131540330774243e+02 1.798383510024542886e+02 1.936343407605886853e+02
1.247927687735204785e+02 1.798209087732661544e+02 1.936157287300608800e+02
1.247723835139635327e+02 1.798034665440779918e+02 1.935971166995330748e+02
1.247519982544065869e+02 1.797860243148898576e+02 1.935785046690052695e+02
1.247316129948496410e+02 1.797685820857017234e+02 1.935598926384774643e+02
1.247112277352926952e+02 1.797511398565135607e+02 1.935412806079496306e+02
1.246908424757357636e+02 1.797336976273254265e+02 1.935226685774218254e+02
1.246704572161788178e+02 1.797162553981372923e+02 1.935040565468940201e+02
1.246500719566218720e+02 1.796988131689491297e+02 1.934854445163662149e+02
1.246296866970649262e+02 1.796813709397609955e+02 1.934668324858384096e+02
1.246093014375079804e+02 1.796639287105728613e+02 1.934482204553106044e+02
1.245889161779510346e+02 1.796464864813846987e+02 1.934296084247827991e+02
1.245685309183940888e+02 1.796290442521965645e+02 1.934109963942549939e+02
1.245481456588371429e+02 1.796116020230084303e+02 1.933923843637271602e+02
1.245277603992801971e+02 1.795941597938202676e+02 1.933737723331993550e+02
1.245073751397232513e+02 1.795767175646321334e+02 1.933551603026715497e+02
1.244869898801663055e+02 1.795592753354439992e+02 1.933365482721437445e+02
1.244666046206093739e+02 1.795418331062558366e+02 1.933179362416159393e+02
1.244462193610524281e+02 1.795243908770677024e+02 1.932993242110881340e+02
1.244258341014954823e+02 1.795069486478795682e+02 1.932807121805603288e+02
1.244054488419385365e+02 1.794895064186914055e+02 1.932621001500325235e+02
1.243850635823815907e+02 1.794720641895032713e+02 1.932434881195046898e+02
1.243646783228246449e+02 1.794546219603151371e+02 1.932248760889768846e+02
1.243442930632676990e+02 1.794371797311269745e+02 1.932062640584490794e+02
1.243239078037107532e+02 1.794197375019388403e+02 1.931876520279212741e+02
1.243035225441538074e+02 1.794022952727507061e+02 1.931690399973934689e+02
1.242831372845968616e+02 1.793848530435625435e+02 1.931504279668656636e+02
1.242627520250399158e+02 1.793674108143744093e+02 1.931318159363378584e+02
1.242423667654829842e+02 1.793499685851862750e+02 1.931132039058100531e+02
1.242219815059260384e+02 1.793325263559981124e+02 1.930945918752822195e+02
1.242015962463690926e+02 1.793150841268099782e+02 1.930759798447544142e+02
1.241812109868121468e+02 1.792976418976218440e+02 1.930573678142266090e+02
1.241608257272552009e+02 1.792801996684336814e+02 1.930387557836988037e+02
1.241404404676982551e+02 1.792627574392455472e+02 1.930201437531709985e+02
1.241404404676982551e+02 1.792627574392455472e+02 1.930201437531709985e+02
1.241339632359414935e+02 1.792520604110915485e+02 1.929783677936792685e+02
1.241274860041847319e+02 1.792413633829375499e+02 1.929365918341875386e+02
1.241210087724279703e+02 1.792306663547835512e+02 1.928948158746958086e+02
1.241145315406711944e+02 1.792199693266295526e+02 1.928530399152040786e+02
1.241080543089144328e+02 1.792092722984755540e+02 1.928112639557123487e+02
1.241015770771576712e+02 1.791985752703215553e+02 1.927694879962206187e+02
1.240950998454009095e+02 1.791878782421675567e+02 1.927277120367288887e+02
1.240886226136441479e+02 1.791771812140135580e+02 1.926859360772371588e+02
1.240821453818873863e+02 1.791664841858595594e+02 1.926441601177454288e+02
1.240756681501306247e+02 1.791557871577055607e+02 1.926023841582536988e+02
1.240691909183738488e+02 1.791450901295515621e+02 1.925606081987619689e+02
1.240627136866170872e+02 1.791343931013975634e+02 1.925188322392702389e+02
1.240562364548603256e+02 1.791236960732435648e+02 1.924770562797785090e+02
1.240497592231035640e+02 1.791129990450895662e+02 1.924352803202867790e+02
1.240432819913468023e+02 1.791023020169355675e+02 1.923935043607950490e+02
1.240368047595900407e+02 1.790916049887815689e+02 1.923517284013033191e+02
1.240303275278332649e+02 1.790809079606275418e+02 1.923099524418115891e+02
1.240238502960765032e+02 1.790702109324735432e+02 1.922681764823198591e+02
1.240173730643197416e+02 1.790595139043195445e+02 1.922264005228281292e+02
1.240108958325629800e+02 1.790488168761655459e+02 1.921846245633363992e+02
1.240044186008062184e+02 1.790381198480115472e+02 1.921428486038446692e+02
1.239979413690494567e+02 1.790274228198575486e+02 1.921010726443529393e+02
1.239914641372926951e+02 1.790167257917035499e+02 1.920592966848612093e+02
1.239849869055359193e+02 1.790060287635495513e+02 1.920175207253694794e+02
1.239785096737791577e+02 1.789953317353955526e+02 1.919757447658777494e+02
1.239720324420223960e+02 1.789846347072415540e+02 1.919339688063860194e+02
1.239655552102656344e+02 1.789739376790875554e+02 1.918921928468942895e+02
1.239590779785088728e+02 1.789632406509335567e+02 1.918504168874025595e+02
1.239526007467521111e+02 1.789525436227795581e+02 1.918086409279108295e+02
1.239461235149953495e+02 1.789418465946255594e+02 1.917668649684190996e+02
1.239396462832385737e+02 1.789311495664715608e+02 1.917250890089273696e+02
1.239331690514818121e+02 1.789204525383175621e+02 1.916833130494356396e+02
1.239266918197250504e+02 1.789097555101635635e+02 1.916415370899439097e+02
1.239202145879682888e+02 1.788990584820095648e+02 1.915997611304521797e+02
1.239202145879682888e+02 1.788990584820095648e+02 1.915997611304521797e+02
1.239313032778496364e+02 1.788900346766812675e+02 1.915844908949136993e+02
1.239423919677309840e+02 1.788810108713529985e+02 1.915692206593752189e+02
1.239534806576123458e+02 1.788719870660247011e+02 1.915539504238367385e+02
1.239645693474936934e+02 1.788629632606964037e+02 1.915386801882982581e+02
1.239756580373750410e+02 1.788539394553681348e+02 1.915234099527597778e+02
1.239867467272563886e+02 1.788449156500398374e+02 1.915081397172212974e+02
1.239978354171377362e+02 1.788358918447115684e+02 1.914928694816827885e+02
1.240089241070190837e+02 1.788268680393832710e+02 1.914775992461443082e+02
1.240200127969004313e+02 1.788178442340549736e+02 1.914623290106058278e+02
1.240311014867817931e+02 1.788088204287267047e+02 1.914470587750673474e+02
1.240421901766631407e+02 1.787997966233984073e+02 1.914317885395288670e+02
1.240532788665444883e+02 1.787907728180701383e+02 1.914165183039903866e+02
1.240643675564258359e+02 1.787817490127418409e+02 1.914012480684519062e+02
1.240754562463071835e+02 1.787727252074135436e+02 1.913859778329134258e+02
1.240865449361885453e+02 1.787637014020852746e+02 1.913707075973749454e+02
1.240976336260698929e+02 1.787546775967569772e+02 1.913554373618364650e+02
1.241087223159512405e+02 1.787456537914286798e+02 1.913401671262979846e+02
1.241198110058325881e+02 1.787366299861004109e+02 1.913248968907594758e+02
1.241308996957139357e+02 1.787276061807721135e+02 1.913096266552209954e+02
1.241419883855952833e+02 1.787185823754438161e+02 1.912943564196825150e+02
1.241530770754766309e+02 1.787095585701155471e+02 1.912790861841440346e+02
1.241641657653579927e+02 1.787005347647872497e+02 1.912638159486055542e+02
1.241752544552393402e+02 1.786915109594589808e+02 1.912485457130670738e+02
1.241863431451206878e+02 1.786824871541306834e+02 1.912332754775285935e+02
1.241974318350020354e+02 1.786734633488023860e+02 1.912180052419901131e+02
1.242085205248833830e+02 1.786644395434741170e+02 1.912027350064516327e+02
1.242196092147647448e+02 1.786554157381458197e+02 1.911874647709131523e+02
1.242306979046460924e+02 1.786463919328175507e+02 1.911721945353746719e+02
1.242417865945274400e+02 1.786373681274892533e+02 1.911569242998361915e+02
1.242528752844087876e+02 1.786283443221609559e+02 1.911416540642977111e+02
1.242639639742901352e+02 1.786193205168326870e+02 1.911263838287592023e+02
1.242750526641714828e+02 1.786102967115043896e+02 1.911111135932207219e+02
1.242861413540528304e+02 1.786012729061760922e+02 1.910958433576822415e+02
1.242972300439341922e+02 1.785922491008478232e+02 1.910805731221437611e+02
1.243083187338155398e+02 1.785832252955195258e+02 1.910653028866052807e+02
1.243194074236968873e+02 1.785742014901912285e+02 1.910500326510668003e+02
1.243304961135782349e+02 1.785651776848629595e+02 1.910347624155283199e+02
1.243415848034595825e+02 1.785561538795346621e+02 1.910194921799898395e+02
1.243526734933409443e+02 1.785471300742063931e+02 1.910042219444513591e+02
1.243637621832222919e+02 1.785381062688780958e+02 1.909889517089128788e+02
1.243748508731036395e+02 1.785290824635497984e+02 1.909736814733743984e+02
1.243859395629849871e+02 1.785200586582215294e+02 1.909584112378358896e+02
1.243970282528663347e+02 1.785110348528932320e+02 1.909431410022974092e+02
1.244081169427476823e+02 1.785020110475649631e+02 1.909278707667589288e+02
1.244192056326290299e+02 1.784929872422366657e+02 1.909126005312204484e+02
1.244302943225103917e+02 1.784839634369083683e+02 1.908973302956819680e+02
1.244413830123917393e+02 1.784749396315800993e+02 1.908820600601434876e+02
1.244524717022730869e+02 1.784659158262518019e+02 1.908667898246050072e+02
1.244524717022730869e+02 1.784659158262518019e+02 1.908667898246050072e+02
1.244532592112144869e+02 1.784512543574971630e+02 1.908562814713008891e+02
1.244540467201558869e+02 1.784365928887425525e+02 1.908457731179967709e+02
1.244548342290972869e+02 1.784219314199879136e+02 1.908352647646926528e+02
1.244556217380386869e+02 1.784072699512333031e+02 1.908247564113885346e+02
1.244564092469800869e+02 1.783926084824786642e+02 1.908142480580844165e+02
1.244571967559214727e+02 1.783779470137240253e+02 1.908037397047802983e+02
1.244579842648628727e+02 1.783632855449694148e+02 1.907932313514761802e+02
1.244587717738042727e+02 1.783486240762147759e+02 1.907827229981720620e+02
1.244595592827456727e+02 1.783339626074601654e+02 1.907722146448679439e+02
1.244603467916870727e+02 1.783193011387055265e+02 1.907617062915638257e+02
1.244611343006284727e+02 1.783046396699508875e+02 1.907511979382597076e+02
1.244619218095698727e+02 1.782899782011962770e+02 1.907406895849555895e+02
1.244627093185112727e+02 1.782753167324416381e+02 1.907301812316514713e+02
1.244634968274526727e+02 1.782606552636870276e+02 1.907196728783473532e+02
1.244642843363940727e+02 1.782459937949323887e+02 1.907091645250432350e+02
1.244650718453354727e+02 1.782313323261777782e+02 1.906986561717391169e+02
1.244658593542768585e+02 1.782166708574231393e+02 1.906881478184349987e+02
1.244666468632182585e+02 1.782020093886685004e+02 1.906776394651308806e+02
1.244674343721596586e+02 1.781873479199138899e+02 1.906671311118267624e+02
1.244682218811010586e+02 1.781726864511592510e+02 1.906566227585226443e+02
1.244690093900424586e+02 1.781580249824046405e+02 1.906461144052185261e+02
1.244697968989838586e+02 1.781433635136500016e+02 1.906356060519144080e+02
1.244705844079252586e+02 1.781287020448953626e+02 1.906250976986102899e+02
1.244713719168666586e+02 1.781140405761407521e+02 1.906145893453061717e+02
1.244721594258080586e+02 1.780993791073861132e+02 1.906040809920020536e+02
1.244729469347494586e+02 1.780847176386315027e+02 1.905935726386979354e+02
1.244737344436908444e+02 1.780700561698768638e+02 1.905830642853938173e+02
1.244745219526322444e+02 1.780553947011222249e+02 1.905725559320896991e+02
1.244753094615736444e+02 1.780407332323676144e+02 1.905620475787855810e+02
1.244760969705150444e+02 1.780260717636129755e+02 1.905515392254814628e+02
1.244768844794564444e+02 1.780114102948583650e+02 1.905410308721773447e+02
1.244776719883978444e+02 1.779967488261037261e+02 1.905305225188732265e+02
1.244776719883978444e+02 1.779967488261037261e+02 1.905305225188732265e+02
1.244788756071787788e+02 1.779615154818842768e+02 1.905303109916846154e+02
1.244800792259597273e+02 1.779262821376648560e+02 1.905300994644959758e+02
1.244812828447406616e+02 1.778910487934454068e+02 1.905298879373073646e+02
1.244824864635216102e+02 1.778558154492259575e+02 1.905296764101187534e+02
1.244836900823025445e+02 1.778205821050065367e+02 1.905294648829301423e+02
1.244848937010834931e+02 1.777853487607870875e+02 1.905292533557415027e+02
1.244860973198644274e+02 1.777501154165676382e+02 1.905290418285528915e+02
1.244873009386453759e+02 1.777148820723482174e+02 1.905288303013642803e+02
1.244885045574263103e+02 1.776796487281287682e+02 1.905286187741756407e+02
1.244897081762072446e+02 1.776444153839093190e+02 1.905284072469870296e+02
1.244909117949881932e+02 1.776091820396898981e+02 1.905281957197984184e+02
1.244921154137691275e+02 1.775739486954704489e+02 1.905279841926098072e+02
1.244933190325500760e+02 1.775387153512509997e+02 1.905277726654211676e+02
1.244945226513310104e+02 1.775034820070315789e+02 1.905275611382325565e+02
1.244957262701119589e+02 1.774682486628121296e+02 1.905273496110439453e+02
1.244969298888928932e+02 1.774330153185926804e+02 1.905271380838553341e+02
1.244981335076738418e+02 1.773977819743732596e+02 1.905269265566666945e+02
1.244993371264547761e+02 1.773625486301538103e+02 1.905267150294780834e+02
1.244993371264547761e+02 1.773625486301538103e+02 1.905267150294780834e+02
1.244972590349281347e+02 1.773440146703249241e+02 1.904961019033312937e+02
1.244951809434015075e+02 1.773254807104960378e+02 1.904654887771845040e+02
1.244931028518748803e+02 1.773069467506671515e+02 1.904348756510377143e+02
1.244910247603482389e+02 1.772884127908382652e+02 1.904042625248908962e+02
1.244889466688215975e+02 1.772698788310094073e+02 1.903736493987441065e+02
1.244868685772949704e+02 1.772513448711805211e+02 1.903430362725973168e+02
1.244847904857683432e+02 1.772328109113516348e+02 1.903124231464505272e+02
1.244827123942417018e+02 1.772142769515227485e+02 1.902818100203037375e+02
1.244806343027150604e+02 1.771957429916938622e+02 1.902511968941569478e+02
1.244785562111884332e+02 1.771772090318649759e+02 1.902205837680101581e+02
1.244764781196618060e+02 1.771586750720360897e+02 1.901899706418633400e+02
1.244744000281351646e+02 1.771401411122072034e+02 1.901593575157165503e+02
1.244723219366085232e+02 1.771216071523783171e+02 1.901287443895697606e+02
1.244702438450818960e+02 1.771030731925494308e+02 1.900981312634229710e+02
1.244681657535552688e+02 1.770845392327205445e+02 1.900675181372761813e+02
1.244660876620286274e+02 1.770660052728916867e+02 1.900369050111293916e+02
1.244640095705019860e+02 1.770474713130628004e+02 1.900062918849825735e+02
1.244619314789753588e+02 1.770289373532339141e+02 1.899756787588357838e+02
1.244598533874487316e+02 1.770104033934050278e+02 1.899450656326889941e+02
1.244577752959220902e+02 1.769918694335761415e+02 1.899144525065422044e+02
1.244577752959220902e+02 1.769918694335761415e+02 1.899144525065422044e+02
1.244717700228083856e+02 1.769909521795870546e+02 1.898789670384688861e+02
1.244857647496946811e+02 1.769900349255979677e+02 1.898434815703955678e+02
1.244997594765809765e+02 1.769891176716088808e+02 1.898079961023222211e+02
1.245137542034672720e+02 1.769882004176198222e+02 1.897725106342489028e+02
1.245277489303535674e+02 1.769872831636307353e+02 1.897370251661755844e+02
1.245417436572398771e+02 1.769863659096416484e+02 1.897015396981022661e+02
1.245557383841261725e+02 1.769854486556525615e+02 1.896660542300289194e+02
1.245697331110124679e+02 1.769845314016634745e+02 1.896305687619556011e+02
1.245837278378987634e+02 1.769836141476743876e+02 1.895950832938822828e+02
1.245977225647850588e+02 1.769826968936853007e+02 1.895595978258089644e+02
1.246117172916713542e+02 1.769817796396962422e+02 1.895241123577356461e+02
1.246257120185576497e+02 1.769808623857071552e+02 1.894886268896622994e+02
1.246397067454439451e+02 1.769799451317180683e+02 1.894531414215889811e+02
1.246537014723302406e+02 1.769790278777289814e+02 1.894176559535156628e+02
1.246676961992165360e+02 1.769781106237398944e+02 1.893821704854423444e+02
1.246816909261028314e+02 1.769771933697508075e+02 1.893466850173689977e+02
1.246956856529891411e+02 1.769762761157617206e+02 1.893111995492956794e+02
1.247096803798754365e+02 1.769753588617726336e+02 1.892757140812223611e+02
1.247236751067617320e+02 1.769744416077835751e+02 1.892402286131490428e+02
1.247376698336480274e+02 1.769735243537944882e+02 1.892047431450756960e+02
1.247516645605343228e+02 1.769726070998054013e+02 1.891692576770023777e+02
1.247656592874206183e+02 1.769716898458163143e+02 1.891337722089290594e+02
1.247656592874206183e+02 1.769716898458163143e+02 1.891337722089290594e+02
1.247963334195712122e+02 1.769706503245645308e+02 1.891122579565690103e+02
1.248270075517217919e+02 1.769696108033127757e+02 1.890907437042089612e+02
1.248576816838723857e+02 1.769685712820609922e+02 1.890692294518489120e+02
1.248883558160229654e+02 1.769675317608092371e+02 1.890477151994888629e+02
1.249190299481735593e+02 1.769664922395574536e+02 1.890262009471288138e+02
1.249497040803241532e+02 1.769654527183056985e+02 1.890046866947687647e+02
1.249803782124747329e+02 1.769644131970539149e+02 1.889831724424087156e+02
1.250110523446253268e+02 1.769633736758021598e+02 1.889616581900486665e+02
1.250417264767759207e+02 1.769623341545503763e+02 1.889401439376886174e+02
1.250724006089265004e+02 1.769612946332986212e+02 1.889186296853285683e+02
1.251030747410770942e+02 1.769602551120468377e+02 1.888971154329685191e+02
1.251337488732276739e+02 1.769592155907950826e+02 1.888756011806084700e+02
1.251644230053782678e+02 1.769581760695432990e+02 1.888540869282484209e+02
1.251950971375288617e+02 1.769571365482915155e+02 1.888325726758883434e+02
1.252257712696794414e+02 1.769560970270397604e+02 1.888110584235282943e+02
1.252564454018300353e+02 1.769550575057879769e+02 1.887895441711682452e+02
1.252871195339806150e+02 1.769540179845362218e+02 1.887680299188081960e+02
1.253177936661312089e+02 1.769529784632844382e+02 1.887465156664481469e+02
1.253484677982818027e+02 1.769519389420326831e+02 1.887250014140880978e+02
1.253791419304323824e+02 1.769508994207808996e+02 1.887034871617280487e+02
1.254098160625829763e+02 1.769498598995291445e+02 1.886819729093679996e+02
1.254404901947335702e+02 1.769488203782773610e+02 1.886604586570079505e+02
1.254711643268841499e+02 1.769477808570256059e+02 1.886389444046479014e+02
1.255018384590347438e+02 1.769467413357738224e+02 1.886174301522878523e+02
1.255325125911853235e+02 1.769457018145220673e+02 1.885959158999278031e+02
1.255631867233359173e+02 1.769446622932702837e+02 1.885744016475677540e+02
1.255631867233359173e+02 1.769446622932702837e+02 1.885744016475677540e+02
1.255897936144540097e+02 1.769596558472143499e+02 1.885750737052502188e+02
1.256164005055721020e+02 1.769746494011584446e+02 1.885757457629326836e+02
1.256430073966901944e+02 1.769896429551025108e+02 1.885764178206151485e+02
1.256696142878082867e+02 1.770046365090466054e+02 1.885770898782976417e+02
1.256962211789263790e+02 1.770196300629906716e+02 1.885777619359801065e+02
1.257228280700444714e+02 1.770346236169347662e+02 1.885784339936625713e+02
1.257494349611625637e+02 1.770496171708788324e+02 1.885791060513450361e+02
1.257760418522806560e+02 1.770646107248229271e+02 1.885797781090275009e+02
1.258026487433987484e+02 1.770796042787669933e+02 1.885804501667099657e+02
1.258292556345168407e+02 1.770945978327110879e+02 1.885811222243924306e+02
1.258558625256349330e+02 1.771095913866551541e+02 1.885817942820748954e+02
1.258824694167530254e+02 1.771245849405992203e+02 1.885824663397573886e+02
1.259090763078711177e+02 1.771395784945433149e+02 1.885831383974398534e+02
1.259356831989892100e+02 1.771545720484873812e+02 1.885838104551223182e+02
1.259622900901073024e+02 1.771695656024314758e+02 1.885844825128047830e+02
1.259888969812253805e+02 1.771845591563755420e+02 1.885851545704872478e+02
1.260155038723434728e+02 1.771995527103196366e+02 1.885858266281697126e+02
1.260421107634615652e+02 1.772145462642637028e+02 1.885864986858521775e+02
1.260687176545796575e+02 1.772295398182077975e+02 1.885871707435346423e+02
1.260953245456977498e+02 1.772445333721518637e+02 1.885878428012171355e+02
1.261219314368158422e+02 1.772595269260959299e+02 1.885885148588996003e+02
1.261485383279339345e+02 1.772745204800400245e+02 1.885891869165820651e+02
1.261751452190520268e+02 1.772895140339840907e+02 1.885898589742645299e+02
1.262017521101701192e+02 1.773045075879281853e+02 1.885905310319469947e+02
1.262283590012882115e+02 1.773195011418722515e+02 1.885912030896294596e+02
1.262549658924063039e+02 1.773344946958163462e+02 1.885918751473119244e+02
1.262815727835243962e+02 1.773494882497604124e+02 1.885925472049943892e+02
1.263081796746424885e+02 1.773644818037045070e+02 1.885932192626768824e+02
1.263347865657605809e+02 1.773794753576485732e+02 1.885938913203593472e+02
1.263613934568786732e+02 1.773944689115926678e+02 1.885945633780418120e+02
1.263880003479967655e+02 1.774094624655367340e+02 1.885952354357242768e+02
1.263880003479967655e+02 1.774094624655367340e+02 1.885952354357242768e+02
1.264028808872227927e+02 1.774247892237256394e+02 1.885729437722524153e+02
1.264177614264488341e+02 1.774401159819145448e+02 1.885506521087805538e+02
1.264326419656748612e+02 1.774554427401034502e+02 1.885283604453086923e+02
1.264475225049008884e+02 1.774707694982923556e+02 1.885060687818368592e+02
1.264624030441269156e+02 1.774860962564812610e+02 1.884837771183649977e+02
1.264772835833529570e+02 1.775014230146701664e+02 1.884614854548931362e+02
1.264921641225789841e+02 1.775167497728590718e+02 1.884391937914212747e+02
1.265070446618050113e+02 1.775320765310479771e+02 1.884169021279494132e+02
1.265219252010310385e+02 1.775474032892368825e+02 1.883946104644775517e+02
1.265368057402570798e+02 1.775627300474257879e+02 1.883723188010056901e+02
1.265516862794831070e+02 1.775780568056146933e+02 1.883500271375338286e+02
1.265665668187091342e+02 1.775933835638035987e+02 1.883277354740619955e+02
1.265814473579351613e+02 1.776087103219925041e+02 1.883054438105901340e+02
1.265963278971612027e+02 1.776240370801814095e+02 1.882831521471182725e+02
1.266112084363872299e+02 1.776393638383702864e+02 1.882608604836464110e+02
1.266260889756132570e+02 1.776546905965591918e+02 1.882385688201745495e+02
1.266409695148392984e+02 1.776700173547480972e+02 1.882162771567026880e+02
1.266558500540653256e+02 1.776853441129370026e+02 1.881939854932308265e+02
1.266707305932913528e+02 1.777006708711259080e+02 1.881716938297589934e+02
1.266856111325173799e+02 1.777159976293148134e+02 1.881494021662871319e+02
1.267004916717434213e+02 1.777313243875037188e+02 1.881271105028152704e+02
1.267153722109694485e+02 1.777466511456926241e+02 1.881048188393434089e+02
1.267302527501954756e+02 1.777619779038815295e+02 1.880825271758715473e+02
1.267451332894215028e+02 1.777773046620704349e+02 1.880602355123996858e+02
1.267600138286475442e+02 1.777926314202593403e+02 1.880379438489278243e+02
1.267748943678735714e+02 1.778079581784482457e+02 1.880156521854559628e+02
1.267897749070995985e+02 1.778232849366371511e+02 1.879933605219841297e+02
1.268046554463256257e+02 1.778386116948260565e+02 1.879710688585122682e+02
1.268195359855516671e+02 1.778539384530149619e+02 1.879487771950404067e+02
1.268344165247776942e+02 1.778692652112038672e+02 1.879264855315685452e+02
1.268344165247776942e+02 1.778692652112038672e+02 1.879264855315685452e+02
1.268591629337745985e+02 1.778993730444612140e+02 1.878983013363213672e+02
1.268839093427714886e+02 1.779294808777185892e+02 1.878701171410741608e+02
1.269086557517683929e+02 1.779595887109759360e+02 1.878419329458269829e+02
1.269334021607652971e+02 1.779896965442333112e+02 1.878137487505797765e+02
1.269581485697621872e+02 1.780198043774906580e+02 1.877855645553325985e+02
1.269828949787590915e+02 1.780499122107480332e+02 1.877573803600854205e+02
1.270076413877559958e+02 1.780800200440053800e+02 1.877291961648382141e+02
1.270323877967528858e+02 1.781101278772627552e+02 1.877010119695910362e+02
1.270571342057497901e+02 1.781402357105201020e+02 1.876728277743438298e+02
1.270818806147466944e+02 1.781703435437774772e+02 1.876446435790966518e+02
1.271066270237435845e+02 1.782004513770348240e+02 1.876164593838494454e+02
1.271313734327404887e+02 1.782305592102921992e+02 1.875882751886022675e+02
1.271561198417373930e+02 1.782606670435495460e+02 1.875600909933550895e+02
1.271808662507342831e+02 1.782907748768069212e+02 1.875319067981078831e+02
1.272056126597311874e+02 1.783208827100642679e+02 1.875037226028607051e+02
1.272303590687280774e+02 1.783509905433216431e+02 1.874755384076134987e+02
1.272551054777249817e+02 1.783810983765789899e+02 1.874473542123663208e+02
1.272798518867218860e+02 1.784112062098363651e+02 1.874191700171191428e+02
1.273045982957187761e+02 1.784413140430937119e+02 1.873909858218719364e+02
1.273293447047156803e+02 1.784714218763510871e+02 1.873628016266247585e+02
1.273540911137125846e+02 1.785015297096084339e+02 1.873346174313775521e+02
1.273788375227094747e+02 1.785316375428658091e+02 1.873064332361303741e+02
1.274035839317063790e+02 1.785617453761231559e+02 1.872782490408831677e+02
1.274283303407032832e+02 1.785918532093805311e+02 1.872500648456359897e+02
1.274530767497001733e+02 1.786219610426378779e+02 1.872218806503888118e+02
1.274778231586970776e+02 1.786520688758952531e+02 1.871936964551416054e+02
1.275025695676939819e+02 1.786821767091525999e+02 1.871655122598944274e+02
1.275273159766908719e+02 1.787122845424099751e+02 1.871373280646472210e+02
1.275520623856877762e+02 1.787423923756673219e+02 1.871091438694000431e+02
1.275520623856877762e+02 1.787423923756673219e+02 1.871091438694000431e+02
1.275681936899191982e+02 1.787519021079976369e+02 1.870966827740934377e+02
1.275843249941506201e+02 1.787614118403279235e+02 1.870842216787868324e+02
1.276004562983820421e+02 1.787709215726582386e+02 1.870717605834802271e+02
1.276165876026134640e+02 1.787804313049885252e+02 1.870592994881736217e+02
1.276327189068448860e+02 1.787899410373188402e+02 1.870468383928669880e+02
1.276488502110763079e+02 1.787994507696491269e+02 1.870343772975603827e+02
1.276649815153077299e+02 1.788089605019794419e+02 1.870219162022537773e+02
1.276811128195391660e+02 1.788184702343097285e+02 1.870094551069471720e+02
1.276972441237705880e+02 1.788279799666400436e+02 1.869969940116405667e+02
1.277133754280020099e+02 1.788374896989703586e+02 1.869845329163339613e+02
1.277295067322334319e+02 1.788469994313006453e+02 1.869720718210273560e+02
1.277456380364648538e+02 1.788565091636309603e+02 1.869596107257207507e+02
1.277617693406962758e+02 1.788660188959612469e+02 1.869471496304141453e+02
1.277779006449276977e+02 1.788755286282915620e+02 1.869346885351075116e+02
1.277940319491591197e+02 1.788850383606218486e+02 1.869222274398009063e+02
1.278101632533905416e+02 1.788945480929521636e+02 1.869097663444943009e+02
1.278262945576219636e+02 1.789040578252824503e+02 1.868973052491876956e+02
1.278424258618533855e+02 1.789135675576127653e+02 1.868848441538810903e+02
1.278585571660848075e+02 1.789230772899430804e+02 1.868723830585744849e+02
1.278746884703162294e+02 1.789325870222733670e+02 1.868599219632678796e+02
1.278908197745476514e+02 1.789420967546036820e+02 1.868474608679612743e+02
1.279069510787790733e+02 1.789516064869339687e+02 1.868349997726546690e+02
1.279230823830105095e+02 1.789611162192642837e+02 1.868225386773480352e+02
1.279392136872419314e+02 1.789706259515945703e+02 1.868100775820414299e+02
1.279553449914733534e+02 1.789801356839248854e+02 1.867976164867348245e+02
1.279714762957047753e+02 1.789896454162551720e+02 1.867851553914282192e+02
1.279876075999361973e+02 1.789991551485854870e+02 1.867726942961216139e+02
1.280037389041676192e+02 1.790086648809158021e+02 1.867602332008150086e+02
1.280198702083990270e+02 1.790181746132460887e+02 1.867477721055084032e+02
1.280360015126304631e+02 1.790276843455764038e+02 1.867353110102017979e+02
1.280521328168618993e+02 1.790371940779066904e+02 1.867228499148951926e+02
1.280682641210933070e+02 1.790467038102370054e+02 1.867103888195885588e+02
1.280843954253247432e+02 1.790562135425672921e+02 1.866979277242819535e+02
1.281005267295561509e+02 1.790657232748976071e+02 1.866854666289753482e+02
1.281166580337875871e+02 1.790752330072278937e+02 1.866730055336687428e+02
1.281327893380189948e+02 1.790847427395582088e+02 1.866605444383621375e+02
1.281489206422504310e+02 1.790942524718885238e+02 1.866480833430555322e+02
1.281650519464818387e+02 1.791037622042188104e+02 1.866356222477489268e+02
1.281811832507132749e+02 1.791132719365491255e+02 1.866231611524423215e+02
1.281973145549446826e+02 1.791227816688794121e+02 1.866107000571357162e+02
1.282134458591761188e+02 1.791322914012097272e+02 1.865982389618290824e+02
1.282295771634075265e+02 1.791418011335400138e+02 1.865857778665224771e+02
1.282457084676389627e+02 1.791513108658703288e+02 1.865733167712158718e+02
1.282618397718703704e+02 1.791608205982006154e+02 1.865608556759092664e+02
1.282779710761018066e+02 1.791703303305309305e+02 1.865483945806026611e+02
1.282779710761018066e+02 1.791703303305309305e+02 1.865483945806026611e+02
1.282897937113280022e+02 1.791651129502266713e+02 1.865220202849507416e+02
1.283016163465541979e+02 1.791598955699224121e+02 1.864956459892988505e+02
1.283134389817803935e+02 1.791546781896181528e+02 1.864692716936469310e+02
1.283252616170065892e+02 1.791494608093138936e+02 1.864428973979950115e+02
1.283370842522327848e+02 1.791442434290096344e+02 1.864165231023430920e+02
1.283489068874589805e+02 1.791390260487053752e+02 1.863901488066911725e+02
1.283607295226851761e+02 1.791338086684011159e+02 1.863637745110392814e+02
1.283725521579113718e+02 1.791285912880968567e+02 1.863374002153873619e+02
1.283843747931375674e+02 1.791233739077925975e+02 1.863110259197354424e+02
1.283961974283637630e+02 1.791181565274883383e+02 1.862846516240835513e+02
1.284080200635899587e+02 1.791129391471840790e+02 1.862582773284316318e+02
1.284198426988161543e+02 1.791077217668798198e+02 1.862319030327797122e+02
1.284316653340423500e+02 1.791025043865755606e+02 1.862055287371277927e+02
1.284434879692685456e+02 1.790972870062713014e+02 1.861791544414758732e+02
1.284553106044947413e+02 1.790920696259670422e+02 1.861527801458239821e+02
1.284671332397209085e+02 1.790868522456627829e+02 1.861264058501720626e+02
1.284789558749471041e+02 1.790816348653584953e+02 1.861000315545201431e+02
1.284907785101732998e+02 1.790764174850542361e+02 1.860736572588682520e+02
1.285026011453994954e+02 1.790712001047499768e+02 1.860472829632163325e+02
1.285144237806256911e+02 1.790659827244457176e+02 1.860209086675644130e+02
1.285262464158518867e+02 1.790607653441414584e+02 1.859945343719124935e+02
1.285380690510780823e+02 1.790555479638371992e+02 1.859681600762605740e+02
1.285498916863042780e+02 1.790503305835329400e+02 1.859417857806086829e+02
1.285617143215304736e+02 1.790451132032286807e+02 1.859154114849567634e+02
1.285735369567566693e+02 1.790398958229244215e+02 1.858890371893048439e+02
1.285853595919828649e+02 1.790346784426201623e+02 1.858626628936529528e+02
1.285971822272090606e+02 1.790294610623159031e+02 1.858362885980010333e+02
1.286090048624352562e+02 1.790242436820116438e+02 1.858099143023491138e+02
1.286208274976614518e+02 1.790190263017073846e+02 1.857835400066971943e+02
1.286326501328876475e+02 1.790138089214031254e+02 1.857571657110452747e+02
1.286444727681138431e+02 1.790085915410988662e+02 1.857307914153933837e+02
1.286562954033400388e+02 1.790033741607946070e+02 1.857044171197414641e+02
1.286562954033400388e+02 1.790033741607946070e+02 1.857044171197414641e+02
1.286701724236065161e+02 1.789771348036964014e+02 1.856882637920459445e+02
1.286840494438730218e+02 1.789508954465981674e+02 1.856721104643503963e+02
1.286979264641394991e+02 1.789246560894999618e+02 1.856559571366548766e+02
1.287118034844059764e+02 1.788984167324017278e+02 1.856398038089593570e+02
1.287256805046724821e+02 1.788721773753035222e+02 1.856236504812638373e+02
1.287395575249389594e+02 1.788459380182053167e+02 1.856074971535682891e+02
1.287534345452054367e+02 1.788196986611070827e+02 1.855913438258727695e+02
1.287673115654719140e+02 1.787934593040088771e+02 1.855751904981772498e+02
1.287811885857384198e+02 1.787672199469106431e+02 1.855590371704817017e+02
1.287950656060048971e+02 1.787409805898124375e+02 1.855428838427861820e+02
1.288089426262713744e+02 1.787147412327142320e+02 1.855267305150906623e+02
1.288228196465378801e+02 1.786885018756159980e+02 1.855105771873951142e+02
1.288366966668043574e+02 1.786622625185177924e+02 1.854944238596995945e+02
1.288505736870708347e+02 1.786360231614195584e+02 1.854782705320040748e+02
1.288644507073373120e+02 1.786097838043213528e+02 1.854621172043085267e+02
1.288783277276038177e+02 1.785835444472231472e+02 1.854459638766130070e+02
1.288922047478702950e+02 1.785573050901249132e+02 1.854298105489174873e+02
1.289060817681367723e+02 1.785310657330267077e+02 1.854136572212219676e+02
1.289199587884032780e+02 1.785048263759284737e+02 1.853975038935264195e+02
1.289338358086697554e+02 1.784785870188302681e+02 1.853813505658308998e+02
1.289477128289362327e+02 1.784523476617320625e+02 1.853651972381353801e+02
1.289615898492027384e+02 1.784261083046338285e+02 1.853490439104398320e+02
1.289754668694692157e+02 1.783998689475356230e+02 1.853328905827443123e+02
1.289893438897356930e+02 1.783736295904373890e+02 1.853167372550487926e+02
1.290032209100021987e+02 1.783473902333391834e+02 1.853005839273532445e+02
1.290170979302686760e+02 1.783211508762409778e+02 1.852844305996577248e+02
1.290309749505351533e+02 1.782949115191427438e+02 1.852682772719622051e+02
1.290448519708016306e+02 1.782686721620445383e+02 1.852521239442666854e+02
1.290587289910681363e+02 1.782424328049463043e+02 1.852359706165711373e+02
1.290726060113346136e+02 1.782161934478480987e+02 1.852198172888756176e+02
1.290726060113346136e+02 1.782161934478480987e+02 1.852198172888756176e+02
1.290811622323410006e+02 1.782186974314164445e+02 1.851884078944027863e+02
1.290897184533473592e+02 1.782212014149847903e+02 1.851569984999299550e+02
1.290982746743537461e+02 1.782237053985531361e+02 1.851255891054570952e+02
1.291068308953601331e+02 1.782262093821214535e+02 1.850941797109842639e+02
1.291153871163665201e+02 1.782287133656897993e+02 1.850627703165114326e+02
1.291239433373729071e+02 1.782312173492581451e+02 1.850313609220386013e+02
1.291324995583792656e+02 1.782337213328264909e+02 1.849999515275657416e+02
1.291410557793856526e+02 1.782362253163948367e+02 1.849685421330929103e+02
1.291496120003920396e+02 1.782387292999631825e+02 1.849371327386200790e+02
1.291581682213983981e+02 1.782412332835315283e+02 1.849057233441472476e+02
1.291667244424047851e+02 1.782437372670998741e+02 1.848743139496744163e+02
1.291752806634111721e+02 1.782462412506682199e+02 1.848429045552015566e+02
1.291838368844175591e+02 1.782487452342365373e+02 1.848114951607287253e+02
1.291923931054239461e+02 1.782512492178048831e+02 1.847800857662558940e+02
1.292009493264303046e+02 1.782537532013732289e+02 1.847486763717830627e+02
1.292095055474366916e+02 1.782562571849415747e+02 1.847172669773102029e+02
1.292180617684430786e+02 1.782587611685099205e+02 1.846858575828373716e+02
1.292266179894494371e+02 1.782612651520782663e+02 1.846544481883645403e+02
1.292351742104558241e+02 1.782637691356466121e+02 1.846230387938917090e+02
1.292437304314622111e+02 1.782662731192149295e+02 1.845916293994188777e+02
1.292522866524685980e+02 1.782687771027832753e+02 1.845602200049460180e+02
1.292608428734749850e+02 1.782712810863516211e+02 1.845288106104731867e+02
1.292693990944813436e+02 1.782737850699199669e+02 1.844974012160003554e+02
1.292779553154877306e+02 1.782762890534883127e+02 1.844659918215275241e+02
1.292865115364941175e+02 1.782787930370566585e+02 1.844345824270546927e+02
1.292950677575004761e+02 1.782812970206250043e+02 1.844031730325818330e+02
1.293036239785068631e+02 1.782838010041933501e+02 1.843717636381090017e+02
1.293121801995132500e+02 1.782863049877616959e+02 1.843403542436361704e+02
1.293207364205196370e+02 1.782888089713300133e+02 1.843089448491633391e+02
1.293292926415260240e+02 1.782913129548983591e+02 1.842775354546904794e+02
1.293378488625323826e+02 1.782938169384667049e+02 1.842461260602176480e+02
1.293464050835387695e+02 1.782963209220350507e+02 1.842147166657448167e+02
1.293464050835387695e+02 1.782963209220350507e+02 1.842147166657448167e+02
1.293633781355843837e+02 1.783121039035402475e+02 1.842012637374654389e+02
1.293803511876299979e+02 1.783278868850454444e+02 1.841878108091860327e+02
1.293973242396756120e+02 1.783436698665506697e+02 1.841743578809066548e+02
1.294142972917211978e+02 1.783594528480558665e+02 1.841609049526272770e+02
1.294312703437668119e+02 1.783752358295610634e+02 1.841474520243478992e+02
1.294482433958124261e+02 1.783910188110662602e+02 1.841339990960684929e+02
1.294652164478580403e+02 1.784068017925714855e+02 1.841205461677891151e+02
1.294821894999036545e+02 1.784225847740766824e+02 1.841070932395097373e+02
1.294991625519492686e+02 1.784383677555818792e+02 1.840936403112303594e+02
1.295161356039948544e+02 1.784541507370870761e+02 1.840801873829509532e+02
1.295331086560404685e+02 1.784699337185923014e+02 1.840667344546715753e+02
1.295500817080860827e+02 1.784857167000974982e+02 1.840532815263921975e+02
1.295670547601316969e+02 1.785014996816026951e+02 1.840398285981127913e+02
1.295840278121773110e+02 1.785172826631078919e+02 1.840263756698334134e+02
1.296010008642229252e+02 1.785330656446131172e+02 1.840129227415540356e+02
1.296179739162685394e+02 1.785488486261183141e+02 1.839994698132746578e+02
1.296349469683141251e+02 1.785646316076235109e+02 1.839860168849952515e+02
1.296519200203597393e+02 1.785804145891287078e+02 1.839725639567158737e+02
1.296688930724053535e+02 1.785961975706339331e+02 1.839591110284364959e+02
1.296858661244509676e+02 1.786119805521391299e+02 1.839456581001571180e+02
1.297028391764965818e+02 1.786277635336443268e+02 1.839322051718777118e+02
1.297198122285421960e+02 1.786435465151495237e+02 1.839187522435983340e+02
1.297367852805878101e+02 1.786593294966547489e+02 1.839052993153189561e+02
1.297537583326333959e+02 1.786751124781599458e+02 1.838918463870395499e+02
1.297707313846790100e+02 1.786908954596651427e+02 1.838783934587601721e+02
1.297877044367246242e+02 1.787066784411703395e+02 1.838649405304807942e+02
1.298046774887702384e+02 1.787224614226755648e+02 1.838514876022014164e+02
1.298216505408158525e+02 1.787382444041807616e+02 1.838380346739220101e+02
1.298386235928614667e+02 1.787540273856859585e+02 1.838245817456426323e+02
1.298555966449070525e+02 1.787698103671911554e+02 1.838111288173632545e+02
1.298725696969526666e+02 1.787855933486963806e+02 1.837976758890838767e+02
1.298895427489982808e+02 1.788013763302015775e+02 1.837842229608044704e+02
1.299065158010438950e+02 1.788171593117067744e+02 1.837707700325250926e+02
1.299065158010438950e+02 1.788171593117067744e+02 1.837707700325250926e+02
1.299221264740864115e+02 1.788237397710531127e+02 1.837617493615321109e+02
1.299377371471289280e+02 1.788303202303994794e+02 1.837527286905391293e+02
1.299533478201714445e+02 1.788369006897458178e+02 1.837437080195461192e+02
1.299689584932139610e+02 1.788434811490921561e+02 1.837346873485531376e+02
1.299845691662564491e+02 1.788500616084384944e+02 1.837256666775601559e+02
1.300001798392989656e+02 1.788566420677848328e+02 1.837166460065671743e+02
1.300157905123414821e+02 1.788632225271311995e+02 1.837076253355741642e+02
1.300314011853839986e+02 1.788698029864775378e+02 1.836986046645811825e+02
1.300470118584265151e+02 1.788763834458238762e+02 1.836895839935882009e+02
1.300626225314690316e+02 1.788829639051702429e+02 1.836805633225952192e+02
1.300782332045115481e+02 1.788895443645165813e+02 1.836715426516022376e+02
1.300938438775540646e+02 1.788961248238629196e+02 1.836625219806092275e+02
1.301094545505965812e+02 1.789027052832092579e+02 1.836535013096162459e+02
1.301250652236390692e+02 1.789092857425555962e+02 1.836444806386232642e+02
1.301406758966815858e+02 1.789158662019019630e+02 1.836354599676302826e+02
1.301562865697241023e+02 1.789224466612483013e+02 1.836264392966373009e+02
1.301718972427666188e+02 1.789290271205946397e+02 1.836174186256442908e+02
1.301875079158091353e+02 1.789356075799410064e+02 1.836083979546513092e+02
1.302031185888516518e+02 1.789421880392873447e+02 1.835993772836583275e+02
1.302187292618941683e+02 1.789487684986336831e+02 1.835903566126653459e+02
1.302343399349366848e+02 1.789553489579800214e+02 1.835813359416723642e+02
1.302499506079792013e+02 1.789619294173263597e+02 1.835723152706793542e+02
1.302655612810217178e+02 1.789685098766727265e+02 1.835632945996863725e+02
1.302811719540642059e+02 1.789750903360190648e+02 1.835542739286933909e+02
1.302967826271067224e+02 1.789816707953654031e+02 1.835452532577004092e+02
1.303123933001492389e+02 1.789882512547117699e+02 1.835362325867073992e+02
1.303280039731917554e+02 1.789948317140581082e+02 1.835272119157144175e+02
1.303436146462342720e+02 1.790014121734044465e+02 1.835181912447214359e+02
1.303436146462342720e+02 1.790014121734044465e+02 1.835181912447214359e+02
1.303739782367650264e+02 1.790142115173246395e+02 1.835006455591768315e+02
1.304043418272957524e+02 1.790270108612448041e+02 1.834830998736322272e+02
1.304347054178265068e+02 1.790398102051649971e+02 1.834655541880875944e+02
1.304650690083572613e+02 1.790526095490851901e+02 1.834480085025429901e+02
1.304954325988880157e+02 1.790654088930053547e+02 1.834304628169983857e+02
1.305257961894187702e+02 1.790782082369255477e+02 1.834129171314537814e+02
1.305561597799494962e+02 1.790910075808457407e+02 1.833953714459091771e+02
1.305865233704802506e+02 1.791038069247659337e+02 1.833778257603645443e+02
1.306168869610110050e+02 1.791166062686860982e+02 1.833602800748199400e+02
1.306472505515417311e+02 1.791294056126062912e+02 1.833427343892753356e+02
1.306776141420724855e+02 1.791422049565264842e+02 1.833251887037307313e+02
1.307079777326032399e+02 1.791550043004466488e+02 1.833076430181861269e+02
1.307383413231339944e+02 1.791678036443668418e+02 1.832900973326415226e+02
1.307687049136647488e+02 1.791806029882870348e+02 1.832725516470968898e+02
1.307990685041954748e+02 1.791934023322071994e+02 1.832550059615522855e+02
1.308294320947262293e+02 1.792062016761273924e+02 1.832374602760076812e+02
1.308294320947262293e+02 1.792062016761273924e+02 1.832374602760076812e+02
1.308655773735431751e+02 1.792042700655977683e+02 1.832375326698621336e+02
1.309017226523600925e+02 1.792023384550681726e+02 1.832376050637165861e+02
1.309378679311770384e+02 1.792004068445385485e+02 1.832376774575710670e+02
1.309740132099939842e+02 1.791984752340089528e+02 1.832377498514255194e+02
1.310101584888109016e+02 1.791965436234793287e+02 1.832378222452799719e+02
1.310463037676278475e+02 1.791946120129497331e+02 1.832378946391344243e+02
1.310824490464447933e+02 1.791926804024201090e+02 1.832379670329889052e+02
1.311185943252617108e+02 1.791907487918905133e+02 1.832380394268433577e+02
1.311547396040786566e+02 1.791888171813608892e+02 1.832381118206978101e+02
1.311908848828956025e+02 1.791868855708312651e+02 1.832381842145522626e+02
1.312270301617125199e+02 1.791849539603016694e+02 1.832382566084067150e+02
1.312631754405294657e+02 1.791830223497720453e+02 1.832383290022611959e+02
1.312993207193464116e+02 1.791810907392424497e+02 1.832384013961156484e+02
1.313354659981633290e+02 1.791791591287128256e+02 1.832384737899701008e+02
1.313716112769802749e+02 1.791772275181832299e+02 1.832385461838245533e+02
1.314077565557972207e+02 1.791752959076536058e+02 1.832386185776790342e+02
1.314439018346141381e+02 1.791733642971240101e+02 1.832386909715334866e+02
1.314800471134310840e+02 1.791714326865943860e+02 1.832387633653879391e+02
1.314800471134310840e+02 1.791714326865943860e+02 1.832387633653879391e+02
1.315033175273662494e+02 1.791826741251231851e+02 1.832141271044612267e+02
1.315265879413014432e+02 1.791939155636520127e+02 1.831894908435344860e+02
1.315498583552366085e+02 1.792051570021808118e+02 1.831648545826077736e+02
1.315731287691717739e+02 1.792163984407096393e+02 1.831402183216810329e+02
1.315963991831069677e+02 1.792276398792384384e+02 1.831155820607543205e+02
1.316196695970421331e+02 1.792388813177672375e+02 1.830909457998276082e+02
1.316429400109772985e+02 1.792501227562960651e+02 1.830663095389008674e+02
1.316662104249124923e+02 1.792613641948248642e+02 1.830416732779741551e+02
1.316894808388476577e+02 1.792726056333536917e+02 1.830170370170474143e+02
1.317127512527828230e+02 1.792838470718824908e+02 1.829924007561207020e+02
1.317360216667180168e+02 1.792950885104112899e+02 1.829677644951939897e+02
1.317592920806531822e+02 1.793063299489401174e+02 1.829431282342672489e+02
1.317825624945883760e+02 1.793175713874689166e+02 1.829184919733405366e+02
1.318058329085235414e+02 1.793288128259977441e+02 1.828938557124137958e+02
1.318291033224587068e+02 1.793400542645265432e+02 1.828692194514870835e+02
1.318523737363939006e+02 1.793512957030553423e+02 1.828445831905603711e+02
1.318756441503290660e+02 1.793625371415841698e+02 1.828199469296336304e+02
1.318989145642642313e+02 1.793737785801129689e+02 1.827953106687069180e+02
1.319221849781994251e+02 1.793850200186417965e+02 1.827706744077801773e+02
1.319454553921345905e+02 1.793962614571705956e+02 1.827460381468534649e+02
1.319454553921345905e+02 1.793962614571705956e+02 1.827460381468534649e+02
1.319661292756574085e+02 1.794062485674738809e+02 1.827241508185809380e+02
1.319868031591801980e+02 1.794162356777771379e+02 1.827022634903084395e+02
1.320074770427030160e+02 1.794262227880804232e+02 1.826803761620359126e+02
1.320281509262258055e+02 1.794362098983836802e+02 1.826584888337633856e+02
1.320488248097486235e+02 1.794461970086869655e+02 1.826366015054908871e+02
1.320694986932714130e+02 1.794561841189902225e+02 1.826147141772183602e+02
1.320901725767942310e+02 1.794661712292935078e+02 1.825928268489458617e+02
1.321108464603170205e+02 1.794761583395967648e+02 1.825709395206733348e+02
1.321315203438398385e+02 1.794861454499000502e+02 1.825490521924008078e+02
1.321521942273626280e+02 1.794961325602033071e+02 1.825271648641283093e+02
1.321728681108854460e+02 1.795061196705065925e+02 1.825052775358557824e+02
1.321935419944082639e+02 1.795161067808098778e+02 1.824833902075832555e+02
1.322142158779310535e+02 1.795260938911131348e+02 1.824615028793107570e+02
1.322348897614538714e+02 1.795360810014164201e+02 1.824396155510382300e+02
1.322555636449766610e+02 1.795460681117196771e+02 1.824177282227657031e+02
1.322762375284994789e+02 1.795560552220229624e+02 1.823958408944932046e+02
1.322969114120222685e+02 1.795660423323262194e+02 1.823739535662206777e+02
1.323175852955450864e+02 1.795760294426295047e+02 1.823520662379481792e+02
1.323382591790678759e+02 1.795860165529327617e+02 1.823301789096756522e+02
1.323589330625906939e+02 1.795960036632360470e+02 1.823082915814031253e+02
1.323796069461134834e+02 1.796059907735393040e+02 1.822864042531306268e+02
1.324002808296363014e+02 1.796159778838425893e+02 1.822645169248580999e+02
1.324002808296363014e+02 1.796159778838425893e+02 1.822645169248580999e+02
1.324251507693846861e+02 1.796279920190305575e+02 1.822381872546347665e+02
1.324500207091330992e+02 1.796400061542184972e+02 1.822118575844114616e+02
1.324748906488814839e+02 1.796520202894064369e+02 1.821855279141881283e+02
1.324997605886298970e+02 1.796640344245944050e+02 1.821591982439647950e+02
1.325246305283782817e+02 1.796760485597823731e+02 1.821328685737414901e+02
1.325495004681266664e+02 1.796880626949703128e+02 1.821065389035181568e+02
1.325743704078750795e+02 1.797000768301582525e+02 1.820802092332948519e+02
1.325992403476234642e+02 1.797120909653462206e+02 1.820538795630715185e+02
1.326241102873718773e+02 1.797241051005341888e+02 1.820275498928481852e+02
1.326489802271202620e+02 1.797361192357221285e+02 1.820012202226248803e+02
1.326738501668686467e+02 1.797481333709100682e+02 1.819748905524015470e+02
1.326987201066170599e+02 1.797601475060980363e+02 1.819485608821782137e+02
1.327235900463654446e+02 1.797721616412860044e+02 1.819222312119549088e+02
1.327484599861138577e+02 1.797841757764739441e+02 1.818959015417315754e+02
1.327733299258622424e+02 1.797961899116618838e+02 1.818695718715082421e+02
1.327981998656106555e+02 1.798082040468498519e+02 1.818432422012849372e+02
1.328230698053590402e+02 1.798202181820378200e+02 1.818169125310616039e+02
1.328479397451074249e+02 1.798322323172257597e+02 1.817905828608382990e+02
1.328728096848558380e+02 1.798442464524136994e+02 1.817642531906149657e+02
1.328976796246042227e+02 1.798562605876016676e+02 1.817379235203916323e+02
1.329225495643526358e+02 1.798682747227896357e+02 1.817115938501683274e+02
1.329474195041010205e+02 1.798802888579775754e+02 1.816852641799449941e+02
1.329474195041010205e+02 1.798802888579775754e+02 1.816852641799449941e+02
1.329674344952207434e+02 1.799150319398016507e+02 1.816720033737237543e+02
1.329874494863404664e+02 1.799497750216257259e+02 1.816587425675025429e+02
1.330074644774601893e+02 1.799845181034498012e+02 1.816454817612813031e+02
1.330274794685799407e+02 1.800192611852738764e+02 1.816322209550600917e+02
1.330474944596996636e+02 1.800540042670979517e+02 1.816189601488388519e+02
1.330675094508193865e+02 1.800887473489220270e+02 1.816056993426176120e+02
1.330875244419391095e+02 1.801234904307461306e+02 1.815924385363964007e+02
1.331075394330588324e+02 1.801582335125702059e+02 1.815791777301751608e+02
1.331275544241785553e+02 1.801929765943942812e+02 1.815659169239539210e+02
1.331475694152983067e+02 1.802277196762183564e+02 1.815526561177327096e+02
1.331675844064180296e+02 1.802624627580424317e+02 1.815393953115114698e+02
1.331875993975377526e+02 1.802972058398665069e+02 1.815261345052902584e+02
1.332076143886574755e+02 1.803319489216905822e+02 1.815128736990690186e+02
1.332276293797771984e+02 1.803666920035146575e+02 1.814996128928477788e+02
1.332476443708969214e+02 1.804014350853387327e+02 1.814863520866265674e+02
1.332676593620166443e+02 1.804361781671628080e+02 1.814730912804053276e+02
1.332876743531363957e+02 1.804709212489868833e+02 1.814598304741841162e+02
1.333076893442561186e+02 1.805056643308109585e+02 1.814465696679628763e+02
1.333277043353758415e+02 1.805404074126350338e+02 1.814333088617416365e+02
1.333477193264955645e+02 1.805751504944591375e+02 1.814200480555204251e+02
1.333677343176152874e+02 1.806098935762832127e+02 1.814067872492991853e+02
1.333877493087350103e+02 1.806446366581072880e+02 1.813935264430779455e+02
1.334077642998547617e+02 1.806793797399313632e+02 1.813802656368567341e+02
1.334277792909744846e+02 1.807141228217554385e+02 1.813670048306354943e+02
1.334477942820942076e+02 1.807488659035795138e+02 1.813537440244142829e+02
1.334678092732139305e+02 1.807836089854035890e+02 1.813404832181930431e+02
1.334678092732139305e+02 1.807836089854035890e+02 1.813404832181930431e+02
1.334685973522714164e+02 1.808039339590849295e+02 1.813307955508232112e+02
1.334693854313289023e+02 1.808242589327662415e+02 1.813211078834533510e+02
1.334701735103863598e+02 1.808445839064475820e+02 1.813114202160835191e+02
1.334709615894438457e+02 1.808649088801288940e+02 1.813017325487136873e+02
1.334717496685013316e+02 1.808852338538102345e+02 1.812920448813438270e+02
1.334725377475588175e+02 1.809055588274915465e+02 1.812823572139739952e+02
1.334733258266163034e+02 1.809258838011728869e+02 1.812726695466041349e+02
1.334741139056737609e+02 1.809462087748541990e+02 1.812629818792343031e+02
1.334749019847312468e+02 1.809665337485355394e+02 1.812532942118644712e+02
1.334756900637887327e+02 1.809868587222168514e+02 1.812436065444946109e+02
1.334764781428462186e+02 1.810071836958981919e+02 1.812339188771247791e+02
1.334772662219037045e+02 1.810275086695795039e+02 1.812242312097549473e+02
1.334780543009611620e+02 1.810478336432608444e+02 1.812145435423850870e+02
1.334788423800186479e+02 1.810681586169421564e+02 1.812048558750152552e+02
1.334796304590761338e+02 1.810884835906234969e+02 1.811951682076453949e+02
1.334804185381336197e+02 1.811088085643048089e+02 1.811854805402755630e+02
1.334812066171911056e+02 1.811291335379861493e+02 1.811757928729057312e+02
1.334819946962485631e+02 1.811494585116674614e+02 1.811661052055358709e+02
1.334827827753060490e+02 1.811697834853488018e+02 1.811564175381660391e+02
1.334835708543635349e+02 1.811901084590301139e+02 1.811467298707962073e+02
1.334843589334210208e+02 1.812104334327114543e+02 1.811370422034263470e+02
1.334851470124785067e+02 1.812307584063927663e+02 1.811273545360565151e+02
1.334859350915359641e+02 1.812510833800741068e+02 1.811176668686866549e+02
1.334867231705934500e+02 1.812714083537554188e+02 1.811079792013168230e+02
1.334875112496509360e+02 1.812917333274367593e+02 1.810982915339469912e+02
1.334882993287084219e+02 1.813120583011180713e+02 1.810886038665771309e+02
1.334890874077659078e+02 1.813323832747994118e+02 1.810789161992072991e+02
1.334898754868233652e+02 1.813527082484807238e+02 1.810692285318374672e+02
1.334906635658808511e+02 1.813730332221620642e+02 1.810595408644676070e+02
1.334914516449383370e+02 1.813933581958433763e+02 1.810498531970977751e+02
1.334922397239958229e+02 1.814136831695247167e+02 1.810401655297279149e+02
1.334930278030533088e+02 1.814340081432060288e+02 1.810304778623580830e+02
1.334938158821107663e+02 1.814543331168873692e+02 1.810207901949882512e+02
1.334946039611682522e+02 1.814746580905686812e+02 1.810111025276183909e+02
1.334953920402257381e+02 1.814949830642500217e+02 1.810014148602485591e+02
1.334953920402257381e+02 1.814949830642500217e+02 1.810014148602485591e+02
1.334755763586167063e+02 1.815151837416800333e+02 1.810013582658386042e+02
1.334557606770076745e+02 1.815353844191100166e+02 1.810013016714286778e+02
1.334359449953986427e+02 1.815555850965400282e+02 1.810012450770187229e+02
1.334161293137896109e+02 1.815757857739700114e+02 1.810011884826087964e+02
1.333963136321805791e+02 1.815959864514000230e+02 1.810011318881988416e+02
1.333764979505715473e+02 1.816161871288300063e+02 1.810010752937889151e+02
1.333566822689625440e+02 1.816363878062600179e+02 1.810010186993789603e+02
1.333368665873535122e+02 1.816565884836900011e+02 1.810009621049690338e+02
1.333170509057444804e+02 1.816767891611200127e+02 1.810009055105590789e+02
1.332972352241354486e+02 1.816969898385500244e+02 1.810008489161491241e+02
1.332774195425264168e+02 1.817171905159800076e+02 1.810007923217391976e+02
1.332576038609173850e+02 1.817373911934100192e+02 1.810007357273292428e+02
1.332377881793083532e+02 1.817575918708400025e+02 1.810006791329193163e+02
1.332179724976993214e+02 1.817777925482700141e+02 1.810006225385093614e+02
1.331981568160902896e+02 1.817979932256999973e+02 1.810005659440994350e+02
1.331783411344812578e+02 1.818181939031300089e+02 1.810005093496894801e+02
1.331585254528722260e+02 1.818383945805600206e+02 1.810004527552795253e+02
1.331387097712631942e+02 1.818585952579900038e+02 1.810003961608695988e+02
1.331188940896541908e+02 1.818787959354200154e+02 1.810003395664596439e+02
1.330990784080451590e+02 1.818989966128499987e+02 1.810002829720497175e+02
1.330792627264361272e+02 1.819191972902800103e+02 1.810002263776397626e+02
1.330594470448270954e+02 1.819393979677099935e+02 1.810001697832298362e+02
1.330396313632180636e+02 1.819595986451400051e+02 1.810001131888198813e+02
1.330198156816090318e+02 1.819797993225699884e+02 1.810000565944099549e+02
1.330000000000000000e+02 1.820000000000000000e+02 1.810000000000000000e+02
1.330000000000000000e+02 1.820000000000000000e+02 1.810000000000000000e+02
1.330000000000000000e+02 1.820000000000000000e+02 1.810000000000000000e+02
1.330000000000000000e+02 1.820000000000000000e+02 1.810000000000000000e+02
1.330000000000000000e+02 1.820000000000000000e+02 1.810000000000000000e+02
1.330000000000000000e+02 1.820000000000000000e+02 1.810000000000000000e+02
1.330000000000000000e+02 1.820000000000000000e+02 1.810000000000000000e+02
1.330000000000000000e+02 1.820000000000000000e+02 1.810000000000000000e+02
1.330000000000000000e+02 1.820000000000000000e+02 1.810000000000000000e+02
1.330000000000000000e+02 1.820000000000000000e+02 1.810000000000000000e+02
1.330000000000000000e+02 1.820000000000000000e+02 1.810000000000000000e+02
1.330000000000000000e+02 1.820000000000000000e+02 1.810000000000000000e+02
1.330000000000000000e+02 1.820000000000000000e+02 1.810000000000000000e+02
1.330000000000000000e+02 1.820000000000000000e+02 1.810000000000000000e+02
1.330000000000000000e+02 1.820000000000000000e+02 1.810000000000000000e+02
1.330000000000000000e+02 1.820000000000000000e+02 1.810000000000000000e+02
1.330000000000000000e+02 1.820000000000000000e+02 1.810000000000000000e+02
1.330000000000000000e+02 1.820000000000000000e+02 1.810000000000000000e+02
1.330000000000000000e+02 1.820000000000000000e+02 1.810000000000000000e+02
1.330000000000000000e+02 1.820000000000000000e+02 1.810000000000000000e+02
1.330000000000000000e+02 1.820000000000000000e+02 1.810000000000000000e+02
1.330000000000000000e+02 1.820000000000000000e+02 1.810000000000000000e+02
1.330000000000000000e+02 1.820000000000000000e+02 1.810000000000000000e+02
1.330000000000000000e+02 1.820000000000000000e+02 1.810000000000000000e+02
1.330000000000000000e+02 1.820000000000000000e+02 1.810000000000000000e+02
1.329818265454696871e+02 1.820265240596185663e+02 1.809995498171936390e+02
1.329636530909393457e+02 1.820530481192371326e+02 1.809990996343872780e+02
1.329454796364090043e+02 1.820795721788556989e+02 1.809986494515809170e+02
1.329273061818786914e+02 1.821060962384742936e+02 1.809981992687745560e+02
1.329091327273483785e+02 1.821326202980928599e+02 1.809977490859681950e+02
1.328909592728180371e+02 1.821591443577114262e+02 1.809972989031618340e+02
1.328727858182876957e+02 1.821856684173299925e+02 1.809968487203554730e+02
1.328546123637573828e+02 1.822121924769485588e+02 1.809963985375491120e+02
1.328364389092270699e+02 1.822387165365671251e+02 1.809959483547427510e+02
1.328182654546967285e+02 1.822652405961856914e+02 1.809954981719363900e+02
1.328000920001663872e+02 1.822917646558042861e+02 1.809950479891300006e+02
1.327819185456360742e+02 1.823182887154228524e+02 1.809945978063236396e+02
1.327637450911057613e+02 1.823448127750414187e+02 1.809941476235172786e+02
1.327455716365754199e+02 1.823713368346599850e+02 1.809936974407109176e+02
1.327273981820450786e+02 1.823978608942785513e+02 1.809932472579045566e+02
1.327092247275147656e+02 1.824243849538971176e+02 1.809927970750981956e+02
1.326910512729844527e+02 1.824509090135156839e+02 1.809923468922918346e+02
1.326728778184541113e+02 1.824774330731342502e+02 1.809918967094854736e+02
1.326547043639237700e+02 1.825039571327528449e+02 1.809914465266791126e+02
1.326365309093934570e+02 1.825304811923714112e+02 1.809909963438727516e+02
1.326183574548631441e+02 1.825570052519899775e+02 1.809905461610663906e+02
1.326001840003328027e+02 1.825835293116085438e+02 1.809900959782600296e+02
1.326001840003328027e+02 1.825835293116085438e+02 1.809900959782600296e+02
1.325783403740649646e+02 1.826027695930385164e+02 1.809765464039885501e+02
1.325564967477971265e+02 1.826220098744684890e+02 1.809629968297170421e+02
1.325346531215292885e+02 1.826412501558984331e+02 1.809494472554455626e+02
1.325128094952614504e+02 1.826604904373284057e+02 1.809358976811740547e+02
1.324909658689936123e+02 1.826797307187583783e+02 1.809223481069025752e+02
1.324691222427258026e+02 1.826989710001883509e+02 1.809087985326310672e+02
1.324472786164579645e+02 1.827182112816183235e+02 1.808952489583595877e+02
1.324254349901901264e+02 1.827374515630482961e+02 1.808816993840881082e+02
1.324035913639222883e+02 1.827566918444782402e+02 1.808681498098166003e+02
1.323817477376544502e+02 1.827759321259082128e+02 1.808546002355451208e+02
1.323599041113866122e+02 1.827951724073381854e+02 1.808410506612736128e+02
1.323380604851187741e+02 1.828144126887681580e+02 1.808275010870021333e+02
1.323162168588509360e+02 1.828336529701981306e+02 1.808139515127306254e+02
1.322943732325830979e+02 1.828528932516281031e+02 1.808004019384591459e+02
1.322725296063152598e+02 1.828721335330580473e+02 1.807868523641876379e+02
1.322506859800474217e+02 1.828913738144880199e+02 1.807733027899161584e+02
1.322288423537795836e+02 1.829106140959179925e+02 1.807597532156446789e+02
1.322069987275117740e+02 1.829298543773479651e+02 1.807462036413731710e+02
1.321851551012439359e+02 1.829490946587779376e+02 1.807326540671016915e+02
1.321633114749760978e+02 1.829683349402079102e+02 1.807191044928301835e+02
1.321414678487082597e+02 1.829875752216378544e+02 1.807055549185587040e+02
1.321196242224404216e+02 1.830068155030678270e+02 1.806920053442871961e+02
1.320977805961725835e+02 1.830260557844977996e+02 1.806784557700157166e+02
1.320977805961725835e+02 1.830260557844977996e+02 1.806784557700157166e+02
1.320716017726752796e+02 1.830405521013520911e+02 1.806623469689350827e+02
1.320454229491779756e+02 1.830550484182063542e+02 1.806462381678544489e+02
1.320192441256807001e+02 1.830695447350606457e+02 1.806301293667738150e+02
1.319930653021833962e+02 1.830840410519149373e+02 1.806140205656932096e+02
1.319668864786860922e+02 1.830985373687692004e+02 1.805979117646125758e+02
1.319407076551887883e+02 1.831130336856234919e+02 1.805818029635319419e+02
1.319145288316915128e+02 1.831275300024777835e+02 1.805656941624513081e+02
1.318883500081942088e+02 1.831420263193320750e+02 1.805495853613706743e+02
1.318621711846969049e+02 1.831565226361863381e+02 1.805334765602900404e+02
1.318359923611996010e+02 1.831710189530406296e+02 1.805173677592094350e+02
1.318098135377023254e+02 1.831855152698949212e+02 1.805012589581288012e+02
1.317836347142050215e+02 1.832000115867491843e+02 1.804851501570481673e+02
1.317574558907077176e+02 1.832145079036034758e+02 1.804690413559675335e+02
1.317574558907077176e+02 1.832145079036034758e+02 1.804690413559675335e+02
1.317312770672104136e+02 1.832290042204577674e+02 1.804529325548868997e+02
1.317050982437131097e+02 1.832435005373120305e+02 1.804368237538062658e+02
1.316789194202158342e+02 1.832579968541663220e+02 1.804207149527256320e+02
1.316527405967185302e+02 1.832724931710206135e+02 1.804046061516450266e+02
1.316265617732212263e+02 1.832869894878748767e+02 1.803884973505643927e+02
1.316003829497239224e+02 1.833014858047291682e+02 1.803723885494837589e+02
1.315742041262266468e+02 1.833159821215834597e+02 1.803562797484031250e+02
1.315480253027293429e+02 1.833304784384377513e+02 1.803401709473224912e+02
1.315218464792320390e+02 1.833449747552920144e+02 1.803240621462418574e+02
1.314956676557347350e+02 1.833594710721463059e+02 1.803079533451612519e+02
1.314694888322374595e+02 1.833739673890005974e+02 1.802918445440806181e+02
1.314433100087401556e+02 1.833884637058548606e+02 1.802757357429999843e+02
1.314171311852428516e+02 1.834029600227091521e+02 1.802596269419193504e+02
1.314171311852428516e+02 1.834029600227091521e+02 1.802596269419193504e+02
1.313921110143292879e+02 1.834168147448416732e+02 1.802442311027483868e+02
1.313670908434157525e+02 1.834306694669741660e+02 1.802288352635773947e+02
1.313420706725021887e+02 1.834445241891066871e+02 1.802134394244064310e+02
1.313170505015886533e+02 1.834583789112392083e+02 1.801980435852354390e+02
1.312920303306750895e+02 1.834722336333717010e+02 1.801826477460644753e+02
1.312670101597615542e+02 1.834860883555042221e+02 1.801672519068934832e+02
1.312419899888479904e+02 1.834999430776367433e+02 1.801518560677225196e+02
1.312169698179344550e+02 1.835137977997692360e+02 1.801364602285515275e+02
1.311919496470208912e+02 1.835276525219017572e+02 1.801210643893805639e+02
1.311669294761073559e+02 1.835415072440342783e+02 1.801056685502095718e+02
1.311419093051937921e+02 1.835553619661667994e+02 1.800902727110386081e+02
1.311168891342802283e+02 1.835692166882992922e+02 1.800748768718676445e+02
1.310918689633666929e+02 1.835830714104318133e+02 1.800594810326966524e+02
1.310668487924531291e+02 1.835969261325643345e+02 1.800440851935256887e+02
1.310418286215395938e+02 1.836107808546968272e+02 1.800286893543546967e+02
1.310168084506260300e+02 1.836246355768293483e+02 1.800132935151837330e+02
1.309917882797124946e+02 1.836384902989618695e+02 1.799978976760127409e+02
1.309667681087989308e+02 1.836523450210943622e+02 1.799825018368417773e+02
1.309417479378853955e+02 1.836661997432268834e+02 1.799671059976707852e+02
1.309167277669718317e+02 1.836800544653594045e+02 1.799517101584998215e+02
1.308917075960582963e+02 1.836939091874918972e+02 1.799363143193288295e+02
1.308666874251447325e+02 1.837077639096244184e+02 1.799209184801578658e+02
1.308666874251447325e+02 1.837077639096244184e+02 1.799209184801578658e+02
1.308331821702714990e+02 1.837095544367756474e+02 1.799208513738960278e+02
1.307996769153982655e+02 1.837113449639268765e+02 1.799207842676341613e+02
1.307661716605250319e+02 1.837131354910781056e+02 1.799207171613723233e+02
1.307326664056517984e+02 1.837149260182293347e+02 1.799206500551104568e+02
1.306991611507785649e+02 1.837167165453805637e+02 1.799205829488486188e+02
1.306656558959053314e+02 1.837185070725317928e+02 1.799205158425867808e+02
1.306321506410320978e+02 1.837202975996830219e+02 1.799204487363249143e+02
1.305986453861588643e+02 1.837220881268342509e+02 1.799203816300630763e+02
1.305651401312856024e+02 1.837238786539854800e+02 1.799203145238012382e+02
1.305316348764123688e+02 1.837256691811367091e+02 1.799202474175393718e+02
1.304981296215391353e+02 1.837274597082879382e+02 1.799201803112775337e+02
1.304646243666659018e+02 1.837292502354391672e+02 1.799201132050156957e+02
1.304311191117926683e+02 1.837310407625903963e+02 1.799200460987538293e+02
1.303976138569194347e+02 1.837328312897416254e+02 1.799199789924919912e+02
1.303641086020462012e+02 1.837346218168928544e+02 1.799199118862301248e+02
1.303306033471729677e+02 1.837364123440440835e+02 1.799198447799682867e+02
1.303306033471729677e+02 1.837364123440440835e+02 1.799198447799682867e+02
1.302985466375581609e+02 1.837381254606630137e+02 1.799197805749366523e+02
1.302664899279433826e+02 1.837398385772819154e+02 1.799197163699049895e+02
1.302344332183285758e+02 1.837415516939008455e+02 1.799196521648733551e+02
1.302023765087137690e+02 1.837432648105197472e+02 1.799195879598416923e+02
1.301703197990989906e+02 1.837449779271386774e+02 1.799195237548100579e+02
1.301382630894841839e+02 1.837466910437575791e+02 1.799194595497783951e+02
1.301062063798693771e+02 1.837484041603765093e+02 1.799193953447467607e+02
1.300741496702545987e+02 1.837501172769954110e+02 1.799193311397151263e+02
1.300420929606397920e+02 1.837518303936143411e+02 1.799192669346834634e+02
1.300100362510249852e+02 1.837535435102332428e+02 1.799192027296518290e+02
1.299779795414101784e+02 1.837552566268521730e+02 1.799191385246201662e+02
1.299459228317954000e+02 1.837569697434710747e+02 1.799190743195885318e+02
1.299138661221805933e+02 1.837586828600900049e+02 1.799190101145568974e+02
1.298818094125657865e+02 1.837603959767089066e+02 1.799189459095252346e+02
1.298497527029510081e+02 1.837621090933278367e+02 1.799188817044936002e+02
1.298176959933362014e+02 1.837638222099467384e+02 1.799188174994619374e+02
1.297856392837213946e+02 1.837655353265656686e+02 1.799187532944303030e+02
1.297535825741066162e+02 1.837672484431845703e+02 1.799186890893986401e+02
1.297215258644918094e+02 1.837689615598035004e+02 1.799186248843670057e+02
1.297215258644918094e+02 1.837689615598035004e+02 1.799186248843670057e+02
1.297009685610650820e+02 1.837449223923821364e+02 1.799189412045138283e+02
1.296804112576383829e+02 1.837208832249607724e+02 1.799192575246606793e+02
1.296598539542116555e+02 1.836968440575394084e+02 1.799195738448075019e+02
1.296392966507849565e+02 1.836728048901180728e+02 1.799198901649543529e+02
1.296187393473582290e+02 1.836487657226967087e+02 1.799202064851011755e+02
1.295981820439315300e+02 1.836247265552753447e+02 1.799205228052479981e+02
1.295776247405048025e+02 1.836006873878539807e+02 1.799208391253948491e+02
1.295570674370781035e+02 1.835766482204326167e+02 1.799211554455416717e+02
1.295365101336513760e+02 1.835526090530112526e+02 1.799214717656884943e+02
1.295159528302246770e+02 1.835285698855898886e+02 1.799217880858353453e+02
1.294953955267979495e+02 1.835045307181685530e+02 1.799221044059821679e+02
1.294748382233712505e+02 1.834804915507471890e+02 1.799224207261290189e+02
1.294542809199445230e+02 1.834564523833258249e+02 1.799227370462758415e+02
1.294337236165178240e+02 1.834324132159044609e+02 1.799230533664226641e+02
1.294131663130910965e+02 1.834083740484830969e+02 1.799233696865695151e+02
1.293926090096643975e+02 1.833843348810617329e+02 1.799236860067163377e+02
1.293720517062376700e+02 1.833602957136403688e+02 1.799240023268631603e+02
1.293514944028109710e+02 1.833362565462190332e+02 1.799243186470100113e+02
1.293309370993842435e+02 1.833122173787976692e+02 1.799246349671568339e+02
1.293103797959575445e+02 1.832881782113763052e+02 1.799249512873036849e+02
1.292898224925308170e+02 1.832641390439549411e+02 1.799252676074505075e+02
1.292898224925308170e+02 1.832641390439549411e+02 1.799252676074505075e+02
1.292687443356127517e+02 1.832394908042238058e+02 1.799255919420946555e+02
1.292476661786946579e+02 1.832148425644926704e+02 1.799259162767387750e+02
1.292265880217765925e+02 1.831901943247615350e+02 1.799262406113829229e+02
1.292055098648584988e+02 1.831655460850303996e+02 1.799265649460270424e+02
1.291844317079404334e+02 1.831408978452992642e+02 1.799268892806711904e+02
1.291633535510223396e+02 1.831162496055681288e+02 1.799272136153153099e+02
1.291422753941042743e+02 1.830916013658369934e+02 1.799275379499594578e+02
1.291211972371861805e+02 1.830669531261058580e+02 1.799278622846036058e+02
1.291001190802681151e+02 1.830423048863747226e+02 1.799281866192477253e+02
1.290790409233500213e+02 1.830176566466435872e+02 1.799285109538918732e+02
1.290579627664319560e+02 1.829930084069124234e+02 1.799288352885359927e+02
1.290368846095138622e+02 1.829683601671812880e+02 1.799291596231801407e+02
1.290158064525957968e+02 1.829437119274501526e+02 1.799294839578242602e+02
1.289947282956777030e+02 1.829190636877190173e+02 1.799298082924684081e+02
1.289736501387596377e+02 1.828944154479878819e+02 1.799301326271125561e+02
1.289525719818415439e+02 1.828697672082567465e+02 1.799304569617566756e+02
1.289314938249234785e+02 1.828451189685256111e+02 1.799307812964008235e+02
1.289104156680053848e+02 1.828204707287944757e+02 1.799311056310449430e+02
1.288893375110873194e+02 1.827958224890633403e+02 1.799314299656890910e+02
1.288682593541692256e+02 1.827711742493322049e+02 1.799317543003332105e+02
1.288471811972511603e+02 1.827465260096010695e+02 1.799320786349773584e+02
1.288471811972511603e+02 1.827465260096010695e+02 1.799320786349773584e+02
1.288233566696967785e+02 1.827252234809929234e+02 1.799297071342965069e+02
1.287995321421423967e+02 1.827039209523847774e+02 1.799273356336156553e+02
1.287757076145880148e+02 1.826826184237766313e+02 1.799249641329348322e+02
1.287518830870336046e+02 1.826613158951684852e+02 1.799225926322539806e+02
1.287280585594792228e+02 1.826400133665603391e+02 1.799202211315731290e+02
1.287042340319248410e+02 1.826187108379521931e+02 1.799178496308923059e+02
1.286804095043704592e+02 1.825974083093440470e+02 1.799154781302114543e+02
1.286565849768160774e+02 1.825761057807359009e+02 1.799131066295306027e+02
1.286327604492616956e+02 1.825548032521277548e+02 1.799107351288497512e+02
1.286089359217073138e+02 1.825335007235196088e+02 1.799083636281688996e+02
1.285851113941529320e+02 1.825121981949114627e+02 1.799059921274880764e+02
1.285612868665985502e+02 1.824908956663032882e+02 1.799036206268072249e+02
1.285374623390441400e+02 1.824695931376951421e+02 1.799012491261263733e+02
1.285136378114897582e+02 1.824482906090869960e+02 1.798988776254455502e+02
1.284898132839353764e+02 1.824269880804788500e+02 1.798965061247646986e+02
1.284659887563809946e+02 1.824056855518707039e+02 1.798941346240838470e+02
1.284421642288266128e+02 1.823843830232625578e+02 1.798917631234029955e+02
1.284183397012722310e+02 1.823630804946544117e+02 1.798893916227221439e+02
1.283945151737178492e+02 1.823417779660462656e+02 1.798870201220413207e+02
1.283706906461634389e+02 1.823204754374381196e+02 1.798846486213604692e+02
1.283468661186090571e+02 1.822991729088299735e+02 1.798822771206796176e+02
1.283230415910546753e+02 1.822778703802218274e+02 1.798799056199987945e+02
1.282992170635002935e+02 1.822565678516136813e+02 1.798775341193179429e+02
1.282753925359459117e+02 1.822352653230055353e+02 1.798751626186370913e+02
1.282753925359459117e+02 1.822352653230055353e+02 1.798751626186370913e+02
1.282434449964762564e+02 1.822369726055512729e+02 1.798750986322577319e+02
1.282114974570066011e+02 1.822386798880970105e+02 1.798750346458783440e+02
1.281795499175369173e+02 1.822403871706427481e+02 1.798749706594989846e+02
1.281476023780672620e+02 1.822420944531884572e+02 1.798749066731196251e+02
1.281156548385976066e+02 1.822438017357341948e+02 1.798748426867402657e+02
1.280837072991279229e+02 1.822455090182799324e+02 1.798747787003608778e+02
1.280517597596582675e+02 1.822472163008256700e+02 1.798747147139815183e+02
1.280198122201886122e+02 1.822489235833714076e+02 1.798746507276021589e+02
1.279878646807189568e+02 1.822506308659171452e+02 1.798745867412227994e+02
1.279559171412492873e+02 1.822523381484628544e+02 1.798745227548434116e+02
1.279239696017796177e+02 1.822540454310085920e+02 1.798744587684640521e+02
1.278920220623099624e+02 1.822557527135543296e+02 1.798743947820846927e+02
1.278600745228403071e+02 1.822574599961000672e+02 1.798743307957053048e+02
1.278281269833706375e+02 1.822591672786458048e+02 1.798742668093259454e+02
1.277961794439009680e+02 1.822608745611915424e+02 1.798742028229465859e+02
1.277642319044313126e+02 1.822625818437372800e+02 1.798741388365672265e+02
1.277322843649616573e+02 1.822642891262829892e+02 1.798740748501878386e+02
1.277003368254919877e+02 1.822659964088287268e+02 1.798740108638084791e+02
1.276683892860223182e+02 1.822677036913744644e+02 1.798739468774291197e+02
1.276364417465526628e+02 1.822694109739202020e+02 1.798738828910497602e+02
1.276044942070830075e+02 1.822711182564659396e+02 1.798738189046703724e+02
1.275725466676133379e+02 1.822728255390116772e+02 1.798737549182910129e+02
1.275405991281436684e+02 1.822745328215573863e+02 1.798736909319116535e+02
1.275086515886740131e+02 1.822762401041031239e+02 1.798736269455322940e+02
1.274767040492043577e+02 1.822779473866488615e+02 1.798735629591529062e+02
1.274447565097346882e+02 1.822796546691945991e+02 1.798734989727735467e+02
1.274447565097346882e+02 1.822796546691945991e+02 1.798734989727735467e+02
1.274276070020212188e+02 1.822979178137982217e+02 1.798947008379697650e+02
1.274104574943077495e+02 1.823161809584018158e+02 1.799159027031660116e+02
1.273933079865942801e+02 1.823344441030054384e+02 1.799371045683622299e+02
1.273761584788808108e+02 1.823527072476090609e+02 1.799583064335584481e+02
1.273590089711673556e+02 1.823709703922126550e+02 1.799795082987546948e+02
1.273418594634538863e+02 1.823892335368162776e+02 1.800007101639509131e+02
1.273247099557404169e+02 1.824074966814199001e+02 1.800219120291471313e+02
1.273075604480269476e+02 1.824257598260234943e+02 1.800431138943433780e+02
1.272904109403134782e+02 1.824440229706271168e+02 1.800643157595395962e+02
1.272732614326000089e+02 1.824622861152307109e+02 1.800855176247358145e+02
1.272561119248865396e+02 1.824805492598343335e+02 1.801067194899320612e+02
1.272389624171730702e+02 1.824988124044379560e+02 1.801279213551282794e+02
1.272218129094596009e+02 1.825170755490415502e+02 1.801491232203245261e+02
1.272046634017461315e+02 1.825353386936451727e+02 1.801703250855207443e+02
1.271875138940326622e+02 1.825536018382487953e+02 1.801915269507169626e+02
1.271703643863192070e+02 1.825718649828523894e+02 1.802127288159132092e+02
1.271532148786057377e+02 1.825901281274560120e+02 1.802339306811094275e+02
1.271360653708922683e+02 1.826083912720596345e+02 1.802551325463056457e+02
1.271189158631787990e+02 1.826266544166632286e+02 1.802763344115018924e+02
1.271017663554653296e+02 1.826449175612668512e+02 1.802975362766981107e+02
1.271017663554653296e+02 1.826449175612668512e+02 1.802975362766981107e+02
1.270720187171128970e+02 1.826515293594938498e+02 1.803060815049409769e+02
1.270422710787604501e+02 1.826581411577208485e+02 1.803146267331838715e+02
1.270125234404080174e+02 1.826647529559478187e+02 1.803231719614267377e+02
1.269827758020555848e+02 1.826713647541748173e+02 1.803317171896696038e+02
1.269530281637031521e+02 1.826779765524018160e+02 1.803402624179124700e+02
1.269232805253507053e+02 1.826845883506288146e+02 1.803488076461553646e+02
1.268935328869982726e+02 1.826912001488558133e+02 1.803573528743982308e+02
1.268637852486458399e+02 1.826978119470827835e+02 1.803658981026410970e+02
1.268340376102933931e+02 1.827044237453097821e+02 1.803744433308839916e+02
1.268042899719409604e+02 1.827110355435367808e+02 1.803829885591268578e+02
1.267745423335885278e+02 1.827176473417637794e+02 1.803915337873697240e+02
1.267447946952360951e+02 1.827242591399907496e+02 1.804000790156126186e+02
1.267150470568836482e+02 1.827308709382177483e+02 1.804086242438554848e+02
1.266852994185312156e+02 1.827374827364447469e+02 1.804171694720983510e+02
1.266555517801787829e+02 1.827440945346717456e+02 1.804257147003412172e+02
1.266258041418263360e+02 1.827507063328987442e+02 1.804342599285841118e+02
1.265960565034739034e+02 1.827573181311257144e+02 1.804428051568269780e+02
1.265663088651214707e+02 1.827639299293527131e+02 1.804513503850698442e+02
1.265365612267690238e+02 1.827705417275797117e+02 1.804598956133127388e+02
1.265068135884165912e+02 1.827771535258067104e+02 1.804684408415556049e+02
1.264770659500641585e+02 1.827837653240337090e+02 1.804769860697984711e+02
1.264473183117117259e+02 1.827903771222606792e+02 1.804855312980413373e+02
1.264175706733592790e+02 1.827969889204876779e+02 1.804940765262842319e+02
1.263878230350068463e+02 1.828036007187146765e+02 1.805026217545270981e+02
