2.628330158281802937e+02 3.187747574503154624e+02 1.797888440754413750e+02
2.628351537346860027e+02 3.187886227164592015e+02 1.797554370810738931e+02
2.628372916411917117e+02 3.188024879826029405e+02 1.797220300867064395e+02
2.628394295476974207e+02 3.188163532487466796e+02 1.796886230923389576e+02
2.628415674542031297e+02 3.188302185148904186e+02 1.796552160979715040e+02
2.628437053607088387e+02 3.188440837810341577e+02 1.796218091036040221e+02
2.628458432672145477e+02 3.188579490471778968e+02 1.795884021092365685e+02
2.628479811737202567e+02 3.188718143133216358e+02 1.795549951148690866e+02
2.628501190802260226e+02 3.188856795794653749e+02 1.795215881205016331e+02
2.628522569867317316e+02 3.188995448456091140e+02 1.794881811261341511e+02
2.628543948932374406e+02 3.189134101117528530e+02 1.794547741317666976e+02
2.628565327997431496e+02 3.189272753778965921e+02 1.794213671373992156e+02
2.628586707062488586e+02 3.189411406440403312e+02 1.793879601430317621e+02
2.628608086127545675e+02 3.189550059101840702e+02 1.793545531486642801e+02
2.628629465192602765e+02 3.189688711763278093e+02 1.793211461542968266e+02
2.628650844257659855e+02 3.189827364424716052e+02 1.792877391599293446e+02
2.628672223322716945e+02 3.189966017086153443e+02 1.792543321655618911e+02
2.628693602387774035e+02 3.190104669747590833e+02 1.792209251711944091e+02
2.628714981452831125e+02 3.190243322409028224e+02 1.791875181768269556e+02
2.628736360517888215e+02 3.190381975070465614e+02 1.791541111824594736e+02
2.628757739582945305e+02 3.190520627731903005e+02 1.791207041880920201e+02
2.628779118648002395e+02 3.190659280393340396e+02 1.790872971937245381e+02
2.628800497713060054e+02 3.190797933054777786e+02 1.790538901993570846e+02
2.628821876778117144e+02 3.190936585716215177e+02 1.790204832049896027e+02
2.628843255843174234e+02 3.191075238377652568e+02 1.789870762106221491e+02
2.628864634908231324e+02 3.191213891039089958e+02 1.789536692162546672e+02
2.628886013973288414e+02 3.191352543700527349e+02 1.789202622218872136e+02
2.628907393038345504e+02 3.191491196361964739e+02 1.788868552275197317e+02
2.628928772103402594e+02 3.191629849023402130e+02 1.788534482331522781e+02
2.628950151168459684e+02 3.191768501684839521e+02 1.788200412387847962e+02
2.628950151168459684e+02 3.191768501684839521e+02 1.788200412387847962e+02
2.628970249211042187e+02 3.191577332504958804e+02 1.787942323579718220e+02
2.628990347253625259e+02 3.191386163325077518e+02 1.787684234771588194e+02
2.629010445296207763e+02 3.191194994145196802e+02 1.787426145963458453e+02
2.629030543338790835e+02 3.191003824965315516e+02 1.787168057155328711e+02
2.629050641381373339e+02 3.190812655785434799e+02 1.786909968347198969e+02
2.629070739423955843e+02 3.190621486605554082e+02 1.786651879539068943e+02
2.629090837466538915e+02 3.190430317425672797e+02 1.786393790730939202e+02
2.629110935509121418e+02 3.190239148245792080e+02 1.786135701922809460e+02
2.629131033551704490e+02 3.190047979065911363e+02 1.785877613114679718e+02
2.629151131594286994e+02 3.189856809886030078e+02 1.785619524306549692e+02
2.629171229636870066e+02 3.189665640706149361e+02 1.785361435498419951e+02
2.629191327679452570e+02 3.189474471526268076e+02 1.785103346690290209e+02
2.629211425722035074e+02 3.189283302346387359e+02 1.784845257882160467e+02
2.629231523764618146e+02 3.189092133166506642e+02 1.784587169074030442e+02
2.629251621807200650e+02 3.188900963986625356e+02 1.784329080265900700e+02
2.629271719849783722e+02 3.188709794806744640e+02 1.784070991457770958e+02
2.629291817892366225e+02 3.188518625626863923e+02 1.783812902649640932e+02
2.629311915934948729e+02 3.188327456446982637e+02 1.783554813841511191e+02
2.629332013977531801e+02 3.188136287267101920e+02 1.783296725033381449e+02
2.629352112020114305e+02 3.187945118087220635e+02 1.783038636225251707e+02
2.629372210062697377e+02 3.187753948907339918e+02 1.782780547417121682e+02
2.629392308105279881e+02 3.187562779727459201e+02 1.782522458608991940e+02
2.629412406147862384e+02 3.187371610547577916e+02 1.782264369800862198e+02
2.629432504190445457e+02 3.187180441367697199e+02 1.782006280992732457e+02
2.629452602233027960e+02 3.186989272187815914e+02 1.781748192184602431e+02
2.629472700275611032e+02 3.186798103007935197e+02 1.781490103376472689e+02
2.629492798318193536e+02 3.186606933828054480e+02 1.781232014568342947e+02
2.629512896360776608e+02 3.186415764648173194e+02 1.780973925760213206e+02
2.629532994403359112e+02 3.186224595468292478e+02 1.780715836952083180e+02
2.629553092445941616e+02 3.186033426288411761e+02 1.780457748143953438e+02
2.629573190488524688e+02 3.185842257108530475e+02 1.780199659335823696e+02
2.629593288531107191e+02 3.185651087928649758e+02 1.779941570527693955e+02
2.629613386573690264e+02 3.185459918748768473e+02 1.779683481719563929e+02
2.629633484616272767e+02 3.185268749568887756e+02 1.779425392911434187e+02
2.629633484616272767e+02 3.185268749568887756e+02 1.779425392911434187e+02
2.629649902582156074e+02 3.185112584655796582e+02 1.779214561770575358e+02
2.629666320548039380e+02 3.184956419742705975e+02 1.779003730629716529e+02
2.629682738513922686e+02 3.184800254829614801e+02 1.778792899488857699e+02
2.629699156479805993e+02 3.184644089916524194e+02 1.778582068347999154e+02
2.629715574445689299e+02 3.184487925003433020e+02 1.778371237207140325e+02
2.629731992411572605e+02 3.184331760090341845e+02 1.778160406066281496e+02
2.629748410377455912e+02 3.184175595177251239e+02 1.777949574925422667e+02
2.629764828343339218e+02 3.184019430264160064e+02 1.777738743784563837e+02
2.629781246309223093e+02 3.183863265351069458e+02 1.777527912643705008e+02
2.629797664275106399e+02 3.183707100437978283e+02 1.777317081502846179e+02
2.629814082240989705e+02 3.183550935524887109e+02 1.777106250361987634e+02
2.629830500206873012e+02 3.183394770611796503e+02 1.776895419221128805e+02
2.629846918172756318e+02 3.183238605698705328e+02 1.776684588080269975e+02
2.629863336138639625e+02 3.183082440785614722e+02 1.776473756939411146e+02
2.629879754104522931e+02 3.182926275872523547e+02 1.776262925798552317e+02
2.629896172070406237e+02 3.182770110959432373e+02 1.776052094657693488e+02
2.629912590036289544e+02 3.182613946046341766e+02 1.775841263516834658e+02
2.629929008002172850e+02 3.182457781133250592e+02 1.775630432375976113e+02
2.629945425968056156e+02 3.182301616220159985e+02 1.775419601235117284e+02
2.629961843933939463e+02 3.182145451307068811e+02 1.775208770094258455e+02
2.629978261899822769e+02 3.181989286393977636e+02 1.774997938953399625e+02
2.629994679865706075e+02 3.181833121480887030e+02 1.774787107812540796e+02
2.630011097831589382e+02 3.181676956567795855e+02 1.774576276671681967e+02
2.630027515797472688e+02 3.181520791654705249e+02 1.774365445530823138e+02
2.630043933763355994e+02 3.181364626741614074e+02 1.774154614389964593e+02
2.630060351729239301e+02 3.181208461828522900e+02 1.773943783249105763e+02
2.630076769695123176e+02 3.181052296915432294e+02 1.773732952108246934e+02
2.630093187661006482e+02 3.180896132002341119e+02 1.773522120967388105e+02
2.630109605626889788e+02 3.180739967089250513e+02 1.773311289826529276e+02
2.630126023592773095e+02 3.180583802176159338e+02 1.773100458685670446e+02
2.630142441558656401e+02 3.180427637263068164e+02 1.772889627544811617e+02
2.630158859524539707e+02 3.180271472349977557e+02 1.772678796403953072e+02
2.630175277490423014e+02 3.180115307436886383e+02 1.772467965263094243e+02
2.630191695456306320e+02 3.179959142523795776e+02 1.772257134122235414e+02
2.630208113422189626e+02 3.179802977610704602e+02 1.772046302981376584e+02
2.630208113422189626e+02 3.179802977610704602e+02 1.772046302981376584e+02
2.630183593190990905e+02 3.179925727060700069e+02 1.771647991123939221e+02
2.630159072959791615e+02 3.180048476510696105e+02 1.771249679266502142e+02
2.630134552728592894e+02 3.180171225960691572e+02 1.770851367409064778e+02
2.630110032497393604e+02 3.180293975410687040e+02 1.770453055551627415e+02
2.630085512266194883e+02 3.180416724860683075e+02 1.770054743694190336e+02
2.630060992034996161e+02 3.180539474310678543e+02 1.769656431836752972e+02
2.630036471803796871e+02 3.180662223760674010e+02 1.769258119979315609e+02
2.630011951572598150e+02 3.180784973210670046e+02 1.768859808121878530e+02
2.629987431341399429e+02 3.180907722660665513e+02 1.768461496264441166e+02
2.629962911110200139e+02 3.181030472110660980e+02 1.768063184407003803e+02
2.629938390879001417e+02 3.181153221560657016e+02 1.767664872549566724e+02
2.629913870647802128e+02 3.181275971010652484e+02 1.767266560692129360e+02
2.629889350416603406e+02 3.181398720460647951e+02 1.766868248834691997e+02
2.629864830185404685e+02 3.181521469910643987e+02 1.766469936977254918e+02
2.629840309954205395e+02 3.181644219360639454e+02 1.766071625119817554e+02
2.629815789723006674e+02 3.181766968810635490e+02 1.765673313262380475e+02
2.629791269491807952e+02 3.181889718260630957e+02 1.765275001404943112e+02
2.629766749260608663e+02 3.182012467710626424e+02 1.764876689547505748e+02
2.629742229029409941e+02 3.182135217160622460e+02 1.764478377690068669e+02
2.629717708798210651e+02 3.182257966610617927e+02 1.764080065832631306e+02
2.629693188567011930e+02 3.182380716060613395e+02 1.763681753975193942e+02
2.629668668335813209e+02 3.182503465510609431e+02 1.763283442117756863e+02
2.629644148104613919e+02 3.182626214960604898e+02 1.762885130260319499e+02
2.629619627873415197e+02 3.182748964410600365e+02 1.762486818402882136e+02
2.629595107642216476e+02 3.182871713860596401e+02 1.762088506545445057e+02
2.629570587411017186e+02 3.182994463310591868e+02 1.761690194688007693e+02
2.629546067179818465e+02 3.183117212760587336e+02 1.761291882830570330e+02
2.629521546948619175e+02 3.183239962210583371e+02 1.760893570973133251e+02
2.629497026717420454e+02 3.183362711660578839e+02 1.760495259115695887e+02
2.629497026717420454e+02 3.183362711660578839e+02 1.760495259115695887e+02
2.629488510179960485e+02 3.183496824003298116e+02 1.760258138433236184e+02
2.629479993642500517e+02 3.183630936346017961e+02 1.760021017750776764e+02
2.629471477105040549e+02 3.183765048688737238e+02 1.759783897068317060e+02
2.629462960567580581e+02 3.183899161031456515e+02 1.759546776385857356e+02
2.629454444030120612e+02 3.184033273374176360e+02 1.759309655703397937e+02
2.629445927492660644e+02 3.184167385716895637e+02 1.759072535020938233e+02
2.629437410955200676e+02 3.184301498059615483e+02 1.758835414338478529e+02
2.629428894417740707e+02 3.184435610402334760e+02 1.758598293656019109e+02
2.629420377880280739e+02 3.184569722745054037e+02 1.758361172973559405e+02
2.629411861342820771e+02 3.184703835087773882e+02 1.758124052291099702e+02
2.629403344805360803e+02 3.184837947430493159e+02 1.757886931608640282e+02
2.629394828267900834e+02 3.184972059773212436e+02 1.757649810926180578e+02
2.629386311730440866e+02 3.185106172115932281e+02 1.757412690243720874e+02
2.629377795192980898e+02 3.185240284458651558e+02 1.757175569561261455e+02
2.629369278655520930e+02 3.185374396801370835e+02 1.756938448878801751e+02
2.629360762118060961e+02 3.185508509144090681e+02 1.756701328196342047e+02
2.629352245580600993e+02 3.185642621486809958e+02 1.756464207513882627e+02
2.629343729043141025e+02 3.185776733829529235e+02 1.756227086831422923e+02
2.629335212505681056e+02 3.185910846172249080e+02 1.755989966148963219e+02
2.629326695968221088e+02 3.186044958514968357e+02 1.755752845466503800e+02
2.629318179430761120e+02 3.186179070857688203e+02 1.755515724784044096e+02
2.629309662893301152e+02 3.186313183200407479e+02 1.755278604101584392e+02
2.629301146355841183e+02 3.186447295543126756e+02 1.755041483419124972e+02
2.629292629818381215e+02 3.186581407885846602e+02 1.754804362736665269e+02
2.629284113280921247e+02 3.186715520228565879e+02 1.754567242054205565e+02
2.629275596743461278e+02 3.186849632571285156e+02 1.754330121371746145e+02
2.629267080206001310e+02 3.186983744914005001e+02 1.754093000689286441e+02
2.629258563668541342e+02 3.187117857256724278e+02 1.753855880006826737e+02
2.629250047131081374e+02 3.187251969599443555e+02 1.753618759324367318e+02
2.629241530593621405e+02 3.187386081942163401e+02 1.753381638641907614e+02
2.629233014056161437e+02 3.187520194284882677e+02 1.753144517959447910e+02
2.629224497518701469e+02 3.187654306627601954e+02 1.752907397276988490e+02
2.629215980981241501e+02 3.187788418970321800e+02 1.752670276594528787e+02
2.629207464443781532e+02 3.187922531313041077e+02 1.752433155912069083e+02
2.629198947906321564e+02 3.188056643655760922e+02 1.752196035229609663e+02
2.629190431368861596e+02 3.188190755998480199e+02 1.751958914547149959e+02
2.629181914831401627e+02 3.188324868341199476e+02 1.751721793864690255e+02
2.629173398293941659e+02 3.188458980683919322e+02 1.751484673182230836e+02
2.629164881756481691e+02 3.188593093026638599e+02 1.751247552499771132e+02
2.629164881756481691e+02 3.188593093026638599e+02 1.751247552499771132e+02
2.629177102825572092e+02 3.188766580098183567e+02 1.751026438145918007e+02
2.629189323894662493e+02 3.188940067169728536e+02 1.750805323792064883e+02
2.629201544963752895e+02 3.189113554241274073e+02 1.750584209438211758e+02
2.629213766032843864e+02 3.189287041312819042e+02 1.750363095084358633e+02
2.629225987101934265e+02 3.189460528384364011e+02 1.750141980730505509e+02
2.629238208171024667e+02 3.189634015455908980e+02 1.749920866376652384e+02
2.629250429240115068e+02 3.189807502527454517e+02 1.749699752022799260e+02
2.629262650309205469e+02 3.189980989598999486e+02 1.749478637668946135e+02
2.629274871378295870e+02 3.190154476670544454e+02 1.749257523315093010e+02
2.629287092447386271e+02 3.190327963742089423e+02 1.749036408961239886e+02
2.629299313516477241e+02 3.190501450813634960e+02 1.748815294607386761e+02
2.629311534585567642e+02 3.190674937885179929e+02 1.748594180253533636e+02
2.629323755654658044e+02 3.190848424956724898e+02 1.748373065899680512e+02
2.629335976723748445e+02 3.191021912028269867e+02 1.748151951545827387e+02
2.629348197792838846e+02 3.191195399099815404e+02 1.747930837191974263e+02
2.629360418861929247e+02 3.191368886171360373e+02 1.747709722838121138e+02
2.629372639931019648e+02 3.191542373242905342e+02 1.747488608484268298e+02
2.629384861000110618e+02 3.191715860314450310e+02 1.747267494130415173e+02
2.629397082069201019e+02 3.191889347385995279e+02 1.747046379776562048e+02
2.629409303138291421e+02 3.192062834457540816e+02 1.746825265422708924e+02
2.629421524207381822e+02 3.192236321529085785e+02 1.746604151068855799e+02
2.629433745276472223e+02 3.192409808600630754e+02 1.746383036715002675e+02
2.629445966345562624e+02 3.192583295672175723e+02 1.746161922361149550e+02
2.629458187414653594e+02 3.192756782743721260e+02 1.745940808007296425e+02
2.629470408483743995e+02 3.192930269815266229e+02 1.745719693653443301e+02
2.629482629552834396e+02 3.193103756886811198e+02 1.745498579299590176e+02
2.629494850621924797e+02 3.193277243958356166e+02 1.745277464945737051e+02
2.629507071691015199e+02 3.193450731029901704e+02 1.745056350591883927e+02
2.629519292760105600e+02 3.193624218101446672e+02 1.744835236238030802e+02
2.629531513829196001e+02 3.193797705172991641e+02 1.744614121884177678e+02
2.629543734898286971e+02 3.193971192244536610e+02 1.744393007530324553e+02
2.629555955967377372e+02 3.194144679316082147e+02 1.744171893176471428e+02
2.629568177036467773e+02 3.194318166387627116e+02 1.743950778822618304e+02
2.629580398105558174e+02 3.194491653459172085e+02 1.743729664468765179e+02
2.629580398105558174e+02 3.194491653459172085e+02 1.743729664468765179e+02
2.629596141830465967e+02 3.194715147223034251e+02 1.743444815120935232e+02
2.629611885555373760e+02 3.194938640986895848e+02 1.743159965773105569e+02
2.629627629280281553e+02 3.195162134750758014e+02 1.742875116425275621e+02
2.629643373005188778e+02 3.195385628514619611e+02 1.742590267077445958e+02
2.629659116730096571e+02 3.195609122278481777e+02 1.742305417729616011e+02
2.629674860455004364e+02 3.195832616042343375e+02 1.742020568381786347e+02
2.629690604179912157e+02 3.196056109806205541e+02 1.741735719033956400e+02
2.629706347904819950e+02 3.196279603570067138e+02 1.741450869686126737e+02
2.629722091629727743e+02 3.196503097333929304e+02 1.741166020338296789e+02
2.629737835354635536e+02 3.196726591097790902e+02 1.740881170990467126e+02
2.629753579079543329e+02 3.196950084861653067e+02 1.740596321642637179e+02
2.629769322804450553e+02 3.197173578625514665e+02 1.740311472294807515e+02
2.629785066529358346e+02 3.197397072389376831e+02 1.740026622946977568e+02
2.629800810254266139e+02 3.197620566153238428e+02 1.739741773599147905e+02
2.629816553979173932e+02 3.197844059917100594e+02 1.739456924251317957e+02
2.629832297704081725e+02 3.198067553680962760e+02 1.739172074903488010e+02
2.629848041428989518e+02 3.198291047444824358e+02 1.738887225555658347e+02
2.629863785153897311e+02 3.198514541208686524e+02 1.738602376207828399e+02
2.629879528878804535e+02 3.198738034972548121e+02 1.738317526859998736e+02
2.629895272603712328e+02 3.198961528736410287e+02 1.738032677512168789e+02
2.629911016328620121e+02 3.199185022500271884e+02 1.737747828164339126e+02
2.629926760053527914e+02 3.199408516264134050e+02 1.737462978816509178e+02
2.629942503778435707e+02 3.199632010027995648e+02 1.737178129468679515e+02
2.629958247503343500e+02 3.199855503791857814e+02 1.736893280120849568e+02
2.629973991228251293e+02 3.200078997555719411e+02 1.736608430773019904e+02
2.629989734953159086e+02 3.200302491319581577e+02 1.736323581425189957e+02
2.630005478678066311e+02 3.200525985083443175e+02 1.736038732077360294e+02
2.630021222402974104e+02 3.200749478847305340e+02 1.735753882729530346e+02
2.630036966127881897e+02 3.200972972611166938e+02 1.735469033381700683e+02
2.630052709852789690e+02 3.201196466375029104e+02 1.735184184033870736e+02
2.630052709852789690e+02 3.201196466375029104e+02 1.735184184033870736e+02
2.630118289076133919e+02 3.201271306594672978e+02 1.734904886550835101e+02
2.630183868299478149e+02 3.201346146814316853e+02 1.734625589067799751e+02
2.630249447522821811e+02 3.201420987033960728e+02 1.734346291584764117e+02
2.630315026746166041e+02 3.201495827253604602e+02 1.734066994101728767e+02
2.630380605969510270e+02 3.201570667473248477e+02 1.733787696618693133e+02
2.630446185192854500e+02 3.201645507692892352e+02 1.733508399135657783e+02
2.630511764416198730e+02 3.201720347912536226e+02 1.733229101652622148e+02
2.630577343639542391e+02 3.201795188132180101e+02 1.732949804169586798e+02
2.630642922862886621e+02 3.201870028351823976e+02 1.732670506686551164e+02
2.630708502086230851e+02 3.201944868571467850e+02 1.732391209203515814e+02
2.630774081309575081e+02 3.202019708791111725e+02 1.732111911720480180e+02
2.630839660532919311e+02 3.202094549010755600e+02 1.731832614237444830e+02
2.630905239756262972e+02 3.202169389230399474e+02 1.731553316754409195e+02
2.630970818979607202e+02 3.202244229450043349e+02 1.731274019271373845e+02
2.631036398202951432e+02 3.202319069669687224e+02 1.730994721788338211e+02
2.631101977426295662e+02 3.202393909889331098e+02 1.730715424305302861e+02
2.631167556649639891e+02 3.202468750108974973e+02 1.730436126822267227e+02
2.631233135872983553e+02 3.202543590328618279e+02 1.730156829339231876e+02
2.631298715096327783e+02 3.202618430548262154e+02 1.729877531856196242e+02
2.631364294319672013e+02 3.202693270767906029e+02 1.729598234373160892e+02
2.631429873543016242e+02 3.202768110987549903e+02 1.729318936890125258e+02
2.631495452766360472e+02 3.202842951207193778e+02 1.729039639407089908e+02
2.631561031989704134e+02 3.202917791426837653e+02 1.728760341924054273e+02
2.631626611213048363e+02 3.202992631646481527e+02 1.728481044441018923e+02
2.631692190436392593e+02 3.203067471866125402e+02 1.728201746957983289e+02
2.631757769659736823e+02 3.203142312085769277e+02 1.727922449474947939e+02
2.631823348883081053e+02 3.203217152305413151e+02 1.727643151991912305e+02
2.631888928106424714e+02 3.203291992525057026e+02 1.727363854508876955e+02
2.631954507329768944e+02 3.203366832744700901e+02 1.727084557025841320e+02
2.632020086553113174e+02 3.203441672964344775e+02 1.726805259542805970e+02
2.632085665776457404e+02 3.203516513183988650e+02 1.726525962059770336e+02
2.632151244999801634e+02 3.203591353403632525e+02 1.726246664576734986e+02
2.632216824223145295e+02 3.203666193623276399e+02 1.725967367093699352e+02
2.632282403446489525e+02 3.203741033842920274e+02 1.725688069610664002e+02
2.632347982669833755e+02 3.203815874062564149e+02 1.725408772127628367e+02
2.632347982669833755e+02 3.203815874062564149e+02 1.725408772127628367e+02
2.632411498738611044e+02 3.203888359772150238e+02 1.725138261480548181e+02
2.632475014807388334e+02 3.203960845481736897e+02 1.724867750833467994e+02
2.632538530876165623e+02 3.204033331191322986e+02 1.724597240186387808e+02
2.632602046944943481e+02 3.204105816900909076e+02 1.724326729539307621e+02
2.632665563013720771e+02 3.204178302610495166e+02 1.724056218892227434e+02
2.632729079082498060e+02 3.204250788320081824e+02 1.723785708245147532e+02
2.632792595151275350e+02 3.204323274029667914e+02 1.723515197598067346e+02
2.632856111220052640e+02 3.204395759739254004e+02 1.723244686950987159e+02
2.632919627288829929e+02 3.204468245448840094e+02 1.722974176303906972e+02
2.632983143357607787e+02 3.204540731158426752e+02 1.722703665656826786e+02
2.633046659426385077e+02 3.204613216868012842e+02 1.722433155009746599e+02
2.633110175495162366e+02 3.204685702577598931e+02 1.722162644362666413e+02
2.633173691563939656e+02 3.204758188287185590e+02 1.721892133715586226e+02
2.633237207632716945e+02 3.204830673996771679e+02 1.721621623068506040e+02
2.633300723701494235e+02 3.204903159706357769e+02 1.721351112421425853e+02
2.633364239770271524e+02 3.204975645415943859e+02 1.721080601774345666e+02
2.633427755839049382e+02 3.205048131125530517e+02 1.720810091127265764e+02
2.633491271907826672e+02 3.205120616835116607e+02 1.720539580480185577e+02
2.633554787976603961e+02 3.205193102544702697e+02 1.720269069833105391e+02
2.633618304045381251e+02 3.205265588254288787e+02 1.719998559186025204e+02
2.633681820114158540e+02 3.205338073963875445e+02 1.719728048538945018e+02
2.633745336182935830e+02 3.205410559673461535e+02 1.719457537891864831e+02
2.633808852251713120e+02 3.205483045383047624e+02 1.719187027244784645e+02
2.633872368320490978e+02 3.205555531092634283e+02 1.718916516597704458e+02
2.633935884389268267e+02 3.205628016802220372e+02 1.718646005950624271e+02
2.633999400458045557e+02 3.205700502511806462e+02 1.718375495303544085e+02
2.634062916526822846e+02 3.205772988221392552e+02 1.718104984656463898e+02
2.634126432595600136e+02 3.205845473930979210e+02 1.717834474009383996e+02
2.634189948664377425e+02 3.205917959640565300e+02 1.717563963362303809e+02
2.634253464733155283e+02 3.205990445350151390e+02 1.717293452715223623e+02
2.634316980801932573e+02 3.206062931059737480e+02 1.717022942068143436e+02
2.634380496870709862e+02 3.206135416769324138e+02 1.716752431421063250e+02
2.634444012939487152e+02 3.206207902478910228e+02 1.716481920773983063e+02
2.634444012939487152e+02 3.206207902478910228e+02 1.716481920773983063e+02
2.634617051465671693e+02 3.206023627356935322e+02 1.716267993962367484e+02
2.634790089991856235e+02 3.205839352234960984e+02 1.716054067150751905e+02
2.634963128518040776e+02 3.205655077112986078e+02 1.715840140339136042e+02
2.635136167044225317e+02 3.205470801991011172e+02 1.715626213527520463e+02
2.635309205570409858e+02 3.205286526869036834e+02 1.715412286715904884e+02
2.635482244096594968e+02 3.205102251747061928e+02 1.715198359904289305e+02
2.635655282622779509e+02 3.204917976625087590e+02 1.714984433092673726e+02
2.635828321148964051e+02 3.204733701503112684e+02 1.714770506281058147e+02
2.636001359675148592e+02 3.204549426381137778e+02 1.714556579469442568e+02
2.636174398201333133e+02 3.204365151259163440e+02 1.714342652657826704e+02
2.636347436727517675e+02 3.204180876137188534e+02 1.714128725846211125e+02
2.636520475253702216e+02 3.203996601015213628e+02 1.713914799034595546e+02
2.636693513779886757e+02 3.203812325893239290e+02 1.713700872222979967e+02
2.636866552306071299e+02 3.203628050771264384e+02 1.713486945411364388e+02
2.637039590832256408e+02 3.203443775649290046e+02 1.713273018599748525e+02
2.637212629358440950e+02 3.203259500527315140e+02 1.713059091788132946e+02
2.637385667884625491e+02 3.203075225405340234e+02 1.712845164976517367e+02
2.637558706410810032e+02 3.202890950283365896e+02 1.712631238164901788e+02
2.637731744936994573e+02 3.202706675161390990e+02 1.712417311353286209e+02
2.637904783463179115e+02 3.202522400039416084e+02 1.712203384541670630e+02
2.638077821989363656e+02 3.202338124917441746e+02 1.711989457730055051e+02
2.638250860515548197e+02 3.202153849795466840e+02 1.711775530918439188e+02
2.638423899041732739e+02 3.201969574673491934e+02 1.711561604106823609e+02
2.638596937567917280e+02 3.201785299551517596e+02 1.711347677295208030e+02
2.638769976094101821e+02 3.201601024429542690e+02 1.711133750483592451e+02
2.638943014620286931e+02 3.201416749307568352e+02 1.710919823671976872e+02
2.639116053146471472e+02 3.201232474185593446e+02 1.710705896860361008e+02
2.639289091672656014e+02 3.201048199063618540e+02 1.710491970048745429e+02
2.639462130198840555e+02 3.200863923941644202e+02 1.710278043237129850e+02
2.639635168725025096e+02 3.200679648819669296e+02 1.710064116425514271e+02
2.639635168725025096e+02 3.200679648819669296e+02 1.710064116425514271e+02
2.639646569702368311e+02 3.200345909794054364e+02 1.710062112787217075e+02
2.639657970679710957e+02 3.200012170768440001e+02 1.710060109148919594e+02
2.639669371657054171e+02 3.199678431742825069e+02 1.710058105510622397e+02
2.639680772634396817e+02 3.199344692717210705e+02 1.710056101872324916e+02
2.639692173611740031e+02 3.199010953691595773e+02 1.710054098234027720e+02
2.639703574589082677e+02 3.198677214665981410e+02 1.710052094595730239e+02
2.639714975566425892e+02 3.198343475640366478e+02 1.710050090957433042e+02
2.639726376543768538e+02 3.198009736614752114e+02 1.710048087319135561e+02
2.639737777521111752e+02 3.197675997589137182e+02 1.710046083680838365e+02
2.639749178498454967e+02 3.197342258563522819e+02 1.710044080042541168e+02
2.639760579475797613e+02 3.197008519537907887e+02 1.710042076404243687e+02
2.639771980453140827e+02 3.196674780512293523e+02 1.710040072765946491e+02
2.639783381430483473e+02 3.196341041486678591e+02 1.710038069127649010e+02
2.639794782407826688e+02 3.196007302461064228e+02 1.710036065489351813e+02
2.639806183385169334e+02 3.195673563435449296e+02 1.710034061851054332e+02
2.639817584362512548e+02 3.195339824409834364e+02 1.710032058212757136e+02
2.639828985339855763e+02 3.195006085384220000e+02 1.710030054574459939e+02
2.639840386317198409e+02 3.194672346358605068e+02 1.710028050936162458e+02
2.639851787294541623e+02 3.194338607332990705e+02 1.710026047297865261e+02
2.639863188271884269e+02 3.194004868307375773e+02 1.710024043659567781e+02
2.639874589249227483e+02 3.193671129281761409e+02 1.710022040021270584e+02
2.639885990226570129e+02 3.193337390256146477e+02 1.710020036382973103e+02
2.639897391203913344e+02 3.193003651230532114e+02 1.710018032744675907e+02
2.639908792181256558e+02 3.192669912204917182e+02 1.710016029106378710e+02
2.639920193158599204e+02 3.192336173179302818e+02 1.710014025468081229e+02
2.639931594135942419e+02 3.192002434153687886e+02 1.710012021829784032e+02
2.639942995113285065e+02 3.191668695128073523e+02 1.710010018191486552e+02
2.639954396090628279e+02 3.191334956102458591e+02 1.710008014553189355e+02
2.639965797067970925e+02 3.191001217076844227e+02 1.710006010914891874e+02
2.639977198045314140e+02 3.190667478051229295e+02 1.710004007276594677e+02
2.639988599022656786e+02 3.190333739025614932e+02 1.710002003638297197e+02
2.640000000000000000e+02 3.190000000000000000e+02 1.710000000000000000e+02
2.640000000000000000e+02 3.190000000000000000e+02 1.710000000000000000e+02
2.640000000000000000e+02 3.190000000000000000e+02 1.710000000000000000e+02
2.640000000000000000e+02 3.190000000000000000e+02 1.710000000000000000e+02
2.640000000000000000e+02 3.190000000000000000e+02 1.710000000000000000e+02
2.640000000000000000e+02 3.190000000000000000e+02 1.710000000000000000e+02
2.640000000000000000e+02 3.190000000000000000e+02 1.710000000000000000e+02
2.640000000000000000e+02 3.190000000000000000e+02 1.710000000000000000e+02
2.640000000000000000e+02 3.190000000000000000e+02 1.710000000000000000e+02
2.640000000000000000e+02 3.190000000000000000e+02 1.710000000000000000e+02
2.640000000000000000e+02 3.190000000000000000e+02 1.710000000000000000e+02
2.640000000000000000e+02 3.190000000000000000e+02 1.710000000000000000e+02
2.640000000000000000e+02 3.190000000000000000e+02 1.710000000000000000e+02
2.640000000000000000e+02 3.190000000000000000e+02 1.710000000000000000e+02
2.640000000000000000e+02 3.190000000000000000e+02 1.710000000000000000e+02
2.640000000000000000e+02 3.190000000000000000e+02 1.710000000000000000e+02
2.640000000000000000e+02 3.190000000000000000e+02 1.710000000000000000e+02
2.640000000000000000e+02 3.190000000000000000e+02 1.710000000000000000e+02
2.640000000000000000e+02 3.190000000000000000e+02 1.710000000000000000e+02
2.640000000000000000e+02 3.190000000000000000e+02 1.710000000000000000e+02
2.640000000000000000e+02 3.190000000000000000e+02 1.710000000000000000e+02
2.640000000000000000e+02 3.190000000000000000e+02 1.710000000000000000e+02
2.640000000000000000e+02 3.190000000000000000e+02 1.710000000000000000e+02
2.640000000000000000e+02 3.190000000000000000e+02 1.710000000000000000e+02
2.640000000000000000e+02 3.190000000000000000e+02 1.710000000000000000e+02
2.640000000000000000e+02 3.190000000000000000e+02 1.710000000000000000e+02
2.640000000000000000e+02 3.190000000000000000e+02 1.710000000000000000e+02
2.640000000000000000e+02 3.190000000000000000e+02 1.710000000000000000e+02
2.640000000000000000e+02 3.190000000000000000e+02 1.710000000000000000e+02
2.640000000000000000e+02 3.190000000000000000e+02 1.710000000000000000e+02
2.640000000000000000e+02 3.190000000000000000e+02 1.710000000000000000e+02
2.640000000000000000e+02 3.190000000000000000e+02 1.710000000000000000e+02
2.640000000000000000e+02 3.190000000000000000e+02 1.710000000000000000e+02
2.640000000000000000e+02 3.190000000000000000e+02 1.710000000000000000e+02
2.640000000000000000e+02 3.190000000000000000e+02 1.710000000000000000e+02
2.640000000000000000e+02 3.190000000000000000e+02 1.710000000000000000e+02
2.640000000000000000e+02 3.190000000000000000e+02 1.710000000000000000e+02
2.640176604853608637e+02 3.189812792903786089e+02 1.709819593979190415e+02
2.640353209707216706e+02 3.189625585807572179e+02 1.709639187958380830e+02
2.640529814560825344e+02 3.189438378711358837e+02 1.709458781937571246e+02
2.640706419414433412e+02 3.189251171615144926e+02 1.709278375916761661e+02
2.640883024268042050e+02 3.189063964518931016e+02 1.709097969895951792e+02
2.641059629121650119e+02 3.188876757422717105e+02 1.708917563875142207e+02
2.641236233975258756e+02 3.188689550326503195e+02 1.708737157854332622e+02
2.641412838828866825e+02 3.188502343230289853e+02 1.708556751833523037e+02
2.641589443682475462e+02 3.188315136134075942e+02 1.708376345812713453e+02
2.641766048536083531e+02 3.188127929037862032e+02 1.708195939791903868e+02
2.641942653389692168e+02 3.187940721941648121e+02 1.708015533771094283e+02
2.642119258243300237e+02 3.187753514845434211e+02 1.707835127750284698e+02
2.642295863096908874e+02 3.187566307749220869e+02 1.707654721729474829e+02
2.642472467950516943e+02 3.187379100653006958e+02 1.707474315708665245e+02
2.642649072804125581e+02 3.187191893556793048e+02 1.707293909687855660e+02
2.642825677657733650e+02 3.187004686460579137e+02 1.707113503667046075e+02
2.643002282511342287e+02 3.186817479364365227e+02 1.706933097646236490e+02
2.643178887364950924e+02 3.186630272268151884e+02 1.706752691625426905e+02
2.643355492218558993e+02 3.186443065171937974e+02 1.706572285604617321e+02
2.643532097072167630e+02 3.186255858075724063e+02 1.706391879583807736e+02
2.643708701925775699e+02 3.186068650979510153e+02 1.706211473562998151e+02
2.643885306779384337e+02 3.185881443883296811e+02 1.706031067542188282e+02
2.644061911632992405e+02 3.185694236787082900e+02 1.705850661521378697e+02
2.644238516486601043e+02 3.185507029690868990e+02 1.705670255500569112e+02
2.644415121340209112e+02 3.185319822594655079e+02 1.705489849479759528e+02
2.644591726193817749e+02 3.185132615498441169e+02 1.705309443458949943e+02
2.644768331047425818e+02 3.184945408402227827e+02 1.705129037438140358e+02
2.644944935901034455e+02 3.184758201306013916e+02 1.704948631417330773e+02
2.645121540754642524e+02 3.184570994209800006e+02 1.704768225396521188e+02
2.645298145608251161e+02 3.184383787113586095e+02 1.704587819375711319e+02
2.645474750461859230e+02 3.184196580017372185e+02 1.704407413354901735e+02
2.645651355315467868e+02 3.184009372921158842e+02 1.704227007334092150e+02
2.645827960169075936e+02 3.183822165824944932e+02 1.704046601313282565e+02
2.646004565022684574e+02 3.183634958728731021e+02 1.703866195292472980e+02
2.646004565022684574e+02 3.183634958728731021e+02 1.703866195292472980e+02
2.646183686550963330e+02 3.183445083872557575e+02 1.703683218429165720e+02
2.646362808079242086e+02 3.183255209016384129e+02 1.703500241565858175e+02
2.646541929607520842e+02 3.183065334160210114e+02 1.703317264702550915e+02
2.646721051135799598e+02 3.182875459304036667e+02 1.703134287839243655e+02
2.646900172664078355e+02 3.182685584447863221e+02 1.702951310975936394e+02
2.647079294192357111e+02 3.182495709591689774e+02 1.702768334112628850e+02
2.647258415720635867e+02 3.182305834735515759e+02 1.702585357249321589e+02
2.647437537248914623e+02 3.182115959879342313e+02 1.702402380386014329e+02
2.647616658777193379e+02 3.181926085023168866e+02 1.702219403522707069e+02
2.647795780305472135e+02 3.181736210166995420e+02 1.702036426659399524e+02
2.647974901833750891e+02 3.181546335310821974e+02 1.701853449796092264e+02
2.648154023362029648e+02 3.181356460454647959e+02 1.701670472932785003e+02
2.648333144890308404e+02 3.181166585598474512e+02 1.701487496069477743e+02
2.648512266418587160e+02 3.180976710742301066e+02 1.701304519206170198e+02
2.648691387946865916e+02 3.180786835886127619e+02 1.701121542342862938e+02
2.648870509475145241e+02 3.180596961029953604e+02 1.700938565479555677e+02
2.649049631003423997e+02 3.180407086173780158e+02 1.700755588616248417e+02
2.649228752531702753e+02 3.180217211317606711e+02 1.700572611752940873e+02
2.649407874059981509e+02 3.180027336461433265e+02 1.700389634889633612e+02
2.649586995588260265e+02 3.179837461605259250e+02 1.700206658026326352e+02
2.649766117116539021e+02 3.179647586749085804e+02 1.700023681163019091e+02
2.649945238644817778e+02 3.179457711892912357e+02 1.699840704299711547e+02
2.650124360173096534e+02 3.179267837036738911e+02 1.699657727436404286e+02
2.650303481701375290e+02 3.179077962180565464e+02 1.699474750573097026e+02
2.650482603229654046e+02 3.178888087324391449e+02 1.699291773709789766e+02
2.650661724757932802e+02 3.178698212468218003e+02 1.699108796846482221e+02
2.650840846286211558e+02 3.178508337612044556e+02 1.698925819983174961e+02
2.651019967814490315e+02 3.178318462755871110e+02 1.698742843119867700e+02
2.651199089342769071e+02 3.178128587899697095e+02 1.698559866256560440e+02
2.651378210871047827e+02 3.177938713043523649e+02 1.698376889393252895e+02
2.651557332399326583e+02 3.177748838187350202e+02 1.698193912529945635e+02
2.651557332399326583e+02 3.177748838187350202e+02 1.698193912529945635e+02
2.651593280419718326e+02 3.177672019355794077e+02 1.697895098718047393e+02
2.651629228440110069e+02 3.177595200524237953e+02 1.697596284906149151e+02
2.651665176460501812e+02 3.177518381692681828e+02 1.697297471094250909e+02
2.651701124480893554e+02 3.177441562861125703e+02 1.696998657282352667e+02
2.651737072501285297e+02 3.177364744029569579e+02 1.696699843470454425e+02
2.651773020521677040e+02 3.177287925198013454e+02 1.696401029658556183e+02
2.651808968542068783e+02 3.177211106366457329e+02 1.696102215846657941e+02
2.651844916562460526e+02 3.177134287534901205e+02 1.695803402034759699e+02
2.651880864582852269e+02 3.177057468703345080e+02 1.695504588222861457e+02
2.651916812603244011e+02 3.176980649871788955e+02 1.695205774410963215e+02
2.651952760623635754e+02 3.176903831040232831e+02 1.694906960599064973e+02
2.651988708644027497e+02 3.176827012208676706e+02 1.694608146787166731e+02
2.652024656664419240e+02 3.176750193377120581e+02 1.694309332975268489e+02
2.652060604684810983e+02 3.176673374545564457e+02 1.694010519163370247e+02
2.652096552705202726e+02 3.176596555714007764e+02 1.693711705351472006e+02
2.652132500725594468e+02 3.176519736882451639e+02 1.693412891539574048e+02
2.652168448745986211e+02 3.176442918050895514e+02 1.693114077727675806e+02
2.652204396766377954e+02 3.176366099219339389e+02 1.692815263915777564e+02
2.652240344786769697e+02 3.176289280387783265e+02 1.692516450103879322e+02
2.652276292807161440e+02 3.176212461556227140e+02 1.692217636291981080e+02
2.652312240827553182e+02 3.176135642724671015e+02 1.691918822480082838e+02
2.652348188847944925e+02 3.176058823893114891e+02 1.691620008668184596e+02
2.652384136868336668e+02 3.175982005061558766e+02 1.691321194856286354e+02
2.652420084888728411e+02 3.175905186230002641e+02 1.691022381044388112e+02
2.652456032909120154e+02 3.175828367398446517e+02 1.690723567232489870e+02
2.652491980929511897e+02 3.175751548566890392e+02 1.690424753420591628e+02
2.652527928949903639e+02 3.175674729735334267e+02 1.690125939608693386e+02
2.652563876970295382e+02 3.175597910903778143e+02 1.689827125796795144e+02
2.652599824990687125e+02 3.175521092072222018e+02 1.689528311984896902e+02
2.652635773011078868e+02 3.175444273240665893e+02 1.689229498172998660e+02
2.652635773011078868e+02 3.175444273240665893e+02 1.689229498172998660e+02
2.652638812182808010e+02 3.175409643446350287e+02 1.688913587585037703e+02
2.652641851354537152e+02 3.175375013652034681e+02 1.688597676997076746e+02
2.652644890526266295e+02 3.175340383857719075e+02 1.688281766409115505e+02
2.652647929697995437e+02 3.175305754063403469e+02 1.687965855821154548e+02
2.652650968869724579e+02 3.175271124269087863e+02 1.687649945233193591e+02
2.652654008041454290e+02 3.175236494474772257e+02 1.687334034645232634e+02
2.652657047213183432e+02 3.175201864680456652e+02 1.687018124057271393e+02
2.652660086384912574e+02 3.175167234886141046e+02 1.686702213469310436e+02
2.652663125556641717e+02 3.175132605091824871e+02 1.686386302881349479e+02
2.652666164728370859e+02 3.175097975297509265e+02 1.686070392293388522e+02
2.652669203900100001e+02 3.175063345503193659e+02 1.685754481705427281e+02
2.652672243071829143e+02 3.175028715708878053e+02 1.685438571117466324e+02
2.652675282243558286e+02 3.174994085914562447e+02 1.685122660529505367e+02
2.652678321415287428e+02 3.174959456120246841e+02 1.684806749941544410e+02
2.652681360587016570e+02 3.174924826325931235e+02 1.684490839353583169e+02
2.652684399758745712e+02 3.174890196531615629e+02 1.684174928765622212e+02
2.652687438930475423e+02 3.174855566737300023e+02 1.683859018177661255e+02
2.652690478102204565e+02 3.174820936942984417e+02 1.683543107589700298e+02
2.652693517273933708e+02 3.174786307148668811e+02 1.683227197001739057e+02
2.652696556445662850e+02 3.174751677354353205e+02 1.682911286413778100e+02
2.652699595617391992e+02 3.174717047560037599e+02 1.682595375825817143e+02
2.652702634789121134e+02 3.174682417765721993e+02 1.682279465237856186e+02
2.652705673960850277e+02 3.174647787971406387e+02 1.681963554649894945e+02
2.652708713132579419e+02 3.174613158177090781e+02 1.681647644061933988e+02
2.652711752304308561e+02 3.174578528382774607e+02 1.681331733473973031e+02
2.652714791476037703e+02 3.174543898588459001e+02 1.681015822886012074e+02
2.652717830647766846e+02 3.174509268794143395e+02 1.680699912298050833e+02
2.652720869819496556e+02 3.174474638999827789e+02 1.680384001710089876e+02
2.652723908991225699e+02 3.174440009205512183e+02 1.680068091122128919e+02
2.652726948162954841e+02 3.174405379411196577e+02 1.679752180534167962e+02
2.652729987334683983e+02 3.174370749616880971e+02 1.679436269946206721e+02
2.652733026506413125e+02 3.174336119822565365e+02 1.679120359358245764e+02
2.652736065678142268e+02 3.174301490028249759e+02 1.678804448770284807e+02
2.652736065678142268e+02 3.174301490028249759e+02 1.678804448770284807e+02
2.652721312177888535e+02 3.174315005443022528e+02 1.678488564451933200e+02
2.652706558677635371e+02 3.174328520857795297e+02 1.678172680133581309e+02
2.652691805177381639e+02 3.174342036272567498e+02 1.677856795815229702e+02
2.652677051677127906e+02 3.174355551687340267e+02 1.677540911496877811e+02
2.652662298176874742e+02 3.174369067102113036e+02 1.677225027178526204e+02
2.652647544676621010e+02 3.174382582516885805e+02 1.676909142860174313e+02
2.652632791176367277e+02 3.174396097931658005e+02 1.676593258541822706e+02
2.652618037676114113e+02 3.174409613346430774e+02 1.676277374223470815e+02
2.652603284175860381e+02 3.174423128761203543e+02 1.675961489905119208e+02
2.652588530675606648e+02 3.174436644175976312e+02 1.675645605586767317e+02
2.652573777175353484e+02 3.174450159590749081e+02 1.675329721268415710e+02
2.652559023675099752e+02 3.174463675005521281e+02 1.675013836950063819e+02
2.652544270174846019e+02 3.174477190420294050e+02 1.674697952631712212e+02
2.652529516674592855e+02 3.174490705835066819e+02 1.674382068313360321e+02
2.652514763174339123e+02 3.174504221249839588e+02 1.674066183995008714e+02
2.652500009674085391e+02 3.174517736664611789e+02 1.673750299676656823e+02
2.652485256173831658e+02 3.174531252079384558e+02 1.673434415358305216e+02
2.652470502673578494e+02 3.174544767494157327e+02 1.673118531039953325e+02
2.652455749173324762e+02 3.174558282908930096e+02 1.672802646721601718e+02
2.652440995673071029e+02 3.174571798323702296e+02 1.672486762403249827e+02
2.652426242172817865e+02 3.174585313738475065e+02 1.672170878084898220e+02
2.652411488672564133e+02 3.174598829153247834e+02 1.671854993766546329e+02
2.652396735172310400e+02 3.174612344568020603e+02 1.671539109448194722e+02
2.652381981672057236e+02 3.174625859982793372e+02 1.671223225129842831e+02
2.652367228171803504e+02 3.174639375397565573e+02 1.670907340811491224e+02
2.652352474671549771e+02 3.174652890812338342e+02 1.670591456493139333e+02
2.652337721171296607e+02 3.174666406227111111e+02 1.670275572174787726e+02
2.652322967671042875e+02 3.174679921641883880e+02 1.669959687856435835e+02
2.652308214170789142e+02 3.174693437056656080e+02 1.669643803538084228e+02
2.652293460670535978e+02 3.174706952471428849e+02 1.669327919219732337e+02
2.652278707170282246e+02 3.174720467886201618e+02 1.669012034901380730e+02
2.652278707170282246e+02 3.174720467886201618e+02 1.669012034901380730e+02
2.652142094316967587e+02 3.174581840944943565e+02 1.668764587563127577e+02
2.652005481463652927e+02 3.174443214003686080e+02 1.668517140224874140e+02
2.651868868610337699e+02 3.174304587062428027e+02 1.668269692886620987e+02
2.651732255757023040e+02 3.174165960121169974e+02 1.668022245548367550e+02
2.651595642903708381e+02 3.174027333179912489e+02 1.667774798210114398e+02
2.651459030050393721e+02 3.173888706238654436e+02 1.667527350871861245e+02
2.651322417197079062e+02 3.173750079297396951e+02 1.667279903533607808e+02
2.651185804343763834e+02 3.173611452356138898e+02 1.667032456195354655e+02
2.651049191490449175e+02 3.173472825414880845e+02 1.666785008857101502e+02
2.650912578637134516e+02 3.173334198473623360e+02 1.666537561518848065e+02
2.650775965783819856e+02 3.173195571532365307e+02 1.666290114180594912e+02
2.650639352930504629e+02 3.173056944591107822e+02 1.666042666842341760e+02
2.650502740077189969e+02 3.172918317649849769e+02 1.665795219504088323e+02
2.650366127223875310e+02 3.172779690708591716e+02 1.665547772165835170e+02
2.650229514370560651e+02 3.172641063767334231e+02 1.665300324827581733e+02
2.650092901517245991e+02 3.172502436826076178e+02 1.665052877489328580e+02
2.649956288663930764e+02 3.172363809884818124e+02 1.664805430151075427e+02
2.649819675810616104e+02 3.172225182943560640e+02 1.664557982812821990e+02
2.649683062957301445e+02 3.172086556002302586e+02 1.664310535474568837e+02
2.649546450103986786e+02 3.171947929061044533e+02 1.664063088136315400e+02
2.649409837250672126e+02 3.171809302119787048e+02 1.663815640798062248e+02
2.649273224397356898e+02 3.171670675178528995e+02 1.663568193459809095e+02
2.649136611544042239e+02 3.171532048237271511e+02 1.663320746121555658e+02
2.648999998690727580e+02 3.171393421296013457e+02 1.663073298783302505e+02
2.648999998690727580e+02 3.171393421296013457e+02 1.663073298783302505e+02
2.649063206118361791e+02 3.171222930112826361e+02 1.662806844704946059e+02
2.649126413545996570e+02 3.171052438929638697e+02 1.662540390626589613e+02
2.649189620973630781e+02 3.170881947746451601e+02 1.662273936548233166e+02
2.649252828401264992e+02 3.170711456563263937e+02 1.662007482469876720e+02
2.649316035828899771e+02 3.170540965380076841e+02 1.661741028391520274e+02
2.649379243256533982e+02 3.170370474196889177e+02 1.661474574313164112e+02
2.649442450684168193e+02 3.170199983013702081e+02 1.661208120234807666e+02
2.649505658111802973e+02 3.170029491830514417e+02 1.660941666156451220e+02
2.649568865539437184e+02 3.169859000647327321e+02 1.660675212078094773e+02
2.649632072967071394e+02 3.169688509464139656e+02 1.660408757999738327e+02
2.649695280394706174e+02 3.169518018280952560e+02 1.660142303921381881e+02
2.649758487822340385e+02 3.169347527097764896e+02 1.659875849843025435e+02
2.649821695249974596e+02 3.169177035914577800e+02 1.659609395764668989e+02
2.649884902677609375e+02 3.169006544731390136e+02 1.659342941686312543e+02
2.649948110105243586e+02 3.168836053548203040e+02 1.659076487607956096e+02
2.650011317532877797e+02 3.168665562365015376e+02 1.658810033529599934e+02
2.650074524960512576e+02 3.168495071181828280e+02 1.658543579451243488e+02
2.650137732388146787e+02 3.168324579998640615e+02 1.658277125372887042e+02
2.650200939815780998e+02 3.168154088815453520e+02 1.658010671294530596e+02
2.650264147243415778e+02 3.167983597632265855e+02 1.657744217216174150e+02
2.650327354671049989e+02 3.167813106449078759e+02 1.657477763137817703e+02
2.650327354671049989e+02 3.167813106449078759e+02 1.657477763137817703e+02
2.650139884455193169e+02 3.167651952030658435e+02 1.657266309961221111e+02
2.649952414239336917e+02 3.167490797612238111e+02 1.657054856784624519e+02
2.649764944023480098e+02 3.167329643193818356e+02 1.656843403608027927e+02
2.649577473807623846e+02 3.167168488775398032e+02 1.656631950431431335e+02
2.649390003591767027e+02 3.167007334356977708e+02 1.656420497254834743e+02
2.649202533375910775e+02 3.166846179938557384e+02 1.656209044078238151e+02
2.649015063160053955e+02 3.166685025520137060e+02 1.655997590901641559e+02
2.648827592944197704e+02 3.166523871101716736e+02 1.655786137725044966e+02
2.648640122728340884e+02 3.166362716683296981e+02 1.655574684548448374e+02
2.648452652512484633e+02 3.166201562264876657e+02 1.655363231371851782e+02
2.648265182296627813e+02 3.166040407846456333e+02 1.655151778195255190e+02
2.648077712080771562e+02 3.165879253428036009e+02 1.654940325018658598e+02
2.647890241864914742e+02 3.165718099009615685e+02 1.654728871842062006e+02
2.647702771649058491e+02 3.165556944591195361e+02 1.654517418665465414e+02
2.647515301433201671e+02 3.165395790172775605e+02 1.654305965488868821e+02
2.647327831217345420e+02 3.165234635754355281e+02 1.654094512312272229e+02
2.647140361001488600e+02 3.165073481335934957e+02 1.653883059135675637e+02
2.647140361001488600e+02 3.165073481335934957e+02 1.653883059135675637e+02
2.646966273667282508e+02 3.165057346960929294e+02 1.653600953451395128e+02
2.646792186333076415e+02 3.165041212585924200e+02 1.653318847767114903e+02
2.646618098998870323e+02 3.165025078210918537e+02 1.653036742082834394e+02
2.646444011664664231e+02 3.165008943835913442e+02 1.652754636398554169e+02
2.646269924330458707e+02 3.164992809460907779e+02 1.652472530714273660e+02
2.646095836996252615e+02 3.164976675085902116e+02 1.652190425029993150e+02
2.645921749662046523e+02 3.164960540710897021e+02 1.651908319345712925e+02
2.645747662327840430e+02 3.164944406335891358e+02 1.651626213661432416e+02
2.645573574993634338e+02 3.164928271960886264e+02 1.651344107977152191e+02
2.645399487659428246e+02 3.164912137585880600e+02 1.651062002292871682e+02
2.645225400325222154e+02 3.164896003210875506e+02 1.650779896608591457e+02
2.645051312991016061e+02 3.164879868835869843e+02 1.650497790924310948e+02
2.644877225656810538e+02 3.164863734460864180e+02 1.650215685240030439e+02
2.644703138322604445e+02 3.164847600085859085e+02 1.649933579555750214e+02
2.644529050988398353e+02 3.164831465710853422e+02 1.649651473871469705e+02
2.644354963654192261e+02 3.164815331335848327e+02 1.649369368187189480e+02
2.644180876319986169e+02 3.164799196960842664e+02 1.649087262502908970e+02
2.644180876319986169e+02 3.164799196960842664e+02 1.649087262502908970e+02
2.644011335068784661e+02 3.164783483915788338e+02 1.648812523671953443e+02
2.643841793817583721e+02 3.164767770870734012e+02 1.648537784840998199e+02
2.643672252566382213e+02 3.164752057825679685e+02 1.648263046010042672e+02
2.643502711315180704e+02 3.164736344780625359e+02 1.647988307179087428e+02
2.643333170063979765e+02 3.164720631735571033e+02 1.647713568348131901e+02
2.643163628812778256e+02 3.164704918690516706e+02 1.647438829517176657e+02
2.642994087561576748e+02 3.164689205645462380e+02 1.647164090686221130e+02
2.642824546310375808e+02 3.164673492600408053e+02 1.646889351855265602e+02
2.642655005059174300e+02 3.164657779555353727e+02 1.646614613024310358e+02
2.642485463807972792e+02 3.164642066510298832e+02 1.646339874193354831e+02
2.642315922556771284e+02 3.164626353465244506e+02 1.646065135362399587e+02
2.642146381305570344e+02 3.164610640420190180e+02 1.645790396531444060e+02
2.641976840054368836e+02 3.164594927375135853e+02 1.645515657700488532e+02
2.641807298803167328e+02 3.164579214330081527e+02 1.645240918869533289e+02
2.641637757551966388e+02 3.164563501285027201e+02 1.644966180038577761e+02
2.641468216300764880e+02 3.164547788239972874e+02 1.644691441207622518e+02
2.641298675049563371e+02 3.164532075194918548e+02 1.644416702376666990e+02
2.641129133798362432e+02 3.164516362149864221e+02 1.644141963545711747e+02
2.640959592547160923e+02 3.164500649104809895e+02 1.643867224714756219e+02
2.640959592547160923e+02 3.164500649104809895e+02 1.643867224714756219e+02
2.640819381594433253e+02 3.164358371017236777e+02 1.643613260126471687e+02
2.640679170641705014e+02 3.164216092929664228e+02 1.643359295538187155e+02
2.640538959688977343e+02 3.164073814842091110e+02 1.643105330949902623e+02
2.640398748736249672e+02 3.163931536754517992e+02 1.642851366361618375e+02
2.640258537783521433e+02 3.163789258666945443e+02 1.642597401773333843e+02
2.640118326830793762e+02 3.163646980579372325e+02 1.642343437185049311e+02
2.639978115878066092e+02 3.163504702491799208e+02 1.642089472596764779e+02
2.639837904925338421e+02 3.163362424404226658e+02 1.641835508008480247e+02
2.639697693972610182e+02 3.163220146316653540e+02 1.641581543420195715e+02
2.639557483019882511e+02 3.163077868229080423e+02 1.641327578831911183e+02
2.639417272067154840e+02 3.162935590141507873e+02 1.641073614243626935e+02
2.639277061114426601e+02 3.162793312053934756e+02 1.640819649655342403e+02
2.639136850161698931e+02 3.162651033966362206e+02 1.640565685067057871e+02
2.638996639208971260e+02 3.162508755878789088e+02 1.640311720478773339e+02
2.638856428256243589e+02 3.162366477791215971e+02 1.640057755890488806e+02
2.638716217303515350e+02 3.162224199703643421e+02 1.639803791302204274e+02
2.638576006350787679e+02 3.162081921616070304e+02 1.639549826713920027e+02
2.638435795398060009e+02 3.161939643528497186e+02 1.639295862125635495e+02
2.638295584445331770e+02 3.161797365440924636e+02 1.639041897537350962e+02
2.638155373492604099e+02 3.161655087353351519e+02 1.638787932949066430e+02
2.638155373492604099e+02 3.161655087353351519e+02 1.638787932949066430e+02
2.637949576929601108e+02 3.161414434290540498e+02 1.638791099590024771e+02
2.637743780366598116e+02 3.161173781227729478e+02 1.638794266230983396e+02
2.637537983803594557e+02 3.160933128164919026e+02 1.638797432871941737e+02
2.637332187240591566e+02 3.160692475102108006e+02 1.638800599512900362e+02
2.637126390677588574e+02 3.160451822039296985e+02 1.638803766153858703e+02
2.636920594114585583e+02 3.160211168976485965e+02 1.638806932794817328e+02
2.636714797551582024e+02 3.159970515913674944e+02 1.638810099435775669e+02
2.636509000988579032e+02 3.159729862850864492e+02 1.638813266076734294e+02
2.636303204425576041e+02 3.159489209788053472e+02 1.638816432717692635e+02
2.636097407862573050e+02 3.159248556725242452e+02 1.638819599358651260e+02
2.635891611299570059e+02 3.159007903662431431e+02 1.638822765999609601e+02
2.635685814736566499e+02 3.158767250599620411e+02 1.638825932640568226e+02
2.635480018173563508e+02 3.158526597536809959e+02 1.638829099281526567e+02
2.635274221610560517e+02 3.158285944473998939e+02 1.638832265922485192e+02
2.635068425047557525e+02 3.158045291411187918e+02 1.638835432563443533e+02
2.634862628484553966e+02 3.157804638348376898e+02 1.638838599204402158e+02
2.634656831921550975e+02 3.157563985285565877e+02 1.638841765845360499e+02
2.634451035358547983e+02 3.157323332222754857e+02 1.638844932486319124e+02
2.634245238795544992e+02 3.157082679159944405e+02 1.638848099127277465e+02
2.634039442232541433e+02 3.156842026097133385e+02 1.638851265768236090e+02
2.633833645669538441e+02 3.156601373034322364e+02 1.638854432409194430e+02
2.633627849106535450e+02 3.156360719971511344e+02 1.638857599050153055e+02
2.633422052543532459e+02 3.156120066908700323e+02 1.638860765691111396e+02
2.633216255980529468e+02 3.155879413845889871e+02 1.638863932332070021e+02
2.633010459417525908e+02 3.155638760783078851e+02 1.638867098973028362e+02
2.632804662854522917e+02 3.155398107720267831e+02 1.638870265613986987e+02
2.632598866291519926e+02 3.155157454657456810e+02 1.638873432254945328e+02
2.632393069728516934e+02 3.154916801594645790e+02 1.638876598895903953e+02
2.632187273165513375e+02 3.154676148531835338e+02 1.638879765536862294e+02
2.631981476602510384e+02 3.154435495469024318e+02 1.638882932177820919e+02
2.631775680039507392e+02 3.154194842406213297e+02 1.638886098818779260e+02
2.631775680039507392e+02 3.154194842406213297e+02 1.638886098818779260e+02
2.631571948331384192e+02 3.153956603930137703e+02 1.638889233687321507e+02
2.631368216623261560e+02 3.153718365454061541e+02 1.638892368555864039e+02
2.631164484915138360e+02 3.153480126977985947e+02 1.638895503424406286e+02
2.630960753207015728e+02 3.153241888501910353e+02 1.638898638292948533e+02
2.630757021498892527e+02 3.153003650025834759e+02 1.638901773161491064e+02
2.630553289790769895e+02 3.152765411549759165e+02 1.638904908030033312e+02
2.630349558082646695e+02 3.152527173073683002e+02 1.638908042898575843e+02
2.630145826374524063e+02 3.152288934597607408e+02 1.638911177767118090e+02
2.629942094666400862e+02 3.152050696121531814e+02 1.638914312635660337e+02
2.629738362958277662e+02 3.151812457645455652e+02 1.638917447504202869e+02
2.629534631250155030e+02 3.151574219169380058e+02 1.638920582372745116e+02
2.629330899542031830e+02 3.151335980693304464e+02 1.638923717241287363e+02
2.629127167833909198e+02 3.151097742217228870e+02 1.638926852109829895e+02
2.628923436125785997e+02 3.150859503741153276e+02 1.638929986978372142e+02
2.628719704417663365e+02 3.150621265265077113e+02 1.638933121846914389e+02
2.628515972709540165e+02 3.150383026789001519e+02 1.638936256715456921e+02
2.628312241001417533e+02 3.150144788312925925e+02 1.638939391583999168e+02
2.628108509293294333e+02 3.149906549836849763e+02 1.638942526452541415e+02
2.627904777585171132e+02 3.149668311360774169e+02 1.638945661321083946e+02
2.627701045877048500e+02 3.149430072884698575e+02 1.638948796189626194e+02
2.627497314168925300e+02 3.149191834408622981e+02 1.638951931058168725e+02
2.627293582460802668e+02 3.148953595932547387e+02 1.638955065926710972e+02
2.627089850752679467e+02 3.148715357456471224e+02 1.638958200795253219e+02
2.626886119044556835e+02 3.148477118980395630e+02 1.638961335663795751e+02
2.626682387336433635e+02 3.148238880504320036e+02 1.638964470532337998e+02
2.626478655628311003e+02 3.148000642028243874e+02 1.638967605400880245e+02
2.626274923920187803e+02 3.147762403552168280e+02 1.638970740269422777e+02
2.626071192212064602e+02 3.147524165076092686e+02 1.638973875137965024e+02
2.625867460503941970e+02 3.147285926600017092e+02 1.638977010006507271e+02
2.625663728795818770e+02 3.147047688123941498e+02 1.638980144875049803e+02
2.625459997087696138e+02 3.146809449647865335e+02 1.638983279743592050e+02
2.625256265379572937e+02 3.146571211171789741e+02 1.638986414612134581e+02
2.625052533671450306e+02 3.146332972695714147e+02 1.638989549480676828e+02
2.624848801963327105e+02 3.146094734219637985e+02 1.638992684349219076e+02
2.624645070255204473e+02 3.145856495743562391e+02 1.638995819217761607e+02
2.624441338547081273e+02 3.145618257267486797e+02 1.638998954086303854e+02
2.624441338547081273e+02 3.145618257267486797e+02 1.638998954086303854e+02
2.624332732927908296e+02 3.145327369554827328e+02 1.639012006643772281e+02
2.624224127308735319e+02 3.145036481842167859e+02 1.639025059201240708e+02
2.624115521689562343e+02 3.144745594129508390e+02 1.639038111758709135e+02
2.624006916070388797e+02 3.144454706416848921e+02 1.639051164316177562e+02
2.623898310451215821e+02 3.144163818704189453e+02 1.639064216873645989e+02
2.623789704832042844e+02 3.143872930991529984e+02 1.639077269431114416e+02
2.623681099212869867e+02 3.143582043278870515e+02 1.639090321988582843e+02
2.623572493593696890e+02 3.143291155566211046e+02 1.639103374546051270e+02
2.623463887974523914e+02 3.143000267853552145e+02 1.639116427103519413e+02
2.623355282355350937e+02 3.142709380140892677e+02 1.639129479660987840e+02
2.623246676736177392e+02 3.142418492428233208e+02 1.639142532218456267e+02
2.623138071117004415e+02 3.142127604715573739e+02 1.639155584775924694e+02
2.623029465497831438e+02 3.141836717002914270e+02 1.639168637333393121e+02
2.622920859878658462e+02 3.141545829290254801e+02 1.639181689890861549e+02
2.622812254259485485e+02 3.141254941577595332e+02 1.639194742448329976e+02
2.622703648640312508e+02 3.140964053864935863e+02 1.639207795005798403e+02
2.622595043021139531e+02 3.140673166152276394e+02 1.639220847563266830e+02
2.622486437401965986e+02 3.140382278439616925e+02 1.639233900120735257e+02
2.622377831782793010e+02 3.140091390726957457e+02 1.639246952678203684e+02
2.622269226163620033e+02 3.139800503014297988e+02 1.639260005235672111e+02
2.622160620544447056e+02 3.139509615301638519e+02 1.639273057793140538e+02
2.622052014925274079e+02 3.139218727588979050e+02 1.639286110350608965e+02
2.621943409306101103e+02 3.138927839876319581e+02 1.639299162908077392e+02
2.621834803686928126e+02 3.138636952163660112e+02 1.639312215465545819e+02
2.621726198067754581e+02 3.138346064451000643e+02 1.639325268023014246e+02
2.621617592448581604e+02 3.138055176738341174e+02 1.639338320580482673e+02
2.621508986829408627e+02 3.137764289025682274e+02 1.639351373137950816e+02
2.621400381210235651e+02 3.137473401313022805e+02 1.639364425695419243e+02
2.621291775591062674e+02 3.137182513600363336e+02 1.639377478252887670e+02
2.621183169971889697e+02 3.136891625887703867e+02 1.639390530810356097e+02
2.621074564352716720e+02 3.136600738175044398e+02 1.639403583367824524e+02
2.620965958733543175e+02 3.136309850462384929e+02 1.639416635925292951e+02
2.620857353114370198e+02 3.136018962749725461e+02 1.639429688482761378e+02
2.620748747495197222e+02 3.135728075037065992e+02 1.639442741040229805e+02
2.620640141876024245e+02 3.135437187324406523e+02 1.639455793597698232e+02
2.620640141876024245e+02 3.135437187324406523e+02 1.639455793597698232e+02
2.620667101108733732e+02 3.135243956797413603e+02 1.639217302639007698e+02
2.620694060341442650e+02 3.135050726270420114e+02 1.638978811680316880e+02
2.620721019574152137e+02 3.134857495743427194e+02 1.638740320721626347e+02
2.620747978806861624e+02 3.134664265216433705e+02 1.638501829762935529e+02
2.620774938039570543e+02 3.134471034689440785e+02 1.638263338804244995e+02
2.620801897272280030e+02 3.134277804162447296e+02 1.638024847845554461e+02
2.620828856504989517e+02 3.134084573635454376e+02 1.637786356886863643e+02
2.620855815737698435e+02 3.133891343108460887e+02 1.637547865928173110e+02
2.620882774970407922e+02 3.133698112581467967e+02 1.637309374969482576e+02
2.620909734203117409e+02 3.133504882054474479e+02 1.637070884010791758e+02
2.620936693435826328e+02 3.133311651527481558e+02 1.636832393052101224e+02
2.620963652668535815e+02 3.133118421000488070e+02 1.636593902093410406e+02
2.620990611901245302e+02 3.132925190473495149e+02 1.636355411134719873e+02
2.621017571133954220e+02 3.132731959946501661e+02 1.636116920176029339e+02
2.621044530366663707e+02 3.132538729419508741e+02 1.635878429217338521e+02
2.621071489599373194e+02 3.132345498892515820e+02 1.635639938258647987e+02
2.621098448832082113e+02 3.132152268365522332e+02 1.635401447299957454e+02
2.621125408064791600e+02 3.131959037838529412e+02 1.635162956341266636e+02
2.621152367297501087e+02 3.131765807311535923e+02 1.634924465382576102e+02
2.621179326530210005e+02 3.131572576784543003e+02 1.634685974423885284e+02
2.621206285762919492e+02 3.131379346257549514e+02 1.634447483465194750e+02
2.621233244995628979e+02 3.131186115730556594e+02 1.634208992506504217e+02
2.621260204228337898e+02 3.130992885203563105e+02 1.633970501547813399e+02
2.621287163461047385e+02 3.130799654676570185e+02 1.633732010589122865e+02
2.621314122693756872e+02 3.130606424149576696e+02 1.633493519630432331e+02
2.621341081926465790e+02 3.130413193622583776e+02 1.633255028671741513e+02
2.621368041159175277e+02 3.130219963095590288e+02 1.633016537713050980e+02
2.621395000391884764e+02 3.130026732568597367e+02 1.632778046754360162e+02
2.621421959624593683e+02 3.129833502041603879e+02 1.632539555795669628e+02
2.621448918857303170e+02 3.129640271514610959e+02 1.632301064836979094e+02
2.621475878090012657e+02 3.129447040987618038e+02 1.632062573878288276e+02
2.621502837322721575e+02 3.129253810460624550e+02 1.631824082919597743e+02
2.621529796555431062e+02 3.129060579933631630e+02 1.631585591960907209e+02
2.621556755788140549e+02 3.128867349406638141e+02 1.631347101002216391e+02
2.621583715020849468e+02 3.128674118879645221e+02 1.631108610043525857e+02
2.621610674253558955e+02 3.128480888352651732e+02 1.630870119084835039e+02
2.621637633486268442e+02 3.128287657825658812e+02 1.630631628126144506e+02
2.621664592718977360e+02 3.128094427298665323e+02 1.630393137167453972e+02
2.621691551951686847e+02 3.127901196771672403e+02 1.630154646208763154e+02
2.621718511184396334e+02 3.127707966244678914e+02 1.629916155250072620e+02
2.621745470417105253e+02 3.127514735717685994e+02 1.629677664291382087e+02
2.621772429649814740e+02 3.127321505190692505e+02 1.629439173332691269e+02
2.621799388882524227e+02 3.127128274663699585e+02 1.629200682374000735e+02
2.621826348115233145e+02 3.126935044136706097e+02 1.628962191415309917e+02
2.621853307347942632e+02 3.126741813609713176e+02 1.628723700456619383e+02
