2.185516764830644263e+02 2.287524762511249037e+02 1.466435015505551860e+02
2.185702195199845335e+02 2.287680314384265330e+02 1.466363874410023698e+02
2.185887625569046122e+02 2.287835866257281339e+02 1.466292733314495251e+02
2.186073055938247194e+02 2.287991418130297632e+02 1.466221592218967089e+02
2.186258486307447981e+02 2.288146970003313925e+02 1.466150451123438927e+02
2.186443916676649053e+02 2.288302521876329934e+02 1.466079310027910765e+02
2.186629347045850125e+02 2.288458073749346227e+02 1.466008168932382318e+02
2.186814777415050912e+02 2.288613625622362520e+02 1.465937027836854156e+02
2.187000207784251984e+02 2.288769177495378528e+02 1.465865886741325994e+02
2.187185638153452771e+02 2.288924729368394821e+02 1.465794745645797832e+02
2.187371068522653843e+02 2.289080281241411114e+02 1.465723604550269386e+02
2.187556498891854631e+02 2.289235833114427123e+02 1.465652463454741223e+02
2.187741929261055702e+02 2.289391384987443416e+02 1.465581322359213061e+02
2.187927359630256774e+02 2.289546936860459709e+02 1.465510181263684899e+02
2.188112789999457561e+02 2.289702488733475718e+02 1.465439040168156453e+02
2.188298220368658633e+02 2.289858040606492011e+02 1.465367899072628290e+02
2.188483650737859421e+02 2.290013592479508304e+02 1.465296757977100128e+02
2.188669081107060492e+02 2.290169144352524313e+02 1.465225616881571966e+02
2.188854511476261564e+02 2.290324696225540606e+02 1.465154475786043520e+02
2.189039941845462351e+02 2.290480248098556899e+02 1.465083334690515358e+02
2.189225372214663423e+02 2.290635799971572908e+02 1.465012193594987195e+02
2.189410802583864211e+02 2.290791351844589201e+02 1.464941052499459033e+02
2.189596232953065282e+02 2.290946903717605494e+02 1.464869911403930587e+02
2.189781663322266354e+02 2.291102455590621503e+02 1.464798770308402425e+02
2.189967093691467142e+02 2.291258007463637796e+02 1.464727629212874263e+02
2.190152524060668213e+02 2.291413559336654089e+02 1.464656488117346100e+02
2.190337954429869001e+02 2.291569111209670098e+02 1.464585347021817654e+02
2.190523384799070072e+02 2.291724663082686391e+02 1.464514205926289492e+02
2.190708815168271144e+02 2.291880214955702684e+02 1.464443064830761330e+02
2.190894245537471932e+02 2.292035766828718693e+02 1.464371923735233167e+02
2.191079675906673003e+02 2.292191318701734986e+02 1.464300782639704721e+02
2.191265106275873791e+02 2.292346870574751279e+02 1.464229641544176559e+02
2.191450536645074862e+02 2.292502422447767287e+02 1.464158500448648397e+02
2.191635967014275650e+02 2.292657974320783580e+02 1.464087359353120235e+02
2.191821397383476722e+02 2.292813526193799873e+02 1.464016218257591788e+02
2.192006827752677793e+02 2.292969078066815882e+02 1.463945077162063626e+02
2.192192258121878581e+02 2.293124629939832175e+02 1.463873936066535464e+02
2.192377688491079653e+02 2.293280181812848468e+02 1.463802794971007302e+02
2.192563118860280440e+02 2.293435733685864477e+02 1.463731653875478855e+02
2.192748549229481512e+02 2.293591285558880770e+02 1.463660512779950693e+02
2.192748549229481512e+02 2.293591285558880770e+02 1.463660512779950693e+02
2.192929845619965192e+02 2.293670296689103054e+02 1.463763534165927922e+02
2.193111142010448589e+02 2.293749307819325338e+02 1.463866555551905435e+02
2.193292438400932269e+02 2.293828318949547906e+02 1.463969576937882664e+02
2.193473734791415950e+02 2.293907330079770190e+02 1.464072598323860177e+02
2.193655031181899346e+02 2.293986341209992474e+02 1.464175619709837406e+02
2.193836327572383027e+02 2.294065352340214758e+02 1.464278641095814919e+02
2.194017623962866708e+02 2.294144363470437042e+02 1.464381662481792148e+02
2.194198920353350104e+02 2.294223374600659611e+02 1.464484683867769377e+02
2.194380216743833785e+02 2.294302385730881895e+02 1.464587705253746890e+02
2.194561513134317181e+02 2.294381396861104179e+02 1.464690726639724119e+02
2.194742809524800862e+02 2.294460407991326463e+02 1.464793748025701632e+02
2.194924105915284542e+02 2.294539419121548747e+02 1.464896769411678861e+02
2.195105402305767939e+02 2.294618430251771315e+02 1.464999790797656090e+02
2.195286698696251619e+02 2.294697441381993599e+02 1.465102812183633603e+02
2.195467995086735300e+02 2.294776452512215883e+02 1.465205833569610832e+02
2.195649291477218696e+02 2.294855463642438167e+02 1.465308854955588345e+02
2.195830587867702377e+02 2.294934474772660451e+02 1.465411876341565574e+02
2.196011884258186058e+02 2.295013485902882735e+02 1.465514897727543087e+02
2.196193180648669454e+02 2.295092497033105303e+02 1.465617919113520315e+02
2.196374477039153135e+02 2.295171508163327587e+02 1.465720940499497544e+02
2.196555773429636815e+02 2.295250519293549871e+02 1.465823961885475057e+02
2.196737069820120212e+02 2.295329530423772155e+02 1.465926983271452286e+02
2.196918366210603892e+02 2.295408541553994439e+02 1.466030004657429799e+02
2.197099662601087289e+02 2.295487552684217007e+02 1.466133026043407028e+02
2.197280958991570969e+02 2.295566563814439291e+02 1.466236047429384257e+02
2.197462255382054650e+02 2.295645574944661576e+02 1.466339068815361770e+02
2.197643551772538046e+02 2.295724586074883860e+02 1.466442090201338999e+02
2.197824848163021727e+02 2.295803597205106144e+02 1.466545111587316512e+02
2.198006144553505408e+02 2.295882608335328712e+02 1.466648132973293741e+02
2.198187440943988804e+02 2.295961619465550996e+02 1.466751154359271254e+02
2.198368737334472485e+02 2.296040630595773280e+02 1.466854175745248483e+02
2.198368737334472485e+02 2.296040630595773280e+02 1.466854175745248483e+02
2.198605140608875672e+02 2.296042937159499786e+02 1.467095268380966786e+02
2.198841543883278860e+02 2.296045243723226292e+02 1.467336361016685089e+02
2.199077947157682047e+02 2.296047550286953083e+02 1.467577453652403392e+02
2.199314350432085234e+02 2.296049856850679589e+02 1.467818546288121411e+02
2.199550753706488422e+02 2.296052163414406095e+02 1.468059638923839714e+02
2.199787156980891609e+02 2.296054469978132602e+02 1.468300731559558017e+02
2.200023560255294797e+02 2.296056776541859392e+02 1.468541824195276320e+02
2.200259963529697984e+02 2.296059083105585898e+02 1.468782916830994623e+02
2.200496366804101172e+02 2.296061389669312405e+02 1.469024009466712926e+02
2.200732770078504359e+02 2.296063696233038911e+02 1.469265102102431229e+02
2.200969173352907546e+02 2.296066002796765702e+02 1.469506194738149247e+02
2.201205576627311018e+02 2.296068309360492208e+02 1.469747287373867550e+02
2.201441979901714205e+02 2.296070615924218714e+02 1.469988380009585853e+02
2.201678383176117393e+02 2.296072922487945220e+02 1.470229472645304156e+02
2.201914786450520580e+02 2.296075229051671727e+02 1.470470565281022459e+02
2.202151189724923768e+02 2.296077535615398517e+02 1.470711657916740762e+02
2.202387592999326955e+02 2.296079842179125023e+02 1.470952750552459065e+02
2.202623996273730143e+02 2.296082148742851530e+02 1.471193843188177368e+02
2.202860399548133330e+02 2.296084455306578036e+02 1.471434935823895387e+02
2.203096802822536517e+02 2.296086761870304827e+02 1.471676028459613690e+02
2.203333206096939705e+02 2.296089068434031333e+02 1.471917121095331993e+02
2.203569609371342892e+02 2.296091374997757839e+02 1.472158213731050296e+02
2.203569609371342892e+02 2.296091374997757839e+02 1.472158213731050296e+02
2.203923133830091956e+02 2.296072482583884096e+02 1.472158921790278328e+02
2.204276658288841020e+02 2.296053590170010068e+02 1.472159629849506359e+02
2.204630182747589799e+02 2.296034697756136325e+02 1.472160337908734107e+02
2.204983707206338863e+02 2.296015805342262581e+02 1.472161045967962139e+02
2.205337231665087927e+02 2.295996912928388554e+02 1.472161754027190170e+02
2.205690756123836991e+02 2.295978020514514810e+02 1.472162462086418202e+02
2.206044280582586055e+02 2.295959128100641067e+02 1.472163170145646234e+02
2.206397805041335118e+02 2.295940235686767039e+02 1.472163878204874266e+02
2.206751329500083898e+02 2.295921343272893296e+02 1.472164586264102013e+02
2.207104853958832962e+02 2.295902450859019552e+02 1.472165294323330045e+02
2.207458378417582026e+02 2.295883558445145525e+02 1.472166002382558077e+02
2.207811902876331089e+02 2.295864666031271781e+02 1.472166710441786108e+02
2.208165427335080153e+02 2.295845773617397754e+02 1.472167418501014140e+02
2.208518951793829217e+02 2.295826881203524010e+02 1.472168126560242172e+02
2.208872476252577997e+02 2.295807988789650267e+02 1.472168834619469919e+02
2.209226000711327060e+02 2.295789096375776239e+02 1.472169542678697951e+02
2.209579525170076124e+02 2.295770203961902496e+02 1.472170250737925983e+02
2.209933049628825188e+02 2.295751311548028752e+02 1.472170958797154015e+02
2.210286574087574252e+02 2.295732419134154725e+02 1.472171666856382046e+02
2.210640098546323316e+02 2.295713526720280981e+02 1.472172374915610078e+02
2.210993623005072095e+02 2.295694634306407238e+02 1.472173082974837826e+02
2.211347147463821159e+02 2.295675741892533210e+02 1.472173791034065857e+02
2.211700671922570223e+02 2.295656849478659467e+02 1.472174499093293889e+02
2.211700671922570223e+02 2.295656849478659467e+02 1.472174499093293889e+02
2.211979335466402290e+02 2.295457932677547035e+02 1.472168335328285309e+02
2.212257999010234073e+02 2.295259015876434603e+02 1.472162171563276729e+02
2.212536662554066140e+02 2.295060099075322455e+02 1.472156007798267865e+02
2.212815326097897923e+02 2.294861182274210023e+02 1.472149844033259285e+02
2.213093989641729991e+02 2.294662265473097591e+02 1.472143680268250705e+02
2.213372653185561774e+02 2.294463348671985159e+02 1.472137516503242125e+02
2.213651316729393841e+02 2.294264431870872727e+02 1.472131352738233545e+02
2.213929980273225624e+02 2.294065515069760579e+02 1.472125188973224681e+02
2.214208643817057691e+02 2.293866598268648147e+02 1.472119025208216101e+02
2.214487307360889474e+02 2.293667681467535715e+02 1.472112861443207521e+02
2.214765970904721542e+02 2.293468764666423283e+02 1.472106697678198941e+02
2.215044634448553325e+02 2.293269847865310851e+02 1.472100533913190361e+02
2.215323297992385392e+02 2.293070931064198703e+02 1.472094370148181497e+02
2.215601961536217459e+02 2.292872014263086271e+02 1.472088206383172917e+02
2.215880625080049242e+02 2.292673097461973839e+02 1.472082042618164337e+02
2.216159288623881309e+02 2.292474180660861407e+02 1.472075878853155757e+02
2.216437952167713092e+02 2.292275263859748975e+02 1.472069715088147177e+02
2.216716615711545160e+02 2.292076347058636543e+02 1.472063551323138597e+02
2.216995279255376943e+02 2.291877430257524395e+02 1.472057387558129733e+02
2.217273942799209010e+02 2.291678513456411963e+02 1.472051223793121153e+02
2.217552606343040793e+02 2.291479596655299531e+02 1.472045060028112573e+02
2.217831269886872860e+02 2.291280679854187099e+02 1.472038896263103993e+02
2.218109933430704643e+02 2.291081763053074667e+02 1.472032732498095413e+02
2.218388596974536711e+02 2.290882846251962519e+02 1.472026568733086549e+02
2.218667260518368494e+02 2.290683929450850087e+02 1.472020404968077969e+02
2.218945924062200561e+02 2.290485012649737655e+02 1.472014241203069389e+02
2.218945924062200561e+02 2.290485012649737655e+02 1.472014241203069389e+02
2.219079400050347886e+02 2.290239830642626089e+02 1.472156483849073823e+02
2.219212876038494926e+02 2.289994648635514523e+02 1.472298726495078256e+02
2.219346352026641966e+02 2.289749466628402672e+02 1.472440969141082689e+02
2.219479828014789291e+02 2.289504284621291106e+02 1.472583211787087407e+02
2.219613304002936616e+02 2.289259102614179540e+02 1.472725454433091841e+02
2.219746779991083656e+02 2.289013920607067689e+02 1.472867697079096274e+02
2.219880255979230697e+02 2.288768738599956123e+02 1.473009939725100708e+02
2.220013731967378021e+02 2.288523556592844557e+02 1.473152182371105141e+02
2.220147207955525346e+02 2.288278374585732990e+02 1.473294425017109575e+02
2.220280683943672386e+02 2.288033192578621424e+02 1.473436667663114008e+02
2.220414159931819427e+02 2.287788010571509574e+02 1.473578910309118726e+02
2.220547635919966751e+02 2.287542828564398008e+02 1.473721152955123159e+02
2.220681111908114076e+02 2.287297646557286441e+02 1.473863395601127593e+02
2.220814587896261116e+02 2.287052464550174591e+02 1.474005638247132026e+02
2.220948063884408157e+02 2.286807282543063025e+02 1.474147880893136460e+02
2.221081539872555481e+02 2.286562100535951458e+02 1.474290123539140893e+02
2.221215015860702806e+02 2.286316918528839892e+02 1.474432366185145327e+02
2.221348491848849847e+02 2.286071736521728326e+02 1.474574608831150044e+02
2.221481967836996887e+02 2.285826554514616475e+02 1.474716851477154478e+02
2.221615443825144212e+02 2.285581372507504909e+02 1.474859094123158911e+02
2.221748919813291536e+02 2.285336190500393343e+02 1.475001336769163345e+02
2.221882395801438577e+02 2.285091008493281493e+02 1.475143579415167778e+02
2.222015871789585617e+02 2.284845826486169926e+02 1.475285822061172212e+02
2.222149347777732942e+02 2.284600644479058360e+02 1.475428064707176645e+02
2.222282823765880266e+02 2.284355462471946794e+02 1.475570307353181363e+02
2.222416299754027307e+02 2.284110280464835228e+02 1.475712549999185796e+02
2.222549775742174347e+02 2.283865098457723377e+02 1.475854792645190230e+02
2.222683251730321672e+02 2.283619916450611811e+02 1.475997035291194663e+02
2.222683251730321672e+02 2.283619916450611811e+02 1.475997035291194663e+02
2.222760408764684996e+02 2.283382078787987268e+02 1.476287612427217368e+02
2.222837565799048605e+02 2.283144241125362726e+02 1.476578189563240073e+02
2.222914722833411929e+02 2.282906403462737899e+02 1.476868766699262778e+02
2.222991879867775253e+02 2.282668565800113356e+02 1.477159343835285483e+02
2.223069036902138862e+02 2.282430728137488813e+02 1.477449920971308188e+02
2.223146193936502186e+02 2.282192890474864271e+02 1.477740498107330893e+02
2.223223350970865795e+02 2.281955052812239728e+02 1.478031075243353598e+02
2.223300508005229119e+02 2.281717215149615186e+02 1.478321652379376303e+02
2.223377665039592443e+02 2.281479377486990359e+02 1.478612229515399008e+02
2.223454822073956052e+02 2.281241539824365816e+02 1.478902806651421713e+02
2.223531979108319376e+02 2.281003702161741273e+02 1.479193383787444418e+02
2.223609136142682701e+02 2.280765864499116731e+02 1.479483960923467123e+02
2.223686293177046309e+02 2.280528026836492188e+02 1.479774538059489828e+02
2.223763450211409634e+02 2.280290189173867361e+02 1.480065115195512533e+02
2.223840607245772958e+02 2.280052351511242819e+02 1.480355692331535238e+02
2.223917764280136566e+02 2.279814513848618276e+02 1.480646269467557943e+02
2.223994921314499891e+02 2.279576676185993733e+02 1.480936846603580648e+02
2.224072078348863215e+02 2.279338838523369191e+02 1.481227423739603353e+02
2.224149235383226824e+02 2.279101000860744648e+02 1.481518000875626058e+02
2.224226392417590148e+02 2.278863163198119821e+02 1.481808578011648763e+02
2.224303549451953472e+02 2.278625325535495278e+02 1.482099155147671468e+02
2.224380706486317081e+02 2.278387487872870736e+02 1.482389732283694173e+02
2.224457863520680405e+02 2.278149650210246193e+02 1.482680309419716878e+02
2.224535020555044014e+02 2.277911812547621651e+02 1.482970886555739582e+02
2.224612177589407338e+02 2.277673974884997108e+02 1.483261463691762287e+02
2.224689334623770662e+02 2.277436137222372281e+02 1.483552040827784992e+02
2.224766491658134271e+02 2.277198299559747738e+02 1.483842617963807697e+02
2.224843648692497595e+02 2.276960461897123196e+02 1.484133195099830402e+02
2.224843648692497595e+02 2.276960461897123196e+02 1.484133195099830402e+02
2.224859327387179633e+02 2.276799823218167376e+02 1.484294093024730330e+02
2.224875006081861386e+02 2.276639184539211271e+02 1.484454990949630542e+02
2.224890684776543424e+02 2.276478545860255451e+02 1.484615888874530469e+02
2.224906363471225461e+02 2.276317907181299347e+02 1.484776786799430681e+02
2.224922042165907499e+02 2.276157268502343527e+02 1.484937684724330609e+02
2.224937720860589252e+02 2.275996629823387423e+02 1.485098582649230821e+02
2.224953399555271290e+02 2.275835991144431603e+02 1.485259480574130748e+02
2.224969078249953327e+02 2.275675352465475498e+02 1.485420378499030960e+02
2.224984756944635080e+02 2.275514713786519678e+02 1.485581276423930888e+02
2.225000435639317118e+02 2.275354075107563574e+02 1.485742174348830815e+02
2.225016114333999155e+02 2.275193436428607754e+02 1.485903072273731027e+02
2.225031793028680909e+02 2.275032797749651650e+02 1.486063970198630955e+02
2.225047471723362946e+02 2.274872159070695830e+02 1.486224868123531166e+02
2.225063150418044984e+02 2.274711520391739725e+02 1.486385766048431094e+02
2.225078829112727021e+02 2.274550881712783905e+02 1.486546663973331306e+02
2.225094507807408775e+02 2.274390243033827801e+02 1.486707561898231233e+02
2.225110186502090812e+02 2.274229604354871981e+02 1.486868459823131161e+02
2.225125865196772850e+02 2.274068965675916161e+02 1.487029357748031373e+02
2.225141543891454603e+02 2.273908326996960056e+02 1.487190255672931301e+02
2.225157222586136641e+02 2.273747688318004236e+02 1.487351153597831512e+02
2.225172901280818678e+02 2.273587049639048132e+02 1.487512051522731440e+02
2.225188579975500716e+02 2.273426410960092312e+02 1.487672949447631652e+02
2.225204258670182469e+02 2.273265772281136208e+02 1.487833847372531579e+02
2.225219937364864506e+02 2.273105133602180388e+02 1.487994745297431791e+02
2.225235616059546544e+02 2.272944494923224283e+02 1.488155643222331719e+02
2.225251294754228297e+02 2.272783856244268463e+02 1.488316541147231646e+02
2.225266973448910335e+02 2.272623217565312359e+02 1.488477439072131858e+02
2.225282652143592372e+02 2.272462578886356539e+02 1.488638336997031786e+02
2.225298330838274126e+02 2.272301940207400435e+02 1.488799234921931998e+02
2.225314009532956163e+02 2.272141301528444615e+02 1.488960132846831925e+02
2.225329688227638201e+02 2.271980662849488510e+02 1.489121030771732137e+02
2.225345366922320238e+02 2.271820024170532690e+02 1.489281928696632065e+02
2.225361045617001992e+02 2.271659385491576586e+02 1.489442826621532276e+02
2.225376724311684029e+02 2.271498746812620766e+02 1.489603724546432204e+02
2.225376724311684029e+02 2.271498746812620766e+02 1.489603724546432204e+02
2.225257902382046780e+02 2.271297064548323590e+02 1.489597636356055546e+02
2.225139080452409530e+02 2.271095382284026130e+02 1.489591548165678603e+02
2.225020258522771996e+02 2.270893700019728954e+02 1.489585459975301944e+02
2.224901436593134747e+02 2.270692017755431493e+02 1.489579371784925286e+02
2.224782614663497498e+02 2.270490335491134317e+02 1.489573283594548343e+02
2.224663792733860248e+02 2.270288653226836857e+02 1.489567195404171684e+02
2.224544970804222999e+02 2.270086970962539681e+02 1.489561107213795026e+02
2.224426148874585465e+02 2.269885288698242221e+02 1.489555019023418083e+02
2.224307326944948215e+02 2.269683606433945045e+02 1.489548930833041425e+02
2.224188505015310966e+02 2.269481924169647584e+02 1.489542842642664766e+02
2.224069683085673717e+02 2.269280241905350408e+02 1.489536754452287823e+02
2.223950861156036467e+02 2.269078559641052948e+02 1.489530666261911165e+02
2.223832039226398933e+02 2.268876877376755772e+02 1.489524578071534506e+02
2.223713217296761684e+02 2.268675195112458596e+02 1.489518489881157564e+02
2.223594395367124434e+02 2.268473512848161135e+02 1.489512401690780905e+02
2.223475573437487185e+02 2.268271830583863959e+02 1.489506313500404246e+02
2.223356751507849651e+02 2.268070148319566499e+02 1.489500225310027304e+02
2.223237929578212402e+02 2.267868466055269323e+02 1.489494137119650645e+02
2.223119107648575152e+02 2.267666783790971863e+02 1.489488048929273987e+02
2.223000285718937903e+02 2.267465101526674687e+02 1.489481960738897044e+02
2.222881463789300653e+02 2.267263419262377226e+02 1.489475872548520385e+02
2.222762641859663120e+02 2.267061736998080050e+02 1.489469784358143727e+02
2.222643819930025870e+02 2.266860054733782590e+02 1.489463696167766784e+02
2.222524998000388621e+02 2.266658372469485414e+02 1.489457607977390126e+02
2.222524998000388621e+02 2.266658372469485414e+02 1.489457607977390126e+02
2.222103666212938720e+02 2.266453637891126505e+02 1.489750384251370008e+02
2.221682334425489103e+02 2.266248903312767311e+02 1.490043160525349890e+02
2.221261002638039201e+02 2.266044168734408402e+02 1.490335936799329772e+02
2.220839670850589584e+02 2.265839434156049208e+02 1.490628713073309655e+02
2.220418339063139683e+02 2.265634699577690299e+02 1.490921489347289537e+02
2.219997007275690066e+02 2.265429964999331105e+02 1.491214265621269419e+02
2.219575675488240165e+02 2.265225230420972196e+02 1.491507041895249301e+02
2.219154343700790548e+02 2.265020495842613002e+02 1.491799818169229184e+02
2.218733011913340647e+02 2.264815761264254093e+02 1.492092594443208782e+02
2.218311680125891030e+02 2.264611026685894899e+02 1.492385370717188664e+02
2.217890348338441129e+02 2.264406292107535990e+02 1.492678146991168546e+02
2.217469016550991512e+02 2.264201557529176796e+02 1.492970923265148429e+02
2.217047684763541611e+02 2.263996822950817887e+02 1.493263699539128311e+02
2.216626352976091994e+02 2.263792088372458693e+02 1.493556475813108193e+02
2.216205021188642093e+02 2.263587353794099783e+02 1.493849252087088075e+02
2.215783689401192476e+02 2.263382619215740590e+02 1.494142028361067958e+02
2.215362357613742574e+02 2.263177884637381680e+02 1.494434804635047840e+02
2.215362357613742574e+02 2.263177884637381680e+02 1.494434804635047840e+02
2.215183612359951155e+02 2.263071955149468977e+02 1.494620311147212988e+02
2.215004867106159736e+02 2.262966025661556273e+02 1.494805817659377851e+02
2.214826121852368317e+02 2.262860096173643569e+02 1.494991324171542999e+02
2.214647376598576898e+02 2.262754166685730866e+02 1.495176830683708147e+02
2.214468631344785479e+02 2.262648237197818162e+02 1.495362337195873295e+02
2.214289886090994059e+02 2.262542307709905458e+02 1.495547843708038158e+02
2.214111140837202640e+02 2.262436378221992754e+02 1.495733350220203306e+02
2.213932395583411221e+02 2.262330448734079766e+02 1.495918856732368454e+02
2.213753650329619802e+02 2.262224519246167063e+02 1.496104363244533602e+02
2.213574905075828383e+02 2.262118589758254359e+02 1.496289869756698465e+02
2.213396159822036964e+02 2.262012660270341655e+02 1.496475376268863613e+02
2.213217414568245545e+02 2.261906730782428951e+02 1.496660882781028761e+02
2.213038669314454125e+02 2.261800801294516248e+02 1.496846389293193909e+02
2.212859924060662706e+02 2.261694871806603544e+02 1.497031895805358772e+02
2.212681178806871287e+02 2.261588942318690840e+02 1.497217402317523920e+02
2.212502433553079868e+02 2.261483012830778137e+02 1.497402908829689068e+02
2.212323688299288449e+02 2.261377083342865433e+02 1.497588415341853931e+02
2.212144943045497030e+02 2.261271153854952729e+02 1.497773921854019079e+02
2.211966197791705611e+02 2.261165224367040025e+02 1.497959428366184227e+02
2.211787452537914191e+02 2.261059294879127322e+02 1.498144934878349375e+02
2.211608707284122772e+02 2.260953365391214618e+02 1.498330441390514238e+02
2.211429962030331353e+02 2.260847435903301914e+02 1.498515947902679386e+02
2.211251216776539934e+02 2.260741506415388926e+02 1.498701454414844534e+02
2.211072471522748515e+02 2.260635576927476222e+02 1.498886960927009682e+02
2.210893726268957096e+02 2.260529647439563519e+02 1.499072467439174545e+02
2.210714981015165677e+02 2.260423717951650815e+02 1.499257973951339693e+02
2.210536235761374257e+02 2.260317788463738111e+02 1.499443480463504841e+02
2.210357490507582838e+02 2.260211858975825407e+02 1.499628986975669989e+02
2.210178745253791419e+02 2.260105929487912704e+02 1.499814493487834852e+02
2.210000000000000000e+02 2.260000000000000000e+02 1.500000000000000000e+02
2.210000000000000000e+02 2.260000000000000000e+02 1.500000000000000000e+02
2.210000000000000000e+02 2.260000000000000000e+02 1.500000000000000000e+02
2.210000000000000000e+02 2.260000000000000000e+02 1.500000000000000000e+02
2.210000000000000000e+02 2.260000000000000000e+02 1.500000000000000000e+02
2.210000000000000000e+02 2.260000000000000000e+02 1.500000000000000000e+02
2.210000000000000000e+02 2.260000000000000000e+02 1.500000000000000000e+02
2.210000000000000000e+02 2.260000000000000000e+02 1.500000000000000000e+02
2.210000000000000000e+02 2.260000000000000000e+02 1.500000000000000000e+02
2.210000000000000000e+02 2.260000000000000000e+02 1.500000000000000000e+02
2.210000000000000000e+02 2.260000000000000000e+02 1.500000000000000000e+02
2.210000000000000000e+02 2.260000000000000000e+02 1.500000000000000000e+02
2.210000000000000000e+02 2.260000000000000000e+02 1.500000000000000000e+02
2.210000000000000000e+02 2.260000000000000000e+02 1.500000000000000000e+02
2.210000000000000000e+02 2.260000000000000000e+02 1.500000000000000000e+02
2.210000000000000000e+02 2.260000000000000000e+02 1.500000000000000000e+02
2.210000000000000000e+02 2.260000000000000000e+02 1.500000000000000000e+02
2.210000000000000000e+02 2.260000000000000000e+02 1.500000000000000000e+02
2.210000000000000000e+02 2.260000000000000000e+02 1.500000000000000000e+02
2.210000000000000000e+02 2.260000000000000000e+02 1.500000000000000000e+02
2.210000000000000000e+02 2.260000000000000000e+02 1.500000000000000000e+02
2.210000000000000000e+02 2.260000000000000000e+02 1.500000000000000000e+02
2.210000000000000000e+02 2.260000000000000000e+02 1.500000000000000000e+02
2.210000000000000000e+02 2.260000000000000000e+02 1.500000000000000000e+02
2.210000000000000000e+02 2.260000000000000000e+02 1.500000000000000000e+02
2.210000000000000000e+02 2.260000000000000000e+02 1.500000000000000000e+02
2.210000000000000000e+02 2.260000000000000000e+02 1.500000000000000000e+02
2.210000000000000000e+02 2.260000000000000000e+02 1.500000000000000000e+02
2.210000000000000000e+02 2.260000000000000000e+02 1.500000000000000000e+02
2.209763766078040703e+02 2.259801830578296915e+02 1.500090632079748048e+02
2.209527532156081122e+02 2.259603661156593830e+02 1.500181264159496095e+02
2.209291298234121825e+02 2.259405491734890745e+02 1.500271896239244143e+02
2.209055064312162528e+02 2.259207322313187660e+02 1.500362528318991906e+02
2.208818830390202947e+02 2.259009152891484575e+02 1.500453160398739954e+02
2.208582596468243651e+02 2.258810983469781490e+02 1.500543792478488001e+02
2.208346362546284354e+02 2.258612814048078121e+02 1.500634424558236049e+02
2.208110128624324773e+02 2.258414644626375036e+02 1.500725056637984096e+02
2.207873894702365476e+02 2.258216475204671951e+02 1.500815688717732144e+02
2.207637660780406179e+02 2.258018305782968866e+02 1.500906320797479907e+02
2.207401426858446598e+02 2.257820136361265781e+02 1.500996952877227955e+02
2.207165192936487301e+02 2.257621966939562697e+02 1.501087584956976002e+02
2.206928959014528004e+02 2.257423797517859612e+02 1.501178217036724050e+02
2.206692725092568423e+02 2.257225628096156527e+02 1.501268849116472097e+02
2.206456491170609127e+02 2.257027458674453442e+02 1.501359481196220145e+02
2.206220257248649546e+02 2.256829289252750357e+02 1.501450113275968192e+02
2.205984023326690249e+02 2.256631119831047272e+02 1.501540745355715956e+02
2.205747789404730952e+02 2.256432950409344187e+02 1.501631377435464003e+02
2.205511555482771371e+02 2.256234780987641102e+02 1.501722009515212051e+02
2.205275321560812074e+02 2.256036611565937733e+02 1.501812641594960098e+02
2.205039087638852777e+02 2.255838442144234648e+02 1.501903273674708146e+02
2.204802853716893196e+02 2.255640272722531563e+02 1.501993905754456193e+02
2.204566619794933899e+02 2.255442103300828478e+02 1.502084537834203957e+02
2.204330385872974603e+02 2.255243933879125393e+02 1.502175169913952004e+02
2.204094151951015021e+02 2.255045764457422308e+02 1.502265801993700052e+02
2.203857918029055725e+02 2.254847595035719223e+02 1.502356434073448099e+02
2.203857918029055725e+02 2.254847595035719223e+02 1.502356434073448099e+02
2.203626386920324762e+02 2.254653370660392682e+02 1.502445261900275852e+02
2.203394855811593800e+02 2.254459146285066140e+02 1.502534089727103606e+02
2.203163324702862838e+02 2.254264921909739599e+02 1.502622917553931359e+02
2.202931793594131591e+02 2.254070697534413057e+02 1.502711745380759112e+02
2.202700262485400629e+02 2.253876473159086515e+02 1.502800573207586865e+02
2.202468731376669666e+02 2.253682248783759974e+02 1.502889401034414618e+02
2.202237200267938704e+02 2.253488024408433432e+02 1.502978228861242371e+02
2.202005669159207741e+02 2.253293800033106891e+02 1.503067056688070124e+02
2.201774138050476779e+02 2.253099575657780349e+02 1.503155884514897878e+02
2.201542606941745532e+02 2.252905351282453807e+02 1.503244712341725631e+02
2.201311075833014570e+02 2.252711126907127266e+02 1.503333540168553384e+02
2.201079544724283608e+02 2.252516902531800724e+02 1.503422367995381137e+02
2.200848013615552645e+02 2.252322678156474183e+02 1.503511195822208890e+02
2.200616482506821683e+02 2.252128453781147641e+02 1.503600023649036643e+02
2.200384951398090720e+02 2.251934229405821100e+02 1.503688851475864396e+02
2.200153420289359474e+02 2.251740005030494558e+02 1.503777679302692150e+02
2.199921889180628511e+02 2.251545780655168016e+02 1.503866507129520187e+02
2.199690358071897549e+02 2.251351556279841475e+02 1.503955334956347940e+02
2.199458826963166587e+02 2.251157331904514933e+02 1.504044162783175693e+02
2.199227295854435624e+02 2.250963107529188392e+02 1.504132990610003446e+02
2.198995764745704662e+02 2.250768883153861850e+02 1.504221818436831200e+02
2.198764233636973700e+02 2.250574658778535309e+02 1.504310646263658953e+02
2.198532702528242453e+02 2.250380434403208767e+02 1.504399474090486706e+02
2.198301171419511491e+02 2.250186210027882225e+02 1.504488301917314459e+02
2.198069640310780528e+02 2.249991985652555684e+02 1.504577129744142212e+02
2.197838109202049566e+02 2.249797761277229142e+02 1.504665957570969965e+02
2.197606578093318603e+02 2.249603536901902601e+02 1.504754785397797718e+02
2.197375046984587641e+02 2.249409312526576059e+02 1.504843613224625472e+02
2.197143515875856394e+02 2.249215088151249518e+02 1.504932441051453225e+02
2.196911984767125432e+02 2.249020863775922976e+02 1.505021268878280978e+02
2.196680453658394470e+02 2.248826639400596434e+02 1.505110096705108731e+02
2.196448922549663507e+02 2.248632415025269893e+02 1.505198924531936484e+02
2.196448922549663507e+02 2.248632415025269893e+02 1.505198924531936484e+02
2.196458883847686536e+02 2.248475551626184483e+02 1.505476270788737452e+02
2.196468845145709849e+02 2.248318688227099074e+02 1.505753617045538704e+02
2.196478806443732879e+02 2.248161824828013664e+02 1.506030963302339671e+02
2.196488767741755908e+02 2.248004961428928254e+02 1.506308309559140639e+02
2.196498729039779221e+02 2.247848098029842845e+02 1.506585655815941891e+02
2.196508690337802250e+02 2.247691234630757435e+02 1.506863002072742859e+02
2.196518651635825279e+02 2.247534371231672026e+02 1.507140348329543826e+02
2.196528612933848592e+02 2.247377507832586616e+02 1.507417694586345078e+02
2.196538574231871621e+02 2.247220644433501207e+02 1.507695040843146046e+02
2.196548535529894934e+02 2.247063781034415797e+02 1.507972387099947014e+02
2.196558496827917963e+02 2.246906917635330387e+02 1.508249733356748266e+02
2.196568458125940992e+02 2.246750054236244978e+02 1.508527079613549233e+02
2.196578419423964306e+02 2.246593190837159568e+02 1.508804425870350201e+02
2.196588380721987335e+02 2.246436327438074159e+02 1.509081772127151453e+02
2.196598342020010364e+02 2.246279464038988749e+02 1.509359118383952421e+02
2.196608303318033677e+02 2.246122600639903339e+02 1.509636464640753388e+02
2.196618264616056706e+02 2.245965737240817930e+02 1.509913810897554356e+02
2.196628225914079735e+02 2.245808873841732520e+02 1.510191157154355608e+02
2.196638187212103048e+02 2.245652010442647111e+02 1.510468503411156576e+02
2.196648148510126077e+02 2.245495147043561701e+02 1.510745849667957543e+02
2.196658109808149106e+02 2.245338283644476292e+02 1.511023195924758795e+02
2.196668071106172420e+02 2.245181420245390882e+02 1.511300542181559763e+02
2.196678032404195449e+02 2.245024556846305472e+02 1.511577888438360731e+02
2.196687993702218762e+02 2.244867693447220063e+02 1.511855234695161982e+02
2.196697955000241791e+02 2.244710830048134653e+02 1.512132580951962950e+02
2.196707916298264820e+02 2.244553966649049244e+02 1.512409927208763918e+02
2.196717877596288133e+02 2.244397103249963834e+02 1.512687273465565170e+02
2.196727838894311162e+02 2.244240239850878424e+02 1.512964619722366137e+02
2.196727838894311162e+02 2.244240239850878424e+02 1.512964619722366137e+02
2.196578799208374448e+02 2.244086730949607897e+02 1.513187887338706332e+02
2.196429759522437735e+02 2.243933222048337370e+02 1.513411154955046243e+02
2.196280719836501305e+02 2.243779713147066843e+02 1.513634422571386438e+02
2.196131680150564591e+02 2.243626204245796316e+02 1.513857690187726632e+02
2.195982640464627877e+02 2.243472695344525789e+02 1.514080957804066543e+02
2.195833600778691164e+02 2.243319186443255262e+02 1.514304225420406738e+02
2.195684561092754734e+02 2.243165677541984735e+02 1.514527493036746648e+02
2.195535521406818020e+02 2.243012168640714208e+02 1.514750760653086843e+02
2.195386481720881307e+02 2.242858659739443397e+02 1.514974028269427038e+02
2.195237442034944593e+02 2.242705150838172869e+02 1.515197295885766948e+02
2.195088402349008163e+02 2.242551641936902342e+02 1.515420563502107143e+02
2.194939362663071449e+02 2.242398133035631815e+02 1.515643831118447338e+02
2.194790322977134736e+02 2.242244624134361288e+02 1.515867098734787248e+02
2.194641283291198022e+02 2.242091115233090761e+02 1.516090366351127443e+02
2.194492243605261308e+02 2.241937606331820234e+02 1.516313633967467354e+02
2.194343203919324878e+02 2.241784097430549707e+02 1.516536901583807548e+02
2.194194164233388165e+02 2.241630588529279180e+02 1.516760169200147743e+02
2.194045124547451451e+02 2.241477079628008653e+02 1.516983436816487654e+02
2.193896084861514737e+02 2.241323570726738126e+02 1.517206704432827848e+02
2.193747045175578307e+02 2.241170061825467599e+02 1.517429972049168043e+02
2.193598005489641594e+02 2.241016552924197072e+02 1.517653239665507954e+02
2.193448965803704880e+02 2.240863044022926545e+02 1.517876507281848149e+02
2.193299926117768166e+02 2.240709535121656018e+02 1.518099774898188059e+02
2.193150886431831452e+02 2.240556026220385490e+02 1.518323042514528254e+02
2.193001846745895023e+02 2.240402517319114963e+02 1.518546310130868449e+02
2.192852807059958309e+02 2.240249008417844436e+02 1.518769577747208359e+02
2.192703767374021595e+02 2.240095499516573625e+02 1.518992845363548554e+02
2.192554727688084881e+02 2.239941990615303098e+02 1.519216112979888749e+02
2.192405688002148452e+02 2.239788481714032571e+02 1.519439380596228659e+02
2.192256648316211738e+02 2.239634972812762044e+02 1.519662648212568854e+02
2.192107608630275024e+02 2.239481463911491517e+02 1.519885915828908765e+02
2.191958568944338310e+02 2.239327955010220990e+02 1.520109183445248959e+02
2.191809529258401881e+02 2.239174446108950463e+02 1.520332451061589154e+02
2.191660489572465167e+02 2.239020937207679935e+02 1.520555718677929065e+02
2.191511449886528453e+02 2.238867428306409408e+02 1.520778986294269259e+02
2.191511449886528453e+02 2.238867428306409408e+02 1.520778986294269259e+02
2.191315000144967087e+02 2.238651870899563789e+02 1.520893687347301011e+02
2.191118550403406005e+02 2.238436313492718455e+02 1.521008388400333047e+02
2.190922100661844638e+02 2.238220756085872836e+02 1.521123089453364798e+02
2.190725650920283272e+02 2.238005198679027501e+02 1.521237790506396550e+02
2.190529201178722190e+02 2.237789641272181882e+02 1.521352491559428586e+02
2.190332751437160823e+02 2.237574083865336547e+02 1.521467192612460337e+02
2.190136301695599741e+02 2.237358526458490928e+02 1.521581893665492089e+02
2.189939851954038375e+02 2.237142969051645593e+02 1.521696594718524125e+02
2.189743402212477008e+02 2.236927411644799975e+02 1.521811295771555876e+02
2.189546952470915926e+02 2.236711854237954640e+02 1.521925996824587912e+02
2.189350502729354560e+02 2.236496296831109021e+02 1.522040697877619664e+02
2.189154052987793193e+02 2.236280739424263686e+02 1.522155398930651415e+02
2.188957603246232111e+02 2.236065182017418067e+02 1.522270099983683451e+02
2.188761153504670744e+02 2.235849624610572732e+02 1.522384801036715203e+02
2.188564703763109378e+02 2.235634067203727113e+02 1.522499502089746954e+02
2.188368254021548296e+02 2.235418509796881494e+02 1.522614203142778990e+02
2.188171804279986929e+02 2.235202952390036160e+02 1.522728904195810742e+02
2.187975354538425563e+02 2.234987394983190541e+02 1.522843605248842493e+02
2.187778904796864481e+02 2.234771837576345206e+02 1.522958306301874529e+02
2.187582455055303114e+02 2.234556280169499587e+02 1.523073007354906281e+02
2.187386005313741748e+02 2.234340722762654252e+02 1.523187708407938032e+02
2.187189555572180666e+02 2.234125165355808633e+02 1.523302409460970068e+02
2.186993105830619299e+02 2.233909607948963298e+02 1.523417110514001820e+02
2.186796656089058217e+02 2.233694050542117679e+02 1.523531811567033856e+02
2.186600206347496851e+02 2.233478493135272345e+02 1.523646512620065607e+02
2.186403756605935484e+02 2.233262935728426726e+02 1.523761213673097359e+02
2.186207306864374402e+02 2.233047378321581391e+02 1.523875914726129395e+02
2.186010857122813036e+02 2.232831820914735772e+02 1.523990615779161146e+02
2.186010857122813036e+02 2.232831820914735772e+02 1.523990615779161146e+02
2.185733347419633219e+02 2.232737283371089632e+02 1.523889519246746147e+02
2.185455837716453118e+02 2.232642745827443207e+02 1.523788422714331148e+02
2.185178328013273301e+02 2.232548208283797067e+02 1.523687326181916433e+02
2.184900818310093484e+02 2.232453670740150926e+02 1.523586229649501433e+02
2.184623308606913383e+02 2.232359133196504786e+02 1.523485133117086434e+02
2.184345798903733566e+02 2.232264595652858361e+02 1.523384036584671435e+02
2.184068289200553750e+02 2.232170058109212221e+02 1.523282940052256436e+02
2.183790779497373649e+02 2.232075520565566080e+02 1.523181843519841721e+02
2.183513269794193832e+02 2.231980983021919656e+02 1.523080746987426721e+02
2.183235760091013731e+02 2.231886445478273515e+02 1.522979650455011722e+02
2.182958250387833914e+02 2.231791907934627375e+02 1.522878553922596723e+02
2.182680740684654097e+02 2.231697370390980950e+02 1.522777457390181723e+02
2.182403230981473996e+02 2.231602832847334810e+02 1.522676360857767008e+02
2.182125721278294179e+02 2.231508295303688669e+02 1.522575264325352009e+02
2.181848211575114362e+02 2.231413757760042529e+02 1.522474167792937010e+02
2.181570701871934261e+02 2.231319220216396104e+02 1.522373071260522011e+02
2.181293192168754445e+02 2.231224682672749964e+02 1.522271974728107011e+02
2.181015682465574628e+02 2.231130145129103823e+02 1.522170878195692296e+02
2.180738172762394527e+02 2.231035607585457399e+02 1.522069781663277297e+02
2.180460663059214710e+02 2.230941070041811258e+02 1.521968685130862298e+02
2.180183153356034893e+02 2.230846532498165118e+02 1.521867588598447298e+02
2.179905643652854792e+02 2.230751994954518977e+02 1.521766492066032583e+02
2.179628133949674975e+02 2.230657457410872553e+02 1.521665395533617584e+02
2.179350624246495158e+02 2.230562919867226412e+02 1.521564299001202585e+02
2.179073114543315057e+02 2.230468382323580272e+02 1.521463202468787586e+02
2.178795604840135240e+02 2.230373844779933847e+02 1.521362105936372586e+02
2.178518095136955139e+02 2.230279307236287707e+02 1.521261009403957871e+02
2.178240585433775323e+02 2.230184769692641567e+02 1.521159912871542872e+02
2.177963075730595506e+02 2.230090232148995142e+02 1.521058816339127873e+02
2.177685566027415405e+02 2.229995694605349001e+02 1.520957719806712873e+02
2.177408056324235588e+02 2.229901157061702861e+02 1.520856623274297874e+02
2.177130546621055771e+02 2.229806619518056721e+02 1.520755526741883159e+02
2.176853036917875670e+02 2.229712081974410296e+02 1.520654430209468160e+02
2.176575527214695853e+02 2.229617544430764156e+02 1.520553333677053160e+02
2.176575527214695853e+02 2.229617544430764156e+02 1.520553333677053160e+02
2.176425764261075244e+02 2.229337494376740949e+02 1.520539983542417417e+02
2.176276001307454919e+02 2.229057444322718027e+02 1.520526633407781674e+02
2.176126238353834310e+02 2.228777394268694820e+02 1.520513283273145646e+02
2.175976475400213701e+02 2.228497344214671614e+02 1.520499933138509903e+02
2.175826712446593376e+02 2.228217294160648692e+02 1.520486583003874159e+02
2.175676949492972767e+02 2.227937244106625485e+02 1.520473232869238416e+02
2.175527186539352158e+02 2.227657194052602279e+02 1.520459882734602672e+02
2.175377423585731833e+02 2.227377143998579072e+02 1.520446532599966929e+02
2.175227660632111224e+02 2.227097093944556150e+02 1.520433182465330901e+02
2.175077897678490615e+02 2.226817043890532943e+02 1.520419832330695158e+02
2.174928134724870290e+02 2.226536993836509737e+02 1.520406482196059414e+02
2.174778371771249681e+02 2.226256943782486815e+02 1.520393132061423671e+02
2.174628608817629072e+02 2.225976893728463608e+02 1.520379781926787928e+02
2.174478845864008747e+02 2.225696843674440402e+02 1.520366431792152184e+02
2.174329082910388138e+02 2.225416793620417479e+02 1.520353081657516157e+02
2.174179319956767813e+02 2.225136743566394273e+02 1.520339731522880413e+02
2.174029557003147204e+02 2.224856693512371066e+02 1.520326381388244670e+02
2.173879794049526595e+02 2.224576643458348144e+02 1.520313031253608926e+02
2.173730031095906270e+02 2.224296593404324938e+02 1.520299681118973183e+02
2.173580268142285661e+02 2.224016543350301731e+02 1.520286330984337440e+02
2.173430505188665052e+02 2.223736493296278809e+02 1.520272980849701412e+02
2.173280742235044727e+02 2.223456443242255602e+02 1.520259630715065668e+02
2.173130979281424118e+02 2.223176393188232396e+02 1.520246280580429925e+02
2.172981216327803509e+02 2.222896343134209189e+02 1.520232930445794182e+02
2.172831453374183184e+02 2.222616293080186267e+02 1.520219580311158438e+02
2.172681690420562575e+02 2.222336243026163061e+02 1.520206230176522695e+02
2.172531927466941966e+02 2.222056192972139854e+02 1.520192880041886667e+02
2.172382164513321641e+02 2.221776142918116932e+02 1.520179529907250924e+02
2.172232401559701032e+02 2.221496092864093725e+02 1.520166179772615180e+02
2.172232401559701032e+02 2.221496092864093725e+02 1.520166179772615180e+02
2.172002423119442369e+02 2.221303170974924512e+02 1.520254411912034413e+02
2.171772444679183707e+02 2.221110249085755584e+02 1.520342644051453362e+02
2.171542466238925044e+02 2.220917327196586371e+02 1.520430876190872596e+02
2.171312487798666382e+02 2.220724405307417157e+02 1.520519108330291544e+02
2.171082509358407719e+02 2.220531483418247944e+02 1.520607340469710778e+02
2.170852530918149057e+02 2.220338561529079016e+02 1.520695572609129727e+02
2.170622552477890395e+02 2.220145639639909803e+02 1.520783804748548960e+02
2.170392574037631732e+02 2.219952717750740590e+02 1.520872036887967909e+02
2.170162595597373354e+02 2.219759795861571661e+02 1.520960269027387142e+02
2.169932617157114692e+02 2.219566873972402448e+02 1.521048501166806375e+02
2.169702638716856029e+02 2.219373952083233235e+02 1.521136733306225324e+02
2.169472660276597367e+02 2.219181030194064306e+02 1.521224965445644557e+02
2.169242681836338704e+02 2.218988108304895093e+02 1.521313197585063506e+02
2.169012703396080042e+02 2.218795186415725880e+02 1.521401429724482739e+02
2.168782724955821379e+02 2.218602264526556667e+02 1.521489661863901688e+02
2.168552746515562717e+02 2.218409342637387738e+02 1.521577894003320921e+02
2.168322768075304054e+02 2.218216420748218525e+02 1.521666126142740154e+02
2.168092789635045392e+02 2.218023498859049312e+02 1.521754358282159103e+02
2.167862811194786730e+02 2.217830576969880383e+02 1.521842590421578336e+02
2.167632832754528067e+02 2.217637655080711170e+02 1.521930822560997285e+02
2.167402854314269405e+02 2.217444733191541957e+02 1.522019054700416518e+02
2.167172875874010742e+02 2.217251811302372744e+02 1.522107286839835467e+02
2.166942897433752080e+02 2.217058889413203815e+02 1.522195518979254700e+02
2.166712918993493417e+02 2.216865967524034602e+02 1.522283751118673649e+02
2.166482940553234755e+02 2.216673045634865389e+02 1.522371983258092882e+02
2.166252962112976377e+02 2.216480123745696460e+02 1.522460215397512115e+02
2.166022983672717714e+02 2.216287201856527247e+02 1.522548447536931064e+02
2.165793005232459052e+02 2.216094279967358034e+02 1.522636679676350298e+02
2.165563026792200390e+02 2.215901358078189105e+02 1.522724911815769246e+02
2.165333048351941727e+02 2.215708436189019892e+02 1.522813143955188480e+02
2.165103069911683065e+02 2.215515514299850679e+02 1.522901376094607429e+02
2.164873091471424402e+02 2.215322592410681466e+02 1.522989608234026662e+02
2.164643113031165740e+02 2.215129670521512537e+02 1.523077840373445611e+02
2.164413134590907077e+02 2.214936748632343324e+02 1.523166072512864844e+02
2.164413134590907077e+02 2.214936748632343324e+02 1.523166072512864844e+02
2.164209418744848392e+02 2.214698528704946341e+02 1.523169207137333956e+02
2.164005702898789707e+02 2.214460308777549642e+02 1.523172341761802784e+02
2.163801987052731022e+02 2.214222088850152659e+02 1.523175476386271896e+02
2.163598271206672337e+02 2.213983868922755676e+02 1.523178611010740724e+02
2.163394555360613936e+02 2.213745648995358692e+02 1.523181745635209836e+02
2.163190839514555250e+02 2.213507429067961993e+02 1.523184880259678664e+02
2.162987123668496565e+02 2.213269209140565010e+02 1.523188014884147776e+02
2.162783407822437880e+02 2.213030989213168027e+02 1.523191149508616604e+02
2.162579691976379195e+02 2.212792769285771328e+02 1.523194284133085716e+02
2.162375976130320510e+02 2.212554549358374345e+02 1.523197418757554544e+02
2.162172260284261824e+02 2.212316329430977362e+02 1.523200553382023656e+02
2.161968544438203139e+02 2.212078109503580379e+02 1.523203688006492484e+02
2.161764828592144454e+02 2.211839889576183680e+02 1.523206822630961597e+02
2.161561112746085769e+02 2.211601669648786697e+02 1.523209957255430425e+02
2.161357396900027368e+02 2.211363449721389713e+02 1.523213091879899537e+02
2.161153681053968683e+02 2.211125229793993014e+02 1.523216226504368365e+02
2.160949965207909997e+02 2.210887009866596031e+02 1.523219361128837477e+02
2.160746249361851312e+02 2.210648789939199048e+02 1.523222495753306305e+02
2.160542533515792627e+02 2.210410570011802065e+02 1.523225630377775417e+02
2.160338817669733942e+02 2.210172350084405366e+02 1.523228765002244245e+02
2.160135101823675257e+02 2.209934130157008383e+02 1.523231899626713357e+02
2.159931385977616571e+02 2.209695910229611400e+02 1.523235034251182185e+02
2.159727670131557886e+02 2.209457690302214417e+02 1.523238168875651297e+02
2.159523954285499201e+02 2.209219470374817718e+02 1.523241303500120125e+02
2.159320238439440800e+02 2.208981250447420734e+02 1.523244438124589237e+02
2.159116522593382115e+02 2.208743030520023751e+02 1.523247572749058065e+02
2.158912806747323430e+02 2.208504810592627052e+02 1.523250707373527177e+02
2.158709090901264744e+02 2.208266590665230069e+02 1.523253841997996005e+02
2.158505375055206059e+02 2.208028370737833086e+02 1.523256976622465118e+02
2.158301659209147374e+02 2.207790150810436103e+02 1.523260111246933945e+02
2.158097943363088689e+02 2.207551930883039404e+02 1.523263245871403058e+02
2.157894227517030004e+02 2.207313710955642421e+02 1.523266380495871886e+02
2.157690511670971318e+02 2.207075491028245438e+02 1.523269515120340998e+02
2.157486795824912633e+02 2.206837271100848739e+02 1.523272649744809826e+02
2.157283079978854232e+02 2.206599051173451755e+02 1.523275784369278938e+02
2.157079364132795547e+02 2.206360831246054772e+02 1.523278918993747766e+02
2.156875648286736862e+02 2.206122611318657789e+02 1.523282053618216878e+02
2.156671932440678177e+02 2.205884391391261090e+02 1.523285188242685706e+02
2.156468216594619491e+02 2.205646171463864107e+02 1.523288322867154818e+02
2.156468216594619491e+02 2.205646171463864107e+02 1.523288322867154818e+02
2.156266891348744537e+02 2.205410747041152888e+02 1.523291420706886754e+02
2.156065566102869582e+02 2.205175322618441669e+02 1.523294518546618690e+02
2.155864240856994627e+02 2.204939898195730166e+02 1.523297616386350626e+02
2.155662915611119672e+02 2.204704473773018947e+02 1.523300714226082562e+02
2.155461590365244717e+02 2.204469049350307728e+02 1.523303812065814498e+02
2.155260265119369762e+02 2.204233624927596509e+02 1.523306909905546433e+02
2.155058939873494523e+02 2.203998200504885006e+02 1.523310007745278369e+02
2.154857614627619569e+02 2.203762776082173787e+02 1.523313105585010305e+02
2.154656289381744614e+02 2.203527351659462568e+02 1.523316203424742241e+02
2.154454964135869659e+02 2.203291927236751349e+02 1.523319301264473893e+02
2.154253638889994704e+02 2.203056502814039845e+02 1.523322399104205829e+02
2.154052313644119749e+02 2.202821078391328626e+02 1.523325496943937765e+02
2.153850988398244795e+02 2.202585653968617407e+02 1.523328594783669701e+02
2.153649663152369840e+02 2.202350229545906188e+02 1.523331692623401636e+02
2.153448337906494885e+02 2.202114805123194685e+02 1.523334790463133572e+02
2.153247012660619930e+02 2.201879380700483466e+02 1.523337888302865508e+02
2.153045687414744975e+02 2.201643956277772247e+02 1.523340986142597444e+02
2.152844362168870020e+02 2.201408531855061028e+02 1.523344083982329380e+02
2.152643036922995066e+02 2.201173107432349525e+02 1.523347181822061316e+02
2.152441711677119827e+02 2.200937683009638306e+02 1.523350279661793252e+02
2.152240386431244872e+02 2.200702258586927087e+02 1.523353377501525188e+02
2.152039061185369917e+02 2.200466834164215868e+02 1.523356475341257124e+02
2.151837735939494962e+02 2.200231409741504649e+02 1.523359573180989059e+02
2.151636410693620007e+02 2.199995985318793146e+02 1.523362671020720995e+02
2.151435085447745053e+02 2.199760560896081927e+02 1.523365768860452931e+02
2.151233760201870098e+02 2.199525136473370708e+02 1.523368866700184867e+02
2.151032434955995143e+02 2.199289712050659489e+02 1.523371964539916803e+02
2.150831109710120188e+02 2.199054287627947986e+02 1.523375062379648739e+02
2.150629784464245233e+02 2.198818863205236767e+02 1.523378160219380391e+02
2.150428459218370278e+02 2.198583438782525548e+02 1.523381258059112326e+02
2.150227133972495324e+02 2.198348014359814329e+02 1.523384355898844262e+02
2.150025808726620085e+02 2.198112589937102825e+02 1.523387453738576198e+02
2.149824483480745130e+02 2.197877165514391606e+02 1.523390551578308134e+02
2.149623158234870175e+02 2.197641741091680387e+02 1.523393649418040070e+02
2.149421832988995220e+02 2.197406316668969168e+02 1.523396747257772006e+02
2.149220507743120265e+02 2.197170892246257665e+02 1.523399845097503942e+02
2.149019182497245311e+02 2.196935467823546446e+02 1.523402942937235878e+02
2.148817857251370356e+02 2.196700043400835227e+02 1.523406040776967814e+02
2.148817857251370356e+02 2.196700043400835227e+02 1.523406040776967814e+02
2.148806889049023710e+02 2.196417167689431267e+02 1.523540870265165665e+02
2.148795920846677063e+02 2.196134291978027022e+02 1.523675699753363801e+02
2.148784952644330417e+02 2.195851416266623062e+02 1.523810529241561653e+02
2.148773984441983771e+02 2.195568540555218817e+02 1.523945358729759789e+02
2.148763016239637125e+02 2.195285664843814857e+02 1.524080188217957641e+02
2.148752048037290479e+02 2.195002789132410612e+02 1.524215017706155493e+02
2.148741079834943832e+02 2.194719913421006652e+02 1.524349847194353629e+02
2.148730111632597186e+02 2.194437037709602691e+02 1.524484676682551481e+02
2.148719143430250540e+02 2.194154161998198447e+02 1.524619506170749617e+02
2.148708175227903894e+02 2.193871286286794486e+02 1.524754335658947468e+02
2.148697207025557248e+02 2.193588410575390242e+02 1.524889165147145320e+02
2.148686238823210601e+02 2.193305534863986281e+02 1.525023994635343456e+02
2.148675270620863955e+02 2.193022659152582037e+02 1.525158824123541308e+02
2.148664302418517309e+02 2.192739783441178076e+02 1.525293653611739444e+02
2.148653334216170379e+02 2.192456907729774116e+02 1.525428483099937296e+02
2.148642366013823732e+02 2.192174032018369871e+02 1.525563312588135148e+02
2.148631397811477086e+02 2.191891156306965911e+02 1.525698142076333284e+02
2.148620429609130440e+02 2.191608280595561666e+02 1.525832971564531135e+02
2.148609461406783794e+02 2.191325404884157706e+02 1.525967801052729271e+02
2.148598493204437148e+02 2.191042529172753461e+02 1.526102630540927123e+02
2.148587525002090501e+02 2.190759653461349501e+02 1.526237460029124975e+02
2.148576556799743855e+02 2.190476777749945256e+02 1.526372289517323111e+02
2.148565588597397209e+02 2.190193902038541296e+02 1.526507119005520963e+02
2.148554620395050563e+02 2.189911026327137336e+02 1.526641948493719099e+02
2.148543652192703917e+02 2.189628150615733091e+02 1.526776777981916950e+02
2.148532683990357270e+02 2.189345274904329131e+02 1.526911607470114802e+02
2.148521715788010624e+02 2.189062399192924886e+02 1.527046436958312938e+02
2.148510747585663978e+02 2.188779523481520926e+02 1.527181266446510790e+02
2.148499779383317332e+02 2.188496647770116681e+02 1.527316095934708926e+02
2.148488811180970686e+02 2.188213772058712721e+02 1.527450925422906778e+02
2.148488811180970686e+02 2.188213772058712721e+02 1.527450925422906778e+02
2.148231274121556567e+02 2.188105210938699656e+02 1.527599743931573926e+02
2.147973737062142447e+02 2.187996649818686592e+02 1.527748562440241074e+02
2.147716200002728328e+02 2.187888088698673528e+02 1.527897380948908221e+02
2.147458662943313925e+02 2.187779527578660748e+02 1.528046199457575085e+02
2.147201125883899806e+02 2.187670966458647683e+02 1.528195017966242233e+02
2.146943588824485687e+02 2.187562405338634619e+02 1.528343836474909381e+02
2.146686051765071568e+02 2.187453844218621555e+02 1.528492654983576529e+02
2.146428514705657449e+02 2.187345283098608490e+02 1.528641473492243676e+02
2.146170977646243330e+02 2.187236721978595426e+02 1.528790292000910824e+02
2.145913440586829211e+02 2.187128160858582362e+02 1.528939110509577972e+02
2.145655903527414807e+02 2.187019599738569582e+02 1.529087929018244836e+02
2.145398366468000688e+02 2.186911038618556518e+02 1.529236747526911984e+02
2.145140829408586569e+02 2.186802477498543453e+02 1.529385566035579131e+02
2.144883292349172450e+02 2.186693916378530389e+02 1.529534384544246279e+02
2.144625755289758331e+02 2.186585355258517325e+02 1.529683203052913427e+02
2.144368218230344212e+02 2.186476794138504260e+02 1.529832021561580575e+02
2.144110681170930093e+02 2.186368233018491196e+02 1.529980840070247723e+02
2.143853144111515689e+02 2.186259671898478416e+02 1.530129658578914587e+02
2.143595607052101570e+02 2.186151110778465352e+02 1.530278477087581734e+02
2.143338069992687451e+02 2.186042549658452288e+02 1.530427295596248882e+02
2.143080532933273332e+02 2.185933988538439223e+02 1.530576114104916030e+02
2.142822995873859213e+02 2.185825427418426159e+02 1.530724932613583178e+02
2.142565458814445094e+02 2.185716866298413095e+02 1.530873751122250326e+02
2.142307921755030691e+02 2.185608305178400315e+02 1.531022569630917189e+02
2.142050384695616572e+02 2.185499744058387250e+02 1.531171388139584337e+02
2.141792847636202453e+02 2.185391182938374186e+02 1.531320206648251485e+02
2.141535310576788333e+02 2.185282621818361122e+02 1.531469025156918633e+02
2.141277773517374214e+02 2.185174060698348057e+02 1.531617843665585781e+02
2.141020236457960095e+02 2.185065499578334993e+02 1.531766662174252929e+02
2.140762699398545976e+02 2.184956938458321929e+02 1.531915480682920077e+02
2.140505162339131573e+02 2.184848377338309149e+02 1.532064299191586940e+02
2.140247625279717454e+02 2.184739816218296085e+02 1.532213117700254088e+02
2.139990088220303335e+02 2.184631255098283020e+02 1.532361936208921236e+02
2.139732551160889216e+02 2.184522693978269956e+02 1.532510754717588384e+02
2.139732551160889216e+02 2.184522693978269956e+02 1.532510754717588384e+02
2.139500708091256911e+02 2.184358805645779000e+02 1.532641393684080526e+02
2.139268865021624322e+02 2.184194917313287760e+02 1.532772032650572953e+02
2.139037021951992017e+02 2.184031028980796805e+02 1.532902671617065096e+02
2.138805178882359712e+02 2.183867140648305565e+02 1.533033310583557238e+02
2.138573335812727123e+02 2.183703252315814609e+02 1.533163949550049665e+02
2.138341492743094818e+02 2.183539363983323369e+02 1.533294588516541808e+02
2.138109649673462229e+02 2.183375475650832414e+02 1.533425227483034234e+02
2.137877806603829924e+02 2.183211587318341174e+02 1.533555866449526377e+02
2.137645963534197620e+02 2.183047698985850218e+02 1.533686505416018520e+02
2.137414120464565030e+02 2.182883810653358978e+02 1.533817144382510946e+02
2.137182277394932726e+02 2.182719922320868022e+02 1.533947783349003089e+02
2.136950434325300421e+02 2.182556033988377067e+02 1.534078422315495231e+02
2.136718591255667832e+02 2.182392145655885827e+02 1.534209061281987658e+02
2.136486748186035527e+02 2.182228257323394871e+02 1.534339700248479801e+02
2.136254905116402938e+02 2.182064368990903631e+02 1.534470339214972228e+02
2.136023062046770633e+02 2.181900480658412675e+02 1.534600978181464370e+02
2.135791218977138328e+02 2.181736592325921436e+02 1.534731617147956513e+02
2.135559375907505739e+02 2.181572703993430480e+02 1.534862256114448940e+02
2.135327532837873434e+02 2.181408815660939240e+02 1.534992895080941082e+02
2.135095689768241130e+02 2.181244927328448284e+02 1.535123534047433225e+02
2.134863846698608540e+02 2.181081038995957044e+02 1.535254173013925652e+02
2.134632003628976236e+02 2.180917150663466089e+02 1.535384811980417794e+02
2.134400160559343647e+02 2.180753262330974849e+02 1.535515450946910221e+02
2.134168317489711342e+02 2.180589373998483893e+02 1.535646089913402363e+02
2.133936474420079037e+02 2.180425485665992937e+02 1.535776728879894506e+02
2.133704631350446448e+02 2.180261597333501697e+02 1.535907367846386933e+02
2.133472788280814143e+02 2.180097709001010742e+02 1.536038006812879075e+02
2.133240945211181838e+02 2.179933820668519502e+02 1.536168645779371218e+02
2.133009102141549249e+02 2.179769932336028546e+02 1.536299284745863645e+02
2.132777259071916944e+02 2.179606044003537306e+02 1.536429923712355787e+02
2.132545416002284355e+02 2.179442155671046351e+02 1.536560562678848214e+02
2.132313572932652050e+02 2.179278267338555111e+02 1.536691201645340357e+02
2.132081729863019746e+02 2.179114379006064155e+02 1.536821840611832499e+02
2.131849886793387157e+02 2.178950490673572915e+02 1.536952479578324926e+02
2.131618043723754852e+02 2.178786602341081959e+02 1.537083118544817069e+02
2.131618043723754852e+02 2.178786602341081959e+02 1.537083118544817069e+02
2.131470862313535690e+02 2.178511379658257852e+02 1.537069998533527269e+02
2.131323680903316529e+02 2.178236156975434028e+02 1.537056878522237184e+02
2.131176499493097367e+02 2.177960934292609920e+02 1.537043758510947384e+02
2.131029318082878206e+02 2.177685711609786097e+02 1.537030638499657300e+02
2.130882136672659044e+02 2.177410488926961989e+02 1.537017518488367500e+02
2.130734955262439598e+02 2.177135266244138165e+02 1.537004398477077700e+02
2.130587773852220437e+02 2.176860043561314058e+02 1.536991278465787616e+02
2.130440592442001275e+02 2.176584820878490234e+02 1.536978158454497816e+02
2.130293411031782114e+02 2.176309598195666126e+02 1.536965038443207732e+02
2.130146229621562952e+02 2.176034375512842303e+02 1.536951918431917932e+02
2.129999048211343791e+02 2.175759152830018195e+02 1.536938798420628132e+02
2.129851866801124629e+02 2.175483930147194371e+02 1.536925678409338047e+02
2.129704685390905468e+02 2.175208707464370264e+02 1.536912558398048247e+02
2.129557503980686306e+02 2.174933484781546440e+02 1.536899438386758447e+02
2.129410322570467144e+02 2.174658262098722332e+02 1.536886318375468363e+02
2.129263141160247983e+02 2.174383039415898509e+02 1.536873198364178563e+02
2.129115959750028821e+02 2.174107816733074401e+02 1.536860078352888479e+02
2.128968778339809660e+02 2.173832594050250577e+02 1.536846958341598679e+02
2.128821596929590214e+02 2.173557371367426470e+02 1.536833838330308879e+02
2.128674415519371053e+02 2.173282148684602362e+02 1.536820718319018795e+02
2.128527234109151891e+02 2.173006926001778538e+02 1.536807598307728995e+02
2.128380052698932730e+02 2.172731703318954430e+02 1.536794478296438911e+02
2.128232871288713568e+02 2.172456480636130607e+02 1.536781358285149111e+02
2.128085689878494406e+02 2.172181257953306499e+02 1.536768238273859311e+02
2.127938508468275245e+02 2.171906035270482676e+02 1.536755118262569226e+02
2.127791327058056083e+02 2.171630812587658568e+02 1.536741998251279426e+02
2.127644145647836922e+02 2.171355589904834744e+02 1.536728878239989626e+02
2.127496964237617760e+02 2.171080367222010636e+02 1.536715758228699542e+02
2.127349782827398599e+02 2.170805144539186813e+02 1.536702638217409742e+02
2.127202601417179153e+02 2.170529921856362705e+02 1.536689518206119658e+02
2.127055420006959991e+02 2.170254699173538881e+02 1.536676398194829858e+02
2.126908238596740830e+02 2.169979476490714774e+02 1.536663278183540058e+02
2.126761057186521668e+02 2.169704253807890950e+02 1.536650158172249974e+02
2.126613875776302507e+02 2.169429031125066842e+02 1.536637038160960174e+02
2.126466694366083345e+02 2.169153808442243019e+02 1.536623918149670089e+02
2.126319512955864184e+02 2.168878585759418911e+02 1.536610798138380289e+02
2.126319512955864184e+02 2.168878585759418911e+02 1.536610798138380289e+02
2.126162160080763783e+02 2.168617364369048346e+02 1.536528008338436848e+02
2.126004807205663383e+02 2.168356142978677781e+02 1.536445218538493123e+02
2.125847454330562982e+02 2.168094921588307500e+02 1.536362428738549681e+02
2.125690101455462582e+02 2.167833700197936935e+02 1.536279638938605956e+02
2.125532748580362181e+02 2.167572478807566370e+02 1.536196849138662515e+02
2.125375395705261781e+02 2.167311257417196089e+02 1.536114059338718789e+02
2.125218042830161380e+02 2.167050036026825524e+02 1.536031269538775348e+02
2.125060689955060980e+02 2.166788814636454958e+02 1.535948479738831907e+02
2.124903337079960579e+02 2.166527593246084393e+02 1.535865689938888181e+02
2.124745984204860179e+02 2.166266371855713828e+02 1.535782900138944740e+02
2.124588631329759778e+02 2.166005150465343547e+02 1.535700110339001014e+02
2.124431278454659378e+02 2.165743929074972982e+02 1.535617320539057573e+02
2.124273925579558977e+02 2.165482707684602417e+02 1.535534530739113848e+02
2.124116572704458576e+02 2.165221486294232136e+02 1.535451740939170406e+02
2.123959219829358176e+02 2.164960264903861571e+02 1.535368951139226681e+02
2.123801866954257775e+02 2.164699043513491006e+02 1.535286161339283240e+02
2.123644514079157375e+02 2.164437822123120441e+02 1.535203371539339798e+02
2.123487161204056974e+02 2.164176600732749876e+02 1.535120581739396073e+02
2.123329808328956574e+02 2.163915379342379595e+02 1.535037791939452632e+02
2.123172455453856173e+02 2.163654157952009029e+02 1.534955002139508906e+02
2.123015102578755773e+02 2.163392936561638464e+02 1.534872212339565465e+02
2.122857749703655372e+02 2.163131715171268183e+02 1.534789422539621739e+02
2.122700396828554972e+02 2.162870493780897618e+02 1.534706632739678298e+02
2.122543043953454571e+02 2.162609272390527053e+02 1.534623842939734573e+02
2.122385691078354171e+02 2.162348051000156488e+02 1.534541053139791131e+02
2.122228338203253770e+02 2.162086829609785923e+02 1.534458263339847690e+02
2.122070985328153370e+02 2.161825608219415642e+02 1.534375473539903965e+02
2.121913632453052969e+02 2.161564386829045077e+02 1.534292683739960523e+02
2.121756279577952569e+02 2.161303165438674512e+02 1.534209893940016798e+02
2.121598926702852168e+02 2.161041944048304231e+02 1.534127104140073357e+02
2.121441573827751768e+02 2.160780722657933666e+02 1.534044314340129631e+02
2.121284220952651367e+02 2.160519501267563101e+02 1.533961524540186190e+02
2.121284220952651367e+02 2.160519501267563101e+02 1.533961524540186190e+02
2.121008082338623240e+02 2.160363891234541995e+02 1.533954549614925043e+02
2.120731943724595112e+02 2.160208281201521174e+02 1.533947574689663611e+02
2.120455805110567269e+02 2.160052671168500069e+02 1.533940599764402464e+02
2.120179666496539141e+02 2.159897061135478964e+02 1.533933624839141032e+02
2.119903527882511014e+02 2.159741451102458143e+02 1.533926649913879885e+02
2.119627389268482887e+02 2.159585841069437038e+02 1.533919674988618453e+02
2.119351250654455043e+02 2.159430231036415933e+02 1.533912700063357306e+02
2.119075112040426916e+02 2.159274621003394827e+02 1.533905725138095875e+02
2.118798973426398788e+02 2.159119010970374006e+02 1.533898750212834727e+02
2.118522834812370661e+02 2.158963400937352901e+02 1.533891775287573296e+02
2.118246696198342818e+02 2.158807790904331796e+02 1.533884800362312149e+02
2.117970557584314690e+02 2.158652180871310975e+02 1.533877825437050717e+02
2.117694418970286563e+02 2.158496570838289870e+02 1.533870850511789570e+02
2.117418280356258435e+02 2.158340960805268764e+02 1.533863875586528422e+02
2.117142141742230308e+02 2.158185350772247943e+02 1.533856900661266991e+02
2.116866003128202465e+02 2.158029740739226838e+02 1.533849925736005844e+02
2.116589864514174337e+02 2.157874130706205733e+02 1.533842950810744412e+02
2.116313725900146210e+02 2.157718520673184912e+02 1.533835975885483265e+02
2.116037587286118082e+02 2.157562910640163807e+02 1.533829000960221833e+02
2.115761448672090239e+02 2.157407300607142702e+02 1.533822026034960686e+02
2.115485310058062112e+02 2.157251690574121596e+02 1.533815051109699255e+02
2.115209171444033984e+02 2.157096080541100775e+02 1.533808076184438107e+02
2.114933032830005857e+02 2.156940470508079670e+02 1.533801101259176676e+02
2.114656894215978014e+02 2.156784860475058565e+02 1.533794126333915528e+02
2.114380755601949886e+02 2.156629250442037744e+02 1.533787151408654097e+02
2.114104616987921759e+02 2.156473640409016639e+02 1.533780176483392950e+02
