2.608745843058275682e+02 1.707684824428557135e+02 2.775418291372060366e+02
2.608618904998228913e+02 1.707831723981609002e+02 2.775220303450226425e+02
2.608491966938182145e+02 1.707978623534661153e+02 2.775022315528392483e+02
2.608365028878135377e+02 1.708125523087713020e+02 2.774824327606558541e+02
2.608238090818088608e+02 1.708272422640765171e+02 2.774626339684724599e+02
2.608111152758041840e+02 1.708419322193817038e+02 2.774428351762890657e+02
2.607984214697995071e+02 1.708566221746868905e+02 2.774230363841056146e+02
2.607857276637948303e+02 1.708713121299921056e+02 2.774032375919222204e+02
2.607730338577901534e+02 1.708860020852972923e+02 2.773834387997388262e+02
2.607603400517854197e+02 1.709006920406024790e+02 2.773636400075554320e+02
2.607476462457807429e+02 1.709153819959076941e+02 2.773438412153720378e+02
2.607349524397760661e+02 1.709300719512128808e+02 2.773240424231886436e+02
2.607222586337713892e+02 1.709447619065180959e+02 2.773042436310052494e+02
2.607095648277667124e+02 1.709594518618232826e+02 2.772844448388218552e+02
2.606968710217620355e+02 1.709741418171284693e+02 2.772646460466384610e+02
2.606841772157573587e+02 1.709888317724336844e+02 2.772448472544550668e+02
2.606714834097526818e+02 1.710035217277388710e+02 2.772250484622716726e+02
2.606587896037480050e+02 1.710182116830440577e+02 2.772052496700882784e+02
2.606460957977433281e+02 1.710329016383492728e+02 2.771854508779048274e+02
2.606334019917386513e+02 1.710475915936544595e+02 2.771656520857214332e+02
2.606207081857339745e+02 1.710622815489596746e+02 2.771458532935380390e+02
2.606080143797292976e+02 1.710769715042648613e+02 2.771260545013546448e+02
2.605953205737246208e+02 1.710916614595700480e+02 2.771062557091712506e+02
2.605826267677199439e+02 1.711063514148752631e+02 2.770864569169878564e+02
2.605699329617152671e+02 1.711210413701804498e+02 2.770666581248044622e+02
2.605572391557105902e+02 1.711357313254856649e+02 2.770468593326210680e+02
2.605445453497058566e+02 1.711504212807908516e+02 2.770270605404376738e+02
2.605318515437011797e+02 1.711651112360960383e+02 2.770072617482542796e+02
2.605191577376965029e+02 1.711798011914012534e+02 2.769874629560708854e+02
2.605064639316918260e+02 1.711944911467064401e+02 2.769676641638874344e+02
2.604937701256871492e+02 1.712091811020116268e+02 2.769478653717040402e+02
2.604810763196824723e+02 1.712238710573168419e+02 2.769280665795206460e+02
2.604683825136777955e+02 1.712385610126220286e+02 2.769082677873372518e+02
2.604556887076731186e+02 1.712532509679272437e+02 2.768884689951538576e+02
2.604429949016684418e+02 1.712679409232324304e+02 2.768686702029704634e+02
2.604429949016684418e+02 1.712679409232324304e+02 2.768686702029704634e+02
2.604231234252839045e+02 1.712711042556186101e+02 2.768437528675794397e+02
2.604032519488993103e+02 1.712742675880047898e+02 2.768188355321883591e+02
2.603833804725147729e+02 1.712774309203909411e+02 2.767939181967973354e+02
2.603635089961301787e+02 1.712805942527771208e+02 2.767690008614063117e+02
2.603436375197456414e+02 1.712837575851633005e+02 2.767440835260152312e+02
2.603237660433610472e+02 1.712869209175494802e+02 2.767191661906242075e+02
2.603038945669765099e+02 1.712900842499356600e+02 2.766942488552331270e+02
2.602840230905919725e+02 1.712932475823218397e+02 2.766693315198421033e+02
2.602641516142073783e+02 1.712964109147080194e+02 2.766444141844510796e+02
2.602442801378228410e+02 1.712995742470941707e+02 2.766194968490599990e+02
2.602244086614382468e+02 1.713027375794803504e+02 2.765945795136689753e+02
2.602045371850537094e+02 1.713059009118665301e+02 2.765696621782779516e+02
2.601846657086691152e+02 1.713090642442527098e+02 2.765447448428868711e+02
2.601647942322845779e+02 1.713122275766388896e+02 2.765198275074958474e+02
2.601449227558999837e+02 1.713153909090250409e+02 2.764949101721048237e+02
2.601250512795154464e+02 1.713185542414112206e+02 2.764699928367137431e+02
2.601051798031309090e+02 1.713217175737974003e+02 2.764450755013227194e+02
2.600853083267463148e+02 1.713248809061835800e+02 2.764201581659316389e+02
2.600654368503617775e+02 1.713280442385697597e+02 2.763952408305406152e+02
2.600455653739771833e+02 1.713312075709559394e+02 2.763703234951495915e+02
2.600256938975926460e+02 1.713343709033421192e+02 2.763454061597585110e+02
2.600058224212080518e+02 1.713375342357282705e+02 2.763204888243674873e+02
2.599859509448235144e+02 1.713406975681144502e+02 2.762955714889764636e+02
2.599660794684389771e+02 1.713438609005006299e+02 2.762706541535853830e+02
2.599462079920543829e+02 1.713470242328868096e+02 2.762457368181943593e+02
2.599263365156698455e+02 1.713501875652729893e+02 2.762208194828032788e+02
2.599064650392852514e+02 1.713533508976591406e+02 2.761959021474122551e+02
2.598865935629007140e+02 1.713565142300453203e+02 2.761709848120212314e+02
2.598667220865161198e+02 1.713596775624315001e+02 2.761460674766301508e+02
2.598468506101315825e+02 1.713628408948176798e+02 2.761211501412391272e+02
2.598468506101315825e+02 1.713628408948176798e+02 2.761211501412391272e+02
2.598416556953497434e+02 1.713542615893727827e+02 2.760876446935976105e+02
2.598364607805679611e+02 1.713456822839278857e+02 2.760541392459561507e+02
2.598312658657861220e+02 1.713371029784829602e+02 2.760206337983146341e+02
2.598260709510043398e+02 1.713285236730380632e+02 2.759871283506731174e+02
2.598208760362225007e+02 1.713199443675931661e+02 2.759536229030316576e+02
2.598156811214407185e+02 1.713113650621482691e+02 2.759201174553901410e+02
2.598104862066588794e+02 1.713027857567033720e+02 2.758866120077486244e+02
2.598052912918770403e+02 1.712942064512584466e+02 2.758531065601071646e+02
2.598000963770952580e+02 1.712856271458135495e+02 2.758196011124656479e+02
2.597949014623134190e+02 1.712770478403686525e+02 2.757860956648241881e+02
2.597897065475316367e+02 1.712684685349237554e+02 2.757525902171826715e+02
2.597845116327497976e+02 1.712598892294788584e+02 2.757190847695411549e+02
2.597793167179679585e+02 1.712513099240339329e+02 2.756855793218996951e+02
2.597741218031861763e+02 1.712427306185890359e+02 2.756520738742581784e+02
2.597689268884043372e+02 1.712341513131441388e+02 2.756185684266166618e+02
2.597637319736225550e+02 1.712255720076992418e+02 2.755850629789752020e+02
2.597585370588407159e+02 1.712169927022543447e+02 2.755515575313336853e+02
2.597533421440589336e+02 1.712084133968094477e+02 2.755180520836921687e+02
2.597481472292770945e+02 1.711998340913645222e+02 2.754845466360507089e+02
2.597429523144952555e+02 1.711912547859196252e+02 2.754510411884091923e+02
2.597377573997134732e+02 1.711826754804747281e+02 2.754175357407676756e+02
2.597325624849316341e+02 1.711740961750298311e+02 2.753840302931262158e+02
2.597273675701498519e+02 1.711655168695849341e+02 2.753505248454846992e+02
2.597221726553680128e+02 1.711569375641400086e+02 2.753170193978432394e+02
2.597169777405861737e+02 1.711483582586951115e+02 2.752835139502017228e+02
2.597117828258043915e+02 1.711397789532502145e+02 2.752500085025602061e+02
2.597065879110225524e+02 1.711311996478053175e+02 2.752165030549187463e+02
2.597013929962407701e+02 1.711226203423604204e+02 2.751829976072772297e+02
2.596961980814589310e+02 1.711140410369154949e+02 2.751494921596357131e+02
2.596910031666771488e+02 1.711054617314705979e+02 2.751159867119942533e+02
2.596858082518953097e+02 1.710968824260257009e+02 2.750824812643527366e+02
2.596858082518953097e+02 1.710968824260257009e+02 2.750824812643527366e+02
2.596666297367492007e+02 1.710775106091986402e+02 2.750693494261740852e+02
2.596474512216030917e+02 1.710581387923716079e+02 2.750562175879954907e+02
2.596282727064569826e+02 1.710387669755445472e+02 2.750430857498168393e+02
2.596090941913108736e+02 1.710193951587175150e+02 2.750299539116381879e+02
2.595899156761647646e+02 1.710000233418904543e+02 2.750168220734595366e+02
2.595707371610187124e+02 1.709806515250634220e+02 2.750036902352809420e+02
2.595515586458726034e+02 1.709612797082363613e+02 2.749905583971022907e+02
2.595323801307264944e+02 1.709419078914093006e+02 2.749774265589236393e+02
2.595132016155803854e+02 1.709225360745822684e+02 2.749642947207450447e+02
2.594940231004342763e+02 1.709031642577552077e+02 2.749511628825663934e+02
2.594748445852881673e+02 1.708837924409281754e+02 2.749380310443877420e+02
2.594556660701420583e+02 1.708644206241011148e+02 2.749248992062090906e+02
2.594364875549959493e+02 1.708450488072740825e+02 2.749117673680304961e+02
2.594173090398498402e+02 1.708256769904470218e+02 2.748986355298518447e+02
2.593981305247037312e+02 1.708063051736199611e+02 2.748855036916731933e+02
2.593789520095576222e+02 1.707869333567929289e+02 2.748723718534945988e+02
2.593597734944115132e+02 1.707675615399658682e+02 2.748592400153159474e+02
2.593405949792654610e+02 1.707481897231388359e+02 2.748461081771372960e+02
2.593214164641193520e+02 1.707288179063117752e+02 2.748329763389586446e+02
2.593022379489732430e+02 1.707094460894847430e+02 2.748198445007800501e+02
2.592830594338271339e+02 1.706900742726576823e+02 2.748067126626013987e+02
2.592638809186810249e+02 1.706707024558306216e+02 2.747935808244227474e+02
2.592447024035349159e+02 1.706513306390035893e+02 2.747804489862441528e+02
2.592255238883888069e+02 1.706319588221765287e+02 2.747673171480655014e+02
2.592063453732426979e+02 1.706125870053494964e+02 2.747541853098868501e+02
2.591871668580965888e+02 1.705932151885224357e+02 2.747410534717081987e+02
2.591679883429504798e+02 1.705738433716954034e+02 2.747279216335296042e+02
2.591488098278043708e+02 1.705544715548683428e+02 2.747147897953509528e+02
2.591296313126582618e+02 1.705350997380412821e+02 2.747016579571723014e+02
2.591104527975122096e+02 1.705157279212142498e+02 2.746885261189937069e+02
2.590912742823661006e+02 1.704963561043871891e+02 2.746753942808150555e+02
2.590720957672199916e+02 1.704769842875601569e+02 2.746622624426364041e+02
2.590529172520738825e+02 1.704576124707330962e+02 2.746491306044577527e+02
2.590337387369277735e+02 1.704382406539060639e+02 2.746359987662791582e+02
2.590145602217816645e+02 1.704188688370790032e+02 2.746228669281005068e+02
2.590145602217816645e+02 1.704188688370790032e+02 2.746228669281005068e+02
2.589971642251909429e+02 1.704012975049444663e+02 2.746109556090830779e+02
2.589797682286002214e+02 1.703837261728099293e+02 2.745990442900657058e+02
2.589623722320094998e+02 1.703661548406753923e+02 2.745871329710482769e+02
2.589449762354187783e+02 1.703485835085408553e+02 2.745752216520308480e+02
2.589275802388280567e+02 1.703310121764063183e+02 2.745633103330134759e+02
2.589101842422373352e+02 1.703134408442717813e+02 2.745513990139960470e+02
2.588927882456466136e+02 1.702958695121372443e+02 2.745394876949786180e+02
2.588753922490558921e+02 1.702782981800027073e+02 2.745275763759612460e+02
2.588579962524651137e+02 1.702607268478681419e+02 2.745156650569438170e+02
2.588406002558743921e+02 1.702431555157336049e+02 2.745037537379263881e+02
2.588232042592836706e+02 1.702255841835990680e+02 2.744918424189090160e+02
2.588058082626929490e+02 1.702080128514645310e+02 2.744799310998915871e+02
2.587884122661022275e+02 1.701904415193299940e+02 2.744680197808741582e+02
2.587710162695115059e+02 1.701728701871954570e+02 2.744561084618567861e+02
2.587536202729207844e+02 1.701552988550609200e+02 2.744441971428393572e+02
2.587362242763300628e+02 1.701377275229263830e+02 2.744322858238219283e+02
2.587188282797393413e+02 1.701201561907918460e+02 2.744203745048044993e+02
2.587014322831486197e+02 1.701025848586573090e+02 2.744084631857871273e+02
2.586840362865578982e+02 1.700850135265227721e+02 2.743965518667696983e+02
2.586666402899671766e+02 1.700674421943882351e+02 2.743846405477522694e+02
2.586492442933764551e+02 1.700498708622536981e+02 2.743727292287348973e+02
2.586318482967857335e+02 1.700322995301191611e+02 2.743608179097174684e+02
2.586144523001950120e+02 1.700147281979846241e+02 2.743489065907000395e+02
2.585970563036042904e+02 1.699971568658500871e+02 2.743369952716826674e+02
2.585796603070135689e+02 1.699795855337155501e+02 2.743250839526652385e+02
2.585622643104227905e+02 1.699620142015809847e+02 2.743131726336478096e+02
2.585448683138320689e+02 1.699444428694464477e+02 2.743012613146304375e+02
2.585274723172413474e+02 1.699268715373119107e+02 2.742893499956130086e+02
2.585100763206506258e+02 1.699093002051773738e+02 2.742774386765955796e+02
2.584926803240599043e+02 1.698917288730428368e+02 2.742655273575782076e+02
2.584752843274691827e+02 1.698741575409082998e+02 2.742536160385607786e+02
2.584578883308784611e+02 1.698565862087737628e+02 2.742417047195433497e+02
2.584404923342877396e+02 1.698390148766392258e+02 2.742297934005259776e+02
2.584230963376970180e+02 1.698214435445046888e+02 2.742178820815085487e+02
2.584230963376970180e+02 1.698214435445046888e+02 2.742178820815085487e+02
2.583959078802599834e+02 1.697966516209239956e+02 2.742098212711651399e+02
2.583687194228230055e+02 1.697718596973432739e+02 2.742017604608216743e+02
2.583415309653860277e+02 1.697470677737625806e+02 2.741936996504782655e+02
2.583143425079489930e+02 1.697222758501818873e+02 2.741856388401348568e+02
2.582871540505119583e+02 1.696974839266011656e+02 2.741775780297914480e+02
2.582599655930749805e+02 1.696726920030204724e+02 2.741695172194479824e+02
2.582327771356380026e+02 1.696479000794397507e+02 2.741614564091045736e+02
2.582055886782009679e+02 1.696231081558590574e+02 2.741533955987611648e+02
2.581784002207639332e+02 1.695983162322783642e+02 2.741453347884177560e+02
2.581512117633269554e+02 1.695735243086976425e+02 2.741372739780742904e+02
2.581240233058899776e+02 1.695487323851169492e+02 2.741292131677308817e+02
2.580968348484529429e+02 1.695239404615362560e+02 2.741211523573874729e+02
2.580696463910159082e+02 1.694991485379555343e+02 2.741130915470440641e+02
2.580424579335789304e+02 1.694743566143748410e+02 2.741050307367005985e+02
2.580152694761419525e+02 1.694495646907941477e+02 2.740969699263571897e+02
2.579880810187049178e+02 1.694247727672134261e+02 2.740889091160137809e+02
2.579608925612678831e+02 1.693999808436327328e+02 2.740808483056703153e+02
2.579337041038309053e+02 1.693751889200520111e+02 2.740727874953269065e+02
2.579065156463939275e+02 1.693503969964713178e+02 2.740647266849834978e+02
2.578793271889568928e+02 1.693256050728906246e+02 2.740566658746400890e+02
2.578521387315198581e+02 1.693008131493099029e+02 2.740486050642966234e+02
2.578249502740828802e+02 1.692760212257292096e+02 2.740405442539532146e+02
2.577977618166459024e+02 1.692512293021485164e+02 2.740324834436098058e+02
2.577705733592088677e+02 1.692264373785677947e+02 2.740244226332663970e+02
2.577433849017718330e+02 1.692016454549871014e+02 2.740163618229229314e+02
2.577161964443348552e+02 1.691768535314063797e+02 2.740083010125795226e+02
2.576890079868978773e+02 1.691520616078256865e+02 2.740002402022361139e+02
2.576618195294608427e+02 1.691272696842449932e+02 2.739921793918927051e+02
2.576346310720238080e+02 1.691024777606642715e+02 2.739841185815492395e+02
2.576074426145868301e+02 1.690776858370835782e+02 2.739760577712058307e+02
2.576074426145868301e+02 1.690776858370835782e+02 2.739760577712058307e+02
2.575909357729905196e+02 1.690606054704923906e+02 2.739896986953019109e+02
2.575744289313942090e+02 1.690435251039011746e+02 2.740033396193980479e+02
2.575579220897978985e+02 1.690264447373099870e+02 2.740169805434941281e+02
2.575414152482016448e+02 1.690093643707187994e+02 2.740306214675902652e+02
2.575249084066053342e+02 1.689922840041276118e+02 2.740442623916863454e+02
2.575084015650090237e+02 1.689752036375364241e+02 2.740579033157824824e+02
2.574918947234127131e+02 1.689581232709452081e+02 2.740715442398785626e+02
2.574753878818164026e+02 1.689410429043540205e+02 2.740851851639746997e+02
2.574588810402200920e+02 1.689239625377628329e+02 2.740988260880707799e+02
2.574423741986237815e+02 1.689068821711716168e+02 2.741124670121669169e+02
2.574258673570275278e+02 1.688898018045804292e+02 2.741261079362629971e+02
2.574093605154312172e+02 1.688727214379892416e+02 2.741397488603591341e+02
2.573928536738349067e+02 1.688556410713980540e+02 2.741533897844552143e+02
2.573763468322385961e+02 1.688385607048068664e+02 2.741670307085513514e+02
2.573598399906422856e+02 1.688214803382156504e+02 2.741806716326474316e+02
2.573433331490459750e+02 1.688043999716244628e+02 2.741943125567435686e+02
2.573268263074496645e+02 1.687873196050332751e+02 2.742079534808396488e+02
2.573103194658533539e+02 1.687702392384420591e+02 2.742215944049357859e+02
2.572938126242571002e+02 1.687531588718508715e+02 2.742352353290318661e+02
2.572773057826607896e+02 1.687360785052596839e+02 2.742488762531279463e+02
2.572607989410644791e+02 1.687189981386684963e+02 2.742625171772240833e+02
2.572442920994681685e+02 1.687019177720773087e+02 2.742761581013201635e+02
2.572277852578718580e+02 1.686848374054860926e+02 2.742897990254163005e+02
2.572112784162755474e+02 1.686677570388949050e+02 2.743034399495123807e+02
2.571947715746792369e+02 1.686506766723037174e+02 2.743170808736085178e+02
2.571782647330829832e+02 1.686335963057125014e+02 2.743307217977045980e+02
2.571617578914866726e+02 1.686165159391213137e+02 2.743443627218007350e+02
2.571452510498903621e+02 1.685994355725301261e+02 2.743580036458968152e+02
2.571287442082940515e+02 1.685823552059389385e+02 2.743716445699929523e+02
2.571122373666977410e+02 1.685652748393477509e+02 2.743852854940890325e+02
2.570957305251014304e+02 1.685481944727565349e+02 2.743989264181851695e+02
2.570792236835051199e+02 1.685311141061653473e+02 2.744125673422812497e+02
2.570627168419088662e+02 1.685140337395741597e+02 2.744262082663773867e+02
2.570462100003125556e+02 1.684969533729829436e+02 2.744398491904734669e+02
2.570297031587162451e+02 1.684798730063917560e+02 2.744534901145696040e+02
2.570131963171199345e+02 1.684627926398005684e+02 2.744671310386656842e+02
2.570131963171199345e+02 1.684627926398005684e+02 2.744671310386656842e+02
2.569944792113802805e+02 1.684434252141368518e+02 2.744825984808898056e+02
2.569757621056406833e+02 1.684240577884731351e+02 2.744980659231138702e+02
2.569570449999010293e+02 1.684046903628094185e+02 2.745135333653379917e+02
2.569383278941613753e+02 1.683853229371457019e+02 2.745290008075621131e+02
2.569196107884217213e+02 1.683659555114819852e+02 2.745444682497861777e+02
2.569008936826821241e+02 1.683465880858182686e+02 2.745599356920102991e+02
2.568821765769424701e+02 1.683272206601545520e+02 2.745754031342344206e+02
2.568634594712028161e+02 1.683078532344908069e+02 2.745908705764584852e+02
2.568447423654631621e+02 1.682884858088270903e+02 2.746063380186826066e+02
2.568260252597235649e+02 1.682691183831633737e+02 2.746218054609067281e+02
2.568073081539839109e+02 1.682497509574996570e+02 2.746372729031307927e+02
2.567885910482442569e+02 1.682303835318359404e+02 2.746527403453549141e+02
2.567698739425046028e+02 1.682110161061722238e+02 2.746682077875790355e+02
2.567511568367650057e+02 1.681916486805085071e+02 2.746836752298031001e+02
2.567324397310253516e+02 1.681722812548447905e+02 2.746991426720272216e+02
2.567137226252856976e+02 1.681529138291810739e+02 2.747146101142513430e+02
2.566950055195460436e+02 1.681335464035173572e+02 2.747300775564754645e+02
2.566762884138064464e+02 1.681141789778536406e+02 2.747455449986995291e+02
2.566575713080667924e+02 1.680948115521899240e+02 2.747610124409236505e+02
2.566388542023271384e+02 1.680754441265262074e+02 2.747764798831477719e+02
2.566201370965874844e+02 1.680560767008624907e+02 2.747919473253718365e+02
2.566014199908478872e+02 1.680367092751987741e+02 2.748074147675959580e+02
2.565827028851082332e+02 1.680173418495350575e+02 2.748228822098200794e+02
2.565639857793685792e+02 1.679979744238713124e+02 2.748383496520441440e+02
2.565452686736289252e+02 1.679786069982075958e+02 2.748538170942682655e+02
2.565265515678893280e+02 1.679592395725438791e+02 2.748692845364923869e+02
2.565078344621496740e+02 1.679398721468801625e+02 2.748847519787164515e+02
2.564891173564100200e+02 1.679205047212164459e+02 2.749002194209405729e+02
2.564704002506703659e+02 1.679011372955527293e+02 2.749156868631646944e+02
2.564516831449307688e+02 1.678817698698890126e+02 2.749311543053887590e+02
2.564329660391911148e+02 1.678624024442252960e+02 2.749466217476128804e+02
2.564329660391911148e+02 1.678624024442252960e+02 2.749466217476128804e+02
2.564195763792646403e+02 1.678396755204968258e+02 2.749459356890800450e+02
2.564061867193382227e+02 1.678169485967683556e+02 2.749452496305472664e+02
2.563927970594117483e+02 1.677942216730398570e+02 2.749445635720144310e+02
2.563794073994853306e+02 1.677714947493113868e+02 2.749438775134816524e+02
2.563660177395588562e+02 1.677487678255829167e+02 2.749431914549488170e+02
2.563526280796324386e+02 1.677260409018544465e+02 2.749425053964160384e+02
2.563392384197059641e+02 1.677033139781259763e+02 2.749418193378832029e+02
2.563258487597794897e+02 1.676805870543974777e+02 2.749411332793504243e+02
2.563124590998530721e+02 1.676578601306690075e+02 2.749404472208175889e+02
2.562990694399265976e+02 1.676351332069405373e+02 2.749397611622848103e+02
2.562856797800001800e+02 1.676124062832120671e+02 2.749390751037519749e+02
2.562722901200737056e+02 1.675896793594835970e+02 2.749383890452191963e+02
2.562589004601472311e+02 1.675669524357550983e+02 2.749377029866863609e+02
2.562455108002208135e+02 1.675442255120266282e+02 2.749370169281535823e+02
2.562321211402943391e+02 1.675214985882981580e+02 2.749363308696207469e+02
2.562187314803679214e+02 1.674987716645696878e+02 2.749356448110879683e+02
2.562053418204414470e+02 1.674760447408412176e+02 2.749349587525551328e+02
2.561919521605150294e+02 1.674533178171127474e+02 2.749342726940223542e+02
2.561785625005885549e+02 1.674305908933842488e+02 2.749335866354895188e+02
2.561651728406620805e+02 1.674078639696557786e+02 2.749329005769567402e+02
2.561517831807356629e+02 1.673851370459273085e+02 2.749322145184239048e+02
2.561383935208091884e+02 1.673624101221988383e+02 2.749315284598911262e+02
2.561250038608827708e+02 1.673396831984703681e+02 2.749308424013582908e+02
2.561116142009562964e+02 1.673169562747418695e+02 2.749301563428255122e+02
2.560982245410298219e+02 1.672942293510133993e+02 2.749294702842926768e+02
2.560848348811034043e+02 1.672715024272849291e+02 2.749287842257598982e+02
2.560714452211769299e+02 1.672487755035564589e+02 2.749280981672270627e+02
2.560580555612505123e+02 1.672260485798279888e+02 2.749274121086942841e+02
2.560446659013240378e+02 1.672033216560994902e+02 2.749267260501614487e+02
2.560312762413976202e+02 1.671805947323710200e+02 2.749260399916286701e+02
2.560178865814711457e+02 1.671578678086425498e+02 2.749253539330958347e+02
2.560178865814711457e+02 1.671578678086425498e+02 2.749253539330958347e+02
2.560042222803264735e+02 1.671346747229612220e+02 2.749246538025140012e+02
2.559905579791817729e+02 1.671114816372798657e+02 2.749239536719321109e+02
2.559768936780371007e+02 1.670882885515985379e+02 2.749232535413502774e+02
2.559632293768924001e+02 1.670650954659171816e+02 2.749225534107683870e+02
2.559495650757477279e+02 1.670419023802358538e+02 2.749218532801865535e+02
2.559359007746030272e+02 1.670187092945545260e+02 2.749211531496047201e+02
2.559222364734583550e+02 1.669955162088731697e+02 2.749204530190228297e+02
2.559085721723136828e+02 1.669723231231918419e+02 2.749197528884409962e+02
2.558949078711689822e+02 1.669491300375105141e+02 2.749190527578591627e+02
2.558812435700243100e+02 1.669259369518291578e+02 2.749183526272772724e+02
2.558675792688796093e+02 1.669027438661478300e+02 2.749176524966954389e+02
2.558539149677349371e+02 1.668795507804664737e+02 2.749169523661135486e+02
2.558402506665902365e+02 1.668563576947851459e+02 2.749162522355317151e+02
2.558265863654455643e+02 1.668331646091038181e+02 2.749155521049498816e+02
2.558129220643008921e+02 1.668099715234224618e+02 2.749148519743679913e+02
2.557992577631561915e+02 1.667867784377411340e+02 2.749141518437861578e+02
2.557855934620115193e+02 1.667635853520597777e+02 2.749134517132042674e+02
2.557719291608668186e+02 1.667403922663784499e+02 2.749127515826224339e+02
2.557582648597221464e+02 1.667171991806971221e+02 2.749120514520406005e+02
2.557446005585774742e+02 1.666940060950157658e+02 2.749113513214587101e+02
2.557309362574327736e+02 1.666708130093344380e+02 2.749106511908768766e+02
2.557172719562881014e+02 1.666476199236531102e+02 2.749099510602950431e+02
2.557036076551434007e+02 1.666244268379717539e+02 2.749092509297131528e+02
2.556899433539987285e+02 1.666012337522904261e+02 2.749085507991313193e+02
2.556762790528540279e+02 1.665780406666090698e+02 2.749078506685494290e+02
2.556626147517093557e+02 1.665548475809277420e+02 2.749071505379675955e+02
2.556626147517093557e+02 1.665548475809277420e+02 2.749071505379675955e+02
2.556469154539060185e+02 1.665282003960308259e+02 2.749063461383580034e+02
2.556312161561027096e+02 1.665015532111339098e+02 2.749055417387484681e+02
2.556155168582993724e+02 1.664749060262369937e+02 2.749047373391388760e+02
2.555998175604960352e+02 1.664482588413401061e+02 2.749039329395293407e+02
2.555841182626926980e+02 1.664216116564431900e+02 2.749031285399197486e+02
2.555684189648893891e+02 1.663949644715462739e+02 2.749023241403102134e+02
2.555527196670860519e+02 1.663683172866493578e+02 2.749015197407006212e+02
2.555370203692827147e+02 1.663416701017524417e+02 2.749007153410910860e+02
2.555213210714793775e+02 1.663150229168555256e+02 2.748999109414814939e+02
2.555056217736760686e+02 1.662883757319586095e+02 2.748991065418719586e+02
2.554899224758727314e+02 1.662617285470616935e+02 2.748983021422623665e+02
2.554742231780693942e+02 1.662350813621648058e+02 2.748974977426527744e+02
2.554585238802660854e+02 1.662084341772678897e+02 2.748966933430432391e+02
2.554428245824627481e+02 1.661817869923709736e+02 2.748958889434336470e+02
2.554271252846594109e+02 1.661551398074740575e+02 2.748950845438241117e+02
2.554114259868560737e+02 1.661284926225771414e+02 2.748942801442145196e+02
2.553957266890527649e+02 1.661018454376802254e+02 2.748934757446049844e+02
2.553800273912494276e+02 1.660751982527833093e+02 2.748926713449953922e+02
2.553643280934460904e+02 1.660485510678864216e+02 2.748918669453858570e+02
2.553486287956427532e+02 1.660219038829895055e+02 2.748910625457762649e+02
2.553329294978394444e+02 1.659952566980925894e+02 2.748902581461667296e+02
2.553172302000361071e+02 1.659686095131956733e+02 2.748894537465571375e+02
2.553172302000361071e+02 1.659686095131956733e+02 2.748894537465571375e+02
2.552868215356258759e+02 1.659530926671639861e+02 2.748878816964909220e+02
2.552564128712156446e+02 1.659375758211322989e+02 2.748863096464247064e+02
2.552260042068054133e+02 1.659220589751005832e+02 2.748847375963584909e+02
2.551955955423951536e+02 1.659065421290688960e+02 2.748831655462922754e+02
2.551651868779849224e+02 1.658910252830372087e+02 2.748815934962260599e+02
2.551347782135746911e+02 1.658755084370055215e+02 2.748800214461597875e+02
2.551043695491644598e+02 1.658599915909738343e+02 2.748784493960935720e+02
2.550739608847542286e+02 1.658444747449421186e+02 2.748768773460273565e+02
2.550435522203439973e+02 1.658289578989104314e+02 2.748753052959611409e+02
2.550131435559337660e+02 1.658134410528787441e+02 2.748737332458949254e+02
2.549827348915235063e+02 1.657979242068470569e+02 2.748721611958287099e+02
2.549523262271132751e+02 1.657824073608153697e+02 2.748705891457624944e+02
2.549219175627030438e+02 1.657668905147836824e+02 2.748690170956962788e+02
2.548915088982928125e+02 1.657513736687519668e+02 2.748674450456300633e+02
2.548611002338825813e+02 1.657358568227202795e+02 2.748658729955638478e+02
2.548306915694723500e+02 1.657203399766885923e+02 2.748643009454975754e+02
2.548002829050621187e+02 1.657048231306569051e+02 2.748627288954313599e+02
2.547698742406518591e+02 1.656893062846252178e+02 2.748611568453651444e+02
2.547394655762416278e+02 1.656737894385935022e+02 2.748595847952989288e+02
2.547090569118313965e+02 1.656582725925618149e+02 2.748580127452327133e+02
2.546786482474211653e+02 1.656427557465301277e+02 2.748564406951664978e+02
2.546786482474211653e+02 1.656427557465301277e+02 2.748564406951664978e+02
2.546510226409721440e+02 1.656286590313301872e+02 2.748550125220688187e+02
2.546233970345231228e+02 1.656145623161302467e+02 2.748535843489710828e+02
2.545957714280740731e+02 1.656004656009303062e+02 2.748521561758734038e+02
2.545681458216250519e+02 1.655863688857303657e+02 2.748507280027757247e+02
2.545405202151760307e+02 1.655722721705304252e+02 2.748492998296779888e+02
2.545128946087270094e+02 1.655581754553304563e+02 2.748478716565803097e+02
2.544852690022779598e+02 1.655440787401305158e+02 2.748464434834826307e+02
2.544576433958289385e+02 1.655299820249305753e+02 2.748450153103848947e+02
2.544300177893799173e+02 1.655158853097306348e+02 2.748435871372872157e+02
2.544023921829308961e+02 1.655017885945306944e+02 2.748421589641895366e+02
2.543747665764818748e+02 1.654876918793307539e+02 2.748407307910918007e+02
2.543471409700328252e+02 1.654735951641308134e+02 2.748393026179941216e+02
2.543195153635838039e+02 1.654594984489308729e+02 2.748378744448964426e+02
2.542918897571347827e+02 1.654454017337309324e+02 2.748364462717987635e+02
2.542642641506857615e+02 1.654313050185309919e+02 2.748350180987010276e+02
2.542366385442367118e+02 1.654172083033310514e+02 2.748335899256033485e+02
2.542090129377876906e+02 1.654031115881310825e+02 2.748321617525056695e+02
2.541813873313386694e+02 1.653890148729311420e+02 2.748307335794079336e+02
2.541537617248896481e+02 1.653749181577312015e+02 2.748293054063102545e+02
2.541261361184405985e+02 1.653608214425312610e+02 2.748278772332125754e+02
2.540985105119915772e+02 1.653467247273313205e+02 2.748264490601148395e+02
2.540708849055425560e+02 1.653326280121313800e+02 2.748250208870171605e+02
2.540708849055425560e+02 1.653326280121313800e+02 2.748250208870171605e+02
2.540432012217071076e+02 1.653185016613693108e+02 2.748235897114673207e+02
2.540155175378716592e+02 1.653043753106072700e+02 2.748221585359174810e+02
2.539878338540362108e+02 1.652902489598452007e+02 2.748207273603676981e+02
2.539601501702007624e+02 1.652761226090831599e+02 2.748192961848178584e+02
2.539324664863653140e+02 1.652619962583210906e+02 2.748178650092680186e+02
2.539047828025298941e+02 1.652478699075590498e+02 2.748164338337181789e+02
2.538770991186944457e+02 1.652337435567969806e+02 2.748150026581683960e+02
2.538494154348589973e+02 1.652196172060349113e+02 2.748135714826185563e+02
2.538217317510235489e+02 1.652054908552728705e+02 2.748121403070687165e+02
2.537940480671881005e+02 1.651913645045108012e+02 2.748107091315188768e+02
2.537663643833526521e+02 1.651772381537487604e+02 2.748092779559690939e+02
2.537386806995172037e+02 1.651631118029866911e+02 2.748078467804192542e+02
2.537109970156817553e+02 1.651489854522246503e+02 2.748064156048694144e+02
2.536833133318463069e+02 1.651348591014625811e+02 2.748049844293195747e+02
2.536556296480108585e+02 1.651207327507005118e+02 2.748035532537697918e+02
2.536279459641754386e+02 1.651066063999384710e+02 2.748021220782199521e+02
2.536002622803399902e+02 1.650924800491764017e+02 2.748006909026701123e+02
2.535725785965045418e+02 1.650783536984143609e+02 2.747992597271202726e+02
2.535448949126690934e+02 1.650642273476522917e+02 2.747978285515704897e+02
2.535172112288336450e+02 1.650501009968902508e+02 2.747963973760206500e+02
2.534895275449981966e+02 1.650359746461281816e+02 2.747949662004708102e+02
2.534895275449981966e+02 1.650359746461281816e+02 2.747949662004708102e+02
2.534717679061638762e+02 1.650350665838549276e+02 2.748172775450287872e+02
2.534540082673295274e+02 1.650341585215816735e+02 2.748395888895868211e+02
2.534362486284952070e+02 1.650332504593084195e+02 2.748619002341447981e+02
2.534184889896608865e+02 1.650323423970351655e+02 2.748842115787028320e+02
2.534007293508265661e+02 1.650314343347619115e+02 2.749065229232608090e+02
2.533829697119922457e+02 1.650305262724886575e+02 2.749288342678187860e+02
2.533652100731578969e+02 1.650296182102154035e+02 2.749511456123768198e+02
2.533474504343235765e+02 1.650287101479421494e+02 2.749734569569347968e+02
2.533296907954892561e+02 1.650278020856688954e+02 2.749957683014928307e+02
2.533119311566549072e+02 1.650268940233956414e+02 2.750180796460508077e+02
2.532941715178205868e+02 1.650259859611224158e+02 2.750403909906087847e+02
2.532764118789862664e+02 1.650250778988491618e+02 2.750627023351668186e+02
2.532586522401519460e+02 1.650241698365759078e+02 2.750850136797247956e+02
2.532408926013176256e+02 1.650232617743026537e+02 2.751073250242828294e+02
2.532231329624832767e+02 1.650223537120293997e+02 2.751296363688408064e+02
2.532053733236489563e+02 1.650214456497561457e+02 2.751519477133987834e+02
2.531876136848146359e+02 1.650205375874828917e+02 2.751742590579568173e+02
2.531698540459802871e+02 1.650196295252096377e+02 2.751965704025147943e+02
2.531520944071459667e+02 1.650187214629363837e+02 2.752188817470728281e+02
2.531343347683116463e+02 1.650178134006631296e+02 2.752411930916308052e+02
2.531343347683116463e+02 1.650178134006631296e+02 2.752411930916308052e+02
2.531117690389996824e+02 1.650028325695891169e+02 2.752546900706554993e+02
2.530892033096876901e+02 1.649878517385151042e+02 2.752681870496801366e+02
2.530666375803756978e+02 1.649728709074410915e+02 2.752816840287048308e+02
2.530440718510637339e+02 1.649578900763670788e+02 2.752951810077295249e+02
2.530215061217517700e+02 1.649429092452930661e+02 2.753086779867541622e+02
2.529989403924397777e+02 1.649279284142190534e+02 2.753221749657788564e+02
2.529763746631277854e+02 1.649129475831450407e+02 2.753356719448035506e+02
2.529538089338158215e+02 1.648979667520710279e+02 2.753491689238281879e+02
2.529312432045038577e+02 1.648829859209969868e+02 2.753626659028528820e+02
2.529086774751918654e+02 1.648680050899229741e+02 2.753761628818775762e+02
2.528861117458798731e+02 1.648530242588489614e+02 2.753896598609022135e+02
2.528635460165679092e+02 1.648380434277749487e+02 2.754031568399269077e+02
2.528409802872559453e+02 1.648230625967009360e+02 2.754166538189516018e+02
2.528184145579439530e+02 1.648080817656269232e+02 2.754301507979762391e+02
2.527958488286319607e+02 1.647931009345529105e+02 2.754436477770009333e+02
2.527732830993199968e+02 1.647781201034788978e+02 2.754571447560256274e+02
2.527507173700080330e+02 1.647631392724048851e+02 2.754706417350502647e+02
2.527281516406960407e+02 1.647481584413308724e+02 2.754841387140749589e+02
2.527281516406960407e+02 1.647481584413308724e+02 2.754841387140749589e+02
2.527051440024609974e+02 1.647611936493892131e+02 2.755152548305566143e+02
2.526821363642259541e+02 1.647742288574475538e+02 2.755463709470382696e+02
2.526591287259909393e+02 1.647872640655059229e+02 2.755774870635199818e+02
2.526361210877558960e+02 1.648002992735642636e+02 2.756086031800016372e+02
2.526131134495208528e+02 1.648133344816226042e+02 2.756397192964832925e+02
2.525901058112858095e+02 1.648263696896809449e+02 2.756708354129649479e+02
2.525670981730507663e+02 1.648394048977393140e+02 2.757019515294466601e+02
2.525440905348157230e+02 1.648524401057976547e+02 2.757330676459283154e+02
2.525210828965807082e+02 1.648654753138559954e+02 2.757641837624099708e+02
2.524980752583456649e+02 1.648785105219143361e+02 2.757952998788916261e+02
2.524750676201106216e+02 1.648915457299727052e+02 2.758264159953733383e+02
2.524520599818755784e+02 1.649045809380310459e+02 2.758575321118549937e+02
2.524290523436405351e+02 1.649176161460893866e+02 2.758886482283366490e+02
2.524060447054054919e+02 1.649306513541477273e+02 2.759197643448183044e+02
2.523830370671704770e+02 1.649436865622060964e+02 2.759508804613000166e+02
2.523600294289354338e+02 1.649567217702644371e+02 2.759819965777816719e+02
2.523370217907003905e+02 1.649697569783227777e+02 2.760131126942633273e+02
2.523370217907003905e+02 1.649697569783227777e+02 2.760131126942633273e+02
2.523103741498475756e+02 1.649705986039188872e+02 2.760356754030530055e+02
2.522837265089947607e+02 1.649714402295149682e+02 2.760582381118426269e+02
2.522570788681419458e+02 1.649722818551110777e+02 2.760808008206323052e+02
2.522304312272891593e+02 1.649731234807071587e+02 2.761033635294219266e+02
2.522037835864363444e+02 1.649739651063032682e+02 2.761259262382116049e+02
2.521771359455835295e+02 1.649748067318993492e+02 2.761484889470012263e+02
2.521504883047307146e+02 1.649756483574954586e+02 2.761710516557909045e+02
2.521238406638778997e+02 1.649764899830915397e+02 2.761936143645805259e+02
2.520971930230250848e+02 1.649773316086876491e+02 2.762161770733702042e+02
2.520705453821722699e+02 1.649781732342837302e+02 2.762387397821598256e+02
2.520438977413194834e+02 1.649790148598798396e+02 2.762613024909495039e+02
2.520172501004666685e+02 1.649798564854759491e+02 2.762838651997391821e+02
2.519906024596138536e+02 1.649806981110720301e+02 2.763064279085288035e+02
2.519639548187610387e+02 1.649815397366681395e+02 2.763289906173184818e+02
2.519373071779082238e+02 1.649823813622642206e+02 2.763515533261081032e+02
2.519106595370554089e+02 1.649832229878603300e+02 2.763741160348977814e+02
2.518840118962025940e+02 1.649840646134564111e+02 2.763966787436874029e+02
2.518573642553497791e+02 1.649849062390525205e+02 2.764192414524770811e+02
2.518307166144969926e+02 1.649857478646486015e+02 2.764418041612667025e+02
2.518040689736441777e+02 1.649865894902447110e+02 2.764643668700563808e+02
2.517774213327913628e+02 1.649874311158407920e+02 2.764869295788460022e+02
2.517507736919385479e+02 1.649882727414369015e+02 2.765094922876356804e+02
2.517507736919385479e+02 1.649882727414369015e+02 2.765094922876356804e+02
2.517235370709471169e+02 1.649743745166202586e+02 2.765080842240898846e+02
2.516963004499556860e+02 1.649604762918035874e+02 2.765066761605440320e+02
2.516690638289642550e+02 1.649465780669869446e+02 2.765052680969981793e+02
2.516418272079728240e+02 1.649326798421703018e+02 2.765038600334523835e+02
2.516145905869813930e+02 1.649187816173536305e+02 2.765024519699065877e+02
2.515873539659899620e+02 1.649048833925369877e+02 2.765010439063607350e+02
2.515601173449985595e+02 1.648909851677203449e+02 2.764996358428148824e+02
2.515328807240071285e+02 1.648770869429036736e+02 2.764982277792690866e+02
2.515056441030156975e+02 1.648631887180870308e+02 2.764968197157232908e+02
2.514784074820242665e+02 1.648492904932703880e+02 2.764954116521774381e+02
2.514511708610328355e+02 1.648353922684537167e+02 2.764940035886315854e+02
2.514239342400414046e+02 1.648214940436370739e+02 2.764925955250857896e+02
2.513966976190499736e+02 1.648075958188204311e+02 2.764911874615399938e+02
2.513694609980585426e+02 1.647936975940037598e+02 2.764897793979941412e+02
2.513422243770671116e+02 1.647797993691871170e+02 2.764883713344482885e+02
2.513149877560756806e+02 1.647659011443704742e+02 2.764869632709024927e+02
2.512877511350842497e+02 1.647520029195538029e+02 2.764855552073566969e+02
2.512605145140928471e+02 1.647381046947371601e+02 2.764841471438108442e+02
2.512332778931014161e+02 1.647242064699205173e+02 2.764827390802649916e+02
2.512060412721099851e+02 1.647103082451038460e+02 2.764813310167191958e+02
2.511788046511185541e+02 1.646964100202872032e+02 2.764799229531733999e+02
2.511515680301271232e+02 1.646825117954705604e+02 2.764785148896275473e+02
2.511243314091356922e+02 1.646686135706538892e+02 2.764771068260816946e+02
2.510970947881442612e+02 1.646547153458372463e+02 2.764756987625358988e+02
2.510970947881442612e+02 1.646547153458372463e+02 2.764756987625358988e+02
2.510807537404781158e+02 1.646538798170841176e+02 2.764962279381750250e+02
2.510644126928119988e+02 1.646530442883310172e+02 2.765167571138142080e+02
2.510480716451458534e+02 1.646522087595778885e+02 2.765372862894533341e+02
2.510317305974797364e+02 1.646513732308247882e+02 2.765578154650925171e+02
2.510153895498135910e+02 1.646505377020716594e+02 2.765783446407316433e+02
2.509990485021474456e+02 1.646497021733185591e+02 2.765988738163708263e+02
2.509827074544813286e+02 1.646488666445654303e+02 2.766194029920099524e+02
2.509663664068151832e+02 1.646480311158123016e+02 2.766399321676491354e+02
2.509500253591490662e+02 1.646471955870592012e+02 2.766604613432882616e+02
2.509336843114829207e+02 1.646463600583060725e+02 2.766809905189274446e+02
2.509173432638167753e+02 1.646455245295529721e+02 2.767015196945665707e+02
2.509010022161506583e+02 1.646446890007998434e+02 2.767220488702057537e+02
2.508846611684845129e+02 1.646438534720467430e+02 2.767425780458448799e+02
2.508683201208183675e+02 1.646430179432936143e+02 2.767631072214840628e+02
2.508519790731522505e+02 1.646421824145405139e+02 2.767836363971231890e+02
2.508356380254861051e+02 1.646413468857873852e+02 2.768041655727623720e+02
2.508192969778199881e+02 1.646405113570342564e+02 2.768246947484014981e+02
2.508029559301538427e+02 1.646396758282811561e+02 2.768452239240406811e+02
2.507866148824876973e+02 1.646388402995280273e+02 2.768657530996798073e+02
2.507702738348215803e+02 1.646380047707749270e+02 2.768862822753189903e+02
2.507539327871554349e+02 1.646371692420217983e+02 2.769068114509581164e+02
2.507375917394893179e+02 1.646363337132686979e+02 2.769273406265972994e+02
2.507212506918231725e+02 1.646354981845155692e+02 2.769478698022364256e+02
2.507212506918231725e+02 1.646354981845155692e+02 2.769478698022364256e+02
2.506959199913688963e+02 1.646481867996635344e+02 2.769661418072172410e+02
2.506705892909146201e+02 1.646608754148115281e+02 2.769844138121979995e+02
2.506452585904603438e+02 1.646735640299594934e+02 2.770026858171788149e+02
2.506199278900060392e+02 1.646862526451074586e+02 2.770209578221595734e+02
2.505945971895517630e+02 1.646989412602554523e+02 2.770392298271403888e+02
2.505692664890974868e+02 1.647116298754034176e+02 2.770575018321211473e+02
2.505439357886432106e+02 1.647243184905513829e+02 2.770757738371019627e+02
2.505186050881889344e+02 1.647370071056993766e+02 2.770940458420827781e+02
2.504932743877346581e+02 1.647496957208473418e+02 2.771123178470635366e+02
2.504679436872803535e+02 1.647623843359953071e+02 2.771305898520443520e+02
2.504426129868260773e+02 1.647750729511432723e+02 2.771488618570251106e+02
2.504172822863718011e+02 1.647877615662912660e+02 2.771671338620059259e+02
2.503919515859175249e+02 1.648004501814392313e+02 2.771854058669867413e+02
2.503666208854632487e+02 1.648131387965871966e+02 2.772036778719674999e+02
2.503412901850089725e+02 1.648258274117351903e+02 2.772219498769483153e+02
2.503159594845546678e+02 1.648385160268831555e+02 2.772402218819290738e+02
2.502906287841003916e+02 1.648512046420311208e+02 2.772584938869098892e+02
2.502652980836461154e+02 1.648638932571791145e+02 2.772767658918906477e+02
2.502399673831918392e+02 1.648765818723270797e+02 2.772950378968714631e+02
2.502399673831918392e+02 1.648765818723270797e+02 2.772950378968714631e+02
2.502159032177602853e+02 1.648886360567176439e+02 2.773123963016032008e+02
2.501918390523287030e+02 1.649006902411082365e+02 2.773297547063349384e+02
2.501677748868971491e+02 1.649127444254988006e+02 2.773471131110667329e+02
2.501437107214655668e+02 1.649247986098893932e+02 2.773644715157984706e+02
2.501196465560340130e+02 1.649368527942799574e+02 2.773818299205302083e+02
2.500955823906024307e+02 1.649489069786705215e+02 2.773991883252620028e+02
2.500715182251708768e+02 1.649609611630611141e+02 2.774165467299937404e+02
2.500474540597392945e+02 1.649730153474516783e+02 2.774339051347254781e+02
2.500233898943077406e+02 1.649850695318422709e+02 2.774512635394572158e+02
2.499993257288761583e+02 1.649971237162328350e+02 2.774686219441889534e+02
2.499752615634446045e+02 1.650091779006233992e+02 2.774859803489207479e+02
2.499511973980130506e+02 1.650212320850139918e+02 2.775033387536524856e+02
2.499271332325814683e+02 1.650332862694045559e+02 2.775206971583842233e+02
2.499030690671499144e+02 1.650453404537951485e+02 2.775380555631160178e+02
2.498790049017183321e+02 1.650573946381857127e+02 2.775554139678477554e+02
2.498549407362867782e+02 1.650694488225762768e+02 2.775727723725794931e+02
2.498308765708551960e+02 1.650815030069668694e+02 2.775901307773112308e+02
2.498068124054236421e+02 1.650935571913574336e+02 2.776074891820429684e+02
2.497827482399920598e+02 1.651056113757480261e+02 2.776248475867747629e+02
2.497586840745605059e+02 1.651176655601385903e+02 2.776422059915065006e+02
2.497586840745605059e+02 1.651176655601385903e+02 2.776422059915065006e+02
2.497212647716355036e+02 1.651045093281735205e+02 2.776437143406032533e+02
2.496838454687105013e+02 1.650913530962084508e+02 2.776452226897000628e+02
2.496464261657854706e+02 1.650781968642433810e+02 2.776467310387968155e+02
2.496090068628604683e+02 1.650650406322783113e+02 2.776482393878936250e+02
2.495715875599354661e+02 1.650518844003132415e+02 2.776497477369903777e+02
2.495341682570104638e+02 1.650387281683481717e+02 2.776512560860871304e+02
2.494967489540854615e+02 1.650255719363831020e+02 2.776527644351839399e+02
2.494593296511604308e+02 1.650124157044180322e+02 2.776542727842806926e+02
2.494219103482354285e+02 1.649992594724529624e+02 2.776557811333775021e+02
2.493844910453104262e+02 1.649861032404878642e+02 2.776572894824742548e+02
2.493470717423854239e+02 1.649729470085227945e+02 2.776587978315710075e+02
2.493096524394604216e+02 1.649597907765577247e+02 2.776603061806678170e+02
2.492722331365353909e+02 1.649466345445926549e+02 2.776618145297645697e+02
2.492348138336103887e+02 1.649334783126275852e+02 2.776633228788613792e+02
2.491973945306853864e+02 1.649203220806625154e+02 2.776648312279581319e+02
2.491599752277603841e+02 1.649071658486974457e+02 2.776663395770548846e+02
2.491225559248353818e+02 1.648940096167323759e+02 2.776678479261516941e+02
2.490851366219103511e+02 1.648808533847673061e+02 2.776693562752484468e+02
2.490477173189853488e+02 1.648676971528022364e+02 2.776708646243452563e+02
2.490102980160603465e+02 1.648545409208371666e+02 2.776723729734420090e+02
2.490102980160603465e+02 1.648545409208371666e+02 2.776723729734420090e+02
2.489791964128002064e+02 1.648386704839572019e+02 2.776707651002120087e+02
2.489480948095400947e+02 1.648228000470772656e+02 2.776691572269820654e+02
2.489169932062799546e+02 1.648069296101973009e+02 2.776675493537520651e+02
2.488858916030198145e+02 1.647910591733173646e+02 2.776659414805220649e+02
2.488547899997597028e+02 1.647751887364373999e+02 2.776643336072921215e+02
2.488236883964995627e+02 1.647593182995574637e+02 2.776627257340621213e+02
2.487925867932394510e+02 1.647434478626774990e+02 2.776611178608321779e+02
2.487614851899793109e+02 1.647275774257975627e+02 2.776595099876021777e+02
2.487303835867191708e+02 1.647117069889175980e+02 2.776579021143721775e+02
2.486992819834590591e+02 1.646958365520376617e+02 2.776562942411422341e+02
2.486681803801989190e+02 1.646799661151576970e+02 2.776546863679122339e+02
2.486370787769387789e+02 1.646640956782777607e+02 2.776530784946822337e+02
2.486059771736786672e+02 1.646482252413977960e+02 2.776514706214522903e+02
2.485748755704185271e+02 1.646323548045178597e+02 2.776498627482222901e+02
2.485437739671583870e+02 1.646164843676378950e+02 2.776482548749922898e+02
2.485126723638982753e+02 1.646006139307579588e+02 2.776466470017623465e+02
2.484815707606381352e+02 1.645847434938779941e+02 2.776450391285323462e+02
2.484504691573779951e+02 1.645688730569980578e+02 2.776434312553023460e+02
2.484193675541178834e+02 1.645530026201180931e+02 2.776418233820724026e+02
2.483882659508577433e+02 1.645371321832381568e+02 2.776402155088424024e+02
2.483571643475976316e+02 1.645212617463581921e+02 2.776386076356124590e+02
2.483260627443374915e+02 1.645053913094782558e+02 2.776369997623824588e+02
2.482949611410773514e+02 1.644895208725982911e+02 2.776353918891524586e+02
2.482638595378172397e+02 1.644736504357183549e+02 2.776337840159225152e+02
2.482327579345570996e+02 1.644577799988383902e+02 2.776321761426925150e+02
2.482327579345570996e+02 1.644577799988383902e+02 2.776321761426925150e+02
2.482164784808663853e+02 1.644603715185670865e+02 2.776117629333393211e+02
2.482001990271756426e+02 1.644629630382958112e+02 2.775913497239861840e+02
2.481839195734849284e+02 1.644655545580245075e+02 2.775709365146329901e+02
2.481676401197942141e+02 1.644681460777532038e+02 2.775505233052797962e+02
2.481513606661034999e+02 1.644707375974819286e+02 2.775301100959266591e+02
2.481350812124127572e+02 1.644733291172106249e+02 2.775096968865734652e+02
2.481188017587220429e+02 1.644759206369393212e+02 2.774892836772203282e+02
2.481025223050313286e+02 1.644785121566680459e+02 2.774688704678671343e+02
2.480862428513405860e+02 1.644811036763967422e+02 2.774484572585139404e+02
2.480699633976498717e+02 1.644836951961254385e+02 2.774280440491608033e+02
2.480536839439591574e+02 1.644862867158541633e+02 2.774076308398076094e+02
2.480374044902684432e+02 1.644888782355828596e+02 2.773872176304544155e+02
2.480211250365777005e+02 1.644914697553115559e+02 2.773668044211012784e+02
2.480048455828869862e+02 1.644940612750402806e+02 2.773463912117480845e+02
2.479885661291962720e+02 1.644966527947689769e+02 2.773259780023948906e+02
2.479722866755055293e+02 1.644992443144976733e+02 2.773055647930417535e+02
2.479560072218148150e+02 1.645018358342263696e+02 2.772851515836885596e+02
2.479397277681241007e+02 1.645044273539550943e+02 2.772647383743353657e+02
2.479234483144333865e+02 1.645070188736837906e+02 2.772443251649822287e+02
2.479071688607426438e+02 1.645096103934124869e+02 2.772239119556290348e+02
2.478908894070519295e+02 1.645122019131412117e+02 2.772034987462758409e+02
2.478746099533612153e+02 1.645147934328699080e+02 2.771830855369227038e+02
2.478583304996704726e+02 1.645173849525986043e+02 2.771626723275695099e+02
2.478420510459797583e+02 1.645199764723273290e+02 2.771422591182163728e+02
2.478257715922890441e+02 1.645225679920560253e+02 2.771218459088631789e+02
2.478094921385983298e+02 1.645251595117847216e+02 2.771014326995099850e+02
2.477932126849075871e+02 1.645277510315134464e+02 2.770810194901568480e+02
2.477769332312168729e+02 1.645303425512421427e+02 2.770606062808036540e+02
2.477769332312168729e+02 1.645303425512421427e+02 2.770606062808036540e+02
2.477597900712950150e+02 1.645445736505139962e+02 2.770496277625767902e+02
2.477426469113731287e+02 1.645588047497858213e+02 2.770386492443499264e+02
2.477255037514512708e+02 1.645730358490576748e+02 2.770276707261230627e+02
2.477083605915294129e+02 1.645872669483295283e+02 2.770166922078961420e+02
2.476912174316075550e+02 1.646014980476013818e+02 2.770057136896692782e+02
2.476740742716856687e+02 1.646157291468732069e+02 2.769947351714424144e+02
2.476569311117638108e+02 1.646299602461450604e+02 2.769837566532155506e+02
2.476397879518419529e+02 1.646441913454169139e+02 2.769727781349886868e+02
2.476226447919200950e+02 1.646584224446887674e+02 2.769617996167618230e+02
2.476055016319982087e+02 1.646726535439605925e+02 2.769508210985349592e+02
2.475883584720763508e+02 1.646868846432324460e+02 2.769398425803080954e+02
2.475712153121544929e+02 1.647011157425042995e+02 2.769288640620811748e+02
2.475540721522326351e+02 1.647153468417761530e+02 2.769178855438543110e+02
2.475369289923107488e+02 1.647295779410479781e+02 2.769069070256274472e+02
2.475197858323888909e+02 1.647438090403198316e+02 2.768959285074005834e+02
2.475026426724670330e+02 1.647580401395916851e+02 2.768849499891737196e+02
2.474854995125451751e+02 1.647722712388635387e+02 2.768739714709468558e+02
2.474683563526232888e+02 1.647865023381353637e+02 2.768629929527199920e+02
2.474512131927014309e+02 1.648007334374072173e+02 2.768520144344931282e+02
2.474340700327795730e+02 1.648149645366790708e+02 2.768410359162662076e+02
2.474169268728577151e+02 1.648291956359509243e+02 2.768300573980393438e+02
2.473997837129358288e+02 1.648434267352227494e+02 2.768190788798124800e+02
2.473826405530139709e+02 1.648576578344946029e+02 2.768081003615856162e+02
2.473826405530139709e+02 1.648576578344946029e+02 2.768081003615856162e+02
2.473647000863539915e+02 1.648771407811889276e+02 2.767979457664754364e+02
2.473467596196940121e+02 1.648966237278832239e+02 2.767877911713653134e+02
2.473288191530340328e+02 1.649161066745775486e+02 2.767776365762551904e+02
2.473108786863740818e+02 1.649355896212718449e+02 2.767674819811450106e+02
2.472929382197141024e+02 1.649550725679661696e+02 2.767573273860348309e+02
2.472749977530541230e+02 1.649745555146604943e+02 2.767471727909247079e+02
2.472570572863941436e+02 1.649940384613547906e+02 2.767370181958145849e+02
2.472391168197341642e+02 1.650135214080491153e+02 2.767268636007044051e+02
2.472211763530742132e+02 1.650330043547434116e+02 2.767167090055942253e+02
2.472032358864142338e+02 1.650524873014377363e+02 2.767065544104841024e+02
2.471852954197542545e+02 1.650719702481320610e+02 2.766963998153739794e+02
2.471673549530942751e+02 1.650914531948263573e+02 2.766862452202637996e+02
2.471494144864342957e+02 1.651109361415206820e+02 2.766760906251536198e+02
2.471314740197743163e+02 1.651304190882150067e+02 2.766659360300434969e+02
2.471135335531143369e+02 1.651499020349093030e+02 2.766557814349333739e+02
2.470955930864543859e+02 1.651693849816036277e+02 2.766456268398231941e+02
2.470776526197944065e+02 1.651888679282979240e+02 2.766354722447130143e+02
2.470597121531344271e+02 1.652083508749922487e+02 2.766253176496028914e+02
2.470597121531344271e+02 1.652083508749922487e+02 2.766253176496028914e+02
2.470288377159159552e+02 1.652165653754866526e+02 2.766138437618240573e+02
2.469979632786975117e+02 1.652247798759810848e+02 2.766023698740452801e+02
2.469670888414790397e+02 1.652329943764754887e+02 2.765908959862664460e+02
2.469362144042605678e+02 1.652412088769698926e+02 2.765794220984876119e+02
2.469053399670421243e+02 1.652494233774643249e+02 2.765679482107087779e+02
2.468744655298236523e+02 1.652576378779587287e+02 2.765564743229299438e+02
2.468435910926052088e+02 1.652658523784531610e+02 2.765450004351511666e+02
2.468127166553867369e+02 1.652740668789475649e+02 2.765335265473723325e+02
2.467818422181682649e+02 1.652822813794419687e+02 2.765220526595934984e+02
2.467509677809498214e+02 1.652904958799364010e+02 2.765105787718147212e+02
2.467200933437313495e+02 1.652987103804308049e+02 2.764991048840358872e+02
2.466892189065129060e+02 1.653069248809252372e+02 2.764876309962570531e+02
2.466583444692944340e+02 1.653151393814196410e+02 2.764761571084782190e+02
2.466274700320759621e+02 1.653233538819140449e+02 2.764646832206993849e+02
2.465965955948575186e+02 1.653315683824084772e+02 2.764532093329206077e+02
2.465657211576390466e+02 1.653397828829028811e+02 2.764417354451417737e+02
2.465657211576390466e+02 1.653397828829028811e+02 2.764417354451417737e+02
2.465380981144912198e+02 1.653256874756969239e+02 2.764403074045602011e+02
2.465104750713433646e+02 1.653115920684909383e+02 2.764388793639785717e+02
2.464828520281955377e+02 1.652974966612849812e+02 2.764374513233969992e+02
2.464552289850476825e+02 1.652834012540790241e+02 2.764360232828154267e+02
2.464276059418998557e+02 1.652693058468730385e+02 2.764345952422337973e+02
2.463999828987520004e+02 1.652552104396670813e+02 2.764331672016522248e+02
2.463723598556041736e+02 1.652411150324611242e+02 2.764317391610706522e+02
2.463447368124563184e+02 1.652270196252551386e+02 2.764303111204890229e+02
2.463171137693084916e+02 1.652129242180491815e+02 2.764288830799074503e+02
2.462894907261606363e+02 1.651988288108431959e+02 2.764274550393258210e+02
2.462618676830128095e+02 1.651847334036372388e+02 2.764260269987442484e+02
2.462342446398649543e+02 1.651706379964312816e+02 2.764245989581626759e+02
2.462066215967171274e+02 1.651565425892252961e+02 2.764231709175810465e+02
2.461789985535692722e+02 1.651424471820193389e+02 2.764217428769994740e+02
2.461513755104214454e+02 1.651283517748133818e+02 2.764203148364179015e+02
2.461237524672735901e+02 1.651142563676073962e+02 2.764188867958362721e+02
2.460961294241257633e+02 1.651001609604014391e+02 2.764174587552546996e+02
2.460961294241257633e+02 1.651001609604014391e+02 2.764174587552546996e+02
2.460650524927097536e+02 1.650843031129993221e+02 2.764158521574958627e+02
2.460339755612937438e+02 1.650684452655972052e+02 2.764142455597370258e+02
2.460028986298777625e+02 1.650525874181950883e+02 2.764126389619781889e+02
2.459718216984617527e+02 1.650367295707929713e+02 2.764110323642194089e+02
2.459407447670457429e+02 1.650208717233908544e+02 2.764094257664605720e+02
2.459096678356297332e+02 1.650050138759887375e+02 2.764078191687017352e+02
2.458785909042137234e+02 1.649891560285866206e+02 2.764062125709428983e+02
2.458475139727977421e+02 1.649732981811845320e+02 2.764046059731840614e+02
2.458164370413817323e+02 1.649574403337824151e+02 2.764029993754252246e+02
2.457853601099657226e+02 1.649415824863802982e+02 2.764013927776663877e+02
2.457542831785497128e+02 1.649257246389781812e+02 2.763997861799075508e+02
2.457232062471337031e+02 1.649098667915760643e+02 2.763981795821487140e+02
2.456921293157176933e+02 1.648940089441739474e+02 2.763965729843899339e+02
2.456610523843017120e+02 1.648781510967718305e+02 2.763949663866310971e+02
2.456299754528857022e+02 1.648622932493697135e+02 2.763933597888722602e+02
2.455988985214696925e+02 1.648464354019675966e+02 2.763917531911134233e+02
2.455988985214696925e+02 1.648464354019675966e+02 2.763917531911134233e+02
2.455573269478653629e+02 1.647987721245295063e+02 2.764100569330313419e+02
2.455157553742610332e+02 1.647511088470914160e+02 2.764283606749492037e+02
2.454741838006567036e+02 1.647034455696533257e+02 2.764466644168671223e+02
2.454326122270523740e+02 1.646557822922152354e+02 2.764649681587849841e+02
2.453910406534480444e+02 1.646081190147771736e+02 2.764832719007029027e+02
2.453494690798437148e+02 1.645604557373390833e+02 2.765015756426207645e+02
2.453078975062393852e+02 1.645127924599009930e+02 2.765198793845386831e+02
2.452663259326350556e+02 1.644651291824629027e+02 2.765381831264565449e+02
2.452247543590307259e+02 1.644174659050248124e+02 2.765564868683744635e+02
2.451831827854263963e+02 1.643698026275867221e+02 2.765747906102923253e+02
2.451416112118220667e+02 1.643221393501486318e+02 2.765930943522102439e+02
2.451000396382177371e+02 1.642744760727105415e+02 2.766113980941281056e+02
2.450584680646134075e+02 1.642268127952724797e+02 2.766297018360460243e+02
2.450168964910090779e+02 1.641791495178343894e+02 2.766480055779638860e+02
2.449753249174047482e+02 1.641314862403962991e+02 2.766663093198818046e+02
2.449337533438004186e+02 1.640838229629582088e+02 2.766846130617996664e+02
2.448921817701960890e+02 1.640361596855201185e+02 2.767029168037175850e+02
2.448921817701960890e+02 1.640361596855201185e+02 2.767029168037175850e+02
2.448980870861980179e+02 1.640179564644328138e+02 2.767251565103795770e+02
2.449039924021999468e+02 1.639997532433455092e+02 2.767473962170415120e+02
2.449098977182018757e+02 1.639815500222581761e+02 2.767696359237035040e+02
2.449158030342038046e+02 1.639633468011708715e+02 2.767918756303654391e+02
2.449217083502057335e+02 1.639451435800835668e+02 2.768141153370274310e+02
2.449276136662076624e+02 1.639269403589962621e+02 2.768363550436893661e+02
2.449335189822095913e+02 1.639087371379089575e+02 2.768585947503513580e+02
2.449394242982115202e+02 1.638905339168216244e+02 2.768808344570132931e+02
2.449453296142134491e+02 1.638723306957343198e+02 2.769030741636752850e+02
2.449512349302153780e+02 1.638541274746470151e+02 2.769253138703372770e+02
2.449571402462173069e+02 1.638359242535597105e+02 2.769475535769992121e+02
2.449630455622192358e+02 1.638177210324724058e+02 2.769697932836612040e+02
2.449689508782211647e+02 1.637995178113850727e+02 2.769920329903231391e+02
2.449748561942230936e+02 1.637813145902977681e+02 2.770142726969851310e+02
2.449807615102250224e+02 1.637631113692104634e+02 2.770365124036470661e+02
2.449866668262269513e+02 1.637449081481231588e+02 2.770587521103090580e+02
2.449925721422288802e+02 1.637267049270358541e+02 2.770809918169709931e+02
2.449984774582308091e+02 1.637085017059485494e+02 2.771032315236329850e+02
2.450043827742327665e+02 1.636902984848612164e+02 2.771254712302949770e+02
2.450102880902346953e+02 1.636720952637739117e+02 2.771477109369569121e+02
2.450161934062366242e+02 1.636538920426866071e+02 2.771699506436189040e+02
2.450220987222385531e+02 1.636356888215993024e+02 2.771921903502808391e+02
2.450280040382404820e+02 1.636174856005119977e+02 2.772144300569428310e+02
2.450339093542424109e+02 1.635992823794246647e+02 2.772366697636047661e+02
2.450398146702443398e+02 1.635810791583373600e+02 2.772589094702667580e+02
2.450457199862462687e+02 1.635628759372500554e+02 2.772811491769286931e+02
2.450516253022481976e+02 1.635446727161627507e+02 2.773033888835906851e+02
2.450575306182501265e+02 1.635264694950754460e+02 2.773256285902526770e+02
2.450634359342520554e+02 1.635082662739881130e+02 2.773478682969146121e+02
2.450693412502539843e+02 1.634900630529008083e+02 2.773701080035766040e+02
2.450752465662559132e+02 1.634718598318135037e+02 2.773923477102385391e+02
2.450811518822578421e+02 1.634536566107261990e+02 2.774145874169005310e+02
2.450870571982597710e+02 1.634354533896388944e+02 2.774368271235624661e+02
2.450929625142616999e+02 1.634172501685515613e+02 2.774590668302244580e+02
2.450988678302636288e+02 1.633990469474642566e+02 2.774813065368863931e+02
2.451047731462655577e+02 1.633808437263769520e+02 2.775035462435483851e+02
2.451047731462655577e+02 1.633808437263769520e+02 2.775035462435483851e+02
2.451110910749145262e+02 1.633613686209002367e+02 2.775273398694641287e+02
2.451174090035634947e+02 1.633418935154234930e+02 2.775511334953798723e+02
2.451237269322124632e+02 1.633224184099467777e+02 2.775749271212956160e+02
2.451300448608614317e+02 1.633029433044700625e+02 2.775987207472114164e+02
2.451363627895103718e+02 1.632834681989933472e+02 2.776225143731271601e+02
2.451426807181593404e+02 1.632639930935166035e+02 2.776463079990429037e+02
2.451489986468083089e+02 1.632445179880398882e+02 2.776701016249586473e+02
2.451553165754572774e+02 1.632250428825631730e+02 2.776938952508743910e+02
2.451616345041062459e+02 1.632055677770864293e+02 2.777176888767901346e+02
2.451679524327552144e+02 1.631860926716097140e+02 2.777414825027058782e+02
2.451742703614041829e+02 1.631666175661329987e+02 2.777652761286216787e+02
2.451805882900531515e+02 1.631471424606562550e+02 2.777890697545374223e+02
2.451869062187020916e+02 1.631276673551795398e+02 2.778128633804531660e+02
2.451932241473510601e+02 1.631081922497028245e+02 2.778366570063689096e+02
2.451995420760000286e+02 1.630887171442261092e+02 2.778604506322846532e+02
2.452058600046489971e+02 1.630692420387493655e+02 2.778842442582003969e+02
2.452121779332979656e+02 1.630497669332726502e+02 2.779080378841161973e+02
2.452184958619469342e+02 1.630302918277959350e+02 2.779318315100319410e+02
2.452248137905959027e+02 1.630108167223191913e+02 2.779556251359476846e+02
2.452311317192448712e+02 1.629913416168424760e+02 2.779794187618634282e+02
2.452374496478938397e+02 1.629718665113657607e+02 2.780032123877791719e+02
2.452437675765427798e+02 1.629523914058890455e+02 2.780270060136949155e+02
2.452500855051917483e+02 1.629329163004123018e+02 2.780507996396106591e+02
2.452564034338407168e+02 1.629134411949355865e+02 2.780745932655264596e+02
2.452627213624896854e+02 1.628939660894588712e+02 2.780983868914422033e+02
2.452690392911386539e+02 1.628744909839821275e+02 2.781221805173579469e+02
2.452753572197876224e+02 1.628550158785054123e+02 2.781459741432736905e+02
2.452816751484365909e+02 1.628355407730286970e+02 2.781697677691894341e+02
2.452879930770855594e+02 1.628160656675519533e+02 2.781935613951051778e+02
2.452943110057344995e+02 1.627965905620752380e+02 2.782173550210209214e+02
2.453006289343834680e+02 1.627771154565985228e+02 2.782411486469367219e+02
2.453069468630324366e+02 1.627576403511218075e+02 2.782649422728524655e+02
2.453132647916814051e+02 1.627381652456450638e+02 2.782887358987682092e+02
2.453195827203303736e+02 1.627186901401683485e+02 2.783125295246839528e+02
2.453195827203303736e+02 1.627186901401683485e+02 2.783125295246839528e+02
2.453241172207549710e+02 1.627047124777159581e+02 2.783296066733528846e+02
2.453286517211795967e+02 1.626907348152635961e+02 2.783466838220217596e+02
2.453331862216041941e+02 1.626767571528112057e+02 2.783637609706906915e+02
2.453377207220287914e+02 1.626627794903588153e+02 2.783808381193595665e+02
2.453422552224534172e+02 1.626488018279064249e+02 2.783979152680284983e+02
2.453467897228780146e+02 1.626348241654540629e+02 2.784149924166973733e+02
2.453513242233026119e+02 1.626208465030016725e+02 2.784320695653663051e+02
2.453558587237272377e+02 1.626068688405492821e+02 2.784491467140351801e+02
2.453603932241518351e+02 1.625928911780968917e+02 2.784662238627041120e+02
2.453649277245764608e+02 1.625789135156445298e+02 2.784833010113730438e+02
2.453694622250010582e+02 1.625649358531921393e+02 2.785003781600419188e+02
2.453739967254256555e+02 1.625509581907397489e+02 2.785174553087108507e+02
2.453785312258502813e+02 1.625369805282873585e+02 2.785345324573797257e+02
2.453830657262748787e+02 1.625230028658349966e+02 2.785516096060486575e+02
2.453876002266994760e+02 1.625090252033826062e+02 2.785686867547175325e+02
2.453921347271241018e+02 1.624950475409302157e+02 2.785857639033864643e+02
2.453966692275486992e+02 1.624810698784778538e+02 2.786028410520553962e+02
2.454012037279732965e+02 1.624670922160254634e+02 2.786199182007242712e+02
2.454057382283979223e+02 1.624531145535730730e+02 2.786369953493932030e+02
2.454102727288225196e+02 1.624391368911206825e+02 2.786540724980620780e+02
2.454148072292471170e+02 1.624251592286683206e+02 2.786711496467310099e+02
2.454193417296717428e+02 1.624111815662159302e+02 2.786882267953998848e+02
2.454238762300963401e+02 1.623972039037635398e+02 2.787053039440688167e+02
2.454284107305209375e+02 1.623832262413111494e+02 2.787223810927376917e+02
2.454329452309455633e+02 1.623692485788587874e+02 2.787394582414066235e+02
2.454374797313701606e+02 1.623552709164063970e+02 2.787565353900755554e+02
2.454420142317947864e+02 1.623412932539540066e+02 2.787736125387444304e+02
2.454465487322193837e+02 1.623273155915016162e+02 2.787906896874133622e+02
2.454510832326439811e+02 1.623133379290492542e+02 2.788077668360822372e+02
2.454556177330686069e+02 1.622993602665968638e+02 2.788248439847511690e+02
2.454601522334932042e+02 1.622853826041444734e+02 2.788419211334200440e+02
2.454646867339178016e+02 1.622714049416920830e+02 2.788589982820889759e+02
2.454692212343424274e+02 1.622574272792397210e+02 2.788760754307578509e+02
2.454737557347670247e+02 1.622434496167873306e+02 2.788931525794267827e+02
2.454737557347670247e+02 1.622434496167873306e+02 2.788931525794267827e+02
2.454750813935123119e+02 1.622422352047846346e+02 2.789215360004405397e+02
2.454764070522575992e+02 1.622410207927819670e+02 2.789499194214542968e+02
2.454777327110028864e+02 1.622398063807792710e+02 2.789783028424680538e+02
2.454790583697482020e+02 1.622385919687765750e+02 2.790066862634818108e+02
2.454803840284934893e+02 1.622373775567738790e+02 2.790350696844955678e+02
2.454817096872387765e+02 1.622361631447712114e+02 2.790634531055093248e+02
2.454830353459840637e+02 1.622349487327685154e+02 2.790918365265230250e+02
2.454843610047293510e+02 1.622337343207658193e+02 2.791202199475367820e+02
2.454856866634746382e+02 1.622325199087631518e+02 2.791486033685505390e+02
2.454870123222199254e+02 1.622313054967604558e+02 2.791769867895642960e+02
2.454883379809652126e+02 1.622300910847577597e+02 2.792053702105780530e+02
2.454896636397104999e+02 1.622288766727550637e+02 2.792337536315918101e+02
2.454909892984558155e+02 1.622276622607523962e+02 2.792621370526055671e+02
2.454923149572011027e+02 1.622264478487497001e+02 2.792905204736193241e+02
2.454936406159463900e+02 1.622252334367470041e+02 2.793189038946330811e+02
2.454949662746916772e+02 1.622240190247443365e+02 2.793472873156468381e+02
2.454962919334369644e+02 1.622228046127416405e+02 2.793756707366605951e+02
2.454976175921822517e+02 1.622215902007389445e+02 2.794040541576742953e+02
2.454989432509275389e+02 1.622203757887362769e+02 2.794324375786880523e+02
2.455002689096728545e+02 1.622191613767335809e+02 2.794608209997018093e+02
2.455015945684181418e+02 1.622179469647308849e+02 2.794892044207155664e+02
2.455029202271634290e+02 1.622167325527281889e+02 2.795175878417293234e+02
2.455042458859087162e+02 1.622155181407255213e+02 2.795459712627430804e+02
2.455055715446540034e+02 1.622143037287228253e+02 2.795743546837568374e+02
2.455055715446540034e+02 1.622143037287228253e+02 2.795743546837568374e+02
2.455160512145471046e+02 1.622309569724230869e+02 2.796045719824120965e+02
2.455265308844401773e+02 1.622476102161233484e+02 2.796347892810674125e+02
2.455370105543332784e+02 1.622642634598235816e+02 2.796650065797226716e+02
2.455474902242263795e+02 1.622809167035238431e+02 2.796952238783779876e+02
2.455579698941194522e+02 1.622975699472241047e+02 2.797254411770332467e+02
2.455684495640125533e+02 1.623142231909243662e+02 2.797556584756885627e+02
2.455789292339056544e+02 1.623308764346245994e+02 2.797858757743438218e+02
2.455894089037987271e+02 1.623475296783248609e+02 2.798160930729990810e+02
2.455998885736918282e+02 1.623641829220251225e+02 2.798463103716543969e+02
2.456103682435849294e+02 1.623808361657253840e+02 2.798765276703096561e+02
2.456208479134780021e+02 1.623974894094256172e+02 2.799067449689649720e+02
2.456313275833711032e+02 1.624141426531258787e+02 2.799369622676202312e+02
2.456418072532642043e+02 1.624307958968261403e+02 2.799671795662755471e+02
2.456522869231572770e+02 1.624474491405264018e+02 2.799973968649308063e+02
2.456627665930503781e+02 1.624641023842266350e+02 2.800276141635860654e+02
2.456732462629434792e+02 1.624807556279268965e+02 2.800578314622413814e+02
2.456837259328365519e+02 1.624974088716271581e+02 2.800880487608966405e+02
2.456942056027296530e+02 1.625140621153274196e+02 2.801182660595519565e+02
2.457046852726227542e+02 1.625307153590276528e+02 2.801484833582072156e+02
2.457151649425158269e+02 1.625473686027279143e+02 2.801787006568625316e+02
2.457256446124089280e+02 1.625640218464281759e+02 2.802089179555177907e+02
2.457256446124089280e+02 1.625640218464281759e+02 2.802089179555177907e+02
2.457370760868918751e+02 1.625821876028269912e+02 2.802418797073711971e+02
2.457485075613748506e+02 1.626003533592258350e+02 2.802748414592246604e+02
2.457599390358578262e+02 1.626185191156246503e+02 2.803078032110780669e+02
2.457713705103407733e+02 1.626366848720234657e+02 2.803407649629314733e+02
2.457828019848237204e+02 1.626548506284223095e+02 2.803737267147849366e+02
2.457942334593066960e+02 1.626730163848211248e+02 2.804066884666383430e+02
2.458056649337896715e+02 1.626911821412199686e+02 2.804396502184917495e+02
2.458170964082726186e+02 1.627093478976187839e+02 2.804726119703452127e+02
2.458285278827555658e+02 1.627275136540175993e+02 2.805055737221986192e+02
2.458399593572385413e+02 1.627456794104164430e+02 2.805385354740520256e+02
2.458513908317215169e+02 1.627638451668152584e+02 2.805714972259054889e+02
2.458628223062044640e+02 1.627820109232141021e+02 2.806044589777588953e+02
2.458742537806874111e+02 1.628001766796129175e+02 2.806374207296123018e+02
2.458856852551703867e+02 1.628183424360117328e+02 2.806703824814657651e+02
2.458971167296533622e+02 1.628365081924105766e+02 2.807033442333191715e+02
2.459085482041363093e+02 1.628546739488093920e+02 2.807363059851725779e+02
2.459199796786192564e+02 1.628728397052082073e+02 2.807692677370260412e+02
2.459314111531022320e+02 1.628910054616070511e+02 2.808022294888794477e+02
2.459428426275852075e+02 1.629091712180058664e+02 2.808351912407328541e+02
2.459542741020681547e+02 1.629273369744046818e+02 2.808681529925863174e+02
2.459657055765511018e+02 1.629455027308035255e+02 2.809011147444397238e+02
2.459771370510340773e+02 1.629636684872023409e+02 2.809340764962931303e+02
2.459885685255170529e+02 1.629818342436011847e+02 2.809670382481465936e+02
2.460000000000000000e+02 1.630000000000000000e+02 2.810000000000000000e+02
2.460000000000000000e+02 1.630000000000000000e+02 2.810000000000000000e+02
2.460000000000000000e+02 1.630000000000000000e+02 2.810000000000000000e+02
2.460000000000000000e+02 1.630000000000000000e+02 2.810000000000000000e+02
2.460000000000000000e+02 1.630000000000000000e+02 2.810000000000000000e+02
2.460000000000000000e+02 1.630000000000000000e+02 2.810000000000000000e+02
2.460000000000000000e+02 1.630000000000000000e+02 2.810000000000000000e+02
2.460000000000000000e+02 1.630000000000000000e+02 2.810000000000000000e+02
2.460000000000000000e+02 1.630000000000000000e+02 2.810000000000000000e+02
2.460000000000000000e+02 1.630000000000000000e+02 2.810000000000000000e+02
2.460000000000000000e+02 1.630000000000000000e+02 2.810000000000000000e+02
2.460000000000000000e+02 1.630000000000000000e+02 2.810000000000000000e+02
2.460000000000000000e+02 1.630000000000000000e+02 2.810000000000000000e+02
2.460000000000000000e+02 1.630000000000000000e+02 2.810000000000000000e+02
2.460000000000000000e+02 1.630000000000000000e+02 2.810000000000000000e+02
2.460000000000000000e+02 1.630000000000000000e+02 2.810000000000000000e+02
2.460000000000000000e+02 1.630000000000000000e+02 2.810000000000000000e+02
2.460000000000000000e+02 1.630000000000000000e+02 2.810000000000000000e+02
2.460000000000000000e+02 1.630000000000000000e+02 2.810000000000000000e+02
2.460000000000000000e+02 1.630000000000000000e+02 2.810000000000000000e+02
2.460000000000000000e+02 1.630000000000000000e+02 2.810000000000000000e+02
2.460000000000000000e+02 1.630000000000000000e+02 2.810000000000000000e+02
2.460000000000000000e+02 1.630000000000000000e+02 2.810000000000000000e+02
2.460000000000000000e+02 1.630000000000000000e+02 2.810000000000000000e+02
2.460000000000000000e+02 1.630000000000000000e+02 2.810000000000000000e+02
2.460000000000000000e+02 1.630000000000000000e+02 2.810000000000000000e+02
2.460000000000000000e+02 1.630000000000000000e+02 2.810000000000000000e+02
2.460000000000000000e+02 1.630000000000000000e+02 2.810000000000000000e+02
2.460000000000000000e+02 1.630000000000000000e+02 2.810000000000000000e+02
2.460000000000000000e+02 1.630000000000000000e+02 2.810000000000000000e+02
2.460000000000000000e+02 1.630000000000000000e+02 2.810000000000000000e+02
2.460000000000000000e+02 1.630000000000000000e+02 2.810000000000000000e+02
2.460000000000000000e+02 1.630000000000000000e+02 2.810000000000000000e+02
2.460188341860048240e+02 1.630081565962929631e+02 2.810238520361860424e+02
2.460376683720096196e+02 1.630163131925859545e+02 2.810477040723721416e+02
2.460565025580144436e+02 1.630244697888789176e+02 2.810715561085581840e+02
2.460753367440192392e+02 1.630326263851718807e+02 2.810954081447442263e+02
2.460941709300240632e+02 1.630407829814648721e+02 2.811192601809302687e+02
2.461130051160288588e+02 1.630489395777578352e+02 2.811431122171163679e+02
2.461318393020336828e+02 1.630570961740508267e+02 2.811669642533024103e+02
2.461506734880385068e+02 1.630652527703437897e+02 2.811908162894884526e+02
2.461695076740433024e+02 1.630734093666367528e+02 2.812146683256745519e+02
2.461883418600481264e+02 1.630815659629297443e+02 2.812385203618605942e+02
2.462071760460529219e+02 1.630897225592227073e+02 2.812623723980466366e+02
2.462260102320577460e+02 1.630978791555156704e+02 2.812862244342327358e+02
2.462448444180625415e+02 1.631060357518086619e+02 2.813100764704187782e+02
2.462636786040673655e+02 1.631141923481016249e+02 2.813339285066048205e+02
2.462825127900721895e+02 1.631223489443945880e+02 2.813577805427909198e+02
2.463013469760769851e+02 1.631305055406875795e+02 2.813816325789769621e+02
2.463201811620818091e+02 1.631386621369805425e+02 2.814054846151630045e+02
2.463390153480866047e+02 1.631468187332735340e+02 2.814293366513490469e+02
2.463578495340914287e+02 1.631549753295664971e+02 2.814531886875351461e+02
2.463766837200962243e+02 1.631631319258594601e+02 2.814770407237211884e+02
2.463955179061010483e+02 1.631712885221524516e+02 2.815008927599072308e+02
2.464143520921058439e+02 1.631794451184454147e+02 2.815247447960933300e+02
2.464331862781106679e+02 1.631876017147383777e+02 2.815485968322793724e+02
2.464520204641154919e+02 1.631957583110313692e+02 2.815724488684654148e+02
2.464708546501202875e+02 1.632039149073243323e+02 2.815963009046514571e+02
2.464896888361251115e+02 1.632120715036173237e+02 2.816201529408375563e+02
2.465085230221299071e+02 1.632202280999102868e+02 2.816440049770235987e+02
2.465273572081347311e+02 1.632283846962032499e+02 2.816678570132096411e+02
2.465461913941395267e+02 1.632365412924962413e+02 2.816917090493957403e+02
2.465650255801443507e+02 1.632446978887892044e+02 2.817155610855817827e+02
2.465650255801443507e+02 1.632446978887892044e+02 2.817155610855817827e+02
2.465880302333229395e+02 1.632595735617802006e+02 2.817307953177819400e+02
2.466110348865015567e+02 1.632744492347712253e+02 2.817460295499820973e+02
2.466340395396801455e+02 1.632893249077622215e+02 2.817612637821822545e+02
2.466570441928587627e+02 1.633042005807532178e+02 2.817764980143824118e+02
2.466800488460373515e+02 1.633190762537442140e+02 2.817917322465825691e+02
2.467030534992159687e+02 1.633339519267352387e+02 2.818069664787827264e+02
2.467260581523945575e+02 1.633488275997262349e+02 2.818222007109828837e+02
2.467490628055731747e+02 1.633637032727172311e+02 2.818374349431830410e+02
2.467720674587517635e+02 1.633785789457082558e+02 2.818526691753831983e+02
2.467950721119303807e+02 1.633934546186992520e+02 2.818679034075833556e+02
2.468180767651089695e+02 1.634083302916902483e+02 2.818831376397835129e+02
2.468410814182875868e+02 1.634232059646812729e+02 2.818983718719836702e+02
2.468640860714661756e+02 1.634380816376722692e+02 2.819136061041838275e+02
2.468870907246447928e+02 1.634529573106632654e+02 2.819288403363839848e+02
2.469100953778233816e+02 1.634678329836542616e+02 2.819440745685841421e+02
2.469331000310019988e+02 1.634827086566452863e+02 2.819593088007842994e+02
2.469561046841805876e+02 1.634975843296362825e+02 2.819745430329844567e+02
2.469791093373592048e+02 1.635124600026272788e+02 2.819897772651846140e+02
2.470021139905377936e+02 1.635273356756183034e+02 2.820050114973848281e+02
2.470251186437164108e+02 1.635422113486092996e+02 2.820202457295849854e+02
2.470481232968949996e+02 1.635570870216002959e+02 2.820354799617851427e+02
2.470711279500736168e+02 1.635719626945913205e+02 2.820507141939853000e+02
2.470941326032522056e+02 1.635868383675823168e+02 2.820659484261854573e+02
2.471171372564308228e+02 1.636017140405733130e+02 2.820811826583856146e+02
2.471401419096094116e+02 1.636165897135643092e+02 2.820964168905857719e+02
2.471631465627880289e+02 1.636314653865553339e+02 2.821116511227859291e+02
2.471861512159666177e+02 1.636463410595463301e+02 2.821268853549860864e+02
2.472091558691452349e+02 1.636612167325373264e+02 2.821421195871862437e+02
2.472321605223238237e+02 1.636760924055283510e+02 2.821573538193864010e+02
2.472551651755024409e+02 1.636909680785193473e+02 2.821725880515865583e+02
2.472781698286810297e+02 1.637058437515103435e+02 2.821878222837867156e+02
2.473011744818596469e+02 1.637207194245013682e+02 2.822030565159868729e+02
2.473241791350382357e+02 1.637355950974923644e+02 2.822182907481870302e+02
2.473471837882168529e+02 1.637504707704833606e+02 2.822335249803871875e+02
2.473701884413954417e+02 1.637653464434743569e+02 2.822487592125873448e+02
2.473931930945740589e+02 1.637802221164653815e+02 2.822639934447875021e+02
2.474161977477526477e+02 1.637950977894563778e+02 2.822792276769876594e+02
2.474161977477526477e+02 1.637950977894563778e+02 2.822792276769876594e+02
2.474183940200786935e+02 1.638224637077398143e+02 2.822949938308477726e+02
2.474205902924047678e+02 1.638498296260232792e+02 2.823107599847078291e+02
2.474227865647308136e+02 1.638771955443067156e+02 2.823265261385679423e+02
2.474249828370568878e+02 1.639045614625901521e+02 2.823422922924280556e+02
2.474271791093829336e+02 1.639319273808735886e+02 2.823580584462881120e+02
2.474293753817090078e+02 1.639592932991570535e+02 2.823738246001482253e+02
2.474315716540350536e+02 1.639866592174404900e+02 2.823895907540082817e+02
2.474337679263611278e+02 1.640140251357239265e+02 2.824053569078683950e+02
2.474359641986871736e+02 1.640413910540073630e+02 2.824211230617285082e+02
2.474381604710132478e+02 1.640687569722908279e+02 2.824368892155885646e+02
2.474403567433392936e+02 1.640961228905742644e+02 2.824526553694486779e+02
2.474425530156653679e+02 1.641234888088577009e+02 2.824684215233087912e+02
2.474447492879914137e+02 1.641508547271411373e+02 2.824841876771688476e+02
2.474469455603174879e+02 1.641782206454246023e+02 2.824999538310289608e+02
2.474491418326435337e+02 1.642055865637080387e+02 2.825157199848890741e+02
2.474513381049695795e+02 1.642329524819914752e+02 2.825314861387491305e+02
2.474535343772956537e+02 1.642603184002749401e+02 2.825472522926092438e+02
2.474557306496216995e+02 1.642876843185583766e+02 2.825630184464693002e+02
2.474579269219477737e+02 1.643150502368418131e+02 2.825787846003294135e+02
2.474601231942738195e+02 1.643424161551252496e+02 2.825945507541895267e+02
2.474623194665998938e+02 1.643697820734087145e+02 2.826103169080495832e+02
2.474645157389259396e+02 1.643971479916921510e+02 2.826260830619096964e+02
2.474667120112520138e+02 1.644245139099755875e+02 2.826418492157698097e+02
2.474689082835780596e+02 1.644518798282590240e+02 2.826576153696298661e+02
2.474711045559041338e+02 1.644792457465424889e+02 2.826733815234899794e+02
2.474733008282301796e+02 1.645066116648259253e+02 2.826891476773500358e+02
2.474754971005562538e+02 1.645339775831093618e+02 2.827049138312101491e+02
2.474776933728822996e+02 1.645613435013927983e+02 2.827206799850702623e+02
2.474798896452083738e+02 1.645887094196762632e+02 2.827364461389303187e+02
2.474820859175344197e+02 1.646160753379596997e+02 2.827522122927904320e+02
2.474820859175344197e+02 1.646160753379596997e+02 2.827522122927904320e+02
2.475061376688450707e+02 1.646358550545292303e+02 2.827520254470833834e+02
2.475301894201557502e+02 1.646556347710987609e+02 2.827518386013763347e+02
2.475542411714664013e+02 1.646754144876683199e+02 2.827516517556692861e+02
2.475782929227770808e+02 1.646951942042378505e+02 2.827514649099622375e+02
2.476023446740877318e+02 1.647149739208073811e+02 2.827512780642552457e+02
2.476263964253984113e+02 1.647347536373769117e+02 2.827510912185481970e+02
2.476504481767090624e+02 1.647545333539464423e+02 2.827509043728411484e+02
2.476744999280197135e+02 1.647743130705159729e+02 2.827507175271340998e+02
2.476985516793303930e+02 1.647940927870855319e+02 2.827505306814270511e+02
2.477226034306410440e+02 1.648138725036550625e+02 2.827503438357200025e+02
2.477466551819517235e+02 1.648336522202245931e+02 2.827501569900129539e+02
2.477707069332623746e+02 1.648534319367941237e+02 2.827499701443059053e+02
2.477947586845730541e+02 1.648732116533636542e+02 2.827497832985988566e+02
2.478188104358837052e+02 1.648929913699332133e+02 2.827495964528918648e+02
2.478428621871943562e+02 1.649127710865027439e+02 2.827494096071848162e+02
2.478669139385050357e+02 1.649325508030722744e+02 2.827492227614777676e+02
2.478909656898156868e+02 1.649523305196418050e+02 2.827490359157707189e+02
2.479150174411263663e+02 1.649721102362113356e+02 2.827488490700636703e+02
2.479390691924370174e+02 1.649918899527808662e+02 2.827486622243566217e+02
2.479631209437476969e+02 1.650116696693504252e+02 2.827484753786495730e+02
2.479871726950583479e+02 1.650314493859199558e+02 2.827482885329425244e+02
2.480112244463689990e+02 1.650512291024894864e+02 2.827481016872354758e+02
2.480352761976796785e+02 1.650710088190590170e+02 2.827479148415284271e+02
2.480593279489903296e+02 1.650907885356285476e+02 2.827477279958214353e+02
2.480833797003010091e+02 1.651105682521980782e+02 2.827475411501143867e+02
2.481074314516116601e+02 1.651303479687676372e+02 2.827473543044073381e+02
2.481314832029223396e+02 1.651501276853371678e+02 2.827471674587002894e+02
2.481555349542329907e+02 1.651699074019066984e+02 2.827469806129932408e+02
2.481555349542329907e+02 1.651699074019066984e+02 2.827469806129932408e+02
2.481757729224628690e+02 1.651709421828280995e+02 2.827215557557344709e+02
2.481960108906927474e+02 1.651719769637495006e+02 2.826961308984756442e+02
2.482162488589225973e+02 1.651730117446709301e+02 2.826707060412168744e+02
2.482364868271524756e+02 1.651740465255923311e+02 2.826452811839580477e+02
2.482567247953823539e+02 1.651750813065137322e+02 2.826198563266992778e+02
2.482769627636122323e+02 1.651761160874351333e+02 2.825944314694404511e+02
2.482972007318421106e+02 1.651771508683565344e+02 2.825690066121816812e+02
2.483174387000719889e+02 1.651781856492779355e+02 2.825435817549228545e+02
2.483376766683018388e+02 1.651792204301993650e+02 2.825181568976640847e+02
2.483579146365317172e+02 1.651802552111207660e+02 2.824927320404052580e+02
2.483781526047615955e+02 1.651812899920421671e+02 2.824673071831464881e+02
2.483983905729914738e+02 1.651823247729635682e+02 2.824418823258877183e+02
2.484186285412213522e+02 1.651833595538849693e+02 2.824164574686288915e+02
2.484388665094512021e+02 1.651843943348063988e+02 2.823910326113701217e+02
2.484591044776810804e+02 1.651854291157277999e+02 2.823656077541112950e+02
2.484793424459109588e+02 1.651864638966492009e+02 2.823401828968525251e+02
2.484995804141408371e+02 1.651874986775706020e+02 2.823147580395936984e+02
2.485198183823707154e+02 1.651885334584920031e+02 2.822893331823349286e+02
2.485400563506005938e+02 1.651895682394134042e+02 2.822639083250761018e+02
2.485602943188304437e+02 1.651906030203348337e+02 2.822384834678173320e+02
2.485805322870603220e+02 1.651916378012562348e+02 2.822130586105585053e+02
2.486007702552902003e+02 1.651926725821776358e+02 2.821876337532997354e+02
2.486007702552902003e+02 1.651926725821776358e+02 2.821876337532997354e+02
2.486247374097262366e+02 1.651806669923843458e+02 2.821703453263168058e+02
2.486487045641622728e+02 1.651686614025910558e+02 2.821530568993338193e+02
2.486726717185983375e+02 1.651566558127977373e+02 2.821357684723508896e+02
2.486966388730343738e+02 1.651446502230044473e+02 2.821184800453679600e+02
2.487206060274704100e+02 1.651326446332111573e+02 2.821011916183850303e+02
2.487445731819064463e+02 1.651206390434178672e+02 2.820839031914020438e+02
2.487685403363424825e+02 1.651086334536245488e+02 2.820666147644191142e+02
2.487925074907785188e+02 1.650966278638312588e+02 2.820493263374361845e+02
2.488164746452145835e+02 1.650846222740379687e+02 2.820320379104532549e+02
2.488404417996506197e+02 1.650726166842446787e+02 2.820147494834702684e+02
2.488644089540866560e+02 1.650606110944513603e+02 2.819974610564873387e+02
2.488883761085226922e+02 1.650486055046580702e+02 2.819801726295044091e+02
2.489123432629587285e+02 1.650365999148647802e+02 2.819628842025214226e+02
2.489363104173947647e+02 1.650245943250714902e+02 2.819455957755384929e+02
2.489602775718308294e+02 1.650125887352781717e+02 2.819283073485555633e+02
2.489842447262668657e+02 1.650005831454848817e+02 2.819110189215726336e+02
2.490082118807029019e+02 1.649885775556915917e+02 2.818937304945896472e+02
2.490321790351389382e+02 1.649765719658983016e+02 2.818764420676067175e+02
2.490561461895749744e+02 1.649645663761049832e+02 2.818591536406237879e+02
2.490801133440110107e+02 1.649525607863116932e+02 2.818418652136408014e+02
2.491040804984470753e+02 1.649405551965184031e+02 2.818245767866578717e+02
2.491280476528831116e+02 1.649285496067251131e+02 2.818072883596749421e+02
2.491520148073191478e+02 1.649165440169317947e+02 2.817899999326920124e+02
2.491759819617551841e+02 1.649045384271385046e+02 2.817727115057090259e+02
2.491999491161912204e+02 1.648925328373452146e+02 2.817554230787260963e+02
2.492239162706272566e+02 1.648805272475519246e+02 2.817381346517431666e+02
2.492478834250633213e+02 1.648685216577586061e+02 2.817208462247602370e+02
2.492718505794993575e+02 1.648565160679653161e+02 2.817035577977772505e+02
2.492958177339353938e+02 1.648445104781720261e+02 2.816862693707943208e+02
2.492958177339353938e+02 1.648445104781720261e+02 2.816862693707943208e+02
2.493193125587812915e+02 1.648601081128535384e+02 2.816722166825895783e+02
2.493428073836271892e+02 1.648757057475350223e+02 2.816581639943848927e+02
2.493663022084730585e+02 1.648913033822165346e+02 2.816441113061801502e+02
2.493897970333189562e+02 1.649069010168980185e+02 2.816300586179754077e+02
2.494132918581648539e+02 1.649224986515795308e+02 2.816160059297707221e+02
2.494367866830107516e+02 1.649380962862610431e+02 2.816019532415659796e+02
2.494602815078566493e+02 1.649536939209425270e+02 2.815879005533612371e+02
2.494837763327025471e+02 1.649692915556240393e+02 2.815738478651565515e+02
2.495072711575484163e+02 1.649848891903055232e+02 2.815597951769518090e+02
2.495307659823943141e+02 1.650004868249870356e+02 2.815457424887470665e+02
2.495542608072402118e+02 1.650160844596685479e+02 2.815316898005423809e+02
2.495777556320861095e+02 1.650316820943500318e+02 2.815176371123376384e+02
2.496012504569320072e+02 1.650472797290315441e+02 2.815035844241329528e+02
2.496247452817779049e+02 1.650628773637130564e+02 2.814895317359282103e+02
2.496482401066237742e+02 1.650784749983945403e+02 2.814754790477234678e+02
2.496717349314696719e+02 1.650940726330760526e+02 2.814614263595187822e+02
2.496952297563155696e+02 1.651096702677575365e+02 2.814473736713140397e+02
2.497187245811614673e+02 1.651252679024390488e+02 2.814333209831092972e+02
2.497422194060073650e+02 1.651408655371205612e+02 2.814192682949046116e+02
2.497657142308532627e+02 1.651564631718020451e+02 2.814052156066998691e+02
2.497892090556991320e+02 1.651720608064835574e+02 2.813911629184951266e+02
2.498127038805450297e+02 1.651876584411650413e+02 2.813771102302904410e+02
2.498361987053909274e+02 1.652032560758465536e+02 2.813630575420856985e+02
2.498361987053909274e+02 1.652032560758465536e+02 2.813630575420856985e+02
2.498674951625097265e+02 1.652070833117019220e+02 2.813634989998142260e+02
2.498987916196285539e+02 1.652109105475572619e+02 2.813639404575428102e+02
2.499300880767473529e+02 1.652147377834126303e+02 2.813643819152713377e+02
2.499613845338661804e+02 1.652185650192679987e+02 2.813648233729998651e+02
2.499926809909849794e+02 1.652223922551233386e+02 2.813652648307283926e+02
2.500239774481037784e+02 1.652262194909787070e+02 2.813657062884569768e+02
2.500552739052226059e+02 1.652300467268340469e+02 2.813661477461855043e+02
2.500865703623414049e+02 1.652338739626894153e+02 2.813665892039140317e+02
2.501178668194602039e+02 1.652377011985447837e+02 2.813670306616426160e+02
2.501491632765790314e+02 1.652415284344001236e+02 2.813674721193711434e+02
2.501804597336978304e+02 1.652453556702554920e+02 2.813679135770996709e+02
2.502117561908166294e+02 1.652491829061108319e+02 2.813683550348282552e+02
2.502430526479354569e+02 1.652530101419662003e+02 2.813687964925567826e+02
2.502743491050542559e+02 1.652568373778215687e+02 2.813692379502853100e+02
2.503056455621730834e+02 1.652606646136769086e+02 2.813696794080138375e+02
2.503369420192918824e+02 1.652644918495322770e+02 2.813701208657424218e+02
2.503682384764106814e+02 1.652683190853876454e+02 2.813705623234709492e+02
2.503995349335295089e+02 1.652721463212429853e+02 2.813710037811994766e+02
2.504308313906483079e+02 1.652759735570983537e+02 2.813714452389280609e+02
2.504621278477671353e+02 1.652798007929537221e+02 2.813718866966565884e+02
2.504934243048859344e+02 1.652836280288090620e+02 2.813723281543851158e+02
2.505247207620047334e+02 1.652874552646644304e+02 2.813727696121136432e+02
2.505560172191235608e+02 1.652912825005197703e+02 2.813732110698422275e+02
2.505873136762423599e+02 1.652951097363751387e+02 2.813736525275707550e+02
2.505873136762423599e+02 1.652951097363751387e+02 2.813736525275707550e+02
2.506100705469398235e+02 1.652719107259476630e+02 2.813737175221389180e+02
2.506328274176372588e+02 1.652487117155201872e+02 2.813737825167070810e+02
2.506555842883347225e+02 1.652255127050927115e+02 2.813738475112753008e+02
2.506783411590321577e+02 1.652023136946652357e+02 2.813739125058434638e+02
2.507010980297296214e+02 1.651791146842377600e+02 2.813739775004116268e+02
2.507238549004270851e+02 1.651559156738102843e+02 2.813740424949797898e+02
2.507466117711245204e+02 1.651327166633828085e+02 2.813741074895479528e+02
2.507693686418219841e+02 1.651095176529553328e+02 2.813741724841161158e+02
2.507921255125194193e+02 1.650863186425278570e+02 2.813742374786843357e+02
2.508148823832168830e+02 1.650631196321003813e+02 2.813743024732524987e+02
2.508376392539143467e+02 1.650399206216728771e+02 2.813743674678206617e+02
2.508603961246117819e+02 1.650167216112454014e+02 2.813744324623888247e+02
2.508831529953092456e+02 1.649935226008179256e+02 2.813744974569569877e+02
2.509059098660066809e+02 1.649703235903904499e+02 2.813745624515252075e+02
2.509286667367041446e+02 1.649471245799629742e+02 2.813746274460933705e+02
2.509514236074015798e+02 1.649239255695354984e+02 2.813746924406615335e+02
2.509741804780990435e+02 1.649007265591080227e+02 2.813747574352296965e+02
2.509969373487965072e+02 1.648775275486805469e+02 2.813748224297978595e+02
2.510196942194939425e+02 1.648543285382530712e+02 2.813748874243660225e+02
2.510424510901914061e+02 1.648311295278255955e+02 2.813749524189342424e+02
2.510652079608888414e+02 1.648079305173981197e+02 2.813750174135024054e+02
2.510879648315863051e+02 1.647847315069706440e+02 2.813750824080705684e+02
2.510879648315863051e+02 1.647847315069706440e+02 2.813750824080705684e+02
2.511063179098230194e+02 1.647652766255611994e+02 2.813563343060413899e+02
2.511246709880597621e+02 1.647458217441517547e+02 2.813375862040122115e+02
2.511430240662964763e+02 1.647263668627423385e+02 2.813188381019830899e+02
2.511613771445332191e+02 1.647069119813328939e+02 2.813000899999539115e+02
2.511797302227699333e+02 1.646874570999234493e+02 2.812813418979247331e+02
2.511980833010066476e+02 1.646680022185140047e+02 2.812625937958955546e+02
2.512164363792433903e+02 1.646485473371045885e+02 2.812438456938664331e+02
2.512347894574801046e+02 1.646290924556951438e+02 2.812250975918372546e+02
2.512531425357168189e+02 1.646096375742856992e+02 2.812063494898080762e+02
2.512714956139535616e+02 1.645901826928762546e+02 2.811876013877788978e+02
2.512898486921902759e+02 1.645707278114668384e+02 2.811688532857497762e+02
2.513082017704270186e+02 1.645512729300573938e+02 2.811501051837205978e+02
2.513265548486637329e+02 1.645318180486479491e+02 2.811313570816914194e+02
2.513449079269004471e+02 1.645123631672385045e+02 2.811126089796622409e+02
2.513632610051371898e+02 1.644929082858290883e+02 2.810938608776331193e+02
2.513816140833739041e+02 1.644734534044196437e+02 2.810751127756039409e+02
2.513999671616106184e+02 1.644539985230101991e+02 2.810563646735747625e+02
2.514183202398473611e+02 1.644345436416007544e+02 2.810376165715455841e+02
2.514366733180840754e+02 1.644150887601913382e+02 2.810188684695164625e+02
2.514550263963208181e+02 1.643956338787818936e+02 2.810001203674872841e+02
2.514733794745575324e+02 1.643761789973724490e+02 2.809813722654581056e+02
2.514733794745575324e+02 1.643761789973724490e+02 2.809813722654581056e+02
2.514817536777642601e+02 1.643631551873158401e+02 2.809529706322939546e+02
2.514901278809709595e+02 1.643501313772592596e+02 2.809245689991298036e+02
2.514985020841776873e+02 1.643371075672026507e+02 2.808961673659656526e+02
2.515068762873843866e+02 1.643240837571460418e+02 2.808677657328015016e+02
2.515152504905911144e+02 1.643110599470894329e+02 2.808393640996373506e+02
2.515236246937978137e+02 1.642980361370328524e+02 2.808109624664731427e+02
2.515319988970045415e+02 1.642850123269762435e+02 2.807825608333089917e+02
2.515403731002112409e+02 1.642719885169196345e+02 2.807541592001448407e+02
2.515487473034179686e+02 1.642589647068630256e+02 2.807257575669806897e+02
2.515571215066246680e+02 1.642459408968064452e+02 2.806973559338165387e+02
2.515654957098313957e+02 1.642329170867498362e+02 2.806689543006523877e+02
2.515738699130380951e+02 1.642198932766932273e+02 2.806405526674882367e+02
2.515822441162448229e+02 1.642068694666366184e+02 2.806121510343240857e+02
2.515906183194515222e+02 1.641938456565800379e+02 2.805837494011599347e+02
2.515989925226582500e+02 1.641808218465234290e+02 2.805553477679957837e+02
2.516073667258649493e+02 1.641677980364668201e+02 2.805269461348316327e+02
2.516157409290716771e+02 1.641547742264102112e+02 2.804985445016674817e+02
2.516241151322783764e+02 1.641417504163536307e+02 2.804701428685032738e+02
2.516324893354851042e+02 1.641287266062970218e+02 2.804417412353391228e+02
2.516408635386918036e+02 1.641157027962404129e+02 2.804133396021749718e+02
2.516492377418985313e+02 1.641026789861838040e+02 2.803849379690108208e+02
2.516576119451052307e+02 1.640896551761272235e+02 2.803565363358466698e+02
2.516659861483119585e+02 1.640766313660706146e+02 2.803281347026825188e+02
