1.638834663295679661e+02 2.823038870130093869e+02 2.340110232807397779e+02
1.638540323263905520e+02 2.823179194464581201e+02 2.340099139735957863e+02
1.638245983232131096e+02 2.823319518799068533e+02 2.340088046664517663e+02
1.637951643200356955e+02 2.823459843133556433e+02 2.340076953593077747e+02
1.637657303168582530e+02 2.823600167468043765e+02 2.340065860521637831e+02
1.637362963136808389e+02 2.823740491802531096e+02 2.340054767450197915e+02
1.637068623105033964e+02 2.823880816137018428e+02 2.340043674378757714e+02
1.636774283073259824e+02 2.824021140471506328e+02 2.340032581307317798e+02
1.636479943041485399e+02 2.824161464805993660e+02 2.340021488235877882e+02
1.636185603009711258e+02 2.824301789140480992e+02 2.340010395164437966e+02
1.635891262977936833e+02 2.824442113474968323e+02 2.339999302092997766e+02
1.635596922946162692e+02 2.824582437809455655e+02 2.339988209021557850e+02
1.635302582914388267e+02 2.824722762143943555e+02 2.339977115950117934e+02
1.635008242882614127e+02 2.824863086478430887e+02 2.339966022878678018e+02
1.634713902850839702e+02 2.825003410812918219e+02 2.339954929807237818e+02
1.634419562819065561e+02 2.825143735147405550e+02 2.339943836735797902e+02
1.634125222787291136e+02 2.825284059481892882e+02 2.339932743664357986e+02
1.633830882755516996e+02 2.825424383816380782e+02 2.339921650592918070e+02
1.633536542723742571e+02 2.825564708150868114e+02 2.339910557521477870e+02
1.633242202691968430e+02 2.825705032485355446e+02 2.339899464450037954e+02
1.632947862660194005e+02 2.825845356819842777e+02 2.339888371378598038e+02
1.632653522628419864e+02 2.825985681154330678e+02 2.339877278307158122e+02
1.632359182596645439e+02 2.826126005488818009e+02 2.339866185235717921e+02
1.632064842564871299e+02 2.826266329823305341e+02 2.339855092164278005e+02
1.632064842564871299e+02 2.826266329823305341e+02 2.339855092164278005e+02
1.631777180472929274e+02 2.826165190867918113e+02 2.339866687646359082e+02
1.631489518380987533e+02 2.826064051912531454e+02 2.339878283128440444e+02
1.631201856289045509e+02 2.825962912957144226e+02 2.339889878610521521e+02
1.630914194197103768e+02 2.825861774001757567e+02 2.339901474092602598e+02
1.630626532105161743e+02 2.825760635046370339e+02 2.339913069574683959e+02
1.630338870013220003e+02 2.825659496090983112e+02 2.339924665056765036e+02
1.630051207921277978e+02 2.825558357135596452e+02 2.339936260538846113e+02
1.629763545829335953e+02 2.825457218180209225e+02 2.339947856020927475e+02
1.629475883737394213e+02 2.825356079224821997e+02 2.339959451503008552e+02
1.629188221645452188e+02 2.825254940269435338e+02 2.339971046985089629e+02
1.628900559553510448e+02 2.825153801314048110e+02 2.339982642467170990e+02
1.628612897461568423e+02 2.825052662358660882e+02 2.339994237949252067e+02
1.628325235369626398e+02 2.824951523403274223e+02 2.340005833431333144e+02
1.628037573277684658e+02 2.824850384447886995e+02 2.340017428913414506e+02
1.627749911185742633e+02 2.824749245492500336e+02 2.340029024395495583e+02
1.627462249093800892e+02 2.824648106537113108e+02 2.340040619877576660e+02
1.627174587001858868e+02 2.824546967581725880e+02 2.340052215359658021e+02
1.626886924909916843e+02 2.824445828626339221e+02 2.340063810841739098e+02
1.626599262817975102e+02 2.824344689670951993e+02 2.340075406323820175e+02
1.626311600726033078e+02 2.824243550715565334e+02 2.340087001805901536e+02
1.626023938634091337e+02 2.824142411760178106e+02 2.340098597287982614e+02
1.625736276542149312e+02 2.824041272804790879e+02 2.340110192770063691e+02
1.625448614450207572e+02 2.823940133849404219e+02 2.340121788252145052e+02
1.625160952358265547e+02 2.823838994894016992e+02 2.340133383734226129e+02
1.625160952358265547e+02 2.823838994894016992e+02 2.340133383734226129e+02
1.624894736714803400e+02 2.823745396283558193e+02 2.340144114723153734e+02
1.624628521071341538e+02 2.823651797673099395e+02 2.340154845712081055e+02
1.624362305427879392e+02 2.823558199062640597e+02 2.340165576701008661e+02
1.624096089784417245e+02 2.823464600452181799e+02 2.340176307689936266e+02
1.623829874140955383e+02 2.823371001841723000e+02 2.340187038678863587e+02
1.623563658497493236e+02 2.823277403231264202e+02 2.340197769667791192e+02
1.623297442854031090e+02 2.823183804620805404e+02 2.340208500656718797e+02
1.623031227210568943e+02 2.823090206010346606e+02 2.340219231645646119e+02
1.622765011567107081e+02 2.822996607399887807e+02 2.340229962634573724e+02
1.622498795923644934e+02 2.822903008789429009e+02 2.340240693623501329e+02
1.622232580280182788e+02 2.822809410178970211e+02 2.340251424612428650e+02
1.621966364636720925e+02 2.822715811568511413e+02 2.340262155601356255e+02
1.621700148993258779e+02 2.822622212958052614e+02 2.340272886590283576e+02
1.621433933349796632e+02 2.822528614347593816e+02 2.340283617579211182e+02
1.621167717706334770e+02 2.822435015737135018e+02 2.340294348568138787e+02
1.620901502062872623e+02 2.822341417126676220e+02 2.340305079557066108e+02
1.620635286419410477e+02 2.822247818516217421e+02 2.340315810545993713e+02
1.620369070775948330e+02 2.822154219905758623e+02 2.340326541534921319e+02
1.620102855132486468e+02 2.822060621295299825e+02 2.340337272523848640e+02
1.619836639489024321e+02 2.821967022684841027e+02 2.340348003512776245e+02
1.619570423845562175e+02 2.821873424074382228e+02 2.340358734501703850e+02
1.619304208202100313e+02 2.821779825463923430e+02 2.340369465490631171e+02
1.619037992558638166e+02 2.821686226853464632e+02 2.340380196479558776e+02
1.619037992558638166e+02 2.821686226853464632e+02 2.340380196479558776e+02
1.618780629628052168e+02 2.821671143707911256e+02 2.340108031965315263e+02
1.618523266697466454e+02 2.821656060562358448e+02 2.339835867451071465e+02
1.618265903766880456e+02 2.821640977416805072e+02 2.339563702936827951e+02
1.618008540836294458e+02 2.821625894271251695e+02 2.339291538422584438e+02
1.617751177905708460e+02 2.821610811125698319e+02 2.339019373908340640e+02
1.617493814975122746e+02 2.821595727980145512e+02 2.338747209394097126e+02
1.617236452044536748e+02 2.821580644834592135e+02 2.338475044879853613e+02
1.616979089113950749e+02 2.821565561689038759e+02 2.338202880365610099e+02
1.616721726183365035e+02 2.821550478543485951e+02 2.337930715851366301e+02
1.616464363252779037e+02 2.821535395397932575e+02 2.337658551337122788e+02
1.616207000322193039e+02 2.821520312252379199e+02 2.337386386822879274e+02
1.615949637391607325e+02 2.821505229106826391e+02 2.337114222308635476e+02
1.615692274461021327e+02 2.821490145961273015e+02 2.336842057794391962e+02
1.615434911530435329e+02 2.821475062815719639e+02 2.336569893280148449e+02
1.615177548599849615e+02 2.821459979670166831e+02 2.336297728765904935e+02
1.614920185669263617e+02 2.821444896524613455e+02 2.336025564251661137e+02
1.614662822738677619e+02 2.821429813379060079e+02 2.335753399737417624e+02
1.614405459808091621e+02 2.821414730233506702e+02 2.335481235223174110e+02
1.614148096877505907e+02 2.821399647087953895e+02 2.335209070708930312e+02
1.613890733946919909e+02 2.821384563942400518e+02 2.334936906194686799e+02
1.613890733946919909e+02 2.821384563942400518e+02 2.334936906194686799e+02
1.613586470386962333e+02 2.821382296110346601e+02 2.334758406876325409e+02
1.613282206827004757e+02 2.821380028278293253e+02 2.334579907557964304e+02
1.612977943267047181e+02 2.821377760446239336e+02 2.334401408239602915e+02
1.612673679707089320e+02 2.821375492614185418e+02 2.334222908921241810e+02
1.612369416147131744e+02 2.821373224782132070e+02 2.334044409602880421e+02
1.612065152587174168e+02 2.821370956950078153e+02 2.333865910284519032e+02
1.611760889027216592e+02 2.821368689118024236e+02 2.333687410966157927e+02
1.611456625467259016e+02 2.821366421285970318e+02 2.333508911647796538e+02
1.611152361907301440e+02 2.821364153453916970e+02 2.333330412329435433e+02
1.610848098347343864e+02 2.821361885621863053e+02 2.333151913011074043e+02
1.610543834787386288e+02 2.821359617789809136e+02 2.332973413692712654e+02
1.610239571227428428e+02 2.821357349957755787e+02 2.332794914374351549e+02
1.609935307667470852e+02 2.821355082125701870e+02 2.332616415055990160e+02
1.609631044107513276e+02 2.821352814293647953e+02 2.332437915737628771e+02
1.609326780547555700e+02 2.821350546461594604e+02 2.332259416419267666e+02
1.609022516987598124e+02 2.821348278629540687e+02 2.332080917100906277e+02
1.608718253427640548e+02 2.821346010797486770e+02 2.331902417782545172e+02
1.608413989867682972e+02 2.821343742965432853e+02 2.331723918464183782e+02
1.608109726307725396e+02 2.821341475133379504e+02 2.331545419145822393e+02
1.607805462747767535e+02 2.821339207301325587e+02 2.331366919827461288e+02
1.607501199187809959e+02 2.821336939469271670e+02 2.331188420509099899e+02
1.607196935627852383e+02 2.821334671637218321e+02 2.331009921190738794e+02
1.606892672067894807e+02 2.821332403805164404e+02 2.330831421872377405e+02
1.606892672067894807e+02 2.821332403805164404e+02 2.330831421872377405e+02
1.606675593064856287e+02 2.821146664609038339e+02 2.330633225669860735e+02
1.606458514061817482e+02 2.820960925412911706e+02 2.330435029467344350e+02
1.606241435058778961e+02 2.820775186216785642e+02 2.330236833264827681e+02
1.606024356055740441e+02 2.820589447020659009e+02 2.330038637062311295e+02
1.605807277052701636e+02 2.820403707824532944e+02 2.329840440859794626e+02
1.605590198049663115e+02 2.820217968628406311e+02 2.329642244657277956e+02
1.605373119046624595e+02 2.820032229432280246e+02 2.329444048454761571e+02
1.605156040043586074e+02 2.819846490236154182e+02 2.329245852252244902e+02
1.604938961040547269e+02 2.819660751040027549e+02 2.329047656049728232e+02
1.604721882037508749e+02 2.819475011843901484e+02 2.328849459847211847e+02
1.604504803034470228e+02 2.819289272647774851e+02 2.328651263644695177e+02
1.604287724031431424e+02 2.819103533451648786e+02 2.328453067442178792e+02
1.604070645028392903e+02 2.818917794255522722e+02 2.328254871239662123e+02
1.603853566025354382e+02 2.818732055059396089e+02 2.328056675037145453e+02
1.603636487022315578e+02 2.818546315863270024e+02 2.327858478834629068e+02
1.603419408019277057e+02 2.818360576667143391e+02 2.327660282632112398e+02
1.603202329016238536e+02 2.818174837471017327e+02 2.327462086429596013e+02
1.602985250013199732e+02 2.817989098274890694e+02 2.327263890227079344e+02
1.602768171010161211e+02 2.817803359078764629e+02 2.327065694024562674e+02
1.602551092007122691e+02 2.817617619882638564e+02 2.326867497822046289e+02
1.602334013004084170e+02 2.817431880686511931e+02 2.326669301619529620e+02
1.602116934001045365e+02 2.817246141490385867e+02 2.326471105417012950e+02
1.601899854998006845e+02 2.817060402294259234e+02 2.326272909214496565e+02
1.601682775994968324e+02 2.816874663098133169e+02 2.326074713011979895e+02
1.601465696991929519e+02 2.816688923902006536e+02 2.325876516809463510e+02
1.601248617988890999e+02 2.816503184705880471e+02 2.325678320606946841e+02
1.601248617988890999e+02 2.816503184705880471e+02 2.325678320606946841e+02
1.601060325775864612e+02 2.816300584437183829e+02 2.325656680827757441e+02
1.600872033562838226e+02 2.816097984168487756e+02 2.325635041048567757e+02
1.600683741349811555e+02 2.815895383899791113e+02 2.325613401269378357e+02
1.600495449136785169e+02 2.815692783631094471e+02 2.325591761490188674e+02
1.600307156923758782e+02 2.815490183362398398e+02 2.325570121710999274e+02
1.600118864710732396e+02 2.815287583093701755e+02 2.325548481931809590e+02
1.599930572497706009e+02 2.815084982825005113e+02 2.325526842152620191e+02
1.599742280284679339e+02 2.814882382556309040e+02 2.325505202373430507e+02
1.599553988071652952e+02 2.814679782287612397e+02 2.325483562594241107e+02
1.599365695858626566e+02 2.814477182018915755e+02 2.325461922815051423e+02
1.599177403645600180e+02 2.814274581750219681e+02 2.325440283035862024e+02
1.598989111432573793e+02 2.814071981481523039e+02 2.325418643256672340e+02
1.598800819219547122e+02 2.813869381212826397e+02 2.325397003477482940e+02
1.598612527006520736e+02 2.813666780944130323e+02 2.325375363698293256e+02
1.598424234793494350e+02 2.813464180675433681e+02 2.325353723919103857e+02
1.598235942580467963e+02 2.813261580406737608e+02 2.325332084139914173e+02
1.598047650367441292e+02 2.813058980138040965e+02 2.325310444360724773e+02
1.597859358154414906e+02 2.812856379869344323e+02 2.325288804581535089e+02
1.597671065941388520e+02 2.812653779600648249e+02 2.325267164802345690e+02
1.597482773728362133e+02 2.812451179331951607e+02 2.325245525023156006e+02
1.597294481515335747e+02 2.812248579063254965e+02 2.325223885243966606e+02
1.597106189302309076e+02 2.812045978794558891e+02 2.325202245464776922e+02
1.596917897089282690e+02 2.811843378525862249e+02 2.325180605685587523e+02
1.596729604876256303e+02 2.811640778257165607e+02 2.325158965906397839e+02
1.596541312663229917e+02 2.811438177988469533e+02 2.325137326127208439e+02
1.596353020450203530e+02 2.811235577719772891e+02 2.325115686348018755e+02
1.596164728237176860e+02 2.811032977451076249e+02 2.325094046568829356e+02
1.595976436024150473e+02 2.810830377182380175e+02 2.325072406789639672e+02
1.595788143811124087e+02 2.810627776913683533e+02 2.325050767010450272e+02
1.595788143811124087e+02 2.810627776913683533e+02 2.325050767010450272e+02
1.595439182000982896e+02 2.810631985531615555e+02 2.325075256185770058e+02
1.595090220190841706e+02 2.810636194149548146e+02 2.325099745361089560e+02
1.594741258380700799e+02 2.810640402767480168e+02 2.325124234536409347e+02
1.594392296570559608e+02 2.810644611385412190e+02 2.325148723711728849e+02
1.594043334760418418e+02 2.810648820003344781e+02 2.325173212887048635e+02
1.593694372950277227e+02 2.810653028621276803e+02 2.325197702062368421e+02
1.593345411140136036e+02 2.810657237239209394e+02 2.325222191237687923e+02
1.592996449329995130e+02 2.810661445857141416e+02 2.325246680413007709e+02
1.592647487519853939e+02 2.810665654475073438e+02 2.325271169588327211e+02
1.592298525709712749e+02 2.810669863093006029e+02 2.325295658763646998e+02
1.591949563899571558e+02 2.810674071710938051e+02 2.325320147938966784e+02
1.591600602089430367e+02 2.810678280328870073e+02 2.325344637114286286e+02
1.591251640279289461e+02 2.810682488946802664e+02 2.325369126289606072e+02
1.590902678469148270e+02 2.810686697564734686e+02 2.325393615464925574e+02
1.590553716659007080e+02 2.810690906182666708e+02 2.325418104640245360e+02
1.590204754848865889e+02 2.810695114800599299e+02 2.325442593815565147e+02
1.589855793038724698e+02 2.810699323418531321e+02 2.325467082990884649e+02
1.589506831228583792e+02 2.810703532036463344e+02 2.325491572166204435e+02
1.589157869418442601e+02 2.810707740654395934e+02 2.325516061341523937e+02
1.588808907608301411e+02 2.810711949272327956e+02 2.325540550516843723e+02
1.588459945798160220e+02 2.810716157890260547e+02 2.325565039692163509e+02
1.588110983988019029e+02 2.810720366508192569e+02 2.325589528867483011e+02
1.587762022177878123e+02 2.810724575126124591e+02 2.325614018042802797e+02
1.587413060367736932e+02 2.810728783744057182e+02 2.325638507218122299e+02
1.587064098557595742e+02 2.810732992361989204e+02 2.325662996393442086e+02
1.587064098557595742e+02 2.810732992361989204e+02 2.325662996393442086e+02
1.586819822851859101e+02 2.810735938423952689e+02 2.325680138987302712e+02
1.586575547146122744e+02 2.810738884485916174e+02 2.325697281581163338e+02
1.586331271440386104e+02 2.810741830547879658e+02 2.325714424175023964e+02
1.586086995734649747e+02 2.810744776609843143e+02 2.325731566768884591e+02
1.585842720028913106e+02 2.810747722671806628e+02 2.325748709362745217e+02
1.585598444323176466e+02 2.810750668733770112e+02 2.325765851956605843e+02
1.585354168617440109e+02 2.810753614795733597e+02 2.325782994550466469e+02
1.585109892911703469e+02 2.810756560857697082e+02 2.325800137144327095e+02
1.584865617205967112e+02 2.810759506919660566e+02 2.325817279738187722e+02
1.584621341500230471e+02 2.810762452981624051e+02 2.325834422332048348e+02
1.584377065794493831e+02 2.810765399043587536e+02 2.325851564925908974e+02
1.584132790088757474e+02 2.810768345105551020e+02 2.325868707519769600e+02
1.583888514383020834e+02 2.810771291167514505e+02 2.325885850113630227e+02
1.583644238677284193e+02 2.810774237229477990e+02 2.325902992707490853e+02
1.583399962971547836e+02 2.810777183291441474e+02 2.325920135301351479e+02
1.583155687265811196e+02 2.810780129353404959e+02 2.325937277895212105e+02
1.582911411560074839e+02 2.810783075415368444e+02 2.325954420489072731e+02
1.582667135854338198e+02 2.810786021477331929e+02 2.325971563082933358e+02
1.582422860148601558e+02 2.810788967539295413e+02 2.325988705676793984e+02
1.582178584442865201e+02 2.810791913601258898e+02 2.326005848270654610e+02
1.581934308737128561e+02 2.810794859663222383e+02 2.326022990864515236e+02
1.581690033031392204e+02 2.810797805725185867e+02 2.326040133458375863e+02
1.581445757325655563e+02 2.810800751787149352e+02 2.326057276052236489e+02
1.581201481619918923e+02 2.810803697849112837e+02 2.326074418646097115e+02
1.580957205914182566e+02 2.810806643911076321e+02 2.326091561239957741e+02
1.580712930208445925e+02 2.810809589973039806e+02 2.326108703833818367e+02
1.580468654502709569e+02 2.810812536035003291e+02 2.326125846427678994e+02
1.580224378796972928e+02 2.810815482096966775e+02 2.326142989021539620e+02
1.580224378796972928e+02 2.810815482096966775e+02 2.326142989021539620e+02
1.580062270272996443e+02 2.810961103524953728e+02 2.326362693283387557e+02
1.579900161749020242e+02 2.811106724952940681e+02 2.326582397545235494e+02
1.579738053225043757e+02 2.811252346380927634e+02 2.326802101807083432e+02
1.579575944701067556e+02 2.811397967808914586e+02 2.327021806068931369e+02
1.579413836177091071e+02 2.811543589236901539e+02 2.327241510330779306e+02
1.579251727653114870e+02 2.811689210664888492e+02 2.327461214592626959e+02
1.579089619129138384e+02 2.811834832092875445e+02 2.327680918854474896e+02
1.578927510605162183e+02 2.811980453520862397e+02 2.327900623116322834e+02
1.578765402081185698e+02 2.812126074948849350e+02 2.328120327378170771e+02
1.578603293557209497e+02 2.812271696376836303e+02 2.328340031640018708e+02
1.578441185033233012e+02 2.812417317804823824e+02 2.328559735901866645e+02
1.578279076509256811e+02 2.812562939232810777e+02 2.328779440163714582e+02
1.578116967985280326e+02 2.812708560660797730e+02 2.328999144425562520e+02
1.577954859461304125e+02 2.812854182088784682e+02 2.329218848687410457e+02
1.577792750937327639e+02 2.812999803516771635e+02 2.329438552949258394e+02
1.577630642413351438e+02 2.813145424944758588e+02 2.329658257211106047e+02
1.577468533889374953e+02 2.813291046372745541e+02 2.329877961472953984e+02
1.577306425365398752e+02 2.813436667800732494e+02 2.330097665734801922e+02
1.577144316841422267e+02 2.813582289228719446e+02 2.330317369996649859e+02
1.576982208317446066e+02 2.813727910656706399e+02 2.330537074258497796e+02
1.576820099793469581e+02 2.813873532084693352e+02 2.330756778520345733e+02
1.576820099793469581e+02 2.813873532084693352e+02 2.330756778520345733e+02
1.576644308983721317e+02 2.814031444254359826e+02 2.330995026264190813e+02
1.576468518173972768e+02 2.814189356424026300e+02 2.331233274008035607e+02
1.576292727364224504e+02 2.814347268593692775e+02 2.331471521751880687e+02
1.576116936554476240e+02 2.814505180763359249e+02 2.331709769495725766e+02
1.575941145744727692e+02 2.814663092933026292e+02 2.331948017239570561e+02
1.575765354934979428e+02 2.814821005102692766e+02 2.332186264983415640e+02
1.575589564125231163e+02 2.814978917272359240e+02 2.332424512727260719e+02
1.575413773315482899e+02 2.815136829442025714e+02 2.332662760471105514e+02
1.575237982505734351e+02 2.815294741611692189e+02 2.332901008214950593e+02
1.575062191695986087e+02 2.815452653781358663e+02 2.333139255958795388e+02
1.574886400886237823e+02 2.815610565951025137e+02 2.333377503702640468e+02
1.574710610076489274e+02 2.815768478120691611e+02 2.333615751446485547e+02
1.574534819266741010e+02 2.815926390290358086e+02 2.333853999190330342e+02
1.574359028456992746e+02 2.816084302460024560e+02 2.334092246934175421e+02
1.574183237647244482e+02 2.816242214629691034e+02 2.334330494678020500e+02
1.574007446837495934e+02 2.816400126799358077e+02 2.334568742421865295e+02
1.573831656027747670e+02 2.816558038969024551e+02 2.334806990165710374e+02
1.573655865217999406e+02 2.816715951138691025e+02 2.335045237909555453e+02
1.573480074408250857e+02 2.816873863308357500e+02 2.335283485653400248e+02
1.573304283598502593e+02 2.817031775478023974e+02 2.335521733397245328e+02
1.573304283598502593e+02 2.817031775478023974e+02 2.335521733397245328e+02
1.573146936760478525e+02 2.817173119502879786e+02 2.335734984187852774e+02
1.572989589922454741e+02 2.817314463527736166e+02 2.335948234978459936e+02
1.572832243084430672e+02 2.817455807552591978e+02 2.336161485769067383e+02
1.572674896246406888e+02 2.817597151577447789e+02 2.336374736559674830e+02
1.572517549408382820e+02 2.817738495602304170e+02 2.336587987350282276e+02
1.572360202570359036e+02 2.817879839627159981e+02 2.336801238140889438e+02
1.572202855732334967e+02 2.818021183652015793e+02 2.337014488931496885e+02
1.572045508894311183e+02 2.818162527676872173e+02 2.337227739722104332e+02
1.571888162056287115e+02 2.818303871701727985e+02 2.337440990512711494e+02
1.571730815218263331e+02 2.818445215726583797e+02 2.337654241303318940e+02
1.571573468380239262e+02 2.818586559751440177e+02 2.337867492093926387e+02
1.571416121542215478e+02 2.818727903776295989e+02 2.338080742884533834e+02
1.571258774704191410e+02 2.818869247801151801e+02 2.338293993675140996e+02
1.571101427866167626e+02 2.819010591826008181e+02 2.338507244465748443e+02
1.570944081028143557e+02 2.819151935850863993e+02 2.338720495256355889e+02
1.570786734190119773e+02 2.819293279875719804e+02 2.338933746046963051e+02
1.570629387352095705e+02 2.819434623900576184e+02 2.339146996837570498e+02
1.570472040514071921e+02 2.819575967925431996e+02 2.339360247628177945e+02
1.570314693676047852e+02 2.819717311950287808e+02 2.339573498418785391e+02
1.570157346838024068e+02 2.819858655975144188e+02 2.339786749209392553e+02
1.570000000000000000e+02 2.820000000000000000e+02 2.340000000000000000e+02
1.570000000000000000e+02 2.820000000000000000e+02 2.340000000000000000e+02
1.570000000000000000e+02 2.820000000000000000e+02 2.340000000000000000e+02
1.570000000000000000e+02 2.820000000000000000e+02 2.340000000000000000e+02
1.570000000000000000e+02 2.820000000000000000e+02 2.340000000000000000e+02
1.570000000000000000e+02 2.820000000000000000e+02 2.340000000000000000e+02
1.570000000000000000e+02 2.820000000000000000e+02 2.340000000000000000e+02
1.570000000000000000e+02 2.820000000000000000e+02 2.340000000000000000e+02
1.570000000000000000e+02 2.820000000000000000e+02 2.340000000000000000e+02
1.570000000000000000e+02 2.820000000000000000e+02 2.340000000000000000e+02
1.570000000000000000e+02 2.820000000000000000e+02 2.340000000000000000e+02
1.570000000000000000e+02 2.820000000000000000e+02 2.340000000000000000e+02
1.570000000000000000e+02 2.820000000000000000e+02 2.340000000000000000e+02
1.570000000000000000e+02 2.820000000000000000e+02 2.340000000000000000e+02
1.570000000000000000e+02 2.820000000000000000e+02 2.340000000000000000e+02
1.570000000000000000e+02 2.820000000000000000e+02 2.340000000000000000e+02
1.570000000000000000e+02 2.820000000000000000e+02 2.340000000000000000e+02
1.570000000000000000e+02 2.820000000000000000e+02 2.340000000000000000e+02
1.570000000000000000e+02 2.820000000000000000e+02 2.340000000000000000e+02
1.570000000000000000e+02 2.820000000000000000e+02 2.340000000000000000e+02
1.570000000000000000e+02 2.820000000000000000e+02 2.340000000000000000e+02
1.570000000000000000e+02 2.820000000000000000e+02 2.340000000000000000e+02
1.570000000000000000e+02 2.820000000000000000e+02 2.340000000000000000e+02
1.569808308828582142e+02 2.819996700675550301e+02 2.340250404484689284e+02
1.569616617657164284e+02 2.819993401351100601e+02 2.340500808969378568e+02
1.569424926485746425e+02 2.819990102026650902e+02 2.340751213454067852e+02
1.569233235314328567e+02 2.819986802702201203e+02 2.341001617938756851e+02
1.569041544142910993e+02 2.819983503377751504e+02 2.341252022423446135e+02
1.568849852971493135e+02 2.819980204053302373e+02 2.341502426908135419e+02
1.568658161800075277e+02 2.819976904728852674e+02 2.341752831392824703e+02
1.568466470628657419e+02 2.819973605404402974e+02 2.342003235877513987e+02
1.568274779457239561e+02 2.819970306079953275e+02 2.342253640362203271e+02
1.568083088285821702e+02 2.819967006755503576e+02 2.342504044846892270e+02
1.567891397114403844e+02 2.819963707431053876e+02 2.342754449331581554e+02
1.567699705942985986e+02 2.819960408106604177e+02 2.343004853816270838e+02
1.567508014771568128e+02 2.819957108782154478e+02 2.343255258300960122e+02
1.567316323600150270e+02 2.819953809457704779e+02 2.343505662785649406e+02
1.567124632428732411e+02 2.819950510133255648e+02 2.343756067270338690e+02
1.566932941257314837e+02 2.819947210808805949e+02 2.344006471755027974e+02
1.566741250085896979e+02 2.819943911484356249e+02 2.344256876239716973e+02
1.566549558914479121e+02 2.819940612159906550e+02 2.344507280724406257e+02
1.566357867743061263e+02 2.819937312835456851e+02 2.344757685209095541e+02
1.566166176571643405e+02 2.819934013511007151e+02 2.345008089693784825e+02
1.566166176571643405e+02 2.819934013511007151e+02 2.345008089693784825e+02
1.565992205121729341e+02 2.820075588802001789e+02 2.345247665788488689e+02
1.565818233671815563e+02 2.820217164092996995e+02 2.345487241883192837e+02
1.565644262221901499e+02 2.820358739383991633e+02 2.345726817977896985e+02
1.565470290771987436e+02 2.820500314674986271e+02 2.345966394072600849e+02
1.565296319322073373e+02 2.820641889965981477e+02 2.346205970167304713e+02
1.565122347872159594e+02 2.820783465256976115e+02 2.346445546262008861e+02
1.564948376422245531e+02 2.820925040547971321e+02 2.346685122356713009e+02
1.564774404972331467e+02 2.821066615838965959e+02 2.346924698451416873e+02
1.564600433522417688e+02 2.821208191129960596e+02 2.347164274546120737e+02
1.564426462072503625e+02 2.821349766420955802e+02 2.347403850640824885e+02
1.564252490622589562e+02 2.821491341711950440e+02 2.347643426735529033e+02
1.564078519172675499e+02 2.821632917002945078e+02 2.347883002830232897e+02
1.563904547722761720e+02 2.821774492293940284e+02 2.348122578924936761e+02
1.563730576272847657e+02 2.821916067584934922e+02 2.348362155019640909e+02
1.563730576272847657e+02 2.821916067584934922e+02 2.348362155019640909e+02
1.563575611221698409e+02 2.821756455636025294e+02 2.348594299078243068e+02
1.563420646170548878e+02 2.821596843687115097e+02 2.348826443136845228e+02
1.563265681119399630e+02 2.821437231738205469e+02 2.349058587195447387e+02
1.563110716068250383e+02 2.821277619789295272e+02 2.349290731254049831e+02
1.562955751017101136e+02 2.821118007840385644e+02 2.349522875312651990e+02
1.562800785965951604e+02 2.820958395891475448e+02 2.349755019371254150e+02
1.562645820914802357e+02 2.820798783942565819e+02 2.349987163429856309e+02
1.562490855863653110e+02 2.820639171993655623e+02 2.350219307488458469e+02
1.562335890812503578e+02 2.820479560044745995e+02 2.350451451547060628e+02
1.562180925761354331e+02 2.820319948095835798e+02 2.350683595605662788e+02
1.562025960710205084e+02 2.820160336146926170e+02 2.350915739664265232e+02
1.561870995659055836e+02 2.820000724198015973e+02 2.351147883722867391e+02
1.561716030607906305e+02 2.819841112249106345e+02 2.351380027781469551e+02
1.561561065556757057e+02 2.819681500300196149e+02 2.351612171840071710e+02
1.561406100505607810e+02 2.819521888351286520e+02 2.351844315898673869e+02
1.561251135454458279e+02 2.819362276402376324e+02 2.352076459957276029e+02
1.561096170403309031e+02 2.819202664453466696e+02 2.352308604015878188e+02
1.560941205352159784e+02 2.819043052504556499e+02 2.352540748074480632e+02
1.560786240301010537e+02 2.818883440555646871e+02 2.352772892133082792e+02
1.560631275249861005e+02 2.818723828606736674e+02 2.353005036191684951e+02
1.560476310198711758e+02 2.818564216657827046e+02 2.353237180250287111e+02
1.560476310198711758e+02 2.818564216657827046e+02 2.353237180250287111e+02
1.560244510428545084e+02 2.818427565973115634e+02 2.353416240727150068e+02
1.560012710658378126e+02 2.818290915288404221e+02 2.353595301204012742e+02
1.559780910888211451e+02 2.818154264603692809e+02 2.353774361680875700e+02
1.559549111118044493e+02 2.818017613918981397e+02 2.353953422157738657e+02
1.559317311347877819e+02 2.817880963234269984e+02 2.354132482634601331e+02
1.559085511577710861e+02 2.817744312549558572e+02 2.354311543111464289e+02
1.558853711807544187e+02 2.817607661864847159e+02 2.354490603588327247e+02
1.558621912037377228e+02 2.817471011180135747e+02 2.354669664065190204e+02
1.558390112267210554e+02 2.817334360495424335e+02 2.354848724542052878e+02
1.558158312497043596e+02 2.817197709810712922e+02 2.355027785018915836e+02
1.557926512726876922e+02 2.817061059126001510e+02 2.355206845495778794e+02
1.557694712956709964e+02 2.816924408441290097e+02 2.355385905972641467e+02
1.557462913186543290e+02 2.816787757756578685e+02 2.355564966449504425e+02
1.557231113416376331e+02 2.816651107071867273e+02 2.355744026926367383e+02
1.556999313646209657e+02 2.816514456387155860e+02 2.355923087403230056e+02
1.556767513876042699e+02 2.816377805702444448e+02 2.356102147880093014e+02
1.556535714105876025e+02 2.816241155017733035e+02 2.356281208356955972e+02
1.556303914335709067e+02 2.816104504333021623e+02 2.356460268833818930e+02
1.556072114565542392e+02 2.815967853648310211e+02 2.356639329310681603e+02
1.555840314795375434e+02 2.815831202963598798e+02 2.356818389787544561e+02
1.555608515025208760e+02 2.815694552278887386e+02 2.356997450264407519e+02
1.555376715255041802e+02 2.815557901594175974e+02 2.357176510741270192e+02
1.555144915484875128e+02 2.815421250909464561e+02 2.357355571218133150e+02
1.555144915484875128e+02 2.815421250909464561e+02 2.357355571218133150e+02
1.554905593582221002e+02 2.815557570229038902e+02 2.357497472907702445e+02
1.554666271679566592e+02 2.815693889548613242e+02 2.357639374597271456e+02
1.554426949776912465e+02 2.815830208868187583e+02 2.357781276286840466e+02
1.554187627874258339e+02 2.815966528187761355e+02 2.357923177976409761e+02
1.553948305971603929e+02 2.816102847507335696e+02 2.358065079665979056e+02
1.553708984068949803e+02 2.816239166826910036e+02 2.358206981355548066e+02
1.553469662166295677e+02 2.816375486146484377e+02 2.358348883045117077e+02
1.553230340263641551e+02 2.816511805466058718e+02 2.358490784734686372e+02
1.552991018360987141e+02 2.816648124785633058e+02 2.358632686424255667e+02
1.552751696458333015e+02 2.816784444105207399e+02 2.358774588113824677e+02
1.552512374555678889e+02 2.816920763424781171e+02 2.358916489803393688e+02
1.552273052653024479e+02 2.817057082744355512e+02 2.359058391492962983e+02
1.552033730750370353e+02 2.817193402063929852e+02 2.359200293182532278e+02
1.551794408847716227e+02 2.817329721383504193e+02 2.359342194872101288e+02
1.551555086945061817e+02 2.817466040703078534e+02 2.359484096561670299e+02
1.551315765042407691e+02 2.817602360022652874e+02 2.359625998251239594e+02
1.551076443139753565e+02 2.817738679342227215e+02 2.359767899940808888e+02
1.550837121237099154e+02 2.817874998661801555e+02 2.359909801630377899e+02
1.550597799334445028e+02 2.818011317981375328e+02 2.360051703319946910e+02
1.550358477431790902e+02 2.818147637300949668e+02 2.360193605009516205e+02
1.550119155529136776e+02 2.818283956620524009e+02 2.360335506699085499e+02
1.549879833626482366e+02 2.818420275940098350e+02 2.360477408388654510e+02
1.549640511723828240e+02 2.818556595259672690e+02 2.360619310078223521e+02
1.549401189821174114e+02 2.818692914579247031e+02 2.360761211767792815e+02
1.549161867918519704e+02 2.818829233898821371e+02 2.360903113457362110e+02
1.548922546015865578e+02 2.818965553218395144e+02 2.361045015146931121e+02
1.548683224113211452e+02 2.819101872537969484e+02 2.361186916836500131e+02
1.548443902210557042e+02 2.819238191857543825e+02 2.361328818526069426e+02
1.548204580307902916e+02 2.819374511177118166e+02 2.361470720215638721e+02
1.547965258405248790e+02 2.819510830496692506e+02 2.361612621905207732e+02
1.547725936502594664e+02 2.819647149816266847e+02 2.361754523594776742e+02
1.547486614599940253e+02 2.819783469135841187e+02 2.361896425284346037e+02
1.547247292697286127e+02 2.819919788455414960e+02 2.362038326973915332e+02
1.547007970794632001e+02 2.820056107774989300e+02 2.362180228663484343e+02
1.546768648891977591e+02 2.820192427094563641e+02 2.362322130353053353e+02
1.546529326989323465e+02 2.820328746414137981e+02 2.362464032042622648e+02
1.546529326989323465e+02 2.820328746414137981e+02 2.362464032042622648e+02
1.546333542231320735e+02 2.820174771601882640e+02 2.362670401318013660e+02
1.546137757473317720e+02 2.820020796789627298e+02 2.362876770593404956e+02
1.545941972715314989e+02 2.819866821977371956e+02 2.363083139868795968e+02
1.545746187957312259e+02 2.819712847165116614e+02 2.363289509144186979e+02
1.545550403199309528e+02 2.819558872352861272e+02 2.363495878419578275e+02
1.545354618441306798e+02 2.819404897540605930e+02 2.363702247694969287e+02
1.545158833683303783e+02 2.819250922728350588e+02 2.363908616970360299e+02
1.544963048925301052e+02 2.819096947916095246e+02 2.364114986245751311e+02
1.544767264167298322e+02 2.818942973103839904e+02 2.364321355521142607e+02
1.544571479409295307e+02 2.818788998291585131e+02 2.364527724796533619e+02
1.544375694651292577e+02 2.818635023479329789e+02 2.364734094071924630e+02
1.544179909893289846e+02 2.818481048667074447e+02 2.364940463347315927e+02
1.543984125135287115e+02 2.818327073854819105e+02 2.365146832622706938e+02
1.543788340377284385e+02 2.818173099042563763e+02 2.365353201898097950e+02
1.543592555619281370e+02 2.818019124230308421e+02 2.365559571173488962e+02
1.543396770861278640e+02 2.817865149418053079e+02 2.365765940448880258e+02
1.543200986103275909e+02 2.817711174605797737e+02 2.365972309724271270e+02
1.543005201345272894e+02 2.817557199793542395e+02 2.366178678999662282e+02
1.542809416587270164e+02 2.817403224981287053e+02 2.366385048275053578e+02
1.542613631829267433e+02 2.817249250169031711e+02 2.366591417550444589e+02
1.542613631829267433e+02 2.817249250169031711e+02 2.366591417550444589e+02
1.542462406209366463e+02 2.817093489784748499e+02 2.366817959786310439e+02
1.542311180589465778e+02 2.816937729400465287e+02 2.367044502022176005e+02
1.542159954969564808e+02 2.816781969016182074e+02 2.367271044258041854e+02
1.542008729349664122e+02 2.816626208631898862e+02 2.367497586493907420e+02
1.541857503729763152e+02 2.816470448247615650e+02 2.367724128729773270e+02
1.541706278109862467e+02 2.816314687863332438e+02 2.367950670965639119e+02
1.541555052489961497e+02 2.816158927479049225e+02 2.368177213201504685e+02
1.541403826870060527e+02 2.816003167094766013e+02 2.368403755437370535e+02
1.541252601250159842e+02 2.815847406710483369e+02 2.368630297673236100e+02
1.541101375630258872e+02 2.815691646326200157e+02 2.368856839909101950e+02
1.540950150010358186e+02 2.815535885941916945e+02 2.369083382144967800e+02
1.540798924390457216e+02 2.815380125557633733e+02 2.369309924380833365e+02
1.540647698770556531e+02 2.815224365173350520e+02 2.369536466616699215e+02
1.540496473150655561e+02 2.815068604789067308e+02 2.369763008852564781e+02
1.540345247530754591e+02 2.814912844404784096e+02 2.369989551088430630e+02
1.540194021910853905e+02 2.814757084020500884e+02 2.370216093324296480e+02
1.540042796290952936e+02 2.814601323636217671e+02 2.370442635560162046e+02
1.539891570671052250e+02 2.814445563251934459e+02 2.370669177796027896e+02
1.539740345051151280e+02 2.814289802867651247e+02 2.370895720031893745e+02
1.539589119431250310e+02 2.814134042483368034e+02 2.371122262267759311e+02
1.539437893811349625e+02 2.813978282099084822e+02 2.371348804503625161e+02
1.539286668191448655e+02 2.813822521714801610e+02 2.371575346739490726e+02
1.539135442571547969e+02 2.813666761330518398e+02 2.371801888975356576e+02
1.538984216951646999e+02 2.813511000946235185e+02 2.372028431211222426e+02
1.538832991331746314e+02 2.813355240561952542e+02 2.372254973447087991e+02
1.538681765711845344e+02 2.813199480177669329e+02 2.372481515682953841e+02
1.538530540091944374e+02 2.813043719793386117e+02 2.372708057918819406e+02
1.538379314472043689e+02 2.812887959409102905e+02 2.372934600154685256e+02
1.538228088852142719e+02 2.812732199024819693e+02 2.373161142390551106e+02
1.538076863232242033e+02 2.812576438640536480e+02 2.373387684626416672e+02
1.537925637612341063e+02 2.812420678256253268e+02 2.373614226862282521e+02
1.537774411992440378e+02 2.812264917871970056e+02 2.373840769098148087e+02
1.537623186372539408e+02 2.812109157487686844e+02 2.374067311334013937e+02
1.537623186372539408e+02 2.812109157487686844e+02 2.374067311334013937e+02
1.537344331528650230e+02 2.811952016800867682e+02 2.374060267800092561e+02
1.537065476684761336e+02 2.811794876114048520e+02 2.374053224266171469e+02
1.536786621840872158e+02 2.811637735427229359e+02 2.374046180732250093e+02
1.536507766996983264e+02 2.811480594740410197e+02 2.374039137198329001e+02
1.536228912153094086e+02 2.811323454053591036e+02 2.374032093664407626e+02
1.535950057309205192e+02 2.811166313366772442e+02 2.374025050130486534e+02
1.535671202465316014e+02 2.811009172679953281e+02 2.374018006596565158e+02
1.535392347621427120e+02 2.810852031993134119e+02 2.374010963062644066e+02
1.535113492777537942e+02 2.810694891306314958e+02 2.374003919528722690e+02
1.534834637933649049e+02 2.810537750619495796e+02 2.373996875994801599e+02
1.534555783089759871e+02 2.810380609932676634e+02 2.373989832460880223e+02
1.534276928245870693e+02 2.810223469245857473e+02 2.373982788926958847e+02
1.533998073401981799e+02 2.810066328559038311e+02 2.373975745393037755e+02
1.533719218558092621e+02 2.809909187872219150e+02 2.373968701859116379e+02
1.533440363714203727e+02 2.809752047185399988e+02 2.373961658325195287e+02
1.533161508870314549e+02 2.809594906498580826e+02 2.373954614791273912e+02
1.532882654026425655e+02 2.809437765811762233e+02 2.373947571257352820e+02
1.532603799182536477e+02 2.809280625124943072e+02 2.373940527723431444e+02
1.532324944338647583e+02 2.809123484438123910e+02 2.373933484189510352e+02
1.532046089494758405e+02 2.808966343751304748e+02 2.373926440655588976e+02
1.531767234650869511e+02 2.808809203064485587e+02 2.373919397121667885e+02
1.531488379806980333e+02 2.808652062377666425e+02 2.373912353587746509e+02
1.531488379806980333e+02 2.808652062377666425e+02 2.373912353587746509e+02
1.531279310673142788e+02 2.808407582456995897e+02 2.373915570584535430e+02
1.531070241539304959e+02 2.808163102536325368e+02 2.373918787581324352e+02
1.530861172405467414e+02 2.807918622615654840e+02 2.373922004578113558e+02
1.530652103271629869e+02 2.807674142694984880e+02 2.373925221574902480e+02
1.530443034137792324e+02 2.807429662774314352e+02 2.373928438571691402e+02
1.530233965003954495e+02 2.807185182853643823e+02 2.373931655568480323e+02
1.530024895870116950e+02 2.806940702932973295e+02 2.373934872565269245e+02
1.529815826736279405e+02 2.806696223012302767e+02 2.373938089562058451e+02
1.529606757602441576e+02 2.806451743091632238e+02 2.373941306558847373e+02
1.529397688468604031e+02 2.806207263170962278e+02 2.373944523555636295e+02
1.529188619334766486e+02 2.805962783250291750e+02 2.373947740552425216e+02
1.528979550200928657e+02 2.805718303329621222e+02 2.373950957549214138e+02
1.528770481067091112e+02 2.805473823408950693e+02 2.373954174546003344e+02
1.528561411933253567e+02 2.805229343488280165e+02 2.373957391542792266e+02
1.528352342799415737e+02 2.804984863567609636e+02 2.373960608539581187e+02
1.528143273665578192e+02 2.804740383646939108e+02 2.373963825536370109e+02
1.527934204531740647e+02 2.804495903726269148e+02 2.373967042533159031e+02
1.527725135397903102e+02 2.804251423805598620e+02 2.373970259529948237e+02
1.527516066264065273e+02 2.804006943884928091e+02 2.373973476526737159e+02
1.527306997130227728e+02 2.803762463964257563e+02 2.373976693523526080e+02
1.527306997130227728e+02 2.803762463964257563e+02 2.373976693523526080e+02
1.527098887400486262e+02 2.803519105945385945e+02 2.373979895757734653e+02
1.526890777670744512e+02 2.803275747926513759e+02 2.373983097991943225e+02
1.526682667941003047e+02 2.803032389907642141e+02 2.373986300226151798e+02
1.526474558211261296e+02 2.802789031888770523e+02 2.373989502460360370e+02
1.526266448481519831e+02 2.802545673869898337e+02 2.373992704694568943e+02
1.526058338751778365e+02 2.802302315851026719e+02 2.373995906928777515e+02
1.525850229022036615e+02 2.802058957832155102e+02 2.373999109162986088e+02
1.525642119292295149e+02 2.801815599813283484e+02 2.374002311397194660e+02
1.525434009562553399e+02 2.801572241794411298e+02 2.374005513631403232e+02
1.525225899832811933e+02 2.801328883775539680e+02 2.374008715865612089e+02
1.525017790103070467e+02 2.801085525756668062e+02 2.374011918099820662e+02
1.524809680373328717e+02 2.800842167737795876e+02 2.374015120334029234e+02
1.524601570643587252e+02 2.800598809718924258e+02 2.374018322568237807e+02
1.524393460913845502e+02 2.800355451700052640e+02 2.374021524802446379e+02
1.524185351184104036e+02 2.800112093681181022e+02 2.374024727036654951e+02
1.523977241454362570e+02 2.799868735662308836e+02 2.374027929270863524e+02
1.523769131724620820e+02 2.799625377643437218e+02 2.374031131505072096e+02
1.523561021994879354e+02 2.799382019624565601e+02 2.374034333739280669e+02
1.523352912265137604e+02 2.799138661605693414e+02 2.374037535973489241e+02
1.523144802535396138e+02 2.798895303586821797e+02 2.374040738207697814e+02
1.523144802535396138e+02 2.798895303586821797e+02 2.374040738207697814e+02
1.522854013611713526e+02 2.798881106777362788e+02 2.374182585593700310e+02
1.522563224688031198e+02 2.798866909967903780e+02 2.374324432979702806e+02
1.522272435764348586e+02 2.798852713158444772e+02 2.374466280365705302e+02
1.521981646840666258e+02 2.798838516348985195e+02 2.374608127751708082e+02
1.521690857916983646e+02 2.798824319539526186e+02 2.374749975137710578e+02
1.521400068993301034e+02 2.798810122730067178e+02 2.374891822523713074e+02
1.521109280069618706e+02 2.798795925920608170e+02 2.375033669909715570e+02
1.520818491145936093e+02 2.798781729111149161e+02 2.375175517295718066e+02
1.520527702222253765e+02 2.798767532301690153e+02 2.375317364681720562e+02
1.520236913298571153e+02 2.798753335492231145e+02 2.375459212067723342e+02
1.519946124374888541e+02 2.798739138682771568e+02 2.375601059453725838e+02
1.519655335451206213e+02 2.798724941873312559e+02 2.375742906839728334e+02
1.519364546527523601e+02 2.798710745063853551e+02 2.375884754225730831e+02
1.519073757603841273e+02 2.798696548254394543e+02 2.376026601611733327e+02
1.518782968680158660e+02 2.798682351444935534e+02 2.376168448997735823e+02
1.518492179756476048e+02 2.798668154635476526e+02 2.376310296383738319e+02
1.518201390832793720e+02 2.798653957826016949e+02 2.376452143769741099e+02
1.517910601909111108e+02 2.798639761016557941e+02 2.376593991155743595e+02
1.517619812985428780e+02 2.798625564207098932e+02 2.376735838541746091e+02
1.517329024061746168e+02 2.798611367397639924e+02 2.376877685927748587e+02
1.517329024061746168e+02 2.798611367397639924e+02 2.376877685927748587e+02
1.517025114176457521e+02 2.798596530000535836e+02 2.377025933743595942e+02
1.516721204291168590e+02 2.798581692603431748e+02 2.377174181559443298e+02
1.516417294405879943e+02 2.798566855206327091e+02 2.377322429375290653e+02
1.516113384520591012e+02 2.798552017809223003e+02 2.377470677191138293e+02
1.515809474635302365e+02 2.798537180412118914e+02 2.377618925006985648e+02
1.515505564750013434e+02 2.798522343015014826e+02 2.377767172822833004e+02
1.515201654864724787e+02 2.798507505617910738e+02 2.377915420638680359e+02
1.514897744979435856e+02 2.798492668220806081e+02 2.378063668454527715e+02
1.514593835094147209e+02 2.798477830823701993e+02 2.378211916270375070e+02
1.514289925208858278e+02 2.798462993426597905e+02 2.378360164086222426e+02
1.513986015323569632e+02 2.798448156029493816e+02 2.378508411902069781e+02
1.513682105438280701e+02 2.798433318632389728e+02 2.378656659717917421e+02
1.513378195552992054e+02 2.798418481235285071e+02 2.378804907533764776e+02
1.513074285667703123e+02 2.798403643838180983e+02 2.378953155349612132e+02
1.512770375782414476e+02 2.798388806441076895e+02 2.379101403165459487e+02
1.512770375782414476e+02 2.798388806441076895e+02 2.379101403165459487e+02
1.512577344082554305e+02 2.798385484043899396e+02 2.379353558770616814e+02
1.512384312382694134e+02 2.798382161646721329e+02 2.379605714375773857e+02
1.512191280682834247e+02 2.798378839249543830e+02 2.379857869980931184e+02
1.511998248982974076e+02 2.798375516852366331e+02 2.380110025586088227e+02
1.511805217283113905e+02 2.798372194455188264e+02 2.380362181191245554e+02
1.511612185583253734e+02 2.798368872058010766e+02 2.380614336796402881e+02
1.511419153883393562e+02 2.798365549660833267e+02 2.380866492401559924e+02
1.511226122183533391e+02 2.798362227263655200e+02 2.381118648006717251e+02
1.511033090483673504e+02 2.798358904866477701e+02 2.381370803611874294e+02
1.510840058783813333e+02 2.798355582469300202e+02 2.381622959217031621e+02
1.510647027083953162e+02 2.798352260072122135e+02 2.381875114822188948e+02
1.510453995384092991e+02 2.798348937674944636e+02 2.382127270427345991e+02
1.510260963684232820e+02 2.798345615277767138e+02 2.382379426032503318e+02
1.510067931984372933e+02 2.798342292880589071e+02 2.382631581637660361e+02
1.509874900284512762e+02 2.798338970483411572e+02 2.382883737242817688e+02
1.509681868584652591e+02 2.798335648086234073e+02 2.383135892847974731e+02
1.509488836884792420e+02 2.798332325689056006e+02 2.383388048453132058e+02
1.509295805184932249e+02 2.798329003291878507e+02 2.383640204058289385e+02
1.509102773485072362e+02 2.798325680894701009e+02 2.383892359663446427e+02
1.508909741785212191e+02 2.798322358497522941e+02 2.384144515268603755e+02
1.508716710085352020e+02 2.798319036100345443e+02 2.384396670873760797e+02
1.508523678385491849e+02 2.798315713703167944e+02 2.384648826478918124e+02
1.508330646685631677e+02 2.798312391305989877e+02 2.384900982084075451e+02
1.508137614985771506e+02 2.798309068908812378e+02 2.385153137689232494e+02
1.507944583285911619e+02 2.798305746511634879e+02 2.385405293294389821e+02
1.507751551586051448e+02 2.798302424114456812e+02 2.385657448899546864e+02
1.507558519886191277e+02 2.798299101717279314e+02 2.385909604504704191e+02
1.507558519886191277e+02 2.798299101717279314e+02 2.385909604504704191e+02
1.507442475531241541e+02 2.798410673049709771e+02 2.386188396762563286e+02
1.507326431176291806e+02 2.798522244382139661e+02 2.386467189020422381e+02
1.507210386821342070e+02 2.798633815714570119e+02 2.386745981278281761e+02
1.507094342466392334e+02 2.798745387047000577e+02 2.387024773536140856e+02
1.506978298111442882e+02 2.798856958379430466e+02 2.387303565793999951e+02
1.506862253756493146e+02 2.798968529711860924e+02 2.387582358051859046e+02
1.506746209401543410e+02 2.799080101044291382e+02 2.387861150309718425e+02
1.506630165046593675e+02 2.799191672376721272e+02 2.388139942567577521e+02
1.506514120691643939e+02 2.799303243709151729e+02 2.388418734825436616e+02
1.506398076336694203e+02 2.799414815041582187e+02 2.388697527083295711e+02
1.506282031981744467e+02 2.799526386374012077e+02 2.388976319341155090e+02
1.506165987626794731e+02 2.799637957706442535e+02 2.389255111599014185e+02
1.506049943271844995e+02 2.799749529038872424e+02 2.389533903856873280e+02
1.505933898916895544e+02 2.799861100371302882e+02 2.389812696114732375e+02
1.505817854561945808e+02 2.799972671703733340e+02 2.390091488372591471e+02
1.505701810206996072e+02 2.800084243036163230e+02 2.390370280630450850e+02
1.505585765852046336e+02 2.800195814368593688e+02 2.390649072888309945e+02
1.505469721497096600e+02 2.800307385701024145e+02 2.390927865146169040e+02
1.505353677142146864e+02 2.800418957033454035e+02 2.391206657404028135e+02
1.505237632787197128e+02 2.800530528365884493e+02 2.391485449661887515e+02
1.505121588432247393e+02 2.800642099698314951e+02 2.391764241919746610e+02
1.505005544077297941e+02 2.800753671030744840e+02 2.392043034177605705e+02
1.504889499722348205e+02 2.800865242363175298e+02 2.392321826435464800e+02
1.504773455367398469e+02 2.800976813695605756e+02 2.392600618693324179e+02
1.504657411012448733e+02 2.801088385028035646e+02 2.392879410951183274e+02
1.504541366657498997e+02 2.801199956360466103e+02 2.393158203209042370e+02
1.504541366657498997e+02 2.801199956360466103e+02 2.393158203209042370e+02
1.504286592339992694e+02 2.801092559835391285e+02 2.393305425259586059e+02
1.504031818022486391e+02 2.800985163310316466e+02 2.393452647310129748e+02
1.503777043704980088e+02 2.800877766785242216e+02 2.393599869360673722e+02
1.503522269387474068e+02 2.800770370260167397e+02 2.393747091411217411e+02
1.503267495069967765e+02 2.800662973735092578e+02 2.393894313461761101e+02
1.503012720752461462e+02 2.800555577210017759e+02 2.394041535512304790e+02
1.502757946434955159e+02 2.800448180684943509e+02 2.394188757562848764e+02
1.502503172117448855e+02 2.800340784159868690e+02 2.394335979613392453e+02
1.502248397799942552e+02 2.800233387634793871e+02 2.394483201663936143e+02
1.501993623482436533e+02 2.800125991109719052e+02 2.394630423714479832e+02
1.501738849164930230e+02 2.800018594584644234e+02 2.394777645765023522e+02
1.501484074847423926e+02 2.799911198059569983e+02 2.394924867815567495e+02
1.501229300529917623e+02 2.799803801534495165e+02 2.395072089866111185e+02
1.500974526212411320e+02 2.799696405009420346e+02 2.395219311916654874e+02
1.500719751894905016e+02 2.799589008484345527e+02 2.395366533967198563e+02
1.500464977577398997e+02 2.799481611959271277e+02 2.395513756017742537e+02
1.500210203259892694e+02 2.799374215434196458e+02 2.395660978068286227e+02
1.499955428942386391e+02 2.799266818909121639e+02 2.395808200118829916e+02
1.499700654624880087e+02 2.799159422384046820e+02 2.395955422169373605e+02
1.499445880307373784e+02 2.799052025858972570e+02 2.396102644219917579e+02
1.499191105989867481e+02 2.798944629333897751e+02 2.396249866270461268e+02
1.498936331672361462e+02 2.798837232808822932e+02 2.396397088321004958e+02
1.498681557354855158e+02 2.798729836283748114e+02 2.396544310371548647e+02
1.498426783037348855e+02 2.798622439758673295e+02 2.396691532422092337e+02
1.498172008719842552e+02 2.798515043233599044e+02 2.396838754472636310e+02
1.497917234402336248e+02 2.798407646708524226e+02 2.396985976523180000e+02
1.497662460084829945e+02 2.798300250183449407e+02 2.397133198573723689e+02
1.497407685767323926e+02 2.798192853658374588e+02 2.397280420624267379e+02
1.497152911449817623e+02 2.798085457133300338e+02 2.397427642674811352e+02
1.496898137132311319e+02 2.797978060608225519e+02 2.397574864725355042e+02
1.496643362814805016e+02 2.797870664083150700e+02 2.397722086775898731e+02
1.496643362814805016e+02 2.797870664083150700e+02 2.397722086775898731e+02
1.496495428011338902e+02 2.797613871014859797e+02 2.397820100047570975e+02
1.496347493207873072e+02 2.797357077946568893e+02 2.397918113319243503e+02
1.496199558404406957e+02 2.797100284878277989e+02 2.398016126590915746e+02
1.496051623600941127e+02 2.796843491809987654e+02 2.398114139862588274e+02
1.495903688797475013e+02 2.796586698741696750e+02 2.398212153134260518e+02
1.495755753994008899e+02 2.796329905673405847e+02 2.398310166405933046e+02
1.495607819190543069e+02 2.796073112605114943e+02 2.398408179677605290e+02
1.495459884387076954e+02 2.795816319536824039e+02 2.398506192949277818e+02
1.495311949583611124e+02 2.795559526468533136e+02 2.398604206220950061e+02
1.495164014780145010e+02 2.795302733400242232e+02 2.398702219492622589e+02
1.495016079976678895e+02 2.795045940331951897e+02 2.398800232764294833e+02
1.494868145173213065e+02 2.794789147263660993e+02 2.398898246035967361e+02
1.494720210369746951e+02 2.794532354195370090e+02 2.398996259307639605e+02
1.494572275566281121e+02 2.794275561127079186e+02 2.399094272579312133e+02
1.494424340762815007e+02 2.794018768058788282e+02 2.399192285850984376e+02
1.494276405959348892e+02 2.793761974990497379e+02 2.399290299122656904e+02
1.494128471155883062e+02 2.793505181922206475e+02 2.399388312394329148e+02
1.493980536352416948e+02 2.793248388853916140e+02 2.399486325666001676e+02
1.493832601548951118e+02 2.792991595785625236e+02 2.399584338937673920e+02
1.493684666745485004e+02 2.792734802717334333e+02 2.399682352209346448e+02
1.493536731942018889e+02 2.792478009649043429e+02 2.399780365481018691e+02
1.493388797138553059e+02 2.792221216580752525e+02 2.399878378752691219e+02
1.493240862335086945e+02 2.791964423512461622e+02 2.399976392024363463e+02
1.493092927531621115e+02 2.791707630444170718e+02 2.400074405296035991e+02
1.492944992728155000e+02 2.791450837375880383e+02 2.400172418567708235e+02
1.492797057924688886e+02 2.791194044307589479e+02 2.400270431839380763e+02
1.492649123121223056e+02 2.790937251239298575e+02 2.400368445111053006e+02
1.492501188317756942e+02 2.790680458171007672e+02 2.400466458382725534e+02
1.492353253514291112e+02 2.790423665102716768e+02 2.400564471654397778e+02
1.492205318710824997e+02 2.790166872034425865e+02 2.400662484926070306e+02
1.492057383907358883e+02 2.789910078966134961e+02 2.400760498197742550e+02
1.491909449103893053e+02 2.789653285897844626e+02 2.400858511469415077e+02
1.491761514300426938e+02 2.789396492829553722e+02 2.400956524741087321e+02
1.491613579496961108e+02 2.789139699761262818e+02 2.401054538012759849e+02
1.491465644693494994e+02 2.788882906692971915e+02 2.401152551284432093e+02
