2.809375074383490301e+02 1.981722309895062892e+02 8.872543134188654790e+01
2.809550021833067603e+02 1.981515812744806624e+02 8.871268777988109377e+01
2.809724969282644906e+02 1.981309315594550071e+02 8.869994421787562544e+01
2.809899916732222209e+02 1.981102818444293803e+02 8.868720065587017132e+01
2.810074864181799512e+02 1.980896321294037250e+02 8.867445709386470298e+01
2.810249811631376815e+02 1.980689824143780982e+02 8.866171353185924886e+01
2.810424759080954118e+02 1.980483326993524713e+02 8.864896996985378053e+01
2.810599706530531421e+02 1.980276829843268160e+02 8.863622640784832640e+01
2.810774653980108724e+02 1.980070332693011892e+02 8.862348284584285807e+01
2.810949601429686027e+02 1.979863835542755339e+02 8.861073928383740395e+01
2.811124548879263330e+02 1.979657338392499071e+02 8.859799572183194982e+01
2.811299496328840632e+02 1.979450841242242802e+02 8.858525215982648149e+01
2.811474443778417935e+02 1.979244344091986250e+02 8.857250859782102737e+01
2.811649391227995238e+02 1.979037846941729981e+02 8.855976503581555903e+01
2.811824338677572541e+02 1.978831349791473428e+02 8.854702147381010491e+01
2.811999286127149844e+02 1.978624852641217160e+02 8.853427791180463657e+01
2.812174233576727147e+02 1.978418355490960607e+02 8.852153434979918245e+01
2.812349181026305018e+02 1.978211858340704339e+02 8.850879078779372833e+01
2.812524128475882321e+02 1.978005361190448070e+02 8.849604722578825999e+01
2.812699075925459624e+02 1.977798864040191518e+02 8.848330366378280587e+01
2.812874023375036927e+02 1.977592366889935249e+02 8.847056010177733754e+01
2.813048970824614230e+02 1.977385869739678697e+02 8.845781653977188341e+01
2.813223918274191533e+02 1.977179372589422428e+02 8.844507297776641508e+01
2.813398865723768836e+02 1.976972875439166160e+02 8.843232941576096096e+01
2.813573813173346139e+02 1.976766378288909607e+02 8.841958585375550683e+01
2.813748760622923442e+02 1.976559881138653338e+02 8.840684229175003850e+01
2.813923708072500744e+02 1.976353383988396786e+02 8.839409872974458438e+01
2.814098655522078047e+02 1.976146886838140517e+02 8.838135516773911604e+01
2.814273602971655350e+02 1.975940389687884249e+02 8.836861160573366192e+01
2.814448550421232653e+02 1.975733892537627696e+02 8.835586804372819358e+01
2.814623497870809956e+02 1.975527395387371428e+02 8.834312448172273946e+01
2.814798445320387259e+02 1.975320898237114875e+02 8.833038091971727113e+01
2.814973392769964562e+02 1.975114401086858607e+02 8.831763735771181700e+01
2.814973392769964562e+02 1.975114401086858607e+02 8.831763735771181700e+01
2.815127952628292860e+02 1.974949804581248713e+02 8.829852918658656336e+01
2.815282512486621727e+02 1.974785208075638820e+02 8.827942101546130971e+01
2.815437072344950025e+02 1.974620611570028927e+02 8.826031284433605606e+01
2.815591632203278323e+02 1.974456015064419034e+02 8.824120467321080241e+01
2.815746192061606621e+02 1.974291418558809141e+02 8.822209650208554876e+01
2.815900751919935487e+02 1.974126822053199533e+02 8.820298833096029512e+01
2.816055311778263786e+02 1.973962225547589640e+02 8.818388015983504147e+01
2.816209871636592084e+02 1.973797629041979746e+02 8.816477198870978782e+01
2.816364431494920382e+02 1.973633032536369853e+02 8.814566381758453417e+01
2.816518991353249248e+02 1.973468436030759960e+02 8.812655564645928052e+01
2.816673551211577546e+02 1.973303839525150067e+02 8.810744747533402688e+01
2.816828111069905844e+02 1.973139243019540174e+02 8.808833930420877323e+01
2.816982670928234143e+02 1.972974646513930281e+02 8.806923113308351958e+01
2.817137230786563009e+02 1.972810050008320388e+02 8.805012296195826593e+01
2.817291790644891307e+02 1.972645453502710780e+02 8.803101479083301228e+01
2.817446350503219605e+02 1.972480856997100886e+02 8.801190661970777285e+01
2.817600910361548472e+02 1.972316260491490993e+02 8.799279844858251920e+01
2.817755470219876770e+02 1.972151663985881100e+02 8.797369027745726555e+01
2.817910030078205068e+02 1.971987067480271207e+02 8.795458210633201190e+01
2.818064589936533366e+02 1.971822470974661314e+02 8.793547393520675826e+01
2.818219149794862233e+02 1.971657874469051421e+02 8.791636576408150461e+01
2.818373709653190531e+02 1.971493277963441528e+02 8.789725759295625096e+01
2.818528269511518829e+02 1.971328681457831635e+02 8.787814942183099731e+01
2.818682829369847127e+02 1.971164084952221742e+02 8.785904125070574366e+01
2.818837389228175994e+02 1.970999488446611849e+02 8.783993307958049002e+01
2.818991949086504292e+02 1.970834891941002240e+02 8.782082490845523637e+01
2.819146508944832590e+02 1.970670295435392347e+02 8.780171673732998272e+01
2.819301068803160888e+02 1.970505698929782454e+02 8.778260856620472907e+01
2.819455628661489754e+02 1.970341102424172561e+02 8.776350039507947542e+01
2.819610188519818053e+02 1.970176505918562668e+02 8.774439222395422178e+01
2.819610188519818053e+02 1.970176505918562668e+02 8.774439222395422178e+01
2.819619466071903275e+02 1.969904925588229503e+02 8.774422917776875863e+01
2.819628743623987930e+02 1.969633345257896337e+02 8.774406613158330970e+01
2.819638021176073153e+02 1.969361764927563172e+02 8.774390308539784655e+01
2.819647298728157807e+02 1.969090184597230007e+02 8.774374003921238341e+01
2.819656576280243030e+02 1.968818604266897125e+02 8.774357699302692026e+01
2.819665853832327684e+02 1.968547023936563960e+02 8.774341394684145712e+01
2.819675131384412907e+02 1.968275443606230795e+02 8.774325090065600818e+01
2.819684408936497562e+02 1.968003863275897629e+02 8.774308785447054504e+01
2.819693686488582784e+02 1.967732282945564464e+02 8.774292480828508189e+01
2.819702964040667439e+02 1.967460702615231298e+02 8.774276176209963296e+01
2.819712241592752662e+02 1.967189122284898133e+02 8.774259871591416982e+01
2.819721519144837316e+02 1.966917541954564967e+02 8.774243566972870667e+01
2.819730796696922539e+02 1.966645961624231802e+02 8.774227262354324353e+01
2.819740074249007193e+02 1.966374381293898637e+02 8.774210957735778038e+01
2.819749351801092416e+02 1.966102800963565755e+02 8.774194653117233145e+01
2.819758629353177639e+02 1.965831220633232590e+02 8.774178348498686830e+01
2.819767906905262294e+02 1.965559640302899425e+02 8.774162043880140516e+01
2.819777184457347516e+02 1.965288059972566259e+02 8.774145739261595622e+01
2.819786462009432171e+02 1.965016479642233094e+02 8.774129434643049308e+01
2.819795739561517394e+02 1.964744899311899928e+02 8.774113130024502993e+01
2.819805017113602048e+02 1.964473318981566763e+02 8.774096825405956679e+01
2.819814294665687271e+02 1.964201738651233597e+02 8.774080520787410364e+01
2.819823572217771925e+02 1.963930158320900432e+02 8.774064216168865471e+01
2.819832849769857148e+02 1.963658577990567551e+02 8.774047911550319157e+01
2.819842127321941803e+02 1.963386997660234385e+02 8.774031606931772842e+01
2.819851404874027025e+02 1.963115417329901220e+02 8.774015302313227949e+01
2.819860682426111680e+02 1.962843836999568055e+02 8.773998997694681634e+01
2.819869959978196903e+02 1.962572256669234889e+02 8.773982693076135320e+01
2.819869959978196903e+02 1.962572256669234889e+02 8.773982693076135320e+01
2.819667710183509826e+02 1.962354638202231740e+02 8.773750254313648611e+01
2.819465460388822180e+02 1.962137019735228591e+02 8.773517815551163324e+01
2.819263210594135103e+02 1.961919401268225442e+02 8.773285376788678036e+01
2.819060960799448026e+02 1.961701782801222294e+02 8.773052938026191327e+01
2.818858711004760949e+02 1.961484164334219429e+02 8.772820499263704619e+01
2.818656461210073303e+02 1.961266545867216280e+02 8.772588060501219331e+01
2.818454211415386226e+02 1.961048927400213131e+02 8.772355621738734044e+01
2.818251961620699149e+02 1.960831308933209982e+02 8.772123182976247335e+01
2.818049711826011503e+02 1.960613690466206833e+02 8.771890744213760627e+01
2.817847462031324426e+02 1.960396071999203684e+02 8.771658305451275339e+01
2.817645212236637349e+02 1.960178453532200535e+02 8.771425866688790052e+01
2.817442962441949703e+02 1.959960835065197671e+02 8.771193427926303343e+01
2.817240712647262626e+02 1.959743216598194522e+02 8.770960989163816635e+01
2.817038462852575549e+02 1.959525598131191373e+02 8.770728550401331347e+01
2.816836213057888472e+02 1.959307979664188224e+02 8.770496111638846060e+01
2.816633963263200826e+02 1.959090361197185075e+02 8.770263672876359351e+01
2.816431713468513749e+02 1.958872742730181926e+02 8.770031234113872642e+01
2.816229463673826672e+02 1.958655124263178777e+02 8.769798795351387355e+01
2.816027213879139026e+02 1.958437505796175628e+02 8.769566356588902067e+01
2.815824964084451949e+02 1.958219887329172479e+02 8.769333917826415359e+01
2.815622714289764872e+02 1.958002268862169615e+02 8.769101479063928650e+01
2.815420464495077795e+02 1.957784650395166466e+02 8.768869040301443363e+01
2.815218214700390149e+02 1.957567031928163317e+02 8.768636601538958075e+01
2.815015964905703072e+02 1.957349413461160168e+02 8.768404162776471367e+01
2.815015964905703072e+02 1.957349413461160168e+02 8.768404162776471367e+01
2.814631346869919639e+02 1.957200383344487591e+02 8.770172369448705751e+01
2.814246728834136775e+02 1.957051353227815014e+02 8.771940576120941557e+01
2.813862110798353342e+02 1.956902323111142152e+02 8.773708782793175942e+01
2.813477492762569909e+02 1.956753292994469575e+02 8.775476989465411748e+01
2.813092874726787045e+02 1.956604262877796998e+02 8.777245196137646133e+01
2.812708256691003612e+02 1.956455232761124421e+02 8.779013402809880517e+01
2.812323638655220748e+02 1.956306202644451844e+02 8.780781609482116323e+01
2.811939020619437315e+02 1.956157172527779267e+02 8.782549816154350708e+01
2.811554402583653882e+02 1.956008142411106405e+02 8.784318022826586514e+01
2.811169784547871018e+02 1.955859112294433828e+02 8.786086229498820899e+01
2.810785166512087585e+02 1.955710082177761251e+02 8.787854436171056705e+01
2.810400548476304152e+02 1.955561052061088674e+02 8.789622642843291089e+01
2.810015930440521288e+02 1.955412021944416097e+02 8.791390849515525474e+01
2.809631312404737855e+02 1.955262991827743235e+02 8.793159056187761280e+01
2.809246694368954422e+02 1.955113961711070658e+02 8.794927262859995665e+01
2.808862076333171558e+02 1.954964931594398081e+02 8.796695469532231471e+01
2.808477458297388125e+02 1.954815901477725504e+02 8.798463676204465855e+01
2.808092840261605261e+02 1.954666871361052927e+02 8.800231882876700240e+01
2.807708222225821828e+02 1.954517841244380350e+02 8.802000089548936046e+01
2.807323604190038395e+02 1.954368811127707488e+02 8.803768296221170431e+01
2.806938986154255531e+02 1.954219781011034911e+02 8.805536502893406237e+01
2.806554368118472098e+02 1.954070750894362334e+02 8.807304709565640621e+01
2.806554368118472098e+02 1.954070750894362334e+02 8.807304709565640621e+01
2.806405041735375221e+02 1.954204890177167044e+02 8.809328516948993126e+01
2.806255715352277775e+02 1.954339029459972039e+02 8.811352324332345631e+01
2.806106388969180898e+02 1.954473168742776750e+02 8.813376131715698136e+01
2.805957062586083453e+02 1.954607308025581744e+02 8.815399939099052062e+01
2.805807736202986575e+02 1.954741447308386455e+02 8.817423746482404567e+01
2.805658409819889130e+02 1.954875586591191450e+02 8.819447553865757072e+01
2.805509083436792253e+02 1.955009725873996160e+02 8.821471361249109577e+01
2.805359757053694807e+02 1.955143865156800871e+02 8.823495168632462082e+01
2.805210430670597930e+02 1.955278004439605866e+02 8.825518976015814587e+01
2.805061104287500484e+02 1.955412143722410576e+02 8.827542783399167092e+01
2.804911777904403607e+02 1.955546283005215571e+02 8.829566590782519597e+01
2.804762451521306730e+02 1.955680422288020281e+02 8.831590398165873523e+01
2.804613125138209284e+02 1.955814561570824992e+02 8.833614205549226028e+01
2.804463798755112407e+02 1.955948700853629987e+02 8.835638012932578533e+01
2.804314472372014961e+02 1.956082840136434697e+02 8.837661820315931038e+01
2.804165145988918084e+02 1.956216979419239692e+02 8.839685627699283543e+01
2.804015819605820639e+02 1.956351118702044403e+02 8.841709435082636048e+01
2.803866493222723761e+02 1.956485257984849397e+02 8.843733242465988553e+01
2.803717166839626316e+02 1.956619397267654108e+02 8.845757049849341058e+01
2.803567840456529439e+02 1.956753536550458819e+02 8.847780857232694984e+01
2.803418514073432561e+02 1.956887675833263813e+02 8.849804664616047489e+01
2.803269187690335116e+02 1.957021815116068524e+02 8.851828471999399994e+01
2.803119861307238239e+02 1.957155954398873519e+02 8.853852279382752499e+01
2.802970534924140793e+02 1.957290093681678229e+02 8.855876086766105004e+01
2.802821208541043916e+02 1.957424232964482940e+02 8.857899894149457509e+01
2.802671882157946470e+02 1.957558372247287934e+02 8.859923701532810014e+01
2.802522555774849593e+02 1.957692511530092645e+02 8.861947508916162519e+01
2.802373229391752147e+02 1.957826650812897640e+02 8.863971316299516445e+01
2.802223903008655270e+02 1.957960790095702350e+02 8.865995123682868950e+01
2.802074576625557825e+02 1.958094929378507345e+02 8.868018931066221455e+01
2.801925250242460947e+02 1.958229068661312056e+02 8.870042738449573960e+01
2.801925250242460947e+02 1.958229068661312056e+02 8.870042738449573960e+01
2.801801861354000494e+02 1.958339908398141347e+02 8.871715017241240275e+01
2.801678472465540608e+02 1.958450748134970354e+02 8.873387296032906590e+01
2.801555083577080154e+02 1.958561587871799645e+02 8.875059574824571484e+01
2.801431694688619700e+02 1.958672427608628936e+02 8.876731853616237800e+01
2.801308305800159815e+02 1.958783267345457944e+02 8.878404132407904115e+01
2.801184916911699361e+02 1.958894107082287235e+02 8.880076411199570430e+01
2.801061528023238907e+02 1.959004946819116526e+02 8.881748689991235324e+01
2.800938139134779021e+02 1.959115786555945533e+02 8.883420968782901639e+01
2.800814750246318567e+02 1.959226626292774824e+02 8.885093247574567954e+01
2.800691361357858682e+02 1.959337466029604116e+02 8.886765526366234269e+01
2.800567972469398228e+02 1.959448305766433123e+02 8.888437805157900584e+01
2.800444583580937774e+02 1.959559145503262414e+02 8.890110083949565478e+01
2.800321194692477889e+02 1.959669985240091705e+02 8.891782362741231793e+01
2.800197805804017435e+02 1.959780824976920712e+02 8.893454641532898108e+01
2.800074416915556981e+02 1.959891664713750004e+02 8.895126920324564423e+01
2.799951028027097095e+02 1.960002504450579295e+02 8.896799199116230739e+01
2.799827639138636641e+02 1.960113344187408586e+02 8.898471477907895633e+01
2.799704250250176187e+02 1.960224183924237593e+02 8.900143756699561948e+01
2.799580861361716302e+02 1.960335023661066884e+02 8.901816035491228263e+01
2.799457472473255848e+02 1.960445863397896176e+02 8.903488314282894578e+01
2.799334083584795962e+02 1.960556703134725183e+02 8.905160593074560893e+01
2.799210694696335509e+02 1.960667542871554474e+02 8.906832871866225787e+01
2.799087305807875055e+02 1.960778382608383765e+02 8.908505150657892102e+01
2.798963916919415169e+02 1.960889222345212772e+02 8.910177429449558417e+01
2.798840528030954715e+02 1.961000062082042064e+02 8.911849708241224732e+01
2.798717139142494261e+02 1.961110901818871355e+02 8.913521987032889626e+01
2.798593750254034376e+02 1.961221741555700362e+02 8.915194265824555941e+01
2.798470361365573922e+02 1.961332581292529653e+02 8.916866544616222257e+01
2.798470361365573922e+02 1.961332581292529653e+02 8.916866544616222257e+01
2.798329933346086023e+02 1.961201395022040685e+02 8.918848880203366036e+01
2.798189505326597555e+02 1.961070208751551718e+02 8.920831215790509816e+01
2.798049077307109656e+02 1.960939022481062750e+02 8.922813551377653596e+01
2.797908649287621188e+02 1.960807836210573498e+02 8.924795886964797376e+01
2.797768221268133289e+02 1.960676649940084530e+02 8.926778222551942577e+01
2.797627793248644821e+02 1.960545463669595563e+02 8.928760558139086356e+01
2.797487365229156921e+02 1.960414277399106595e+02 8.930742893726230136e+01
2.797346937209668454e+02 1.960283091128617627e+02 8.932725229313373916e+01
2.797206509190180554e+02 1.960151904858128660e+02 8.934707564900517696e+01
2.797066081170692087e+02 1.960020718587639408e+02 8.936689900487661475e+01
2.796925653151204187e+02 1.959889532317150440e+02 8.938672236074805255e+01
2.796785225131716288e+02 1.959758346046661472e+02 8.940654571661949035e+01
2.796644797112227820e+02 1.959627159776172505e+02 8.942636907249092815e+01
2.796504369092739921e+02 1.959495973505683537e+02 8.944619242836236594e+01
2.796363941073251453e+02 1.959364787235194569e+02 8.946601578423380374e+01
2.796223513053763554e+02 1.959233600964705602e+02 8.948583914010525575e+01
2.796083085034275086e+02 1.959102414694216350e+02 8.950566249597669355e+01
2.795942657014787187e+02 1.958971228423727382e+02 8.952548585184813135e+01
2.795802228995298719e+02 1.958840042153238414e+02 8.954530920771956914e+01
2.795661800975810820e+02 1.958708855882749447e+02 8.956513256359100694e+01
2.795661800975810820e+02 1.958708855882749447e+02 8.956513256359100694e+01
2.795427990560782519e+02 1.958281715253564244e+02 8.958215538486312823e+01
2.795194180145754217e+02 1.957854574624378756e+02 8.959917820613524952e+01
2.794960369730725915e+02 1.957427433995193553e+02 8.961620102740737082e+01
2.794726559315697614e+02 1.957000293366008066e+02 8.963322384867949211e+01
2.794492748900669312e+02 1.956573152736822863e+02 8.965024666995161340e+01
2.794258938485641011e+02 1.956146012107637659e+02 8.966726949122373469e+01
2.794025128070612709e+02 1.955718871478452172e+02 8.968429231249585598e+01
2.793791317655584407e+02 1.955291730849266969e+02 8.970131513376797727e+01
2.793557507240556106e+02 1.954864590220081482e+02 8.971833795504008435e+01
2.793323696825527804e+02 1.954437449590896279e+02 8.973536077631220564e+01
2.793089886410499503e+02 1.954010308961710791e+02 8.975238359758432694e+01
2.792856075995471201e+02 1.953583168332525588e+02 8.976940641885644823e+01
2.792622265580442900e+02 1.953156027703340385e+02 8.978642924012856952e+01
2.792388455165414598e+02 1.952728887074154898e+02 8.980345206140069081e+01
2.792154644750386296e+02 1.952301746444969694e+02 8.982047488267281210e+01
2.791920834335357995e+02 1.951874605815784207e+02 8.983749770394493339e+01
2.791687023920329693e+02 1.951447465186599004e+02 8.985452052521705468e+01
2.791687023920329693e+02 1.951447465186599004e+02 8.985452052521705468e+01
2.791468806652338799e+02 1.951048811169678743e+02 8.987040807047911528e+01
2.791250589384347336e+02 1.950650157152758197e+02 8.988629561574117588e+01
2.791032372116355873e+02 1.950251503135837936e+02 8.990218316100325069e+01
2.790814154848364979e+02 1.949852849118917675e+02 8.991807070626531129e+01
2.790595937580374084e+02 1.949454195101997129e+02 8.993395825152737189e+01
2.790377720312382621e+02 1.949055541085076868e+02 8.994984579678944669e+01
2.790159503044391158e+02 1.948656887068156607e+02 8.996573334205150729e+01
2.789941285776400264e+02 1.948258233051236061e+02 8.998162088731356789e+01
2.789723068508409369e+02 1.947859579034315800e+02 8.999750843257562849e+01
2.789504851240417906e+02 1.947460925017395255e+02 9.001339597783768909e+01
2.789286633972426444e+02 1.947062271000474993e+02 9.002928352309976390e+01
2.789068416704435549e+02 1.946663616983554732e+02 9.004517106836182450e+01
2.788850199436444655e+02 1.946264962966634187e+02 9.006105861362388509e+01
2.788631982168453192e+02 1.945866308949713925e+02 9.007694615888595990e+01
2.788413764900461729e+02 1.945467654932793664e+02 9.009283370414802050e+01
2.788195547632470834e+02 1.945069000915873119e+02 9.010872124941008110e+01
2.787977330364479940e+02 1.944670346898952857e+02 9.012460879467214170e+01
2.787759113096488477e+02 1.944271692882032596e+02 9.014049633993420230e+01
2.787540895828497014e+02 1.943873038865112051e+02 9.015638388519627711e+01
2.787322678560506120e+02 1.943474384848191789e+02 9.017227143045833770e+01
2.787104461292515225e+02 1.943075730831271244e+02 9.018815897572039830e+01
2.786886244024523762e+02 1.942677076814350983e+02 9.020404652098247311e+01
2.786668026756532299e+02 1.942278422797430721e+02 9.021993406624453371e+01
2.786449809488541405e+02 1.941879768780510176e+02 9.023582161150659431e+01
2.786231592220550510e+02 1.941481114763589915e+02 9.025170915676865491e+01
2.786013374952559047e+02 1.941082460746669653e+02 9.026759670203071551e+01
2.785795157684567585e+02 1.940683806729749108e+02 9.028348424729279031e+01
2.785576940416576690e+02 1.940285152712828847e+02 9.029937179255485091e+01
2.785576940416576690e+02 1.940285152712828847e+02 9.029937179255485091e+01
2.785447244127819317e+02 1.940278521254390967e+02 9.031566547179775739e+01
2.785317547839061376e+02 1.940271889795953086e+02 9.033195915104067808e+01
2.785187851550304003e+02 1.940265258337515206e+02 9.034825283028358456e+01
2.785058155261546062e+02 1.940258626879077326e+02 9.036454650952649104e+01
2.784928458972788690e+02 1.940251995420639446e+02 9.038084018876939751e+01
2.784798762684031317e+02 1.940245363962201566e+02 9.039713386801231820e+01
2.784669066395273376e+02 1.940238732503763686e+02 9.041342754725522468e+01
2.784539370106516003e+02 1.940232101045325805e+02 9.042972122649813116e+01
2.784409673817758062e+02 1.940225469586887925e+02 9.044601490574105185e+01
2.784279977529000689e+02 1.940218838128450045e+02 9.046230858498395833e+01
2.784150281240243316e+02 1.940212206670012165e+02 9.047860226422686480e+01
2.784020584951485375e+02 1.940205575211574285e+02 9.049489594346977128e+01
2.783890888662728003e+02 1.940198943753136405e+02 9.051118962271269197e+01
2.783761192373970061e+02 1.940192312294698525e+02 9.052748330195559845e+01
2.783631496085212689e+02 1.940185680836260644e+02 9.054377698119850493e+01
2.783501799796455316e+02 1.940179049377822764e+02 9.056007066044141141e+01
2.783372103507697375e+02 1.940172417919384884e+02 9.057636433968433209e+01
2.783242407218940002e+02 1.940165786460947004e+02 9.059265801892723857e+01
2.783112710930182061e+02 1.940159155002509124e+02 9.060895169817014505e+01
2.782983014641424688e+02 1.940152523544071244e+02 9.062524537741306574e+01
2.782853318352667316e+02 1.940145892085633363e+02 9.064153905665597222e+01
2.782723622063909374e+02 1.940139260627195483e+02 9.065783273589887870e+01
2.782593925775152002e+02 1.940132629168757603e+02 9.067412641514178517e+01
2.782464229486394629e+02 1.940125997710319723e+02 9.069042009438470586e+01
2.782334533197636688e+02 1.940119366251881843e+02 9.070671377362761234e+01
2.782204836908879315e+02 1.940112734793443963e+02 9.072300745287051882e+01
2.782075140620121374e+02 1.940106103335006082e+02 9.073930113211343951e+01
2.781945444331364001e+02 1.940099471876568202e+02 9.075559481135634599e+01
2.781815748042606629e+02 1.940092840418130322e+02 9.077188849059925246e+01
2.781686051753848687e+02 1.940086208959692442e+02 9.078818216984215894e+01
2.781556355465091315e+02 1.940079577501254562e+02 9.080447584908507963e+01
2.781426659176333374e+02 1.940072946042816682e+02 9.082076952832798611e+01
2.781296962887576001e+02 1.940066314584378802e+02 9.083706320757089259e+01
2.781167266598818628e+02 1.940059683125940921e+02 9.085335688681379906e+01
2.781037570310060687e+02 1.940053051667503041e+02 9.086965056605671975e+01
2.780907874021303314e+02 1.940046420209065161e+02 9.088594424529962623e+01
2.780778177732545373e+02 1.940039788750627281e+02 9.090223792454253271e+01
2.780648481443788000e+02 1.940033157292189401e+02 9.091853160378545340e+01
2.780518785155030628e+02 1.940026525833751521e+02 9.093482528302835988e+01
2.780389088866272687e+02 1.940019894375313640e+02 9.095111896227126635e+01
2.780259392577515314e+02 1.940013262916875760e+02 9.096741264151417283e+01
2.780129696288757373e+02 1.940006631458437880e+02 9.098370632075709352e+01
2.780000000000000000e+02 1.940000000000000000e+02 9.100000000000000000e+01
2.780000000000000000e+02 1.940000000000000000e+02 9.100000000000000000e+01
2.780000000000000000e+02 1.940000000000000000e+02 9.100000000000000000e+01
2.780000000000000000e+02 1.940000000000000000e+02 9.100000000000000000e+01
2.780000000000000000e+02 1.940000000000000000e+02 9.100000000000000000e+01
2.780000000000000000e+02 1.940000000000000000e+02 9.100000000000000000e+01
2.780000000000000000e+02 1.940000000000000000e+02 9.100000000000000000e+01
2.780000000000000000e+02 1.940000000000000000e+02 9.100000000000000000e+01
2.780000000000000000e+02 1.940000000000000000e+02 9.100000000000000000e+01
2.780000000000000000e+02 1.940000000000000000e+02 9.100000000000000000e+01
2.780000000000000000e+02 1.940000000000000000e+02 9.100000000000000000e+01
2.780000000000000000e+02 1.940000000000000000e+02 9.100000000000000000e+01
2.780000000000000000e+02 1.940000000000000000e+02 9.100000000000000000e+01
2.780000000000000000e+02 1.940000000000000000e+02 9.100000000000000000e+01
2.780000000000000000e+02 1.940000000000000000e+02 9.100000000000000000e+01
2.780000000000000000e+02 1.940000000000000000e+02 9.100000000000000000e+01
2.780000000000000000e+02 1.940000000000000000e+02 9.100000000000000000e+01
2.780000000000000000e+02 1.940000000000000000e+02 9.100000000000000000e+01
2.780000000000000000e+02 1.940000000000000000e+02 9.100000000000000000e+01
2.780000000000000000e+02 1.940000000000000000e+02 9.100000000000000000e+01
2.780000000000000000e+02 1.940000000000000000e+02 9.100000000000000000e+01
2.780000000000000000e+02 1.940000000000000000e+02 9.100000000000000000e+01
2.780000000000000000e+02 1.940000000000000000e+02 9.100000000000000000e+01
2.780000000000000000e+02 1.940000000000000000e+02 9.100000000000000000e+01
2.780000000000000000e+02 1.940000000000000000e+02 9.100000000000000000e+01
2.780000000000000000e+02 1.940000000000000000e+02 9.100000000000000000e+01
2.780000000000000000e+02 1.940000000000000000e+02 9.100000000000000000e+01
2.780000000000000000e+02 1.940000000000000000e+02 9.100000000000000000e+01
2.780000000000000000e+02 1.940000000000000000e+02 9.100000000000000000e+01
2.780000000000000000e+02 1.940000000000000000e+02 9.100000000000000000e+01
2.780000000000000000e+02 1.940000000000000000e+02 9.100000000000000000e+01
2.779929651393699146e+02 1.939872182268362337e+02 9.102847821997744404e+01
2.779859302787398292e+02 1.939744364536724675e+02 9.105695643995488808e+01
2.779788954181098006e+02 1.939616546805087012e+02 9.108543465993234634e+01
2.779718605574797152e+02 1.939488729073449349e+02 9.111391287990979038e+01
2.779648256968496298e+02 1.939360911341811970e+02 9.114239109988723442e+01
2.779577908362195444e+02 1.939233093610174308e+02 9.117086931986467846e+01
2.779507559755894590e+02 1.939105275878536645e+02 9.119934753984213671e+01
2.779437211149594305e+02 1.938977458146898982e+02 9.122782575981958075e+01
2.779366862543293450e+02 1.938849640415261320e+02 9.125630397979702479e+01
2.779296513936992596e+02 1.938721822683623657e+02 9.128478219977446884e+01
2.779226165330691742e+02 1.938594004951985994e+02 9.131326041975191288e+01
2.779155816724391457e+02 1.938466187220348331e+02 9.134173863972937113e+01
2.779085468118090603e+02 1.938338369488710669e+02 9.137021685970681517e+01
2.779015119511789749e+02 1.938210551757073290e+02 9.139869507968425921e+01
2.778944770905488895e+02 1.938082734025435627e+02 9.142717329966170325e+01
2.778874422299188041e+02 1.937954916293797964e+02 9.145565151963914730e+01
2.778804073692887755e+02 1.937827098562160302e+02 9.148412973961660555e+01
2.778733725086586901e+02 1.937699280830522639e+02 9.151260795959404959e+01
2.778663376480286047e+02 1.937571463098884976e+02 9.154108617957149363e+01
2.778593027873985193e+02 1.937443645367247314e+02 9.156956439954893767e+01
2.778522679267684907e+02 1.937315827635609651e+02 9.159804261952638171e+01
2.778452330661384053e+02 1.937188009903971988e+02 9.162652083950383997e+01
2.778381982055083199e+02 1.937060192172334325e+02 9.165499905948128401e+01
2.778311633448782345e+02 1.936932374440696947e+02 9.168347727945872805e+01
2.778241284842481491e+02 1.936804556709059284e+02 9.171195549943617209e+01
2.778170936236181205e+02 1.936676738977421621e+02 9.174043371941363034e+01
2.778100587629880351e+02 1.936548921245783959e+02 9.176891193939107438e+01
2.778030239023579497e+02 1.936421103514146296e+02 9.179739015936851843e+01
2.778030239023579497e+02 1.936421103514146296e+02 9.179739015936851843e+01
2.777764365691267585e+02 1.936309028355708790e+02 9.181275372409159274e+01
2.777498492358956241e+02 1.936196953197271569e+02 9.182811728881465285e+01
2.777232619026644329e+02 1.936084878038834063e+02 9.184348085353772717e+01
2.776966745694332985e+02 1.935972802880396557e+02 9.185884441826078728e+01
2.776700872362021073e+02 1.935860727721959051e+02 9.187420798298386160e+01
2.776434999029709161e+02 1.935748652563521830e+02 9.188957154770692171e+01
2.776169125697397817e+02 1.935636577405084324e+02 9.190493511242999602e+01
2.775903252365085905e+02 1.935524502246646819e+02 9.192029867715305613e+01
2.775637379032774561e+02 1.935412427088209597e+02 9.193566224187613045e+01
2.775371505700462649e+02 1.935300351929772091e+02 9.195102580659920477e+01
2.775105632368150737e+02 1.935188276771334586e+02 9.196638937132226488e+01
2.774839759035839393e+02 1.935076201612897080e+02 9.198175293604533920e+01
2.774573885703527480e+02 1.934964126454459858e+02 9.199711650076839931e+01
2.774308012371215568e+02 1.934852051296022353e+02 9.201248006549147362e+01
2.774042139038904224e+02 1.934739976137584847e+02 9.202784363021453373e+01
2.773776265706592312e+02 1.934627900979147341e+02 9.204320719493760805e+01
2.773510392374280968e+02 1.934515825820710120e+02 9.205857075966066816e+01
2.773244519041969056e+02 1.934403750662272614e+02 9.207393432438374248e+01
2.773244519041969056e+02 1.934403750662272614e+02 9.207393432438374248e+01
2.772987497292799048e+02 1.934295406764034908e+02 9.208878639790415832e+01
2.772730475543628472e+02 1.934187062865797202e+02 9.210363847142458837e+01
2.772473453794458464e+02 1.934078718967559212e+02 9.211849054494500422e+01
2.772216432045287888e+02 1.933970375069321506e+02 9.213334261846543427e+01
2.771959410296117881e+02 1.933862031171083800e+02 9.214819469198585011e+01
2.771702388546947873e+02 1.933753687272845809e+02 9.216304676550628017e+01
2.771445366797777297e+02 1.933645343374608103e+02 9.217789883902669601e+01
2.771188345048607289e+02 1.933536999476370397e+02 9.219275091254712606e+01
2.770931323299436713e+02 1.933428655578132691e+02 9.220760298606754191e+01
2.770674301550266705e+02 1.933320311679894985e+02 9.222245505958795775e+01
2.770417279801096697e+02 1.933211967781656995e+02 9.223730713310838780e+01
2.770160258051926121e+02 1.933103623883419289e+02 9.225215920662880364e+01
2.769903236302756113e+02 1.932995279985181583e+02 9.226701128014923370e+01
2.769646214553585537e+02 1.932886936086943592e+02 9.228186335366964954e+01
2.769389192804415529e+02 1.932778592188705886e+02 9.229671542719007959e+01
2.769132171055245522e+02 1.932670248290468180e+02 9.231156750071049544e+01
2.768875149306074945e+02 1.932561904392230474e+02 9.232641957423092549e+01
2.768618127556904938e+02 1.932453560493992768e+02 9.234127164775134133e+01
2.768361105807734361e+02 1.932345216595754778e+02 9.235612372127177139e+01
2.768104084058564354e+02 1.932236872697517072e+02 9.237097579479218723e+01
2.768104084058564354e+02 1.932236872697517072e+02 9.237097579479218723e+01
2.767853719461671744e+02 1.932085179658315042e+02 9.235902366768122818e+01
2.767603354864778566e+02 1.931933486619112728e+02 9.234707154057026912e+01
2.767352990267885957e+02 1.931781793579910413e+02 9.233511941345931007e+01
2.767102625670993348e+02 1.931630100540708384e+02 9.232316728634835101e+01
2.766852261074100738e+02 1.931478407501506354e+02 9.231121515923739196e+01
2.766601896477207561e+02 1.931326714462304039e+02 9.229926303212643290e+01
2.766351531880314951e+02 1.931175021423101725e+02 9.228731090501547385e+01
2.766101167283422342e+02 1.931023328383899695e+02 9.227535877790452901e+01
2.765850802686529732e+02 1.930871635344697665e+02 9.226340665079356995e+01
2.765600438089636555e+02 1.930719942305495351e+02 9.225145452368261090e+01
2.765350073492743945e+02 1.930568249266293037e+02 9.223950239657165184e+01
2.765099708895851336e+02 1.930416556227091007e+02 9.222755026946069279e+01
2.764849344298958727e+02 1.930264863187888977e+02 9.221559814234973373e+01
2.764598979702065549e+02 1.930113170148686663e+02 9.220364601523877468e+01
2.764348615105172939e+02 1.929961477109484349e+02 9.219169388812781563e+01
2.764098250508280330e+02 1.929809784070282319e+02 9.217974176101685657e+01
2.763847885911387152e+02 1.929658091031080289e+02 9.216778963390589752e+01
2.763597521314494543e+02 1.929506397991877975e+02 9.215583750679493846e+01
2.763347156717601933e+02 1.929354704952675661e+02 9.214388537968397941e+01
2.763096792120709324e+02 1.929203011913473631e+02 9.213193325257302035e+01
2.762846427523816146e+02 1.929051318874271601e+02 9.211998112546206130e+01
2.762596062926923537e+02 1.928899625835069287e+02 9.210802899835110225e+01
2.762345698330030928e+02 1.928747932795866973e+02 9.209607687124015740e+01
2.762095333733138318e+02 1.928596239756664943e+02 9.208412474412919835e+01
2.761844969136245140e+02 1.928444546717462913e+02 9.207217261701823929e+01
2.761594604539352531e+02 1.928292853678260599e+02 9.206022048990728024e+01
2.761344239942459922e+02 1.928141160639058285e+02 9.204826836279632118e+01
2.761093875345567312e+02 1.927989467599856255e+02 9.203631623568536213e+01
2.760843510748674134e+02 1.927837774560654225e+02 9.202436410857440308e+01
2.760593146151781525e+02 1.927686081521451911e+02 9.201241198146344402e+01
2.760593146151781525e+02 1.927686081521451911e+02 9.201241198146344402e+01
2.760542308149194355e+02 1.927677088994614394e+02 9.198188373435226595e+01
2.760491470146607185e+02 1.927668096467776877e+02 9.195135548724107366e+01
2.760440632144020014e+02 1.927659103940939076e+02 9.192082724012989559e+01
2.760389794141432844e+02 1.927650111414101559e+02 9.189029899301870330e+01
2.760338956138845674e+02 1.927641118887264042e+02 9.185977074590752522e+01
2.760288118136258504e+02 1.927632126360426525e+02 9.182924249879633294e+01
2.760237280133671334e+02 1.927623133833589009e+02 9.179871425168515486e+01
2.760186442131084164e+02 1.927614141306751492e+02 9.176818600457397679e+01
2.760135604128497562e+02 1.927605148779913691e+02 9.173765775746278450e+01
2.760084766125910392e+02 1.927596156253076174e+02 9.170712951035160643e+01
2.760033928123323221e+02 1.927587163726238657e+02 9.167660126324041414e+01
2.759983090120736051e+02 1.927578171199401140e+02 9.164607301612923607e+01
2.759932252118148881e+02 1.927569178672563623e+02 9.161554476901804378e+01
2.759881414115561711e+02 1.927560186145726107e+02 9.158501652190686571e+01
2.759830576112974541e+02 1.927551193618888306e+02 9.155448827479568763e+01
2.759779738110387370e+02 1.927542201092050789e+02 9.152396002768449534e+01
2.759728900107800200e+02 1.927533208565213272e+02 9.149343178057331727e+01
2.759678062105213030e+02 1.927524216038375755e+02 9.146290353346212498e+01
2.759627224102625860e+02 1.927515223511538238e+02 9.143237528635094691e+01
2.759576386100038690e+02 1.927506230984700721e+02 9.140184703923975462e+01
2.759525548097451519e+02 1.927497238457862920e+02 9.137131879212857655e+01
2.759474710094864349e+02 1.927488245931025403e+02 9.134079054501739847e+01
2.759423872092277179e+02 1.927479253404187887e+02 9.131026229790620619e+01
2.759373034089690009e+02 1.927470260877350370e+02 9.127973405079502811e+01
2.759322196087102839e+02 1.927461268350512853e+02 9.124920580368383582e+01
2.759271358084515668e+02 1.927452275823675336e+02 9.121867755657265775e+01
2.759220520081929067e+02 1.927443283296837535e+02 9.118814930946146546e+01
2.759169682079341896e+02 1.927434290770000018e+02 9.115762106235028739e+01
2.759118844076754726e+02 1.927425298243162501e+02 9.112709281523910931e+01
2.759068006074167556e+02 1.927416305716324985e+02 9.109656456812791703e+01
2.759017168071580386e+02 1.927407313189487468e+02 9.106603632101673895e+01
2.758966330068993216e+02 1.927398320662649951e+02 9.103550807390554667e+01
2.758915492066406046e+02 1.927389328135812150e+02 9.100497982679436859e+01
2.758864654063818875e+02 1.927380335608974633e+02 9.097445157968317631e+01
2.758813816061231705e+02 1.927371343082137116e+02 9.094392333257199823e+01
2.758813816061231705e+02 1.927371343082137116e+02 9.094392333257199823e+01
2.758977735446835595e+02 1.927224094964512631e+02 9.092170748189781193e+01
2.759141654832440054e+02 1.927076846846887861e+02 9.089949163122362563e+01
2.759305574218043944e+02 1.926929598729263375e+02 9.087727578054942512e+01
2.759469493603648402e+02 1.926782350611638606e+02 9.085505992987523882e+01
2.759633412989252292e+02 1.926635102494014120e+02 9.083284407920105252e+01
2.759797332374856751e+02 1.926487854376389350e+02 9.081062822852686622e+01
2.759961251760460641e+02 1.926340606258764865e+02 9.078841237785267992e+01
2.760125171146064531e+02 1.926193358141140095e+02 9.076619652717847941e+01
2.760289090531668990e+02 1.926046110023515610e+02 9.074398067650429311e+01
2.760453009917272880e+02 1.925898861905890840e+02 9.072176482583010682e+01
2.760616929302877338e+02 1.925751613788266354e+02 9.069954897515592052e+01
2.760780848688481228e+02 1.925604365670641585e+02 9.067733312448173422e+01
2.760944768074085687e+02 1.925457117553017099e+02 9.065511727380754792e+01
2.761108687459689577e+02 1.925309869435392613e+02 9.063290142313334741e+01
2.761272606845293467e+02 1.925162621317767844e+02 9.061068557245916111e+01
2.761436526230897925e+02 1.925015373200143358e+02 9.058846972178497481e+01
2.761600445616501815e+02 1.924868125082518588e+02 9.056625387111078851e+01
2.761764365002106274e+02 1.924720876964894103e+02 9.054403802043660221e+01
2.761928284387710164e+02 1.924573628847269333e+02 9.052182216976240170e+01
2.762092203773314054e+02 1.924426380729644848e+02 9.049960631908821540e+01
2.762256123158918513e+02 1.924279132612020078e+02 9.047739046841402910e+01
2.762420042544522403e+02 1.924131884494395592e+02 9.045517461773984280e+01
2.762583961930126861e+02 1.923984636376770823e+02 9.043295876706565650e+01
2.762747881315730751e+02 1.923837388259146337e+02 9.041074291639145599e+01
2.762911800701335210e+02 1.923690140141521567e+02 9.038852706571726969e+01
2.763075720086939100e+02 1.923542892023897082e+02 9.036631121504308339e+01
2.763075720086939100e+02 1.923542892023897082e+02 9.036631121504308339e+01
2.763363994395042482e+02 1.923405459476273336e+02 9.036739766172001964e+01
2.763652268703145296e+02 1.923268026928649590e+02 9.036848410839695589e+01
2.763940543011248678e+02 1.923130594381025560e+02 9.036957055507389214e+01
2.764228817319351492e+02 1.922993161833401814e+02 9.037065700175082839e+01
2.764517091627454874e+02 1.922855729285778068e+02 9.037174344842776463e+01
2.764805365935557688e+02 1.922718296738154322e+02 9.037282989510470088e+01
2.765093640243661071e+02 1.922580864190530576e+02 9.037391634178163713e+01
2.765381914551764453e+02 1.922443431642906830e+02 9.037500278845855917e+01
2.765670188859867267e+02 1.922305999095282800e+02 9.037608923513549541e+01
2.765958463167970649e+02 1.922168566547659054e+02 9.037717568181243166e+01
2.766246737476073463e+02 1.922031134000035308e+02 9.037826212848936791e+01
2.766535011784176845e+02 1.921893701452411563e+02 9.037934857516630416e+01
2.766823286092279659e+02 1.921756268904787817e+02 9.038043502184324041e+01
2.767111560400383041e+02 1.921618836357163786e+02 9.038152146852017665e+01
2.767399834708486424e+02 1.921481403809540041e+02 9.038260791519711290e+01
2.767688109016589237e+02 1.921343971261916295e+02 9.038369436187404915e+01
2.767976383324692620e+02 1.921206538714292549e+02 9.038478080855098540e+01
2.768264657632795434e+02 1.921069106166668803e+02 9.038586725522792165e+01
2.768552931940898816e+02 1.920931673619045057e+02 9.038695370190485789e+01
2.768841206249001630e+02 1.920794241071421027e+02 9.038804014858179414e+01
2.769129480557105012e+02 1.920656808523797281e+02 9.038912659525871618e+01
2.769417754865208394e+02 1.920519375976173535e+02 9.039021304193565243e+01
2.769706029173311208e+02 1.920381943428549789e+02 9.039129948861258868e+01
2.769994303481414590e+02 1.920244510880926043e+02 9.039238593528952492e+01
2.770282577789517404e+02 1.920107078333302297e+02 9.039347238196646117e+01
2.770570852097620786e+02 1.919969645785678267e+02 9.039455882864339742e+01
2.770859126405723600e+02 1.919832213238054521e+02 9.039564527532033367e+01
2.771147400713826983e+02 1.919694780690430775e+02 9.039673172199726991e+01
2.771147400713826983e+02 1.919694780690430775e+02 9.039673172199726991e+01
2.771463961992133704e+02 1.919690962835772154e+02 9.039451018244234604e+01
2.771780523270439858e+02 1.919687144981113534e+02 9.039228864288742216e+01
2.772097084548746579e+02 1.919683327126454913e+02 9.039006710333249828e+01
2.772413645827052733e+02 1.919679509271796292e+02 9.038784556377757440e+01
2.772730207105359455e+02 1.919675691417137671e+02 9.038562402422265052e+01
2.773046768383666176e+02 1.919671873562479050e+02 9.038340248466772664e+01
2.773363329661972330e+02 1.919668055707820429e+02 9.038118094511280276e+01
2.773679890940279051e+02 1.919664237853161808e+02 9.037895940555786467e+01
2.773996452218585205e+02 1.919660419998503187e+02 9.037673786600294079e+01
2.774313013496891926e+02 1.919656602143844566e+02 9.037451632644801691e+01
2.774629574775198080e+02 1.919652784289185945e+02 9.037229478689309303e+01
2.774946136053504802e+02 1.919648966434527324e+02 9.037007324733816915e+01
2.775262697331811523e+02 1.919645148579868703e+02 9.036785170778324527e+01
2.775579258610117677e+02 1.919641330725210082e+02 9.036563016822832139e+01
2.775895819888424398e+02 1.919637512870551461e+02 9.036340862867339752e+01
2.776212381166730552e+02 1.919633695015892840e+02 9.036118708911847364e+01
2.776528942445037274e+02 1.919629877161234219e+02 9.035896554956354976e+01
2.776845503723343995e+02 1.919626059306575598e+02 9.035674401000862588e+01
2.777162065001650149e+02 1.919622241451916977e+02 9.035452247045370200e+01
2.777478626279956870e+02 1.919618423597258356e+02 9.035230093089877812e+01
2.777795187558263024e+02 1.919614605742599736e+02 9.035007939134385424e+01
2.778111748836569745e+02 1.919610787887941115e+02 9.034785785178891615e+01
2.778428310114875899e+02 1.919606970033282494e+02 9.034563631223399227e+01
2.778744871393182621e+02 1.919603152178623873e+02 9.034341477267906839e+01
2.779061432671489342e+02 1.919599334323965252e+02 9.034119323312414451e+01
2.779377993949795496e+02 1.919595516469306631e+02 9.033897169356922063e+01
2.779694555228102217e+02 1.919591698614648010e+02 9.033675015401429675e+01
2.780011116506408371e+02 1.919587880759989389e+02 9.033452861445937287e+01
2.780327677784715092e+02 1.919584062905330768e+02 9.033230707490444900e+01
2.780327677784715092e+02 1.919584062905330768e+02 9.033230707490444900e+01
2.780637223489084704e+02 1.919580329661278313e+02 9.033013476870833358e+01
2.780946769193453747e+02 1.919576596417225858e+02 9.032796246251223238e+01
2.781256314897823358e+02 1.919572863173173403e+02 9.032579015631611696e+01
2.781565860602192402e+02 1.919569129929120948e+02 9.032361785012001576e+01
2.781875406306562013e+02 1.919565396685068492e+02 9.032144554392390035e+01
2.782184952010931056e+02 1.919561663441016037e+02 9.031927323772778493e+01
2.782494497715300668e+02 1.919557930196963582e+02 9.031710093153168373e+01
2.782804043419669711e+02 1.919554196952911127e+02 9.031492862533556831e+01
2.783113589124039322e+02 1.919550463708858672e+02 9.031275631913946711e+01
2.783423134828408365e+02 1.919546730464805933e+02 9.031058401294335169e+01
2.783732680532777977e+02 1.919542997220753477e+02 9.030841170674723628e+01
2.784042226237147020e+02 1.919539263976701022e+02 9.030623940055113508e+01
2.784351771941516631e+02 1.919535530732648567e+02 9.030406709435501966e+01
2.784661317645886243e+02 1.919531797488596112e+02 9.030189478815891846e+01
2.784970863350255286e+02 1.919528064244543657e+02 9.029972248196280304e+01
2.785280409054624897e+02 1.919524331000491202e+02 9.029755017576668763e+01
2.785589954758993940e+02 1.919520597756438747e+02 9.029537786957058643e+01
2.785899500463363552e+02 1.919516864512386292e+02 9.029320556337447101e+01
2.786209046167732595e+02 1.919513131268333836e+02 9.029103325717836981e+01
2.786518591872102206e+02 1.919509398024281381e+02 9.028886095098225439e+01
2.786828137576471249e+02 1.919505664780228926e+02 9.028668864478615319e+01
2.787137683280840861e+02 1.919501931536176471e+02 9.028451633859003778e+01
2.787447228985209904e+02 1.919498198292124016e+02 9.028234403239392236e+01
2.787756774689579515e+02 1.919494465048071561e+02 9.028017172619782116e+01
2.788066320393949127e+02 1.919490731804019106e+02 9.027799942000170574e+01
2.788375866098318170e+02 1.919486998559966651e+02 9.027582711380560454e+01
2.788685411802687781e+02 1.919483265315914196e+02 9.027365480760948913e+01
2.788994957507056824e+02 1.919479532071861456e+02 9.027148250141337371e+01
2.789304503211426436e+02 1.919475798827809001e+02 9.026931019521727251e+01
2.789614048915795479e+02 1.919472065583756546e+02 9.026713788902115709e+01
2.789923594620165090e+02 1.919468332339704091e+02 9.026496558282505589e+01
2.790233140324534133e+02 1.919464599095651636e+02 9.026279327662894048e+01
2.790542686028903745e+02 1.919460865851599181e+02 9.026062097043282506e+01
2.790852231733272788e+02 1.919457132607546725e+02 9.025844866423672386e+01
2.791161777437642399e+02 1.919453399363494270e+02 9.025627635804060844e+01
2.791471323142011443e+02 1.919449666119441815e+02 9.025410405184450724e+01
2.791780868846381054e+02 1.919445932875389360e+02 9.025193174564839182e+01
2.791780868846381054e+02 1.919445932875389360e+02 9.025193174564839182e+01
2.792070128892068510e+02 1.919308030384993344e+02 9.025302190736788077e+01
2.792359388937755966e+02 1.919170127894597613e+02 9.025411206908736972e+01
2.792648648983442854e+02 1.919032225404201597e+02 9.025520223080687288e+01
2.792937909029130310e+02 1.918894322913805581e+02 9.025629239252636182e+01
2.793227169074817766e+02 1.918756420423409566e+02 9.025738255424585077e+01
2.793516429120505222e+02 1.918618517933013834e+02 9.025847271596535393e+01
2.793805689166192678e+02 1.918480615442617818e+02 9.025956287768484287e+01
2.794094949211880134e+02 1.918342712952221802e+02 9.026065303940433182e+01
2.794384209257567022e+02 1.918204810461826071e+02 9.026174320112382077e+01
2.794673469303254478e+02 1.918066907971430055e+02 9.026283336284330971e+01
2.794962729348941934e+02 1.917929005481034039e+02 9.026392352456281287e+01
2.795251989394629391e+02 1.917791102990638024e+02 9.026501368628230182e+01
2.795541249440316847e+02 1.917653200500242292e+02 9.026610384800179077e+01
2.795830509486004303e+02 1.917515298009846276e+02 9.026719400972129392e+01
2.796119769531691190e+02 1.917377395519450261e+02 9.026828417144078287e+01
2.796409029577378647e+02 1.917239493029054529e+02 9.026937433316027182e+01
2.796698289623066103e+02 1.917101590538658513e+02 9.027046449487976076e+01
2.796987549668753559e+02 1.916963688048262497e+02 9.027155465659924971e+01
2.797276809714441015e+02 1.916825785557866482e+02 9.027264481831875287e+01
2.797566069760127903e+02 1.916687883067470750e+02 9.027373498003824182e+01
2.797855329805815359e+02 1.916549980577074734e+02 9.027482514175773076e+01
2.798144589851502815e+02 1.916412078086678719e+02 9.027591530347723392e+01
2.798433849897190271e+02 1.916274175596282987e+02 9.027700546519672287e+01
2.798723109942877727e+02 1.916136273105886971e+02 9.027809562691621181e+01
2.799012369988565183e+02 1.915998370615490956e+02 9.027918578863570076e+01
2.799301630034252071e+02 1.915860468125094940e+02 9.028027595035518971e+01
2.799590890079939527e+02 1.915722565634699208e+02 9.028136611207469286e+01
2.799880150125626983e+02 1.915584663144303192e+02 9.028245627379418181e+01
2.799880150125626983e+02 1.915584663144303192e+02 9.028245627379418181e+01
2.800165613742512392e+02 1.915448570571986977e+02 9.028353212755303048e+01
2.800451077359397800e+02 1.915312477999670477e+02 9.028460798131186493e+01
2.800736540976283209e+02 1.915176385427354262e+02 9.028568383507071360e+01
2.801022004593168617e+02 1.915040292855037762e+02 9.028675968882956226e+01
2.801307468210054026e+02 1.914904200282721547e+02 9.028783554258841093e+01
2.801592931826939434e+02 1.914768107710405332e+02 9.028891139634724539e+01
2.801878395443824843e+02 1.914632015138088832e+02 9.028998725010609405e+01
2.802163859060710820e+02 1.914495922565772617e+02 9.029106310386494272e+01
2.802449322677596228e+02 1.914359829993456117e+02 9.029213895762379138e+01
2.802734786294481637e+02 1.914223737421139901e+02 9.029321481138262584e+01
2.803020249911367046e+02 1.914087644848823402e+02 9.029429066514147451e+01
2.803305713528252454e+02 1.913951552276507186e+02 9.029536651890032317e+01
2.803591177145137863e+02 1.913815459704190971e+02 9.029644237265915763e+01
2.803876640762023271e+02 1.913679367131874471e+02 9.029751822641800629e+01
2.804162104378908680e+02 1.913543274559558256e+02 9.029859408017685496e+01
2.804447567995794088e+02 1.913407181987241756e+02 9.029966993393570363e+01
2.804733031612679497e+02 1.913271089414925541e+02 9.030074578769453808e+01
2.805018495229564905e+02 1.913134996842609326e+02 9.030182164145338675e+01
2.805303958846450314e+02 1.912998904270292826e+02 9.030289749521223541e+01
2.805589422463335723e+02 1.912862811697976611e+02 9.030397334897106987e+01
2.805874886080221131e+02 1.912726719125660111e+02 9.030504920272991853e+01
2.806160349697107108e+02 1.912590626553343895e+02 9.030612505648876720e+01
2.806445813313992517e+02 1.912454533981027396e+02 9.030720091024761587e+01
2.806731276930877925e+02 1.912318441408711180e+02 9.030827676400645032e+01
2.807016740547763334e+02 1.912182348836394965e+02 9.030935261776529899e+01
2.807302204164648742e+02 1.912046256264078465e+02 9.031042847152414765e+01
2.807587667781534151e+02 1.911910163691762250e+02 9.031150432528299632e+01
2.807873131398419559e+02 1.911774071119445750e+02 9.031258017904183077e+01
2.808158595015304968e+02 1.911637978547129535e+02 9.031365603280067944e+01
2.808158595015304968e+02 1.911637978547129535e+02 9.031365603280067944e+01
2.808475192710962460e+02 1.911634160253263133e+02 9.031143423767885281e+01
2.808791790406619953e+02 1.911630341959397015e+02 9.030921244255702618e+01
2.809108388102277445e+02 1.911626523665530613e+02 9.030699064743518534e+01
2.809424985797934937e+02 1.911622705371664210e+02 9.030476885231335871e+01
2.809741583493592429e+02 1.911618887077797808e+02 9.030254705719153208e+01
2.810058181189249922e+02 1.911615068783931690e+02 9.030032526206970545e+01
2.810374778884907414e+02 1.911611250490065288e+02 9.029810346694787881e+01
2.810691376580564906e+02 1.911607432196198886e+02 9.029588167182605218e+01
2.811007974276222399e+02 1.911603613902332768e+02 9.029365987670422555e+01
2.811324571971879891e+02 1.911599795608466366e+02 9.029143808158238471e+01
2.811641169667537383e+02 1.911595977314599963e+02 9.028921628646055808e+01
2.811957767363195444e+02 1.911592159020733561e+02 9.028699449133873145e+01
2.812274365058852936e+02 1.911588340726867443e+02 9.028477269621690482e+01
2.812590962754510429e+02 1.911584522433001041e+02 9.028255090109507819e+01
2.812907560450167921e+02 1.911580704139134639e+02 9.028032910597323735e+01
2.813224158145825413e+02 1.911576885845268521e+02 9.027810731085141072e+01
2.813540755841482905e+02 1.911573067551402119e+02 9.027588551572958409e+01
2.813857353537140398e+02 1.911569249257535716e+02 9.027366372060775745e+01
2.814173951232797890e+02 1.911565430963669598e+02 9.027144192548593082e+01
2.814490548928455382e+02 1.911561612669803196e+02 9.026922013036410419e+01
2.814807146624112875e+02 1.911557794375936794e+02 9.026699833524227756e+01
2.815123744319770367e+02 1.911553976082070392e+02 9.026477654012043672e+01
2.815440342015427859e+02 1.911550157788204274e+02 9.026255474499861009e+01
2.815756939711085352e+02 1.911546339494337872e+02 9.026033294987678346e+01
2.815756939711085352e+02 1.911546339494337872e+02 9.026033294987678346e+01
2.815926855176693380e+02 1.911803720225332768e+02 9.025423394364577234e+01
2.816096770642301976e+02 1.912061100956327664e+02 9.024813493741476123e+01
2.816266686107910004e+02 1.912318481687322560e+02 9.024203593118373590e+01
2.816436601573518033e+02 1.912575862418317172e+02 9.023593692495272478e+01
2.816606517039126061e+02 1.912833243149312068e+02 9.022983791872171366e+01
2.816776432504734657e+02 1.913090623880306964e+02 9.022373891249070255e+01
2.816946347970342686e+02 1.913348004611301860e+02 9.021763990625967722e+01
2.817116263435950714e+02 1.913605385342296756e+02 9.021154090002866610e+01
2.817286178901558742e+02 1.913862766073291652e+02 9.020544189379765498e+01
2.817456094367167339e+02 1.914120146804286264e+02 9.019934288756664387e+01
2.817626009832775367e+02 1.914377527535281160e+02 9.019324388133561854e+01
2.817795925298383395e+02 1.914634908266276057e+02 9.018714487510460742e+01
2.817965840763991991e+02 1.914892288997270953e+02 9.018104586887359631e+01
2.818135756229600020e+02 1.915149669728265849e+02 9.017494686264258519e+01
2.818305671695208048e+02 1.915407050459260745e+02 9.016884785641157407e+01
2.818475587160816076e+02 1.915664431190255641e+02 9.016274885018054874e+01
2.818645502626424673e+02 1.915921811921250253e+02 9.015664984394953763e+01
2.818815418092032701e+02 1.916179192652245149e+02 9.015055083771852651e+01
2.818985333557640729e+02 1.916436573383240045e+02 9.014445183148751539e+01
2.819155249023248757e+02 1.916693954114234941e+02 9.013835282525649006e+01
2.819325164488857354e+02 1.916951334845229837e+02 9.013225381902547895e+01
2.819495079954465382e+02 1.917208715576224733e+02 9.012615481279446783e+01
2.819664995420073410e+02 1.917466096307219345e+02 9.012005580656345671e+01
2.819834910885681438e+02 1.917723477038214241e+02 9.011395680033243138e+01
2.820004826351290035e+02 1.917980857769209138e+02 9.010785779410142027e+01
2.820174741816898063e+02 1.918238238500204034e+02 9.010175878787040915e+01
2.820174741816898063e+02 1.918238238500204034e+02 9.010175878787040915e+01
2.820163803079997820e+02 1.918558446433677886e+02 9.010195102816278734e+01
2.820152864343097576e+02 1.918878654367151455e+02 9.010214326845516553e+01
2.820141925606197333e+02 1.919198862300625308e+02 9.010233550874752950e+01
2.820130986869296521e+02 1.919519070234099161e+02 9.010252774903990769e+01
2.820120048132396278e+02 1.919839278167573013e+02 9.010271998933228588e+01
2.820109109395496034e+02 1.920159486101046582e+02 9.010291222962466406e+01
2.820098170658595791e+02 1.920479694034520435e+02 9.010310446991704225e+01
2.820087231921695547e+02 1.920799901967994288e+02 9.010329671020942044e+01
2.820076293184795304e+02 1.921120109901468140e+02 9.010348895050178442e+01
2.820065354447895061e+02 1.921440317834941709e+02 9.010368119079416260e+01
2.820054415710994817e+02 1.921760525768415562e+02 9.010387343108654079e+01
2.820043476974094006e+02 1.922080733701889415e+02 9.010406567137891898e+01
2.820032538237193762e+02 1.922400941635362983e+02 9.010425791167129717e+01
2.820021599500293519e+02 1.922721149568836836e+02 9.010445015196366114e+01
2.820010660763393275e+02 1.923041357502310689e+02 9.010464239225603933e+01
2.819999722026493032e+02 1.923361565435784541e+02 9.010483463254841752e+01
2.819988783289592789e+02 1.923681773369258110e+02 9.010502687284079570e+01
2.819977844552692545e+02 1.924001981302731963e+02 9.010521911313317389e+01
2.819966905815791733e+02 1.924322189236205816e+02 9.010541135342555208e+01
2.819955967078891490e+02 1.924642397169679668e+02 9.010560359371791606e+01
2.819945028341991247e+02 1.924962605103153237e+02 9.010579583401029424e+01
2.819934089605091003e+02 1.925282813036627090e+02 9.010598807430267243e+01
