1.717212955388484090e+02 2.632773673533791907e+02 2.043172111971377944e+02
1.716906979536971960e+02 2.632844820298319632e+02 2.043177767383110677e+02
1.716601003685460114e+02 2.632915967062846789e+02 2.043183422794843693e+02
1.716295027833947984e+02 2.632987113827374515e+02 2.043189078206576426e+02
1.715989051982436138e+02 2.633058260591902240e+02 2.043194733618309158e+02
1.715683076130924007e+02 2.633129407356429397e+02 2.043200389030042174e+02
1.715377100279412161e+02 2.633200554120957122e+02 2.043206044441774907e+02
1.715071124427900031e+02 2.633271700885484847e+02 2.043211699853507639e+02
1.714765148576387901e+02 2.633342847650012004e+02 2.043217355265240656e+02
1.714459172724876055e+02 2.633413994414539729e+02 2.043223010676973388e+02
1.714153196873363925e+02 2.633485141179067455e+02 2.043228666088706120e+02
1.713847221021852079e+02 2.633556287943595180e+02 2.043234321500438853e+02
1.713541245170339948e+02 2.633627434708122337e+02 2.043239976912171869e+02
1.713235269318827818e+02 2.633698581472650062e+02 2.043245632323904601e+02
1.712929293467315972e+02 2.633769728237177787e+02 2.043251287735637334e+02
1.712623317615803842e+02 2.633840875001704944e+02 2.043256943147370350e+02
1.712317341764291996e+02 2.633912021766232670e+02 2.043262598559103083e+02
1.712011365912779866e+02 2.633983168530760395e+02 2.043268253970835815e+02
1.711705390061268020e+02 2.634054315295287552e+02 2.043273909382568831e+02
1.711399414209755889e+02 2.634125462059815277e+02 2.043279564794301564e+02
1.711093438358243759e+02 2.634196608824343002e+02 2.043285220206034296e+02
1.710787462506731913e+02 2.634267755588870159e+02 2.043290875617767313e+02
1.710481486655219783e+02 2.634338902353397884e+02 2.043296531029500045e+02
1.710175510803707937e+02 2.634410049117925610e+02 2.043302186441232777e+02
1.709869534952195806e+02 2.634481195882452766e+02 2.043307841852965794e+02
1.709563559100683960e+02 2.634552342646980492e+02 2.043313497264698526e+02
1.709257583249171830e+02 2.634623489411508217e+02 2.043319152676431258e+02
1.708951607397659700e+02 2.634694636176035374e+02 2.043324808088164275e+02
1.708645631546147854e+02 2.634765782940563099e+02 2.043330463499897007e+02
1.708339655694635724e+02 2.634836929705090824e+02 2.043336118911629740e+02
1.708033679843123878e+02 2.634908076469618550e+02 2.043341774323362472e+02
1.707727703991611747e+02 2.634979223234145707e+02 2.043347429735095488e+02
1.707421728140099617e+02 2.635050369998673432e+02 2.043353085146828221e+02
1.707115752288587771e+02 2.635121516763201157e+02 2.043358740558560953e+02
1.706809776437075641e+02 2.635192663527728314e+02 2.043364395970293970e+02
1.706503800585563795e+02 2.635263810292256039e+02 2.043370051382026702e+02
1.706197824734051665e+02 2.635334957056783765e+02 2.043375706793759434e+02
1.705891848882539819e+02 2.635406103821310921e+02 2.043381362205492451e+02
1.705585873031027688e+02 2.635477250585838647e+02 2.043387017617225183e+02
1.705585873031027688e+02 2.635477250585838647e+02 2.043387017617225183e+02
1.705367100199649428e+02 2.635475619959944424e+02 2.043258672306066615e+02
1.705148327368271168e+02 2.635473989334050771e+02 2.043130326994908046e+02
1.704929554536893193e+02 2.635472358708156548e+02 2.043001981683749477e+02
1.704710781705514933e+02 2.635470728082262326e+02 2.042873636372590909e+02
1.704492008874136673e+02 2.635469097456368104e+02 2.042745291061432340e+02
1.704273236042758413e+02 2.635467466830474450e+02 2.042616945750273771e+02
1.704054463211380153e+02 2.635465836204580228e+02 2.042488600439115203e+02
1.703835690380001893e+02 2.635464205578686006e+02 2.042360255127956634e+02
1.703616917548623917e+02 2.635462574952791783e+02 2.042231909816798066e+02
1.703398144717245657e+02 2.635460944326898129e+02 2.042103564505639213e+02
1.703179371885867397e+02 2.635459313701003907e+02 2.041975219194480644e+02
1.702960599054489137e+02 2.635457683075109685e+02 2.041846873883322075e+02
1.702741826223110877e+02 2.635456052449215463e+02 2.041718528572163507e+02
1.702523053391732901e+02 2.635454421823321809e+02 2.041590183261004938e+02
1.702304280560354641e+02 2.635452791197427587e+02 2.041461837949846370e+02
1.702085507728976381e+02 2.635451160571533364e+02 2.041333492638687801e+02
1.701866734897598121e+02 2.635449529945639142e+02 2.041205147327529232e+02
1.701647962066219861e+02 2.635447899319745488e+02 2.041076802016370664e+02
1.701429189234841601e+02 2.635446268693851266e+02 2.040948456705212095e+02
1.701210416403463626e+02 2.635444638067957044e+02 2.040820111394053527e+02
1.700991643572085366e+02 2.635443007442063390e+02 2.040691766082894958e+02
1.700772870740707106e+02 2.635441376816169168e+02 2.040563420771736389e+02
1.700554097909328846e+02 2.635439746190274946e+02 2.040435075460577821e+02
1.700335325077950586e+02 2.635438115564380723e+02 2.040306730149419252e+02
1.700116552246572610e+02 2.635436484938487069e+02 2.040178384838260683e+02
1.699897779415194350e+02 2.635434854312592847e+02 2.040050039527102115e+02
1.699679006583816090e+02 2.635433223686698625e+02 2.039921694215943546e+02
1.699460233752437830e+02 2.635431593060804403e+02 2.039793348904784978e+02
1.699241460921059570e+02 2.635429962434910749e+02 2.039665003593626125e+02
1.699022688089681594e+02 2.635428331809016527e+02 2.039536658282467556e+02
1.698803915258303334e+02 2.635426701183122304e+02 2.039408312971308987e+02
1.698585142426925074e+02 2.635425070557228082e+02 2.039279967660150419e+02
1.698366369595546814e+02 2.635423439931334428e+02 2.039151622348991850e+02
1.698147596764168554e+02 2.635421809305440206e+02 2.039023277037833282e+02
1.697928823932790294e+02 2.635420178679545984e+02 2.038894931726674713e+02
1.697710051101412319e+02 2.635418548053651762e+02 2.038766586415516144e+02
1.697491278270034059e+02 2.635416917427758108e+02 2.038638241104357576e+02
1.697272505438655799e+02 2.635415286801863886e+02 2.038509895793199007e+02
1.697272505438655799e+02 2.635415286801863886e+02 2.038509895793199007e+02
1.697083357465627955e+02 2.635608109701679496e+02 2.038509355578729583e+02
1.696894209492600396e+02 2.635800932601494537e+02 2.038508815364260158e+02
1.696705061519572553e+02 2.635993755501310147e+02 2.038508275149791018e+02
1.696515913546544994e+02 2.636186578401125189e+02 2.038507734935321594e+02
1.696326765573517150e+02 2.636379401300940799e+02 2.038507194720852169e+02
1.696137617600489591e+02 2.636572224200755841e+02 2.038506654506382745e+02
1.695948469627461748e+02 2.636765047100571451e+02 2.038506114291913605e+02
1.695759321654434189e+02 2.636957870000387061e+02 2.038505574077444180e+02
1.695570173681406345e+02 2.637150692900202102e+02 2.038505033862974756e+02
1.695381025708378786e+02 2.637343515800017713e+02 2.038504493648505331e+02
1.695191877735350943e+02 2.637536338699832754e+02 2.038503953434035907e+02
1.695002729762323099e+02 2.637729161599648364e+02 2.038503413219566767e+02
1.694813581789295540e+02 2.637921984499463974e+02 2.038502873005097342e+02
1.694624433816267697e+02 2.638114807399279016e+02 2.038502332790627918e+02
1.694435285843240138e+02 2.638307630299094626e+02 2.038501792576158493e+02
1.694246137870212294e+02 2.638500453198909668e+02 2.038501252361689353e+02
1.694056989897184735e+02 2.638693276098725278e+02 2.038500712147219929e+02
1.693867841924156892e+02 2.638886098998540319e+02 2.038500171932750504e+02
1.693678693951129333e+02 2.639078921898355929e+02 2.038499631718281080e+02
1.693489545978101489e+02 2.639271744798171540e+02 2.038499091503811940e+02
1.693300398005073646e+02 2.639464567697986581e+02 2.038498551289342515e+02
1.693111250032046087e+02 2.639657390597802191e+02 2.038498011074873091e+02
1.692922102059018243e+02 2.639850213497617233e+02 2.038497470860403666e+02
1.692732954085990684e+02 2.640043036397432843e+02 2.038496930645934242e+02
1.692543806112962841e+02 2.640235859297248453e+02 2.038496390431465102e+02
1.692354658139935282e+02 2.640428682197063495e+02 2.038495850216995677e+02
1.692165510166907438e+02 2.640621505096879105e+02 2.038495310002526253e+02
1.691976362193879879e+02 2.640814327996694146e+02 2.038494769788056828e+02
1.691787214220852036e+02 2.641007150896509756e+02 2.038494229573587688e+02
1.691598066247824477e+02 2.641199973796324798e+02 2.038493689359118264e+02
1.691408918274796633e+02 2.641392796696140408e+02 2.038493149144648839e+02
1.691408918274796633e+02 2.641392796696140408e+02 2.038493149144648839e+02
1.691229442643987966e+02 2.641575759331291806e+02 2.038492636554790636e+02
1.691049967013179582e+02 2.641758721966443204e+02 2.038492123964932716e+02
1.690870491382370915e+02 2.641941684601594602e+02 2.038491611375074513e+02
1.690691015751562531e+02 2.642124647236746000e+02 2.038491098785216309e+02
1.690511540120753864e+02 2.642307609871897398e+02 2.038490586195358105e+02
1.690332064489945196e+02 2.642490572507048796e+02 2.038490073605500186e+02
1.690152588859136813e+02 2.642673535142200194e+02 2.038489561015641982e+02
1.689973113228328145e+02 2.642856497777351592e+02 2.038489048425783778e+02
1.689793637597519478e+02 2.643039460412502990e+02 2.038488535835925575e+02
1.689614161966711094e+02 2.643222423047654388e+02 2.038488023246067655e+02
1.689434686335902427e+02 2.643405385682805786e+02 2.038487510656209452e+02
1.689255210705094044e+02 2.643588348317957184e+02 2.038486998066351248e+02
1.689075735074285376e+02 2.643771310953109150e+02 2.038486485476493044e+02
1.688896259443476708e+02 2.643954273588260548e+02 2.038485972886635125e+02
1.688716783812668325e+02 2.644137236223411946e+02 2.038485460296776921e+02
1.688537308181859657e+02 2.644320198858563344e+02 2.038484947706918717e+02
1.688357832551051274e+02 2.644503161493714742e+02 2.038484435117060798e+02
1.688178356920242607e+02 2.644686124128866140e+02 2.038483922527202594e+02
1.687998881289433939e+02 2.644869086764017538e+02 2.038483409937344391e+02
1.687819405658625556e+02 2.645052049399168936e+02 2.038482897347486187e+02
1.687639930027816888e+02 2.645235012034320334e+02 2.038482384757628267e+02
1.687460454397008220e+02 2.645417974669471732e+02 2.038481872167770064e+02
1.687280978766199837e+02 2.645600937304623130e+02 2.038481359577911860e+02
1.687101503135391170e+02 2.645783899939774528e+02 2.038480846988053656e+02
1.686922027504582786e+02 2.645966862574925926e+02 2.038480334398195737e+02
1.686742551873774119e+02 2.646149825210077324e+02 2.038479821808337533e+02
1.686742551873774119e+02 2.646149825210077324e+02 2.038479821808337533e+02
1.686506517058087411e+02 2.646390445909784148e+02 2.038479147683097494e+02
1.686270482242400703e+02 2.646631066609491540e+02 2.038478473557857740e+02
1.686034447426713712e+02 2.646871687309198364e+02 2.038477799432617701e+02
1.685798412611027004e+02 2.647112308008905757e+02 2.038477125307377662e+02
1.685562377795340296e+02 2.647352928708612581e+02 2.038476451182137623e+02
1.685326342979653589e+02 2.647593549408319973e+02 2.038475777056897869e+02
1.685090308163966597e+02 2.647834170108026797e+02 2.038475102931657830e+02
1.684854273348279889e+02 2.648074790807734189e+02 2.038474428806417791e+02
1.684618238532593182e+02 2.648315411507441013e+02 2.038473754681178036e+02
1.684382203716906474e+02 2.648556032207148405e+02 2.038473080555937997e+02
1.684146168901219482e+02 2.648796652906855229e+02 2.038472406430697959e+02
1.683910134085532775e+02 2.649037273606562621e+02 2.038471732305457920e+02
1.683674099269846067e+02 2.649277894306269445e+02 2.038471058180218165e+02
1.683438064454159360e+02 2.649518515005976838e+02 2.038470384054978126e+02
1.683202029638472368e+02 2.649759135705683661e+02 2.038469709929738087e+02
1.682965994822785660e+02 2.649999756405391054e+02 2.038469035804498333e+02
1.682729960007098953e+02 2.650240377105097878e+02 2.038468361679258294e+02
1.682493925191412245e+02 2.650480997804805270e+02 2.038467687554018255e+02
1.682257890375725253e+02 2.650721618504512094e+02 2.038467013428778216e+02
1.682021855560038546e+02 2.650962239204219486e+02 2.038466339303538462e+02
1.681785820744351838e+02 2.651202859903926310e+02 2.038465665178298423e+02
1.681785820744351838e+02 2.651202859903926310e+02 2.038465665178298423e+02
1.681637449989828497e+02 2.651513860179228459e+02 2.038241096364530165e+02
1.681489079235305155e+02 2.651824860454530608e+02 2.038016527550761907e+02
1.681340708480781529e+02 2.652135860729832189e+02 2.037791958736993649e+02
1.681192337726258188e+02 2.652446861005134338e+02 2.037567389923225107e+02
1.681043966971734847e+02 2.652757861280436487e+02 2.037342821109456850e+02
1.680895596217211505e+02 2.653068861555738636e+02 2.037118252295688592e+02
1.680747225462688164e+02 2.653379861831040785e+02 2.036893683481920334e+02
1.680598854708164822e+02 2.653690862106342934e+02 2.036669114668152076e+02
1.680450483953641196e+02 2.654001862381644514e+02 2.036444545854383819e+02
1.680302113199117855e+02 2.654312862656946663e+02 2.036219977040615561e+02
1.680153742444594513e+02 2.654623862932248812e+02 2.035995408226847303e+02
1.680005371690071172e+02 2.654934863207550961e+02 2.035770839413078761e+02
1.679857000935547831e+02 2.655245863482853110e+02 2.035546270599310503e+02
1.679708630181024205e+02 2.655556863758154691e+02 2.035321701785542245e+02
1.679560259426500863e+02 2.655867864033456840e+02 2.035097132971773988e+02
1.679411888671977522e+02 2.656178864308758989e+02 2.034872564158005730e+02
1.679263517917454180e+02 2.656489864584061138e+02 2.034647995344237472e+02
1.679115147162930839e+02 2.656800864859363287e+02 2.034423426530469214e+02
1.678966776408407497e+02 2.657111865134665436e+02 2.034198857716700672e+02
1.678818405653883872e+02 2.657422865409967017e+02 2.033974288902932415e+02
1.678670034899360530e+02 2.657733865685269166e+02 2.033749720089164157e+02
1.678521664144837189e+02 2.658044865960571315e+02 2.033525151275395899e+02
1.678521664144837189e+02 2.658044865960571315e+02 2.033525151275395899e+02
1.678532209262899926e+02 2.658194561673627732e+02 2.033334359704748806e+02
1.678542754380962663e+02 2.658344257386684149e+02 2.033143568134101997e+02
1.678553299499025684e+02 2.658493953099740565e+02 2.032952776563454904e+02
1.678563844617088421e+02 2.658643648812796982e+02 2.032761984992807811e+02
1.678574389735151158e+02 2.658793344525852831e+02 2.032571193422161002e+02
1.678584934853213895e+02 2.658943040238909248e+02 2.032380401851513909e+02
1.678595479971276632e+02 2.659092735951965665e+02 2.032189610280866816e+02
1.678606025089339653e+02 2.659242431665022082e+02 2.031998818710219723e+02
1.678616570207402390e+02 2.659392127378078499e+02 2.031808027139572914e+02
1.678627115325465127e+02 2.659541823091134916e+02 2.031617235568925821e+02
1.678637660443527864e+02 2.659691518804191332e+02 2.031426443998278728e+02
1.678648205561590601e+02 2.659841214517247749e+02 2.031235652427631919e+02
1.678658750679653622e+02 2.659990910230304166e+02 2.031044860856984826e+02
1.678669295797716359e+02 2.660140605943360583e+02 2.030854069286337733e+02
1.678679840915779096e+02 2.660290301656416432e+02 2.030663277715690924e+02
1.678690386033841833e+02 2.660439997369472849e+02 2.030472486145043831e+02
1.678700931151904854e+02 2.660589693082529266e+02 2.030281694574396738e+02
1.678711476269967591e+02 2.660739388795585683e+02 2.030090903003749929e+02
1.678722021388030328e+02 2.660889084508642100e+02 2.029900111433102836e+02
1.678732566506093065e+02 2.661038780221698516e+02 2.029709319862455743e+02
1.678743111624155802e+02 2.661188475934754933e+02 2.029518528291808934e+02
1.678753656742218823e+02 2.661338171647811350e+02 2.029327736721161841e+02
1.678764201860281560e+02 2.661487867360867767e+02 2.029136945150514748e+02
1.678774746978344297e+02 2.661637563073924184e+02 2.028946153579867655e+02
1.678785292096407034e+02 2.661787258786980033e+02 2.028755362009220846e+02
1.678795837214469771e+02 2.661936954500036450e+02 2.028564570438573753e+02
1.678806382332532792e+02 2.662086650213092867e+02 2.028373778867926660e+02
1.678816927450595529e+02 2.662236345926149284e+02 2.028182987297279851e+02
1.678827472568658266e+02 2.662386041639205700e+02 2.027992195726632758e+02
1.678827472568658266e+02 2.662386041639205700e+02 2.027992195726632758e+02
1.678974602486789820e+02 2.662388573990239706e+02 2.027800001213658732e+02
1.679121732404921374e+02 2.662391106341273712e+02 2.027607806700684421e+02
1.679268862323052929e+02 2.662393638692307718e+02 2.027415612187710394e+02
1.679415992241184199e+02 2.662396171043342292e+02 2.027223417674736368e+02
1.679563122159315753e+02 2.662398703394376298e+02 2.027031223161762057e+02
1.679710252077447308e+02 2.662401235745410304e+02 2.026839028648788030e+02
1.679857381995578862e+02 2.662403768096444310e+02 2.026646834135813720e+02
1.680004511913710417e+02 2.662406300447478316e+02 2.026454639622839693e+02
1.680151641831841971e+02 2.662408832798512321e+02 2.026262445109865666e+02
1.680298771749973525e+02 2.662411365149546327e+02 2.026070250596891356e+02
1.680445901668105080e+02 2.662413897500580333e+02 2.025878056083917329e+02
1.680593031586236350e+02 2.662416429851614907e+02 2.025685861570943302e+02
1.680740161504367904e+02 2.662418962202648913e+02 2.025493667057968992e+02
1.680887291422499459e+02 2.662421494553682919e+02 2.025301472544994965e+02
1.681034421340631013e+02 2.662424026904716925e+02 2.025109278032020939e+02
1.681181551258762568e+02 2.662426559255750931e+02 2.024917083519046628e+02
1.681328681176894122e+02 2.662429091606784937e+02 2.024724889006072601e+02
1.681475811095025676e+02 2.662431623957818942e+02 2.024532694493098290e+02
1.681622941013156947e+02 2.662434156308853517e+02 2.024340499980124264e+02
1.681770070931288501e+02 2.662436688659887523e+02 2.024148305467150237e+02
1.681917200849420055e+02 2.662439221010921528e+02 2.023956110954175927e+02
1.682064330767551610e+02 2.662441753361955534e+02 2.023763916441201900e+02
1.682064330767551610e+02 2.662441753361955534e+02 2.023763916441201900e+02
1.682461529220189789e+02 2.662649343610019628e+02 2.023605106196626764e+02
1.682858727672827683e+02 2.662856933858084290e+02 2.023446295952051628e+02
1.683255926125465862e+02 2.663064524106148383e+02 2.023287485707476492e+02
1.683653124578103757e+02 2.663272114354212476e+02 2.023128675462901356e+02
1.684050323030741936e+02 2.663479704602277138e+02 2.022969865218326220e+02
1.684447521483380115e+02 2.663687294850341232e+02 2.022811054973751084e+02
1.684844719936018009e+02 2.663894885098405325e+02 2.022652244729175948e+02
1.685241918388656188e+02 2.664102475346469419e+02 2.022493434484600812e+02
1.685639116841294367e+02 2.664310065594534080e+02 2.022334624240025676e+02
1.686036315293932262e+02 2.664517655842598174e+02 2.022175813995450540e+02
1.686433513746570441e+02 2.664725246090662267e+02 2.022017003750875404e+02
1.686830712199208619e+02 2.664932836338726929e+02 2.021858193506300267e+02
1.687227910651846514e+02 2.665140426586791023e+02 2.021699383261725131e+02
1.687625109104484693e+02 2.665348016834855116e+02 2.021540573017149995e+02
1.688022307557122588e+02 2.665555607082919778e+02 2.021381762772574859e+02
1.688419506009760767e+02 2.665763197330983871e+02 2.021222952527999723e+02
1.688419506009760767e+02 2.665763197330983871e+02 2.021222952527999723e+02
1.688773410578982066e+02 2.665948160632899544e+02 2.021081452301044976e+02
1.689127315148203650e+02 2.666133123934815217e+02 2.020939952074090513e+02
1.689481219717424949e+02 2.666318087236730889e+02 2.020798451847135766e+02
1.689835124286646248e+02 2.666503050538646562e+02 2.020656951620181303e+02
1.690189028855867832e+02 2.666688013840562235e+02 2.020515451393226556e+02
1.690542933425089132e+02 2.666872977142478476e+02 2.020373951166272093e+02
1.690896837994310431e+02 2.667057940444394148e+02 2.020232450939317346e+02
1.691250742563532015e+02 2.667242903746309821e+02 2.020090950712362883e+02
1.691604647132753314e+02 2.667427867048225494e+02 2.019949450485408136e+02
1.691958551701974613e+02 2.667612830350141166e+02 2.019807950258453673e+02
1.692312456271196197e+02 2.667797793652056839e+02 2.019666450031498925e+02
1.692666360840417497e+02 2.667982756953972512e+02 2.019524949804544462e+02
1.693020265409638796e+02 2.668167720255888185e+02 2.019383449577589715e+02
1.693374169978860380e+02 2.668352683557803857e+02 2.019241949350634968e+02
1.693728074548081679e+02 2.668537646859719530e+02 2.019100449123680505e+02
1.694081979117302978e+02 2.668722610161635203e+02 2.018958948896725758e+02
1.694435883686524562e+02 2.668907573463550875e+02 2.018817448669771295e+02
1.694789788255745862e+02 2.669092536765466548e+02 2.018675948442816548e+02
1.695143692824967161e+02 2.669277500067382789e+02 2.018534448215862085e+02
1.695497597394188745e+02 2.669462463369298462e+02 2.018392947988907338e+02
1.695851501963410044e+02 2.669647426671214134e+02 2.018251447761952875e+02
1.696205406532631343e+02 2.669832389973129807e+02 2.018109947534998128e+02
1.696559311101852927e+02 2.670017353275045480e+02 2.017968447308043665e+02
1.696913215671074227e+02 2.670202316576961152e+02 2.017826947081088917e+02
1.696913215671074227e+02 2.670202316576961152e+02 2.017826947081088917e+02
1.697009677681353139e+02 2.670195994183931134e+02 2.017582354984805022e+02
1.697106139691632052e+02 2.670189671790901116e+02 2.017337762888520842e+02
1.697202601701910964e+02 2.670183349397871098e+02 2.017093170792236947e+02
1.697299063712189877e+02 2.670177027004841079e+02 2.016848578695952767e+02
1.697395525722468790e+02 2.670170704611811061e+02 2.016603986599668872e+02
1.697491987732747702e+02 2.670164382218781043e+02 2.016359394503384692e+02
1.697588449743026615e+02 2.670158059825751025e+02 2.016114802407100797e+02
1.697684911753305528e+02 2.670151737432721006e+02 2.015870210310816617e+02
1.697781373763584725e+02 2.670145415039690988e+02 2.015625618214532722e+02
1.697877835773863637e+02 2.670139092646660970e+02 2.015381026118248542e+02
1.697974297784142550e+02 2.670132770253630952e+02 2.015136434021964646e+02
1.698070759794421463e+02 2.670126447860600933e+02 2.014891841925680467e+02
1.698167221804700375e+02 2.670120125467570915e+02 2.014647249829396571e+02
1.698263683814979288e+02 2.670113803074540897e+02 2.014402657733112392e+02
1.698360145825258201e+02 2.670107480681510879e+02 2.014158065636828496e+02
1.698456607835537113e+02 2.670101158288480292e+02 2.013913473540544601e+02
1.698553069845816026e+02 2.670094835895450274e+02 2.013668881444260421e+02
1.698649531856094939e+02 2.670088513502420255e+02 2.013424289347976526e+02
1.698745993866373851e+02 2.670082191109390237e+02 2.013179697251692346e+02
1.698842455876652764e+02 2.670075868716360219e+02 2.012935105155408451e+02
1.698938917886931677e+02 2.670069546323330201e+02 2.012690513059124271e+02
1.699035379897210589e+02 2.670063223930300182e+02 2.012445920962840376e+02
1.699131841907489502e+02 2.670056901537270164e+02 2.012201328866556196e+02
1.699228303917768699e+02 2.670050579144240146e+02 2.011956736770272300e+02
1.699324765928047611e+02 2.670044256751210128e+02 2.011712144673988121e+02
1.699421227938326524e+02 2.670037934358180109e+02 2.011467552577704225e+02
1.699517689948605437e+02 2.670031611965150091e+02 2.011222960481420046e+02
1.699614151958884349e+02 2.670025289572120073e+02 2.010978368385136150e+02
1.699710613969163262e+02 2.670018967179090055e+02 2.010733776288851971e+02
1.699807075979442175e+02 2.670012644786060036e+02 2.010489184192568075e+02
1.699903537989721087e+02 2.670006322393030018e+02 2.010244592096283895e+02
1.700000000000000000e+02 2.670000000000000000e+02 2.010000000000000000e+02
1.700000000000000000e+02 2.670000000000000000e+02 2.010000000000000000e+02
1.700000000000000000e+02 2.670000000000000000e+02 2.010000000000000000e+02
1.700000000000000000e+02 2.670000000000000000e+02 2.010000000000000000e+02
1.700000000000000000e+02 2.670000000000000000e+02 2.010000000000000000e+02
1.700000000000000000e+02 2.670000000000000000e+02 2.010000000000000000e+02
1.700000000000000000e+02 2.670000000000000000e+02 2.010000000000000000e+02
1.700000000000000000e+02 2.670000000000000000e+02 2.010000000000000000e+02
1.700000000000000000e+02 2.670000000000000000e+02 2.010000000000000000e+02
1.700000000000000000e+02 2.670000000000000000e+02 2.010000000000000000e+02
1.700000000000000000e+02 2.670000000000000000e+02 2.010000000000000000e+02
1.700000000000000000e+02 2.670000000000000000e+02 2.010000000000000000e+02
1.700000000000000000e+02 2.670000000000000000e+02 2.010000000000000000e+02
1.700000000000000000e+02 2.670000000000000000e+02 2.010000000000000000e+02
1.700000000000000000e+02 2.670000000000000000e+02 2.010000000000000000e+02
1.700000000000000000e+02 2.670000000000000000e+02 2.010000000000000000e+02
1.700000000000000000e+02 2.670000000000000000e+02 2.010000000000000000e+02
1.700000000000000000e+02 2.670000000000000000e+02 2.010000000000000000e+02
1.700000000000000000e+02 2.670000000000000000e+02 2.010000000000000000e+02
1.700000000000000000e+02 2.670000000000000000e+02 2.010000000000000000e+02
1.700000000000000000e+02 2.670000000000000000e+02 2.010000000000000000e+02
1.700000000000000000e+02 2.670000000000000000e+02 2.010000000000000000e+02
1.700000000000000000e+02 2.670000000000000000e+02 2.010000000000000000e+02
1.700000000000000000e+02 2.670000000000000000e+02 2.010000000000000000e+02
1.700000000000000000e+02 2.670000000000000000e+02 2.010000000000000000e+02
1.700000000000000000e+02 2.670000000000000000e+02 2.010000000000000000e+02
1.700000000000000000e+02 2.670000000000000000e+02 2.010000000000000000e+02
1.700000000000000000e+02 2.670000000000000000e+02 2.010000000000000000e+02
1.700000000000000000e+02 2.670000000000000000e+02 2.010000000000000000e+02
1.700000000000000000e+02 2.670000000000000000e+02 2.010000000000000000e+02
1.699828962538024939e+02 2.670166915668673937e+02 2.009799884507126251e+02
1.699657925076049594e+02 2.670333831337347306e+02 2.009599769014252502e+02
1.699486887614074533e+02 2.670500747006021243e+02 2.009399653521378752e+02
1.699315850152099188e+02 2.670667662674694611e+02 2.009199538028505003e+02
1.699144812690124127e+02 2.670834578343368548e+02 2.008999422535631538e+02
1.698973775228149066e+02 2.671001494012041917e+02 2.008799307042757789e+02
1.698802737766173721e+02 2.671168409680715854e+02 2.008599191549884040e+02
1.698631700304198660e+02 2.671335325349389223e+02 2.008399076057010291e+02
1.698460662842223314e+02 2.671502241018063160e+02 2.008198960564136542e+02
1.698289625380248253e+02 2.671669156686736528e+02 2.007998845071262792e+02
1.698118587918273192e+02 2.671836072355410465e+02 2.007798729578389043e+02
1.697947550456297847e+02 2.672002988024083834e+02 2.007598614085515294e+02
1.697776512994322786e+02 2.672169903692757771e+02 2.007398498592641545e+02
1.697605475532347441e+02 2.672336819361431139e+02 2.007198383099768080e+02
1.697434438070372380e+02 2.672503735030105076e+02 2.006998267606894331e+02
1.697263400608397035e+02 2.672670650698778445e+02 2.006798152114020581e+02
1.697092363146421974e+02 2.672837566367452382e+02 2.006598036621146832e+02
1.696921325684446913e+02 2.673004482036125751e+02 2.006397921128273083e+02
1.696750288222471568e+02 2.673171397704799688e+02 2.006197805635399334e+02
1.696579250760496507e+02 2.673338313373473056e+02 2.005997690142525585e+02
1.696408213298521162e+02 2.673505229042146993e+02 2.005797574649651835e+02
1.696237175836546101e+02 2.673672144710820362e+02 2.005597459156778086e+02
1.696066138374571040e+02 2.673839060379494299e+02 2.005397343663904621e+02
1.695895100912595694e+02 2.674005976048167668e+02 2.005197228171030872e+02
1.695724063450620633e+02 2.674172891716841605e+02 2.004997112678157123e+02
1.695553025988645288e+02 2.674339807385514973e+02 2.004796997185283374e+02
1.695381988526670227e+02 2.674506723054188910e+02 2.004596881692409625e+02
1.695381988526670227e+02 2.674506723054188910e+02 2.004596881692409625e+02
1.695161910488105264e+02 2.674388301665567838e+02 2.004410418250496377e+02
1.694941832449540016e+02 2.674269880276946765e+02 2.004223954808583130e+02
1.694721754410975052e+02 2.674151458888325692e+02 2.004037491366670167e+02
1.694501676372410088e+02 2.674033037499704619e+02 2.003851027924756920e+02
1.694281598333845125e+02 2.673914616111083546e+02 2.003664564482843673e+02
1.694061520295279877e+02 2.673796194722462474e+02 2.003478101040930426e+02
1.693841442256714913e+02 2.673677773333841401e+02 2.003291637599017179e+02
1.693621364218149949e+02 2.673559351945220328e+02 2.003105174157104216e+02
1.693401286179584702e+02 2.673440930556599255e+02 2.002918710715190969e+02
1.693181208141019738e+02 2.673322509167978751e+02 2.002732247273277721e+02
1.692961130102454774e+02 2.673204087779357678e+02 2.002545783831364474e+02
1.692741052063889526e+02 2.673085666390736606e+02 2.002359320389451227e+02
1.692520974025324563e+02 2.672967245002115533e+02 2.002172856947537980e+02
1.692300895986759599e+02 2.672848823613494460e+02 2.001986393505625017e+02
1.692080817948194635e+02 2.672730402224873387e+02 2.001799930063711770e+02
1.691860739909629388e+02 2.672611980836252314e+02 2.001613466621798523e+02
1.691640661871064424e+02 2.672493559447631242e+02 2.001427003179885276e+02
1.691420583832499460e+02 2.672375138059010169e+02 2.001240539737972028e+02
1.691200505793934212e+02 2.672256716670389096e+02 2.001054076296059065e+02
1.690980427755369249e+02 2.672138295281768023e+02 2.000867612854145818e+02
1.690760349716804285e+02 2.672019873893146951e+02 2.000681149412232571e+02
1.690540271678239037e+02 2.671901452504525878e+02 2.000494685970319324e+02
1.690320193639674073e+02 2.671783031115904805e+02 2.000308222528406077e+02
1.690100115601109110e+02 2.671664609727283732e+02 2.000121759086493114e+02
1.689880037562544146e+02 2.671546188338662660e+02 1.999935295644579867e+02
1.689659959523978898e+02 2.671427766950041587e+02 1.999748832202666620e+02
1.689439881485413935e+02 2.671309345561420514e+02 1.999562368760753372e+02
1.689219803446848971e+02 2.671190924172800010e+02 1.999375905318840125e+02
1.688999725408283723e+02 2.671072502784178937e+02 1.999189441876926878e+02
1.688779647369718759e+02 2.670954081395557864e+02 1.999002978435013915e+02
1.688559569331153796e+02 2.670835660006936791e+02 1.998816514993100668e+02
1.688339491292588548e+02 2.670717238618315719e+02 1.998630051551187421e+02
1.688119413254023584e+02 2.670598817229694646e+02 1.998443588109274174e+02
1.687899335215458620e+02 2.670480395841073573e+02 1.998257124667360927e+02
1.687679257176893657e+02 2.670361974452452500e+02 1.998070661225447964e+02
1.687459179138328409e+02 2.670243553063831428e+02 1.997884197783534717e+02
1.687239101099763445e+02 2.670125131675210355e+02 1.997697734341621469e+02
1.687239101099763445e+02 2.670125131675210355e+02 1.997697734341621469e+02
1.687059363868896753e+02 2.669970624737794083e+02 1.997495003426495828e+02
1.686879626638030345e+02 2.669816117800377810e+02 1.997292272511370186e+02
1.686699889407163653e+02 2.669661610862961538e+02 1.997089541596244544e+02
1.686520152176297245e+02 2.669507103925545266e+02 1.996886810681118902e+02
1.686340414945430553e+02 2.669352596988128994e+02 1.996684079765992976e+02
1.686160677714564144e+02 2.669198090050712722e+02 1.996481348850867334e+02
1.685980940483697452e+02 2.669043583113296449e+02 1.996278617935741693e+02
1.685801203252831044e+02 2.668889076175880177e+02 1.996075887020616051e+02
1.685621466021964352e+02 2.668734569238463905e+02 1.995873156105490409e+02
1.685441728791097660e+02 2.668580062301047633e+02 1.995670425190364767e+02
1.685261991560231252e+02 2.668425555363631361e+02 1.995467694275239126e+02
1.685082254329364559e+02 2.668271048426215089e+02 1.995264963360113484e+02
1.684902517098498151e+02 2.668116541488798816e+02 1.995062232444987558e+02
1.684722779867631459e+02 2.667962034551382544e+02 1.994859501529861916e+02
1.684543042636765051e+02 2.667807527613966272e+02 1.994656770614736274e+02
1.684363305405898359e+02 2.667653020676550000e+02 1.994454039699610632e+02
1.684183568175031951e+02 2.667498513739134296e+02 1.994251308784484991e+02
1.684003830944165259e+02 2.667344006801718024e+02 1.994048577869359349e+02
1.683824093713298566e+02 2.667189499864301752e+02 1.993845846954233707e+02
1.683644356482432158e+02 2.667034992926885479e+02 1.993643116039108065e+02
1.683464619251565466e+02 2.666880485989469207e+02 1.993440385123982423e+02
1.683284882020699058e+02 2.666725979052052935e+02 1.993237654208856497e+02
1.683105144789832366e+02 2.666571472114636663e+02 1.993034923293730856e+02
1.682925407558965958e+02 2.666416965177220391e+02 1.992832192378605214e+02
1.682745670328099266e+02 2.666262458239804118e+02 1.992629461463479572e+02
1.682565933097232573e+02 2.666107951302387846e+02 1.992426730548353930e+02
1.682386195866366165e+02 2.665953444364971574e+02 1.992223999633228289e+02
1.682206458635499473e+02 2.665798937427555302e+02 1.992021268718102647e+02
1.682026721404633065e+02 2.665644430490139030e+02 1.991818537802977005e+02
1.681846984173766373e+02 2.665489923552722757e+02 1.991615806887851079e+02
1.681667246942899965e+02 2.665335416615306485e+02 1.991413075972725437e+02
1.681487509712033273e+02 2.665180909677890213e+02 1.991210345057599795e+02
1.681307772481166865e+02 2.665026402740473941e+02 1.991007614142474154e+02
1.681128035250300172e+02 2.664871895803057669e+02 1.990804883227348512e+02
1.681128035250300172e+02 2.664871895803057669e+02 1.990804883227348512e+02
1.680851279610068900e+02 2.664715938062533951e+02 1.990797892716756508e+02
1.680574523969837912e+02 2.664559980322010802e+02 1.990790902206164219e+02
1.680297768329606640e+02 2.664404022581487084e+02 1.990783911695572215e+02
1.680021012689375652e+02 2.664248064840963366e+02 1.990776921184980210e+02
1.679744257049144380e+02 2.664092107100439648e+02 1.990769930674387922e+02
1.679467501408913392e+02 2.663936149359916499e+02 1.990762940163795918e+02
1.679190745768682120e+02 2.663780191619392781e+02 1.990755949653203913e+02
1.678913990128450848e+02 2.663624233878869063e+02 1.990748959142611909e+02
1.678637234488219860e+02 2.663468276138345345e+02 1.990741968632019621e+02
1.678360478847988588e+02 2.663312318397822196e+02 1.990734978121427616e+02
1.678083723207757600e+02 2.663156360657298478e+02 1.990727987610835612e+02
1.677806967567526328e+02 2.663000402916774760e+02 1.990720997100243324e+02
1.677530211927295341e+02 2.662844445176251611e+02 1.990714006589651319e+02
1.677253456287064068e+02 2.662688487435727893e+02 1.990707016079059315e+02
1.676976700646832796e+02 2.662532529695204175e+02 1.990700025568467026e+02
1.676699945006601808e+02 2.662376571954680458e+02 1.990693035057875022e+02
1.676423189366370536e+02 2.662220614214157308e+02 1.990686044547283018e+02
1.676146433726139549e+02 2.662064656473633590e+02 1.990679054036690729e+02
1.675869678085908276e+02 2.661908698733109873e+02 1.990672063526098725e+02
1.675592922445677004e+02 2.661752740992586155e+02 1.990665073015506721e+02
1.675316166805446016e+02 2.661596783252063005e+02 1.990658082504914717e+02
1.675039411165214744e+02 2.661440825511539288e+02 1.990651091994322428e+02
1.674762655524983757e+02 2.661284867771015570e+02 1.990644101483730424e+02
1.674485899884752484e+02 2.661128910030491852e+02 1.990637110973138419e+02
1.674209144244521497e+02 2.660972952289968703e+02 1.990630120462546131e+02
1.673932388604290225e+02 2.660816994549444985e+02 1.990623129951954127e+02
1.673932388604290225e+02 2.660816994549444985e+02 1.990623129951954127e+02
1.673677989280580221e+02 2.660709756097723471e+02 1.990770135311285856e+02
1.673423589956870501e+02 2.660602517646001957e+02 1.990917140670617584e+02
1.673169190633160497e+02 2.660495279194280442e+02 1.991064146029949313e+02
1.672914791309450777e+02 2.660388040742558928e+02 1.991211151389281326e+02
1.672660391985740773e+02 2.660280802290837414e+02 1.991358156748613055e+02
1.672405992662031053e+02 2.660173563839115332e+02 1.991505162107944784e+02
1.672151593338321049e+02 2.660066325387393817e+02 1.991652167467276513e+02
1.671897194014611046e+02 2.659959086935672303e+02 1.991799172826608242e+02
1.671642794690901326e+02 2.659851848483950789e+02 1.991946178185939971e+02
1.671388395367191322e+02 2.659744610032229275e+02 1.992093183545271700e+02
1.671133996043481602e+02 2.659637371580507761e+02 1.992240188904603428e+02
1.670879596719771598e+02 2.659530133128786247e+02 1.992387194263935157e+02
1.670625197396061594e+02 2.659422894677064733e+02 1.992534199623267170e+02
1.670370798072351874e+02 2.659315656225343218e+02 1.992681204982598899e+02
1.670116398748641870e+02 2.659208417773621704e+02 1.992828210341930628e+02
1.669861999424932151e+02 2.659101179321900190e+02 1.992975215701262357e+02
1.669607600101222147e+02 2.658993940870178676e+02 1.993122221060594086e+02
1.669353200777512143e+02 2.658886702418457162e+02 1.993269226419925815e+02
1.669098801453802423e+02 2.658779463966735079e+02 1.993416231779257544e+02
1.668844402130092419e+02 2.658672225515013565e+02 1.993563237138589557e+02
1.668590002806382699e+02 2.658564987063292051e+02 1.993710242497921286e+02
1.668335603482672695e+02 2.658457748611570537e+02 1.993857247857253014e+02
1.668081204158962976e+02 2.658350510159849023e+02 1.994004253216584743e+02
1.667826804835252972e+02 2.658243271708127509e+02 1.994151258575916472e+02
1.667826804835252972e+02 2.658243271708127509e+02 1.994151258575916472e+02
1.667637582981163007e+02 2.658240014884743232e+02 1.994398437413182990e+02
1.667448361127073326e+02 2.658236758061358955e+02 1.994645616250449507e+02
1.667259139272983361e+02 2.658233501237975247e+02 1.994892795087715740e+02
1.667069917418893681e+02 2.658230244414590970e+02 1.995139973924982257e+02
1.666880695564803716e+02 2.658226987591206694e+02 1.995387152762248775e+02
1.666691473710714035e+02 2.658223730767822417e+02 1.995634331599515292e+02
1.666502251856624071e+02 2.658220473944438709e+02 1.995881510436781809e+02
1.666313030002534390e+02 2.658217217121054432e+02 1.996128689274048043e+02
1.666123808148444425e+02 2.658213960297670155e+02 1.996375868111314560e+02
1.665934586294354744e+02 2.658210703474285879e+02 1.996623046948581077e+02
1.665745364440264780e+02 2.658207446650902170e+02 1.996870225785847595e+02
1.665556142586175099e+02 2.658204189827517894e+02 1.997117404623114112e+02
1.665366920732085134e+02 2.658200933004133617e+02 1.997364583460380345e+02
1.665177698877995454e+02 2.658197676180749340e+02 1.997611762297646862e+02
1.664988477023905489e+02 2.658194419357365632e+02 1.997858941134913380e+02
1.664799255169815808e+02 2.658191162533981355e+02 1.998106119972179897e+02
1.664610033315725843e+02 2.658187905710597079e+02 1.998353298809446130e+02
1.664420811461636163e+02 2.658184648887212802e+02 1.998600477646712648e+02
1.664231589607546198e+02 2.658181392063829094e+02 1.998847656483979165e+02
1.664042367753456517e+02 2.658178135240444817e+02 1.999094835321245682e+02
1.663853145899366552e+02 2.658174878417060540e+02 1.999342014158512200e+02
1.663663924045276872e+02 2.658171621593676264e+02 1.999589192995778433e+02
1.663474702191186907e+02 2.658168364770292555e+02 1.999836371833044950e+02
1.663285480337097226e+02 2.658165107946908279e+02 2.000083550670311467e+02
1.663096258483007261e+02 2.658161851123524002e+02 2.000330729507577985e+02
1.662907036628917581e+02 2.658158594300139725e+02 2.000577908344844502e+02
1.662717814774827616e+02 2.658155337476756017e+02 2.000825087182110735e+02
1.662528592920737935e+02 2.658152080653371740e+02 2.001072266019377253e+02
1.662339371066647971e+02 2.658148823829987464e+02 2.001319444856643770e+02
1.662339371066647971e+02 2.658148823829987464e+02 2.001319444856643770e+02
1.662227279500008024e+02 2.658256594737496243e+02 2.001588740687225823e+02
1.662115187933367793e+02 2.658364365645005591e+02 2.001858036517808159e+02
1.662003096366727846e+02 2.658472136552514371e+02 2.002127332348390212e+02
1.661891004800087899e+02 2.658579907460023151e+02 2.002396628178972264e+02
1.661778913233447668e+02 2.658687678367532499e+02 2.002665924009554317e+02
1.661666821666807721e+02 2.658795449275041278e+02 2.002935219840136654e+02
1.661554730100167774e+02 2.658903220182550626e+02 2.003204515670718706e+02
1.661442638533527543e+02 2.659010991090059406e+02 2.003473811501300759e+02
1.661330546966887596e+02 2.659118761997568186e+02 2.003743107331882811e+02
1.661218455400247649e+02 2.659226532905077534e+02 2.004012403162465148e+02
1.661106363833607418e+02 2.659334303812586313e+02 2.004281698993047200e+02
1.660994272266967471e+02 2.659442074720095093e+02 2.004550994823629253e+02
1.660882180700327524e+02 2.659549845627604441e+02 2.004820290654211590e+02
1.660770089133687293e+02 2.659657616535113220e+02 2.005089586484793642e+02
1.660657997567047346e+02 2.659765387442622000e+02 2.005358882315375695e+02
1.660545906000407399e+02 2.659873158350131348e+02 2.005628178145957747e+02
1.660433814433767168e+02 2.659980929257640128e+02 2.005897473976540084e+02
1.660321722867127221e+02 2.660088700165149476e+02 2.006166769807122137e+02
1.660209631300487274e+02 2.660196471072658255e+02 2.006436065637704189e+02
1.660097539733847043e+02 2.660304241980167035e+02 2.006705361468286242e+02
1.659985448167207096e+02 2.660412012887676383e+02 2.006974657298868578e+02
1.659873356600567149e+02 2.660519783795185162e+02 2.007243953129450631e+02
1.659761265033926918e+02 2.660627554702693942e+02 2.007513248960032683e+02
1.659649173467286971e+02 2.660735325610203290e+02 2.007782544790615020e+02
1.659537081900647024e+02 2.660843096517712070e+02 2.008051840621197073e+02
1.659424990334006793e+02 2.660950867425220849e+02 2.008321136451779125e+02
1.659312898767366846e+02 2.661058638332730197e+02 2.008590432282361178e+02
1.659200807200726899e+02 2.661166409240238977e+02 2.008859728112943515e+02
1.659088715634086668e+02 2.661274180147748325e+02 2.009129023943525567e+02
1.658976624067446721e+02 2.661381951055257105e+02 2.009398319774107620e+02
1.658864532500806774e+02 2.661489721962765884e+02 2.009667615604689672e+02
1.658752440934166543e+02 2.661597492870275232e+02 2.009936911435272009e+02
1.658640349367526596e+02 2.661705263777784012e+02 2.010206207265854061e+02
1.658640349367526596e+02 2.661705263777784012e+02 2.010206207265854061e+02
1.658398965024171048e+02 2.661842757877058716e+02 2.010349331843160883e+02
1.658157580680815784e+02 2.661980251976332852e+02 2.010492456420467988e+02
1.657916196337460235e+02 2.662117746075607556e+02 2.010635580997774809e+02
1.657674811994104971e+02 2.662255240174881692e+02 2.010778705575081915e+02
1.657433427650749422e+02 2.662392734274156396e+02 2.010921830152388736e+02
1.657192043307394158e+02 2.662530228373430532e+02 2.011064954729695557e+02
1.656950658964038610e+02 2.662667722472705236e+02 2.011208079307002663e+02
1.656709274620683345e+02 2.662805216571979940e+02 2.011351203884309484e+02
1.656467890277327797e+02 2.662942710671254076e+02 2.011494328461616306e+02
1.656226505933972533e+02 2.663080204770528781e+02 2.011637453038923411e+02
1.655985121590616984e+02 2.663217698869802916e+02 2.011780577616230232e+02
1.655743737247261436e+02 2.663355192969077621e+02 2.011923702193537338e+02
1.655502352903906171e+02 2.663492687068352325e+02 2.012066826770844159e+02
1.655260968560550623e+02 2.663630181167626461e+02 2.012209951348150980e+02
1.655019584217195359e+02 2.663767675266901165e+02 2.012353075925458086e+02
1.654778199873839810e+02 2.663905169366175301e+02 2.012496200502764907e+02
1.654536815530484546e+02 2.664042663465450005e+02 2.012639325080072012e+02
1.654295431187128997e+02 2.664180157564724141e+02 2.012782449657378834e+02
1.654054046843773733e+02 2.664317651663998845e+02 2.012925574234685655e+02
1.653812662500418185e+02 2.664455145763273549e+02 2.013068698811992761e+02
1.653571278157062636e+02 2.664592639862547685e+02 2.013211823389299582e+02
1.653329893813707372e+02 2.664730133961822389e+02 2.013354947966606687e+02
1.653088509470351823e+02 2.664867628061096525e+02 2.013498072543913509e+02
1.652847125126996559e+02 2.665005122160371229e+02 2.013641197121220330e+02
1.652605740783641011e+02 2.665142616259645933e+02 2.013784321698527435e+02
1.652364356440285746e+02 2.665280110358920069e+02 2.013927446275834257e+02
1.652122972096930198e+02 2.665417604458194774e+02 2.014070570853141078e+02
1.651881587753574934e+02 2.665555098557468909e+02 2.014213695430448183e+02
1.651640203410219385e+02 2.665692592656743614e+02 2.014356820007755005e+02
1.651398819066864121e+02 2.665830086756017749e+02 2.014499944585062110e+02
1.651157434723508572e+02 2.665967580855292454e+02 2.014643069162368931e+02
1.651157434723508572e+02 2.665967580855292454e+02 2.014643069162368931e+02
1.650892067581435754e+02 2.665855719074220360e+02 2.014796412306157265e+02
1.650626700439362651e+02 2.665743857293148835e+02 2.014949755449945314e+02
1.650361333297289832e+02 2.665631995512076742e+02 2.015103098593733648e+02
1.650095966155216729e+02 2.665520133731004648e+02 2.015256441737521982e+02
1.649830599013143910e+02 2.665408271949932555e+02 2.015409784881310316e+02
1.649565231871070807e+02 2.665296410168861030e+02 2.015563128025098365e+02
1.649299864728997989e+02 2.665184548387788936e+02 2.015716471168886699e+02
1.649034497586924886e+02 2.665072686606716843e+02 2.015869814312675032e+02
1.648769130444852067e+02 2.664960824825644750e+02 2.016023157456463366e+02
1.648503763302778964e+02 2.664848963044573225e+02 2.016176500600251416e+02
1.648238396160706145e+02 2.664737101263501131e+02 2.016329843744039749e+02
1.647973029018633326e+02 2.664625239482429038e+02 2.016483186887828083e+02
1.647707661876560223e+02 2.664513377701357513e+02 2.016636530031616132e+02
1.647442294734487405e+02 2.664401515920285419e+02 2.016789873175404466e+02
1.647176927592414302e+02 2.664289654139213326e+02 2.016943216319192800e+02
1.646911560450341483e+02 2.664177792358141232e+02 2.017096559462981133e+02
1.646646193308268380e+02 2.664065930577069707e+02 2.017249902606769183e+02
1.646380826166195561e+02 2.663954068795997614e+02 2.017403245750557517e+02
1.646115459024122458e+02 2.663842207014925521e+02 2.017556588894345850e+02
1.645850091882049639e+02 2.663730345233853427e+02 2.017709932038134184e+02
1.645584724739976537e+02 2.663618483452781902e+02 2.017863275181922234e+02
1.645319357597903718e+02 2.663506621671709809e+02 2.018016618325710567e+02
1.645319357597903718e+02 2.663506621671709809e+02 2.018016618325710567e+02
1.645069977089677593e+02 2.663297423980331473e+02 2.018112294145346084e+02
1.644820596581451468e+02 2.663088226288952569e+02 2.018207969964981316e+02
1.644571216073225344e+02 2.662879028597574234e+02 2.018303645784616833e+02
1.644321835564999219e+02 2.662669830906195898e+02 2.018399321604252066e+02
1.644072455056773094e+02 2.662460633214816994e+02 2.018494997423887582e+02
1.643823074548546970e+02 2.662251435523438658e+02 2.018590673243522815e+02
1.643573694040320845e+02 2.662042237832060323e+02 2.018686349063158332e+02
1.643324313532094720e+02 2.661833040140681419e+02 2.018782024882793564e+02
1.643074933023868596e+02 2.661623842449303083e+02 2.018877700702429081e+02
1.642825552515642471e+02 2.661414644757924748e+02 2.018973376522064314e+02
1.642576172007416346e+02 2.661205447066545844e+02 2.019069052341699830e+02
1.642326791499190222e+02 2.660996249375167508e+02 2.019164728161335063e+02
1.642077410990964097e+02 2.660787051683789173e+02 2.019260403980970580e+02
1.641828030482737972e+02 2.660577853992410269e+02 2.019356079800605812e+02
1.641578649974511848e+02 2.660368656301031933e+02 2.019451755620241329e+02
1.641578649974511848e+02 2.660368656301031933e+02 2.019451755620241329e+02
1.641407390029731630e+02 2.660255528476404834e+02 2.019702652177249718e+02
1.641236130084951697e+02 2.660142400651777734e+02 2.019953548734258391e+02
1.641064870140171479e+02 2.660029272827150635e+02 2.020204445291266779e+02
1.640893610195391545e+02 2.659916145002523535e+02 2.020455341848275452e+02
1.640722350250611328e+02 2.659803017177896436e+02 2.020706238405283841e+02
1.640551090305831110e+02 2.659689889353269336e+02 2.020957134962292514e+02
1.640379830361051177e+02 2.659576761528642237e+02 2.021208031519300903e+02
1.640208570416270959e+02 2.659463633704015137e+02 2.021458928076309576e+02
1.640037310471491026e+02 2.659350505879388038e+02 2.021709824633317965e+02
1.639866050526710808e+02 2.659237378054760939e+02 2.021960721190326637e+02
1.639694790581930874e+02 2.659124250230133839e+02 2.022211617747335026e+02
1.639523530637150657e+02 2.659011122405506740e+02 2.022462514304343699e+02
1.639352270692370439e+02 2.658897994580879640e+02 2.022713410861352088e+02
1.639181010747590506e+02 2.658784866756252541e+02 2.022964307418360761e+02
1.639009750802810288e+02 2.658671738931625441e+02 2.023215203975369150e+02
1.638838490858030355e+02 2.658558611106998342e+02 2.023466100532377823e+02
1.638667230913250137e+02 2.658445483282371242e+02 2.023716997089386211e+02
1.638667230913250137e+02 2.658445483282371242e+02 2.023716997089386211e+02
1.638715230967363539e+02 2.658524754481785521e+02 2.024026581243781209e+02
1.638763231021476656e+02 2.658604025681199801e+02 2.024336165398176206e+02
1.638811231075590058e+02 2.658683296880614080e+02 2.024645749552571203e+02
1.638859231129703176e+02 2.658762568080028927e+02 2.024955333706965916e+02
1.638907231183816577e+02 2.658841839279443207e+02 2.025264917861360914e+02
1.638955231237929979e+02 2.658921110478857486e+02 2.025574502015755911e+02
1.639003231292043097e+02 2.659000381678271765e+02 2.025884086170150908e+02
1.639051231346156499e+02 2.659079652877686044e+02 2.026193670324545906e+02
1.639099231400269900e+02 2.659158924077100323e+02 2.026503254478940903e+02
1.639147231454383018e+02 2.659238195276515171e+02 2.026812838633335616e+02
1.639195231508496420e+02 2.659317466475929450e+02 2.027122422787730613e+02
1.639243231562609537e+02 2.659396737675343729e+02 2.027432006942125611e+02
1.639291231616722939e+02 2.659476008874758008e+02 2.027741591096520608e+02
1.639291231616722939e+02 2.659476008874758008e+02 2.027741591096520608e+02
1.639109785566806181e+02 2.659623666880307269e+02 2.027991460463362330e+02
1.638928339516889423e+02 2.659771324885856529e+02 2.028241329830204052e+02
1.638746893466972665e+02 2.659918982891405790e+02 2.028491199197045489e+02
1.638565447417055907e+02 2.660066640896955619e+02 2.028741068563887211e+02
1.638384001367139149e+02 2.660214298902504879e+02 2.028990937930728933e+02
1.638202555317222391e+02 2.660361956908054140e+02 2.029240807297570655e+02
1.638021109267305633e+02 2.660509614913603400e+02 2.029490676664412376e+02
1.637839663217388591e+02 2.660657272919152661e+02 2.029740546031253814e+02
1.637658217167471832e+02 2.660804930924701921e+02 2.029990415398095536e+02
1.637476771117555074e+02 2.660952588930251181e+02 2.030240284764937257e+02
1.637295325067638316e+02 2.661100246935801010e+02 2.030490154131778979e+02
1.637113879017721558e+02 2.661247904941350271e+02 2.030740023498620417e+02
1.636932432967804800e+02 2.661395562946899531e+02 2.030989892865462139e+02
1.636750986917888042e+02 2.661543220952448792e+02 2.031239762232303860e+02
1.636750986917888042e+02 2.661543220952448792e+02 2.031239762232303860e+02
1.636575141514293534e+02 2.661686321238135520e+02 2.031481918948740031e+02
1.636399296110699311e+02 2.661829421523821679e+02 2.031724075665176201e+02
1.636223450707104803e+02 2.661972521809508407e+02 2.031966232381612372e+02
1.636047605303510295e+02 2.662115622095194567e+02 2.032208389098048542e+02
1.635871759899915787e+02 2.662258722380881295e+02 2.032450545814484713e+02
1.635695914496321279e+02 2.662401822666567455e+02 2.032692702530920883e+02
1.635520069092727056e+02 2.662544922952254183e+02 2.032934859247357053e+02
1.635344223689132548e+02 2.662688023237940342e+02 2.033177015963793224e+02
1.635168378285538040e+02 2.662831123523627070e+02 2.033419172680229110e+02
1.634992532881943816e+02 2.662974223809313798e+02 2.033661329396665280e+02
1.634816687478349309e+02 2.663117324094999958e+02 2.033903486113101451e+02
1.634640842074754801e+02 2.663260424380686686e+02 2.034145642829537621e+02
1.634464996671160293e+02 2.663403524666372846e+02 2.034387799545973792e+02
1.634289151267565785e+02 2.663546624952059574e+02 2.034629956262409962e+02
1.634113305863971561e+02 2.663689725237745733e+02 2.034872112978846133e+02
1.633937460460377054e+02 2.663832825523432462e+02 2.035114269695282303e+02
1.633937460460377054e+02 2.663832825523432462e+02 2.035114269695282303e+02
1.633765175071843885e+02 2.663973028723600009e+02 2.035351523914752079e+02
1.633592889683310432e+02 2.664113231923768126e+02 2.035588778134221855e+02
1.633420604294777263e+02 2.664253435123935674e+02 2.035826032353691630e+02
1.633248318906243810e+02 2.664393638324103222e+02 2.036063286573161690e+02
1.633076033517710641e+02 2.664533841524271338e+02 2.036300540792631466e+02
1.632903748129177188e+02 2.664674044724438886e+02 2.036537795012101242e+02
1.632731462740644020e+02 2.664814247924606434e+02 2.036775049231571018e+02
1.632559177352110567e+02 2.664954451124773982e+02 2.037012303451040793e+02
1.632386891963577398e+02 2.665094654324942098e+02 2.037249557670510569e+02
1.632214606575043945e+02 2.665234857525109646e+02 2.037486811889980345e+02
1.632042321186510776e+02 2.665375060725277194e+02 2.037724066109450121e+02
1.631870035797977323e+02 2.665515263925445311e+02 2.037961320328920181e+02
1.631697750409444154e+02 2.665655467125612859e+02 2.038198574548389956e+02
1.631525465020910701e+02 2.665795670325780407e+02 2.038435828767859732e+02
1.631353179632377532e+02 2.665935873525948523e+02 2.038673082987329508e+02
1.631180894243844079e+02 2.666076076726116071e+02 2.038910337206799284e+02
1.631008608855310911e+02 2.666216279926283619e+02 2.039147591426269059e+02
1.630836323466777458e+02 2.666356483126451167e+02 2.039384845645738835e+02
1.630664038078244289e+02 2.666496686326619283e+02 2.039622099865208611e+02
1.630491752689710836e+02 2.666636889526786831e+02 2.039859354084678671e+02
1.630319467301177667e+02 2.666777092726954379e+02 2.040096608304148447e+02
1.630147181912644214e+02 2.666917295927122495e+02 2.040333862523618222e+02
1.629974896524111045e+02 2.667057499127290043e+02 2.040571116743087998e+02
1.629974896524111045e+02 2.667057499127290043e+02 2.040571116743087998e+02
1.629848913599349203e+02 2.667113095939485561e+02 2.040852163298376922e+02
1.629722930674587644e+02 2.667168692751680510e+02 2.041133209853665846e+02
1.629596947749825802e+02 2.667224289563876027e+02 2.041414256408954770e+02
1.629470964825063959e+02 2.667279886376071545e+02 2.041695302964243695e+02
1.629344981900302400e+02 2.667335483188267062e+02 2.041976349519532619e+02
1.629218998975540558e+02 2.667391080000462011e+02 2.042257396074821543e+02
1.629093016050778715e+02 2.667446676812657529e+02 2.042538442630110467e+02
1.628967033126016872e+02 2.667502273624853046e+02 2.042819489185399107e+02
1.628841050201255314e+02 2.667557870437048564e+02 2.043100535740688031e+02
1.628715067276493471e+02 2.667613467249243513e+02 2.043381582295976955e+02
1.628589084351731628e+02 2.667669064061439030e+02 2.043662628851265879e+02
1.628463101426970070e+02 2.667724660873634548e+02 2.043943675406554803e+02
1.628337118502208227e+02 2.667780257685829497e+02 2.044224721961843727e+02
1.628211135577446385e+02 2.667835854498025014e+02 2.044505768517132651e+02
1.628085152652684826e+02 2.667891451310220532e+02 2.044786815072421575e+02
1.627959169727922983e+02 2.667947048122416049e+02 2.045067861627710499e+02
1.627833186803161141e+02 2.668002644934610998e+02 2.045348908182999423e+02
1.627707203878399582e+02 2.668058241746806516e+02 2.045629954738288347e+02
1.627581220953637740e+02 2.668113838559002033e+02 2.045911001293577272e+02
1.627455238028875897e+02 2.668169435371196982e+02 2.046192047848866196e+02
1.627329255104114338e+02 2.668225032183392500e+02 2.046473094404155120e+02
1.627203272179352496e+02 2.668280628995588017e+02 2.046754140959443760e+02
1.627077289254590653e+02 2.668336225807783535e+02 2.047035187514732684e+02
1.626951306329828810e+02 2.668391822619978484e+02 2.047316234070021608e+02
1.626825323405067252e+02 2.668447419432174001e+02 2.047597280625310532e+02
1.626699340480305409e+02 2.668503016244369519e+02 2.047878327180599456e+02
1.626573357555543566e+02 2.668558613056565036e+02 2.048159373735888380e+02
1.626447374630782008e+02 2.668614209868759986e+02 2.048440420291177304e+02
1.626321391706020165e+02 2.668669806680955503e+02 2.048721466846466228e+02
1.626321391706020165e+02 2.668669806680955503e+02 2.048721466846466228e+02
1.626034290291526077e+02 2.668655789901961839e+02 2.048861515458524423e+02
1.625747188877031988e+02 2.668641773122968743e+02 2.049001564070582617e+02
1.625460087462537899e+02 2.668627756343975079e+02 2.049141612682640812e+02
1.625172986048043811e+02 2.668613739564981415e+02 2.049281661294699006e+02
1.624885884633549722e+02 2.668599722785988320e+02 2.049421709906756917e+02
1.624598783219055349e+02 2.668585706006994656e+02 2.049561758518815111e+02
1.624311681804561260e+02 2.668571689228000992e+02 2.049701807130873306e+02
1.624024580390067172e+02 2.668557672449007896e+02 2.049841855742931500e+02
1.623737478975573083e+02 2.668543655670014232e+02 2.049981904354989695e+02
1.623450377561078994e+02 2.668529638891020568e+02 2.050121952967047889e+02
1.623163276146584906e+02 2.668515622112027472e+02 2.050262001579106084e+02
1.622876174732090817e+02 2.668501605333033808e+02 2.050402050191163994e+02
1.622589073317596728e+02 2.668487588554040144e+02 2.050542098803222189e+02
1.622301971903102640e+02 2.668473571775047049e+02 2.050682147415280383e+02
1.622014870488608551e+02 2.668459554996053384e+02 2.050822196027338578e+02
1.621727769074114462e+02 2.668445538217059720e+02 2.050962244639396772e+02
1.621440667659620374e+02 2.668431521438066625e+02 2.051102293251454967e+02
1.621153566245126285e+02 2.668417504659072961e+02 2.051242341863513161e+02
1.620866464830631912e+02 2.668403487880079297e+02 2.051382390475571356e+02
1.620579363416137824e+02 2.668389471101086201e+02 2.051522439087629550e+02
1.620292262001643735e+02 2.668375454322092537e+02 2.051662487699687460e+02
1.620005160587149646e+02 2.668361437543098873e+02 2.051802536311745655e+02
1.619718059172655558e+02 2.668347420764105777e+02 2.051942584923803850e+02
1.619430957758161469e+02 2.668333403985112113e+02 2.052082633535862044e+02
1.619430957758161469e+02 2.668333403985112113e+02 2.052082633535862044e+02
1.619308661500822666e+02 2.668487356701743352e+02 2.052329318852424649e+02
1.619186365243483579e+02 2.668641309418375158e+02 2.052576004168987254e+02
1.619064068986144775e+02 2.668795262135006396e+02 2.052822689485550143e+02
1.618941772728805972e+02 2.668949214851638203e+02 2.053069374802112748e+02
1.618819476471466885e+02 2.669103167568269441e+02 2.053316060118675352e+02
1.618697180214128082e+02 2.669257120284901248e+02 2.053562745435237957e+02
1.618574883956789279e+02 2.669411073001532486e+02 2.053809430751800562e+02
1.618452587699450191e+02 2.669565025718164293e+02 2.054056116068363167e+02
1.618330291442111388e+02 2.669718978434795531e+02 2.054302801384926056e+02
1.618207995184772585e+02 2.669872931151427338e+02 2.054549486701488661e+02
1.618085698927433498e+02 2.670026883868058576e+02 2.054796172018051266e+02
1.617963402670094695e+02 2.670180836584690383e+02 2.055042857334613871e+02
1.617841106412755607e+02 2.670334789301321621e+02 2.055289542651176475e+02
1.617718810155416804e+02 2.670488742017953427e+02 2.055536227967739080e+02
1.617596513898078001e+02 2.670642694734584666e+02 2.055782913284301969e+02
1.617474217640738914e+02 2.670796647451216472e+02 2.056029598600864574e+02
1.617351921383400111e+02 2.670950600167847711e+02 2.056276283917427179e+02
1.617229625126061308e+02 2.671104552884479517e+02 2.056522969233989784e+02
1.617107328868722220e+02 2.671258505601110755e+02 2.056769654550552389e+02
1.616985032611383417e+02 2.671412458317742562e+02 2.057016339867114993e+02
1.616862736354044614e+02 2.671566411034373800e+02 2.057263025183677883e+02
1.616740440096705527e+02 2.671720363751005607e+02 2.057509710500240487e+02
1.616618143839366724e+02 2.671874316467636845e+02 2.057756395816803092e+02
1.616618143839366724e+02 2.671874316467636845e+02 2.057756395816803092e+02
1.616426684998575354e+02 2.671871021141984102e+02 2.058006496810046144e+02
1.616235226157784268e+02 2.671867725816331927e+02 2.058256597803289480e+02
1.616043767316992898e+02 2.671864430490679752e+02 2.058506698796532532e+02
1.615852308476201529e+02 2.671861135165027008e+02 2.058756799789775584e+02
1.615660849635410443e+02 2.671857839839374265e+02 2.059006900783018637e+02
1.615469390794619073e+02 2.671854544513722090e+02 2.059257001776261973e+02
1.615277931953827704e+02 2.671851249188069914e+02 2.059507102769505025e+02
1.615086473113036618e+02 2.671847953862417171e+02 2.059757203762748077e+02
1.614895014272245248e+02 2.671844658536764427e+02 2.060007304755991129e+02
1.614703555431453879e+02 2.671841363211112252e+02 2.060257405749234465e+02
1.614512096590662793e+02 2.671838067885460077e+02 2.060507506742477517e+02
1.614320637749871423e+02 2.671834772559807334e+02 2.060757607735720569e+02
1.614129178909080053e+02 2.671831477234154590e+02 2.061007708728963905e+02
1.613937720068288684e+02 2.671828181908502415e+02 2.061257809722206957e+02
1.613746261227497598e+02 2.671824886582850240e+02 2.061507910715450009e+02
1.613554802386706228e+02 2.671821591257197497e+02 2.061758011708693061e+02
1.613363343545914859e+02 2.671818295931544753e+02 2.062008112701936398e+02
1.613171884705123773e+02 2.671815000605892578e+02 2.062258213695179450e+02
1.612980425864332403e+02 2.671811705280240403e+02 2.062508314688422502e+02
1.612788967023541034e+02 2.671808409954587660e+02 2.062758415681665554e+02
1.612597508182749948e+02 2.671805114628934916e+02 2.063008516674908890e+02
1.612406049341958578e+02 2.671801819303282741e+02 2.063258617668151942e+02
1.612406049341958578e+02 2.671801819303282741e+02 2.063258617668151942e+02
1.612087216987825968e+02 2.671818857764531003e+02 2.063257979092277026e+02
1.611768384633693358e+02 2.671835896225778697e+02 2.063257340516402394e+02
1.611449552279560749e+02 2.671852934687026959e+02 2.063256701940527478e+02
1.611130719925428139e+02 2.671869973148275221e+02 2.063256063364652562e+02
1.610811887571295529e+02 2.671887011609522915e+02 2.063255424788777646e+02
1.610493055217162919e+02 2.671904050070771177e+02 2.063254786212903014e+02
1.610174222863030309e+02 2.671921088532019439e+02 2.063254147637028098e+02
1.609855390508897699e+02 2.671938126993267701e+02 2.063253509061153181e+02
1.609536558154765089e+02 2.671955165454515395e+02 2.063252870485278265e+02
1.609217725800632479e+02 2.671972203915763657e+02 2.063252231909403633e+02
1.608898893446499869e+02 2.671989242377011919e+02 2.063251593333528717e+02
1.608580061092367259e+02 2.672006280838259613e+02 2.063250954757653801e+02
1.608261228738234365e+02 2.672023319299507875e+02 2.063250316181778885e+02
1.607942396384101755e+02 2.672040357760756137e+02 2.063249677605904253e+02
1.607623564029969145e+02 2.672057396222003831e+02 2.063249039030029337e+02
1.607304731675836535e+02 2.672074434683252093e+02 2.063248400454154421e+02
1.606985899321703926e+02 2.672091473144500355e+02 2.063247761878279789e+02
1.606667066967571316e+02 2.672108511605748049e+02 2.063247123302404873e+02
1.606348234613438706e+02 2.672125550066996311e+02 2.063246484726529957e+02
1.606029402259306096e+02 2.672142588528244573e+02 2.063245846150655041e+02
1.605710569905173486e+02 2.672159626989492835e+02 2.063245207574780409e+02
1.605391737551040876e+02 2.672176665450740529e+02 2.063244568998905493e+02
1.605072905196908266e+02 2.672193703911988791e+02 2.063243930423030577e+02
1.604754072842775656e+02 2.672210742373237053e+02 2.063243291847155660e+02
1.604435240488643046e+02 2.672227780834484747e+02 2.063242653271281029e+02
1.604116408134510436e+02 2.672244819295733009e+02 2.063242014695406112e+02
1.604116408134510436e+02 2.672244819295733009e+02 2.063242014695406112e+02
1.603799170884663283e+02 2.672261772514306699e+02 2.063241379314298456e+02
1.603481933634815846e+02 2.672278725732880389e+02 2.063240743933190515e+02
1.603164696384968693e+02 2.672295678951454079e+02 2.063240108552082859e+02
1.602847459135121539e+02 2.672312632170027769e+02 2.063239473170975202e+02
1.602530221885274102e+02 2.672329585388601458e+02 2.063238837789867262e+02
1.602212984635426949e+02 2.672346538607175148e+02 2.063238202408759605e+02
1.601895747385579796e+02 2.672363491825748838e+02 2.063237567027651949e+02
1.601578510135732358e+02 2.672380445044322528e+02 2.063236931646544292e+02
1.601261272885885205e+02 2.672397398262896218e+02 2.063236296265436351e+02
1.600944035636038052e+02 2.672414351481469907e+02 2.063235660884328695e+02
1.600626798386190615e+02 2.672431304700043597e+02 2.063235025503221038e+02
1.600309561136343461e+02 2.672448257918617287e+02 2.063234390122113098e+02
1.599992323886496024e+02 2.672465211137190977e+02 2.063233754741005441e+02
1.599675086636648871e+02 2.672482164355764667e+02 2.063233119359897785e+02
1.599357849386801718e+02 2.672499117574338356e+02 2.063232483978789844e+02
1.599040612136954280e+02 2.672516070792912046e+02 2.063231848597682188e+02
1.598723374887107127e+02 2.672533024011485736e+02 2.063231213216574531e+02
1.598406137637259974e+02 2.672549977230059426e+02 2.063230577835466875e+02
1.598088900387412536e+02 2.672566930448633116e+02 2.063229942454358934e+02
1.597771663137565383e+02 2.672583883667206806e+02 2.063229307073251277e+02
1.597454425887718230e+02 2.672600836885780495e+02 2.063228671692143621e+02
1.597137188637870793e+02 2.672617790104354185e+02 2.063228036311035680e+02
1.596819951388023640e+02 2.672634743322927875e+02 2.063227400929928024e+02
1.596819951388023640e+02 2.672634743322927875e+02 2.063227400929928024e+02
1.596495969823176324e+02 2.672652056958969524e+02 2.063226752040916097e+02
1.596171988258328724e+02 2.672669370595011173e+02 2.063226103151904454e+02
1.595848006693481125e+02 2.672686684231052823e+02 2.063225454262892526e+02
1.595524025128633809e+02 2.672703997867094472e+02 2.063224805373880884e+02
1.595200043563786494e+02 2.672721311503136121e+02 2.063224156484868956e+02
1.594876061998938894e+02 2.672738625139177771e+02 2.063223507595857313e+02
1.594552080434091295e+02 2.672755938775219420e+02 2.063222858706845386e+02
1.594228098869243979e+02 2.672773252411261069e+02 2.063222209817833743e+02
1.593904117304396664e+02 2.672790566047302718e+02 2.063221560928821816e+02
1.593580135739549064e+02 2.672807879683343799e+02 2.063220912039809889e+02
1.593256154174701464e+02 2.672825193319385448e+02 2.063220263150798246e+02
1.592932172609854149e+02 2.672842506955427098e+02 2.063219614261786319e+02
1.592608191045006834e+02 2.672859820591468747e+02 2.063218965372774676e+02
1.592284209480159234e+02 2.672877134227510396e+02 2.063218316483762749e+02
1.591960227915311634e+02 2.672894447863552045e+02 2.063217667594751106e+02
1.591636246350464319e+02 2.672911761499593695e+02 2.063217018705739179e+02
1.591312264785617003e+02 2.672929075135635344e+02 2.063216369816727536e+02
1.590988283220769404e+02 2.672946388771676993e+02 2.063215720927715608e+02
1.590988283220769404e+02 2.672946388771676993e+02 2.063215720927715608e+02
1.590669451080990484e+02 2.672963427221470170e+02 2.063215082352270144e+02
1.590350618941211849e+02 2.672980465671262778e+02 2.063214443776824680e+02
1.590031786801432929e+02 2.672997504121055954e+02 2.063213805201378932e+02
1.589712954661654010e+02 2.673014542570849130e+02 2.063213166625933468e+02
1.589394122521875374e+02 2.673031581020641738e+02 2.063212528050488004e+02
1.589075290382096455e+02 2.673048619470434915e+02 2.063211889475042540e+02
1.588756458242317535e+02 2.673065657920227522e+02 2.063211250899597076e+02
1.588437626102538900e+02 2.673082696370020699e+02 2.063210612324151612e+02
1.588118793962759980e+02 2.673099734819813875e+02 2.063209973748705863e+02
1.587799961822981061e+02 2.673116773269606483e+02 2.063209335173260399e+02
1.587481129683202425e+02 2.673133811719399660e+02 2.063208696597814935e+02
1.587162297543423506e+02 2.673150850169192836e+02 2.063208058022369471e+02
1.586843465403644586e+02 2.673167888618985444e+02 2.063207419446924007e+02
1.586524633263865667e+02 2.673184927068778620e+02 2.063206780871478259e+02
1.586205801124087031e+02 2.673201965518571797e+02 2.063206142296032795e+02
1.585886968984308112e+02 2.673219003968364404e+02 2.063205503720587330e+02
1.585568136844529192e+02 2.673236042418157581e+02 2.063204865145141866e+02
1.585249304704750557e+02 2.673253080867950189e+02 2.063204226569696402e+02
1.584930472564971637e+02 2.673270119317743365e+02 2.063203587994250938e+02
1.584611640425192718e+02 2.673287157767536542e+02 2.063202949418805190e+02
1.584292808285414083e+02 2.673304196217329149e+02 2.063202310843359726e+02
1.583973976145635163e+02 2.673321234667122326e+02 2.063201672267914262e+02
1.583973976145635163e+02 2.673321234667122326e+02 2.063201672267914262e+02
1.583658462856018616e+02 2.673338095756935786e+02 2.063201040339653787e+02
1.583342949566401785e+02 2.673354956846748678e+02 2.063200408411393312e+02
1.583027436276785238e+02 2.673371817936562138e+02 2.063199776483132837e+02
1.582711922987168691e+02 2.673388679026375030e+02 2.063199144554872362e+02
1.582396409697551860e+02 2.673405540116188490e+02 2.063198512626611603e+02
1.582080896407935313e+02 2.673422401206001382e+02 2.063197880698351128e+02
1.581765383118318766e+02 2.673439262295814842e+02 2.063197248770090653e+02
1.581449869828701935e+02 2.673456123385628302e+02 2.063196616841830178e+02
1.581134356539085388e+02 2.673472984475441194e+02 2.063195984913569703e+02
1.580818843249468841e+02 2.673489845565254655e+02 2.063195352985309228e+02
1.580503329959852010e+02 2.673506706655067546e+02 2.063194721057048753e+02
1.580187816670235463e+02 2.673523567744881007e+02 2.063194089128788278e+02
1.579872303380618632e+02 2.673540428834694467e+02 2.063193457200527519e+02
1.579556790091002085e+02 2.673557289924507359e+02 2.063192825272267044e+02
1.579241276801385538e+02 2.673574151014320819e+02 2.063192193344006569e+02
1.578925763511768707e+02 2.673591012104133711e+02 2.063191561415746094e+02
1.578610250222152160e+02 2.673607873193947171e+02 2.063190929487485619e+02
1.578294736932535614e+02 2.673624734283760063e+02 2.063190297559225144e+02
1.577979223642918782e+02 2.673641595373573523e+02 2.063189665630964669e+02
1.577663710353302235e+02 2.673658456463386983e+02 2.063189033702704194e+02
1.577348197063685689e+02 2.673675317553199875e+02 2.063188401774443719e+02
1.577032683774068857e+02 2.673692178643013335e+02 2.063187769846182960e+02
1.576717170484452311e+02 2.673709039732826227e+02 2.063187137917922485e+02
1.576401657194835764e+02 2.673725900822639687e+02 2.063186505989662010e+02
1.576086143905218933e+02 2.673742761912452579e+02 2.063185874061401535e+02
1.575770630615602386e+02 2.673759623002266039e+02 2.063185242133141060e+02
1.575770630615602386e+02 2.673759623002266039e+02 2.063185242133141060e+02
1.575592323305168918e+02 2.673643739523955674e+02 2.062955411522627287e+02
1.575414015994735735e+02 2.673527856045644739e+02 2.062725580912113799e+02
1.575235708684302267e+02 2.673411972567334374e+02 2.062495750301600026e+02
1.575057401373868800e+02 2.673296089089023440e+02 2.062265919691086253e+02
1.574879094063435616e+02 2.673180205610713074e+02 2.062036089080572765e+02
1.574700786753002149e+02 2.673064322132402140e+02 2.061806258470058992e+02
1.574522479442568965e+02 2.672948438654091774e+02 2.061576427859545220e+02
1.574344172132135498e+02 2.672832555175781408e+02 2.061346597249031447e+02
1.574165864821702030e+02 2.672716671697470474e+02 2.061116766638517959e+02
1.573987557511268847e+02 2.672600788219160108e+02 2.060886936028004186e+02
1.573809250200835379e+02 2.672484904740849174e+02 2.060657105417490413e+02
1.573630942890401911e+02 2.672369021262538809e+02 2.060427274806976925e+02
1.573452635579968728e+02 2.672253137784227874e+02 2.060197444196463152e+02
1.573274328269535260e+02 2.672137254305917509e+02 2.059967613585949380e+02
1.573096020959101793e+02 2.672021370827607143e+02 2.059737782975435607e+02
1.572917713648668609e+02 2.671905487349296209e+02 2.059507952364922119e+02
1.572739406338235142e+02 2.671789603870985843e+02 2.059278121754408346e+02
1.572561099027801959e+02 2.671673720392674909e+02 2.059048291143894573e+02
1.572382791717368491e+02 2.671557836914364543e+02 2.058818460533381085e+02
1.572204484406935023e+02 2.671441953436053609e+02 2.058588629922867312e+02
1.572026177096501840e+02 2.671326069957743243e+02 2.058358799312353540e+02
1.571847869786068372e+02 2.671210186479432309e+02 2.058128968701840051e+02
1.571669562475634905e+02 2.671094303001121943e+02 2.057899138091326279e+02
1.571491255165201721e+02 2.670978419522811578e+02 2.057669307480812506e+02
1.571312947854768254e+02 2.670862536044500644e+02 2.057439476870299018e+02
1.571134640544335070e+02 2.670746652566190278e+02 2.057209646259785245e+02
1.570956333233901603e+02 2.670630769087879344e+02 2.056979815649271472e+02
1.570778025923468135e+02 2.670514885609568978e+02 2.056749985038757700e+02
1.570599718613034952e+02 2.670399002131258044e+02 2.056520154428244211e+02
1.570421411302601484e+02 2.670283118652947678e+02 2.056290323817730439e+02
1.570421411302601484e+02 2.670283118652947678e+02 2.056290323817730439e+02
1.570212155101879148e+02 2.670083775206885548e+02 2.056152674594419238e+02
1.570002898901157096e+02 2.669884431760823986e+02 2.056015025371108038e+02
1.569793642700434759e+02 2.669685088314761856e+02 2.055877376147796838e+02
1.569584386499712423e+02 2.669485744868699726e+02 2.055739726924485637e+02
1.569375130298990086e+02 2.669286401422638164e+02 2.055602077701174437e+02
1.569165874098268034e+02 2.669087057976576034e+02 2.055464428477863237e+02
1.568956617897545698e+02 2.668887714530513904e+02 2.055326779254552036e+02
1.568747361696823361e+02 2.668688371084452342e+02 2.055189130031240836e+02
1.568538105496101025e+02 2.668489027638390212e+02 2.055051480807929636e+02
1.568328849295378973e+02 2.668289684192328082e+02 2.054913831584618435e+02
1.568119593094656636e+02 2.668090340746266520e+02 2.054776182361307235e+02
1.567910336893934300e+02 2.667890997300204390e+02 2.054638533137996035e+02
1.567701080693212248e+02 2.667691653854142260e+02 2.054500883914684835e+02
1.567491824492489911e+02 2.667492310408080698e+02 2.054363234691373634e+02
1.567282568291767575e+02 2.667292966962018568e+02 2.054225585468062718e+02
1.567073312091045239e+02 2.667093623515957006e+02 2.054087936244751518e+02
1.566864055890323186e+02 2.666894280069894876e+02 2.053950287021440317e+02
1.566654799689600850e+02 2.666694936623832746e+02 2.053812637798129117e+02
1.566445543488878513e+02 2.666495593177771184e+02 2.053674988574817917e+02
1.566236287288156461e+02 2.666296249731709054e+02 2.053537339351506716e+02
1.566027031087434125e+02 2.666096906285646924e+02 2.053399690128195516e+02
1.565817774886711788e+02 2.665897562839585362e+02 2.053262040904884316e+02
1.565608518685989452e+02 2.665698219393523232e+02 2.053124391681573115e+02
1.565399262485267400e+02 2.665498875947461102e+02 2.052986742458261915e+02
1.565190006284545063e+02 2.665299532501399540e+02 2.052849093234950715e+02
1.564980750083822727e+02 2.665100189055337410e+02 2.052711444011639514e+02
1.564771493883100391e+02 2.664900845609275279e+02 2.052573794788328314e+02
1.564562237682378338e+02 2.664701502163213718e+02 2.052436145565017114e+02
1.564352981481656002e+02 2.664502158717151588e+02 2.052298496341705913e+02
1.564352981481656002e+02 2.664502158717151588e+02 2.052298496341705913e+02
1.564244598212130484e+02 2.664237664005349302e+02 2.052422505547250466e+02
1.564136214942604681e+02 2.663973169293547016e+02 2.052546514752794735e+02
1.564027831673079163e+02 2.663708674581744731e+02 2.052670523958339288e+02
1.563919448403553645e+02 2.663444179869941877e+02 2.052794533163883557e+02
1.563811065134028127e+02 2.663179685158139591e+02 2.052918542369428110e+02
1.563702681864502324e+02 2.662915190446337306e+02 2.053042551574972663e+02
1.563594298594976806e+02 2.662650695734535020e+02 2.053166560780516932e+02
1.563485915325451288e+02 2.662386201022732735e+02 2.053290569986061485e+02
1.563377532055925769e+02 2.662121706310930449e+02 2.053414579191605753e+02
1.563269148786399967e+02 2.661857211599128163e+02 2.053538588397150306e+02
1.563160765516874449e+02 2.661592716887325309e+02 2.053662597602694859e+02
1.563052382247348930e+02 2.661328222175523024e+02 2.053786606808239128e+02
1.562943998977823412e+02 2.661063727463720738e+02 2.053910616013783681e+02
1.562835615708297610e+02 2.660799232751918453e+02 2.054034625219327950e+02
1.562727232438772091e+02 2.660534738040116167e+02 2.054158634424872503e+02
1.562618849169246573e+02 2.660270243328313882e+02 2.054282643630416771e+02
1.562510465899721055e+02 2.660005748616511028e+02 2.054406652835961324e+02
1.562402082630195252e+02 2.659741253904708742e+02 2.054530662041505877e+02
1.562293699360669734e+02 2.659476759192906457e+02 2.054654671247050146e+02
1.562185316091144216e+02 2.659212264481104171e+02 2.054778680452594699e+02
1.562076932821618698e+02 2.658947769769301885e+02 2.054902689658138968e+02
1.561968549552092895e+02 2.658683275057499600e+02 2.055026698863683521e+02
1.561860166282567377e+02 2.658418780345697314e+02 2.055150708069228074e+02
1.561751783013041859e+02 2.658154285633894460e+02 2.055274717274772343e+02
1.561643399743516341e+02 2.657889790922092175e+02 2.055398726480316896e+02
1.561535016473990538e+02 2.657625296210289889e+02 2.055522735685861164e+02
1.561426633204465020e+02 2.657360801498487604e+02 2.055646744891405717e+02
1.561426633204465020e+02 2.657360801498487604e+02 2.055646744891405717e+02
1.561149557237638987e+02 2.657204663247055691e+02 2.055639746289753873e+02
1.560872481270813239e+02 2.657048524995624348e+02 2.055632747688101745e+02
1.560595405303987206e+02 2.656892386744192436e+02 2.055625749086449900e+02
1.560318329337161458e+02 2.656736248492761092e+02 2.055618750484797772e+02
1.560041253370335426e+02 2.656580110241329180e+02 2.055611751883145928e+02
1.559764177403509677e+02 2.656423971989897268e+02 2.055604753281493799e+02
1.559487101436683645e+02 2.656267833738465924e+02 2.055597754679841955e+02
1.559210025469857612e+02 2.656111695487034012e+02 2.055590756078190111e+02
1.558932949503031864e+02 2.655955557235602100e+02 2.055583757476537983e+02
1.558655873536205831e+02 2.655799418984170757e+02 2.055576758874886139e+02
1.558378797569380083e+02 2.655643280732738845e+02 2.055569760273234010e+02
1.558101721602554051e+02 2.655487142481307501e+02 2.055562761671582166e+02
1.557824645635728018e+02 2.655331004229875589e+02 2.055555763069930322e+02
1.557547569668902270e+02 2.655174865978443677e+02 2.055548764468278193e+02
1.557270493702076237e+02 2.655018727727012333e+02 2.055541765866626349e+02
1.556993417735250489e+02 2.654862589475580421e+02 2.055534767264974221e+02
1.556716341768424456e+02 2.654706451224149077e+02 2.055527768663322377e+02
1.556439265801598708e+02 2.654550312972717165e+02 2.055520770061670248e+02
1.556162189834772676e+02 2.654394174721285253e+02 2.055513771460018404e+02
1.555885113867946643e+02 2.654238036469853910e+02 2.055506772858366560e+02
1.555608037901120895e+02 2.654081898218421998e+02 2.055499774256714431e+02
1.555330961934294862e+02 2.653925759966990654e+02 2.055492775655062587e+02
1.555053885967469114e+02 2.653769621715558742e+02 2.055485777053410459e+02
1.554776810000643081e+02 2.653613483464126830e+02 2.055478778451758615e+02
1.554499734033817049e+02 2.653457345212695486e+02 2.055471779850106770e+02
1.554222658066991301e+02 2.653301206961263574e+02 2.055464781248454642e+02
1.553945582100165268e+02 2.653145068709831662e+02 2.055457782646802798e+02
1.553668506133339520e+02 2.652988930458400318e+02 2.055450784045150669e+02
1.553391430166513487e+02 2.652832792206968406e+02 2.055443785443498825e+02
1.553114354199687739e+02 2.652676653955537063e+02 2.055436786841846697e+02
1.552837278232861706e+02 2.652520515704105151e+02 2.055429788240194853e+02
1.552837278232861706e+02 2.652520515704105151e+02 2.055429788240194853e+02
1.552728416104779967e+02 2.652228940961711032e+02 2.055442871625693044e+02
1.552619553976697944e+02 2.651937366219316345e+02 2.055455955011191520e+02
1.552510691848616204e+02 2.651645791476922227e+02 2.055469038396689712e+02
1.552401829720534465e+02 2.651354216734527540e+02 2.055482121782187903e+02
1.552292967592452726e+02 2.651062641992133422e+02 2.055495205167686379e+02
1.552184105464370703e+02 2.650771067249739303e+02 2.055508288553184570e+02
1.552075243336288963e+02 2.650479492507344617e+02 2.055521371938682762e+02
1.551966381208207224e+02 2.650187917764950498e+02 2.055534455324181238e+02
1.551857519080125201e+02 2.649896343022556380e+02 2.055547538709679429e+02
1.551748656952043461e+02 2.649604768280161693e+02 2.055560622095177905e+02
1.551639794823961722e+02 2.649313193537767575e+02 2.055573705480676097e+02
1.551530932695879983e+02 2.649021618795372888e+02 2.055586788866174288e+02
1.551422070567797959e+02 2.648730044052978769e+02 2.055599872251672764e+02
1.551313208439716220e+02 2.648438469310584651e+02 2.055612955637170955e+02
1.551204346311634481e+02 2.648146894568189964e+02 2.055626039022669147e+02
1.551095484183552458e+02 2.647855319825795846e+02 2.055639122408167623e+02
1.550986622055470718e+02 2.647563745083401159e+02 2.055652205793665814e+02
1.550877759927388979e+02 2.647272170341007040e+02 2.055665289179164006e+02
1.550768897799306956e+02 2.646980595598612922e+02 2.055678372564662482e+02
1.550660035671225216e+02 2.646689020856218235e+02 2.055691455950160673e+02
1.550551173543143477e+02 2.646397446113824117e+02 2.055704539335658865e+02
1.550442311415061738e+02 2.646105871371429430e+02 2.055717622721157340e+02
1.550333449286979715e+02 2.645814296629035312e+02 2.055730706106655532e+02
1.550224587158897975e+02 2.645522721886641193e+02 2.055743789492154008e+02
1.550115725030816236e+02 2.645231147144246506e+02 2.055756872877652199e+02
1.550006862902734213e+02 2.644939572401852388e+02 2.055769956263150391e+02
1.549898000774652473e+02 2.644647997659458269e+02 2.055783039648648867e+02
1.549789138646570734e+02 2.644356422917063583e+02 2.055796123034147058e+02
1.549680276518488995e+02 2.644064848174669464e+02 2.055809206419645250e+02
1.549571414390406972e+02 2.643773273432274777e+02 2.055822289805143726e+02
1.549462552262325232e+02 2.643481698689880659e+02 2.055835373190641917e+02
