3.001729288233246393e+02 2.833790135132426826e+02 8.996246091675759260e+01
3.001905109699581544e+02 2.833582606346840862e+02 8.994965368942420980e+01
3.002080931165916695e+02 2.833375077561255466e+02 8.993684646209081279e+01
3.002256752632251846e+02 2.833167548775669502e+02 8.992403923475742999e+01
3.002432574098586997e+02 2.832960019990083538e+02 8.991123200742404720e+01
3.002608395564922148e+02 2.832752491204498142e+02 8.989842478009066440e+01
3.002784217031257299e+02 2.832544962418912178e+02 8.988561755275726739e+01
3.002960038497592450e+02 2.832337433633326214e+02 8.987281032542388459e+01
3.003135859963927601e+02 2.832129904847740818e+02 8.986000309809050179e+01
3.003311681430262752e+02 2.831922376062154854e+02 8.984719587075711900e+01
3.003487502896597903e+02 2.831714847276568889e+02 8.983438864342372199e+01
3.003663324362933054e+02 2.831507318490983494e+02 8.982158141609033919e+01
3.003839145829268205e+02 2.831299789705397529e+02 8.980877418875695639e+01
3.004014967295603356e+02 2.831092260919811565e+02 8.979596696142357359e+01
3.004190788761938506e+02 2.830884732134226169e+02 8.978315973409017658e+01
3.004366610228273657e+02 2.830677203348640205e+02 8.977035250675679379e+01
3.004542431694608808e+02 2.830469674563054241e+02 8.975754527942341099e+01
3.004718253160943959e+02 2.830262145777468845e+02 8.974473805209002819e+01
3.004894074627279110e+02 2.830054616991882881e+02 8.973193082475663118e+01
3.005069896093614261e+02 2.829847088206296917e+02 8.971912359742324838e+01
3.005245717559949412e+02 2.829639559420711521e+02 8.970631637008986559e+01
3.005421539026284563e+02 2.829432030635125557e+02 8.969350914275648279e+01
3.005597360492619714e+02 2.829224501849539593e+02 8.968070191542308578e+01
3.005773181958954865e+02 2.829016973063954197e+02 8.966789468808970298e+01
3.005949003425290016e+02 2.828809444278368233e+02 8.965508746075632018e+01
3.006124824891625167e+02 2.828601915492782268e+02 8.964228023342293739e+01
3.006300646357960318e+02 2.828394386707196873e+02 8.962947300608954038e+01
3.006476467824295469e+02 2.828186857921610908e+02 8.961666577875615758e+01
3.006476467824295469e+02 2.828186857921610908e+02 8.961666577875615758e+01
3.006602442410468257e+02 2.827875351896825009e+02 8.961538800158410822e+01
3.006728416996641045e+02 2.827563845872039678e+02 8.961411022441205887e+01
3.006854391582813264e+02 2.827252339847253779e+02 8.961283244723999530e+01
3.006980366168986052e+02 2.826940833822468448e+02 8.961155467006794595e+01
3.007106340755158840e+02 2.826629327797682549e+02 8.961027689289589659e+01
3.007232315341331628e+02 2.826317821772897219e+02 8.960899911572384724e+01
3.007358289927504416e+02 2.826006315748111319e+02 8.960772133855179788e+01
3.007484264513676635e+02 2.825694809723325989e+02 8.960644356137973432e+01
3.007610239099849423e+02 2.825383303698540089e+02 8.960516578420768496e+01
3.007736213686022211e+02 2.825071797673754759e+02 8.960388800703563561e+01
3.007862188272194999e+02 2.824760291648968860e+02 8.960261022986358626e+01
3.007988162858367787e+02 2.824448785624183529e+02 8.960133245269153690e+01
3.008114137444540575e+02 2.824137279599397630e+02 8.960005467551948755e+01
3.008240112030712794e+02 2.823825773574611731e+02 8.959877689834742398e+01
3.008366086616885582e+02 2.823514267549826400e+02 8.959749912117537463e+01
3.008492061203058370e+02 2.823202761525040501e+02 8.959622134400332527e+01
3.008618035789231158e+02 2.822891255500255170e+02 8.959494356683127592e+01
3.008744010375403946e+02 2.822579749475469271e+02 8.959366578965922656e+01
3.008869984961576165e+02 2.822268243450683940e+02 8.959238801248716300e+01
3.008995959547748953e+02 2.821956737425898041e+02 8.959111023531511364e+01
3.009121934133921741e+02 2.821645231401112710e+02 8.958983245814306429e+01
3.009247908720094529e+02 2.821333725376326811e+02 8.958855468097101493e+01
3.009373883306267317e+02 2.821022219351541480e+02 8.958727690379896558e+01
3.009499857892439536e+02 2.820710713326755581e+02 8.958599912662690201e+01
3.009625832478612324e+02 2.820399207301970250e+02 8.958472134945485266e+01
3.009751807064785112e+02 2.820087701277184351e+02 8.958344357228280330e+01
3.009751807064785112e+02 2.820087701277184351e+02 8.958344357228280330e+01
3.009932134758525422e+02 2.819824513973325111e+02 8.958389027011395456e+01
3.010112462452265163e+02 2.819561326669465871e+02 8.958433696794510581e+01
3.010292790146005473e+02 2.819298139365606630e+02 8.958478366577627128e+01
3.010473117839745782e+02 2.819034952061747958e+02 8.958523036360742253e+01
3.010653445533486092e+02 2.818771764757888718e+02 8.958567706143857379e+01
3.010833773227226402e+02 2.818508577454029478e+02 8.958612375926972504e+01
3.011014100920966143e+02 2.818245390150170238e+02 8.958657045710087630e+01
3.011194428614706453e+02 2.817982202846310997e+02 8.958701715493202755e+01
3.011374756308446763e+02 2.817719015542451757e+02 8.958746385276319302e+01
3.011555084002186504e+02 2.817455828238592517e+02 8.958791055059434427e+01
3.011735411695926814e+02 2.817192640934733845e+02 8.958835724842549553e+01
3.011915739389667124e+02 2.816929453630874605e+02 8.958880394625664678e+01
3.012096067083407434e+02 2.816666266327015364e+02 8.958925064408779804e+01
3.012276394777147743e+02 2.816403079023156124e+02 8.958969734191896350e+01
3.012456722470887485e+02 2.816139891719296884e+02 8.959014403975011476e+01
3.012637050164627794e+02 2.815876704415437644e+02 8.959059073758126601e+01
3.012817377858368104e+02 2.815613517111578403e+02 8.959103743541241727e+01
3.012997705552107846e+02 2.815350329807719731e+02 8.959148413324356852e+01
3.013178033245848155e+02 2.815087142503860491e+02 8.959193083107471978e+01
3.013358360939588465e+02 2.814823955200001251e+02 8.959237752890588524e+01
3.013538688633328775e+02 2.814560767896142011e+02 8.959282422673703650e+01
3.013719016327069085e+02 2.814297580592282770e+02 8.959327092456818775e+01
3.013899344020808826e+02 2.814034393288423530e+02 8.959371762239933901e+01
3.014079671714549136e+02 2.813771205984564290e+02 8.959416432023049026e+01
3.014259999408289445e+02 2.813508018680705618e+02 8.959461101806164152e+01
3.014440327102029187e+02 2.813244831376846378e+02 8.959505771589280698e+01
3.014620654795769497e+02 2.812981644072987137e+02 8.959550441372395824e+01
3.014800982489509806e+02 2.812718456769127897e+02 8.959595111155510949e+01
3.014800982489509806e+02 2.812718456769127897e+02 8.959595111155510949e+01
3.014791583374422430e+02 2.812460716902276658e+02 8.962918346628973154e+01
3.014782184259335622e+02 2.812202977035425988e+02 8.966241582102435359e+01
3.014772785144248246e+02 2.811945237168574749e+02 8.969564817575898985e+01
3.014763386029160870e+02 2.811687497301724079e+02 8.972888053049361190e+01
3.014753986914074062e+02 2.811429757434872840e+02 8.976211288522823395e+01
3.014744587798986686e+02 2.811172017568021602e+02 8.979534523996285600e+01
3.014735188683899878e+02 2.810914277701170931e+02 8.982857759469749226e+01
3.014725789568812502e+02 2.810656537834319693e+02 8.986180994943211431e+01
3.014716390453725126e+02 2.810398797967469022e+02 8.989504230416673636e+01
3.014706991338638318e+02 2.810141058100617784e+02 8.992827465890135841e+01
3.014697592223550942e+02 2.809883318233766545e+02 8.996150701363598046e+01
3.014688193108463565e+02 2.809625578366915875e+02 8.999473936837061672e+01
3.014678793993376757e+02 2.809367838500064636e+02 9.002797172310523877e+01
3.014669394878289381e+02 2.809110098633213966e+02 9.006120407783986082e+01
3.014659995763202005e+02 2.808852358766362727e+02 9.009443643257448286e+01
3.014650596648115197e+02 2.808594618899511488e+02 9.012766878730910491e+01
3.014641197533027821e+02 2.808336879032660818e+02 9.016090114204374117e+01
3.014631798417940445e+02 2.808079139165809579e+02 9.019413349677836322e+01
3.014622399302853637e+02 2.807821399298958340e+02 9.022736585151298527e+01
3.014613000187766261e+02 2.807563659432107670e+02 9.026059820624760732e+01
3.014603601072678885e+02 2.807305919565256431e+02 9.029383056098222937e+01
3.014594201957592077e+02 2.807048179698405761e+02 9.032706291571686563e+01
3.014584802842504700e+02 2.806790439831554522e+02 9.036029527045148768e+01
3.014575403727417893e+02 2.806532699964703284e+02 9.039352762518610973e+01
3.014566004612330516e+02 2.806274960097852613e+02 9.042675997992073178e+01
3.014556605497243140e+02 2.806017220231001374e+02 9.045999233465536804e+01
3.014547206382156332e+02 2.805759480364150704e+02 9.049322468938999009e+01
3.014537807267068956e+02 2.805501740497299465e+02 9.052645704412461214e+01
3.014537807267068956e+02 2.805501740497299465e+02 9.052645704412461214e+01
3.014547075560773806e+02 2.805230431186078590e+02 9.052629416064840484e+01
3.014556343854478655e+02 2.804959121874858283e+02 9.052613127717219754e+01
3.014565612148183504e+02 2.804687812563637408e+02 9.052596839369599024e+01
3.014574880441888354e+02 2.804416503252417101e+02 9.052580551021978295e+01
3.014584148735593203e+02 2.804145193941196226e+02 9.052564262674357565e+01
3.014593417029298053e+02 2.803873884629975919e+02 9.052547974326736835e+01
3.014602685323002902e+02 2.803602575318755044e+02 9.052531685979116105e+01
3.014611953616707751e+02 2.803331266007534737e+02 9.052515397631495375e+01
3.014621221910412601e+02 2.803059956696313861e+02 9.052499109283874645e+01
3.014630490204117450e+02 2.802788647385092986e+02 9.052482820936253916e+01
3.014639758497822299e+02 2.802517338073872679e+02 9.052466532588633186e+01
3.014649026791527149e+02 2.802246028762651804e+02 9.052450244241012456e+01
3.014658295085231998e+02 2.801974719451431497e+02 9.052433955893391726e+01
3.014667563378936848e+02 2.801703410140210622e+02 9.052417667545770996e+01
3.014676831672641697e+02 2.801432100828990315e+02 9.052401379198150266e+01
3.014686099966346546e+02 2.801160791517769439e+02 9.052385090850529537e+01
3.014695368260051396e+02 2.800889482206549133e+02 9.052368802502908807e+01
3.014704636553756245e+02 2.800618172895328257e+02 9.052352514155288077e+01
3.014713904847460526e+02 2.800346863584107950e+02 9.052336225807667347e+01
3.014723173141165375e+02 2.800075554272887075e+02 9.052319937460046617e+01
3.014732441434870225e+02 2.799804244961666200e+02 9.052303649112425887e+01
3.014741709728575074e+02 2.799532935650445893e+02 9.052287360764805157e+01
3.014750978022279924e+02 2.799261626339225018e+02 9.052271072417184428e+01
3.014760246315984773e+02 2.798990317028004711e+02 9.052254784069563698e+01
3.014769514609689622e+02 2.798719007716783835e+02 9.052238495721942968e+01
3.014778782903394472e+02 2.798447698405563528e+02 9.052222207374322238e+01
3.014788051197099321e+02 2.798176389094342653e+02 9.052205919026701508e+01
3.014797319490804171e+02 2.797905079783122346e+02 9.052189630679080778e+01
3.014806587784509020e+02 2.797633770471901471e+02 9.052173342331460049e+01
3.014815856078213869e+02 2.797362461160680596e+02 9.052157053983839319e+01
3.014825124371918719e+02 2.797091151849460289e+02 9.052140765636218589e+01
3.014834392665623568e+02 2.796819842538239413e+02 9.052124477288597859e+01
3.014843660959328417e+02 2.796548533227019107e+02 9.052108188940977129e+01
3.014852929253033267e+02 2.796277223915798231e+02 9.052091900593356399e+01
3.014862197546738116e+02 2.796005914604577924e+02 9.052075612245735670e+01
3.014871465840442966e+02 2.795734605293357049e+02 9.052059323898114940e+01
3.014880734134147815e+02 2.795463295982136742e+02 9.052043035550494210e+01
3.014890002427852664e+02 2.795191986670915867e+02 9.052026747202873480e+01
3.014890002427852664e+02 2.795191986670915867e+02 9.052026747202873480e+01
3.014976692178120175e+02 2.794989105360158987e+02 9.050310498891454358e+01
3.015063381928387685e+02 2.794786224049402108e+02 9.048594250580036658e+01
3.015150071678655195e+02 2.794583342738645797e+02 9.046878002268617536e+01
3.015236761428922705e+02 2.794380461427888918e+02 9.045161753957199835e+01
3.015323451179190215e+02 2.794177580117132038e+02 9.043445505645780713e+01
3.015410140929457725e+02 2.793974698806375159e+02 9.041729257334363012e+01
3.015496830679725235e+02 2.793771817495618279e+02 9.040013009022943891e+01
3.015583520429992745e+02 2.793568936184861400e+02 9.038296760711526190e+01
3.015670210180260824e+02 2.793366054874105089e+02 9.036580512400107068e+01
3.015756899930528334e+02 2.793163173563348209e+02 9.034864264088689367e+01
3.015843589680795844e+02 2.792960292252591330e+02 9.033148015777270246e+01
3.015930279431063354e+02 2.792757410941834451e+02 9.031431767465851124e+01
3.016016969181330865e+02 2.792554529631077571e+02 9.029715519154433423e+01
3.016103658931598375e+02 2.792351648320321260e+02 9.027999270843014301e+01
3.016190348681865885e+02 2.792148767009564381e+02 9.026283022531596600e+01
3.016277038432133395e+02 2.791945885698807501e+02 9.024566774220177479e+01
3.016363728182400905e+02 2.791743004388050622e+02 9.022850525908759778e+01
3.016450417932668415e+02 2.791540123077293742e+02 9.021134277597340656e+01
3.016537107682935925e+02 2.791337241766536863e+02 9.019418029285922955e+01
3.016623797433203436e+02 2.791134360455780552e+02 9.017701780974503833e+01
3.016710487183470946e+02 2.790931479145023673e+02 9.015985532663086133e+01
3.016797176933738456e+02 2.790728597834266793e+02 9.014269284351667011e+01
3.016883866684005966e+02 2.790525716523509914e+02 9.012553036040247889e+01
3.016970556434273476e+02 2.790322835212753034e+02 9.010836787728830188e+01
3.017057246184541555e+02 2.790119953901996723e+02 9.009120539417411067e+01
3.017143935934809065e+02 2.789917072591239844e+02 9.007404291105993366e+01
3.017230625685076575e+02 2.789714191280482964e+02 9.005688042794574244e+01
3.017317315435344085e+02 2.789511309969726085e+02 9.003971794483156543e+01
3.017404005185611595e+02 2.789308428658969206e+02 9.002255546171737421e+01
3.017490694935879105e+02 2.789105547348212326e+02 9.000539297860319721e+01
3.017577384686146615e+02 2.788902666037456015e+02 8.998823049548900599e+01
3.017664074436414126e+02 2.788699784726699136e+02 8.997106801237482898e+01
3.017750764186681636e+02 2.788496903415942256e+02 8.995390552926063776e+01
3.017750764186681636e+02 2.788496903415942256e+02 8.995390552926063776e+01
3.017735132812125016e+02 2.788357491236841383e+02 8.993087837983000554e+01
3.017719501437568965e+02 2.788218079057740511e+02 8.990785123039935911e+01
3.017703870063012346e+02 2.788078666878640206e+02 8.988482408096872689e+01
3.017688238688455726e+02 2.787939254699539333e+02 8.986179693153809467e+01
3.017672607313899675e+02 2.787799842520438460e+02 8.983876978210744824e+01
3.017656975939343056e+02 2.787660430341337587e+02 8.981574263267681602e+01
3.017641344564786436e+02 2.787521018162236714e+02 8.979271548324618379e+01
3.017625713190230385e+02 2.787381605983136410e+02 8.976968833381555157e+01
3.017610081815673766e+02 2.787242193804035537e+02 8.974666118438490514e+01
3.017594450441117147e+02 2.787102781624934664e+02 8.972363403495427292e+01
3.017578819066561095e+02 2.786963369445833791e+02 8.970060688552364070e+01
3.017563187692004476e+02 2.786823957266732918e+02 8.967757973609299427e+01
3.017547556317447857e+02 2.786684545087632614e+02 8.965455258666236205e+01
3.017531924942891806e+02 2.786545132908531741e+02 8.963152543723172982e+01
3.017516293568335186e+02 2.786405720729430868e+02 8.960849828780108339e+01
3.017500662193779135e+02 2.786266308550329995e+02 8.958547113837045117e+01
3.017485030819222516e+02 2.786126896371229691e+02 8.956244398893981895e+01
3.017469399444665896e+02 2.785987484192128818e+02 8.953941683950917252e+01
3.017453768070109845e+02 2.785848072013027945e+02 8.951638969007854030e+01
3.017438136695553226e+02 2.785708659833927072e+02 8.949336254064790808e+01
3.017422505320996606e+02 2.785569247654826199e+02 8.947033539121726164e+01
3.017406873946440555e+02 2.785429835475725895e+02 8.944730824178662942e+01
3.017391242571883936e+02 2.785290423296625022e+02 8.942428109235599720e+01
3.017375611197327316e+02 2.785151011117524149e+02 8.940125394292536498e+01
3.017359979822771265e+02 2.785011598938423276e+02 8.937822679349471855e+01
3.017344348448214646e+02 2.784872186759322403e+02 8.935519964406408633e+01
3.017328717073658026e+02 2.784732774580222099e+02 8.933217249463345411e+01
3.017313085699101975e+02 2.784593362401121226e+02 8.930914534520280768e+01
3.017297454324545356e+02 2.784453950222020353e+02 8.928611819577217545e+01
3.017297454324545356e+02 2.784453950222020353e+02 8.928611819577217545e+01
3.017472282936574857e+02 2.784442491460224574e+02 8.924178810501099690e+01
3.017647111548604357e+02 2.784431032698428226e+02 8.919745801424980414e+01
3.017821940160633858e+02 2.784419573936632446e+02 8.915312792348862558e+01
3.017996768772663359e+02 2.784408115174836666e+02 8.910879783272743282e+01
3.018171597384692859e+02 2.784396656413040319e+02 8.906446774196625427e+01
3.018346425996722360e+02 2.784385197651244539e+02 8.902013765120506150e+01
3.018521254608751292e+02 2.784373738889448191e+02 8.897580756044388295e+01
3.018696083220780793e+02 2.784362280127652411e+02 8.893147746968269018e+01
3.018870911832810293e+02 2.784350821365856632e+02 8.888714737892151163e+01
3.019045740444839794e+02 2.784339362604060284e+02 8.884281728816033308e+01
3.019220569056869294e+02 2.784327903842264504e+02 8.879848719739914031e+01
3.019395397668898795e+02 2.784316445080468725e+02 8.875415710663796176e+01
3.019570226280928296e+02 2.784304986318672377e+02 8.870982701587676900e+01
3.019745054892957796e+02 2.784293527556876597e+02 8.866549692511559044e+01
3.019919883504987297e+02 2.784282068795080818e+02 8.862116683435439768e+01
3.020094712117016797e+02 2.784270610033284470e+02 8.857683674359321913e+01
3.020269540729046298e+02 2.784259151271488690e+02 8.853250665283204057e+01
3.020444369341075799e+02 2.784247692509692911e+02 8.848817656207084781e+01
3.020619197953104731e+02 2.784236233747896563e+02 8.844384647130966925e+01
3.020794026565134232e+02 2.784224774986100783e+02 8.839951638054847649e+01
3.020968855177163732e+02 2.784213316224304435e+02 8.835518628978729794e+01
3.021143683789193233e+02 2.784201857462508656e+02 8.831085619902610517e+01
3.021318512401222733e+02 2.784190398700712876e+02 8.826652610826492662e+01
3.021493341013252234e+02 2.784178939938916528e+02 8.822219601750373386e+01
3.021668169625281735e+02 2.784167481177120749e+02 8.817786592674255530e+01
3.021668169625281735e+02 2.784167481177120749e+02 8.817786592674255530e+01
3.021809467956331332e+02 2.784080977819897953e+02 8.815464898386127857e+01
3.021950766287380361e+02 2.783994474462675157e+02 8.813143204097998762e+01
3.022092064618429959e+02 2.783907971105452361e+02 8.810821509809871088e+01
3.022233362949478988e+02 2.783821467748229566e+02 8.808499815521741994e+01
3.022374661280528585e+02 2.783734964391006770e+02 8.806178121233614320e+01
3.022515959611577614e+02 2.783648461033783974e+02 8.803856426945485225e+01
3.022657257942627211e+02 2.783561957676561178e+02 8.801534732657357551e+01
3.022798556273676240e+02 2.783475454319338382e+02 8.799213038369228457e+01
3.022939854604725838e+02 2.783388950962115587e+02 8.796891344081100783e+01
3.023081152935774867e+02 2.783302447604892791e+02 8.794569649792973109e+01
3.023222451266824464e+02 2.783215944247669995e+02 8.792247955504844015e+01
3.023363749597873493e+02 2.783129440890447199e+02 8.789926261216716341e+01
3.023505047928923091e+02 2.783042937533224404e+02 8.787604566928587246e+01
3.023646346259972120e+02 2.782956434176001608e+02 8.785282872640459573e+01
3.023787644591021717e+02 2.782869930818778812e+02 8.782961178352330478e+01
3.023928942922070746e+02 2.782783427461556016e+02 8.780639484064202804e+01
3.024070241253120344e+02 2.782696924104333220e+02 8.778317789776073710e+01
3.024211539584169373e+02 2.782610420747110425e+02 8.775996095487946036e+01
3.024352837915218970e+02 2.782523917389887629e+02 8.773674401199818362e+01
3.024494136246268567e+02 2.782437414032664833e+02 8.771352706911689268e+01
3.024635434577317596e+02 2.782350910675442037e+02 8.769031012623561594e+01
3.024776732908367194e+02 2.782264407318219241e+02 8.766709318335432499e+01
3.024918031239416223e+02 2.782177903960996446e+02 8.764387624047304826e+01
3.025059329570465820e+02 2.782091400603773650e+02 8.762065929759175731e+01
3.025200627901514849e+02 2.782004897246550854e+02 8.759744235471048057e+01
3.025341926232564447e+02 2.781918393889328058e+02 8.757422541182918962e+01
3.025483224563613476e+02 2.781831890532105263e+02 8.755100846894791289e+01
3.025624522894663073e+02 2.781745387174882467e+02 8.752779152606662194e+01
3.025765821225712102e+02 2.781658883817659671e+02 8.750457458318534520e+01
3.025907119556761700e+02 2.781572380460436875e+02 8.748135764030406847e+01
3.026048417887810729e+02 2.781485877103214079e+02 8.745814069742277752e+01
3.026189716218860326e+02 2.781399373745991284e+02 8.743492375454150078e+01
3.026331014549909355e+02 2.781312870388768488e+02 8.741170681166020984e+01
3.026472312880958953e+02 2.781226367031545692e+02 8.738848986877893310e+01
3.026613611212007982e+02 2.781139863674322896e+02 8.736527292589764215e+01
3.026754909543057579e+02 2.781053360317100100e+02 8.734205598301636542e+01
3.026896207874106608e+02 2.780966856959877305e+02 8.731883904013507447e+01
3.027037506205156205e+02 2.780880353602654509e+02 8.729562209725379773e+01
3.027037506205156205e+02 2.780880353602654509e+02 8.729562209725379773e+01
3.027232933365194754e+02 2.780696943009061783e+02 8.729739485143592503e+01
3.027428360525233302e+02 2.780513532415469058e+02 8.729916760561806655e+01
3.027623787685271850e+02 2.780330121821876901e+02 8.730094035980019385e+01
3.027819214845310398e+02 2.780146711228284175e+02 8.730271311398233536e+01
3.028014642005349515e+02 2.779963300634691450e+02 8.730448586816446266e+01
3.028210069165388063e+02 2.779779890041098724e+02 8.730625862234660417e+01
3.028405496325426611e+02 2.779596479447506567e+02 8.730803137652873147e+01
3.028600923485465160e+02 2.779413068853913842e+02 8.730980413071087298e+01
3.028796350645503708e+02 2.779229658260321116e+02 8.731157688489300028e+01
3.028991777805542256e+02 2.779046247666728391e+02 8.731334963907514179e+01
3.029187204965580804e+02 2.778862837073136234e+02 8.731512239325726910e+01
3.029382632125619352e+02 2.778679426479543508e+02 8.731689514743941061e+01
3.029578059285657901e+02 2.778496015885950783e+02 8.731866790162153791e+01
3.029773486445697017e+02 2.778312605292358057e+02 8.732044065580367942e+01
3.029968913605735565e+02 2.778129194698765332e+02 8.732221340998580672e+01
3.030164340765774114e+02 2.777945784105173175e+02 8.732398616416794823e+01
3.030359767925812662e+02 2.777762373511580449e+02 8.732575891835007553e+01
3.030555195085851210e+02 2.777578962917987724e+02 8.732753167253221704e+01
3.030750622245889758e+02 2.777395552324394998e+02 8.732930442671434434e+01
3.030946049405928306e+02 2.777212141730802841e+02 8.733107718089648586e+01
3.031141476565966855e+02 2.777028731137210116e+02 8.733284993507861316e+01
3.031336903726005971e+02 2.776845320543617390e+02 8.733462268926075467e+01
3.031532330886044520e+02 2.776661909950024665e+02 8.733639544344288197e+01
3.031727758046083068e+02 2.776478499356431939e+02 8.733816819762502348e+01
3.031923185206121616e+02 2.776295088762839782e+02 8.733994095180715078e+01
3.032118612366160164e+02 2.776111678169247057e+02 8.734171370598929229e+01
3.032314039526198712e+02 2.775928267575654331e+02 8.734348646017141959e+01
3.032509466686237261e+02 2.775744856982061606e+02 8.734525921435356111e+01
3.032704893846275809e+02 2.775561446388469449e+02 8.734703196853568841e+01
3.032900321006314357e+02 2.775378035794876723e+02 8.734880472271782992e+01
3.033095748166353474e+02 2.775194625201283998e+02 8.735057747689995722e+01
3.033291175326392022e+02 2.775011214607691272e+02 8.735235023108209873e+01
3.033486602486430570e+02 2.774827804014099115e+02 8.735412298526422603e+01
3.033682029646469118e+02 2.774644393420506390e+02 8.735589573944636754e+01
3.033877456806507666e+02 2.774460982826913664e+02 8.735766849362849484e+01
3.033877456806507666e+02 2.774460982826913664e+02 8.735766849362849484e+01
3.034083979754520897e+02 2.774267158711176080e+02 8.735954189965724481e+01
3.034290502702534127e+02 2.774073334595438496e+02 8.736141530568599478e+01
3.034497025650547357e+02 2.773879510479700343e+02 8.736328871171474475e+01
3.034703548598561156e+02 2.773685686363962759e+02 8.736516211774348051e+01
3.034910071546574386e+02 2.773491862248225175e+02 8.736703552377223048e+01
3.035116594494587616e+02 2.773298038132487591e+02 8.736890892980098045e+01
3.035323117442600847e+02 2.773104214016749438e+02 8.737078233582973041e+01
3.035529640390614077e+02 2.772910389901011854e+02 8.737265574185848038e+01
3.035736163338627875e+02 2.772716565785274270e+02 8.737452914788721614e+01
3.035942686286641106e+02 2.772522741669536686e+02 8.737640255391596611e+01
3.036149209234654336e+02 2.772328917553798533e+02 8.737827595994471608e+01
3.036355732182667566e+02 2.772135093438060949e+02 8.738014936597346605e+01
3.036562255130680796e+02 2.771941269322323365e+02 8.738202277200221602e+01
3.036768778078694027e+02 2.771747445206585780e+02 8.738389617803096598e+01
3.036975301026707257e+02 2.771553621090847628e+02 8.738576958405971595e+01
3.037181823974721055e+02 2.771359796975110044e+02 8.738764299008845171e+01
3.037388346922734286e+02 2.771165972859372459e+02 8.738951639611720168e+01
3.037594869870747516e+02 2.770972148743634875e+02 8.739138980214595165e+01
3.037801392818760746e+02 2.770778324627897291e+02 8.739326320817470162e+01
3.038007915766773976e+02 2.770584500512159138e+02 8.739513661420345159e+01
3.038214438714787775e+02 2.770390676396421554e+02 8.739701002023218734e+01
3.038420961662801005e+02 2.770196852280683970e+02 8.739888342626093731e+01
3.038627484610814236e+02 2.770003028164946386e+02 8.740075683228968728e+01
3.038834007558827466e+02 2.769809204049208233e+02 8.740263023831843725e+01
3.039040530506840696e+02 2.769615379933470649e+02 8.740450364434718722e+01
3.039247053454853926e+02 2.769421555817733065e+02 8.740637705037593719e+01
3.039453576402867157e+02 2.769227731701995481e+02 8.740825045640468716e+01
3.039660099350880955e+02 2.769033907586257328e+02 8.741012386243342291e+01
3.039866622298894185e+02 2.768840083470519744e+02 8.741199726846217288e+01
3.040073145246907416e+02 2.768646259354782160e+02 8.741387067449092285e+01
3.040073145246907416e+02 2.768646259354782160e+02 8.741387067449092285e+01
3.040082784399498337e+02 2.768364093949419953e+02 8.741370127344130481e+01
3.040092423552089826e+02 2.768081928544057746e+02 8.741353187239170097e+01
3.040102062704680748e+02 2.767799763138694971e+02 8.741336247134208293e+01
3.040111701857271669e+02 2.767517597733332764e+02 8.741319307029246488e+01
3.040121341009862590e+02 2.767235432327970557e+02 8.741302366924284684e+01
3.040130980162454080e+02 2.766953266922608350e+02 8.741285426819324300e+01
3.040140619315045001e+02 2.766671101517245575e+02 8.741268486714362496e+01
3.040150258467635922e+02 2.766388936111883368e+02 8.741251546609400691e+01
3.040159897620227412e+02 2.766106770706521161e+02 8.741234606504440308e+01
3.040169536772818333e+02 2.765824605301158954e+02 8.741217666399478503e+01
3.040179175925409254e+02 2.765542439895796747e+02 8.741200726294516699e+01
3.040188815078000744e+02 2.765260274490433972e+02 8.741183786189556315e+01
3.040198454230591665e+02 2.764978109085071765e+02 8.741166846084594511e+01
3.040208093383182586e+02 2.764695943679709558e+02 8.741149905979632706e+01
3.040217732535773507e+02 2.764413778274347351e+02 8.741132965874670901e+01
3.040227371688364997e+02 2.764131612868984575e+02 8.741116025769710518e+01
3.040237010840955918e+02 2.763849447463622369e+02 8.741099085664748713e+01
3.040246649993546839e+02 2.763567282058260162e+02 8.741082145559786909e+01
3.040256289146138329e+02 2.763285116652897955e+02 8.741065205454826526e+01
3.040265928298729250e+02 2.763002951247535748e+02 8.741048265349864721e+01
3.040275567451320171e+02 2.762720785842172972e+02 8.741031325244902916e+01
3.040285206603911661e+02 2.762438620436810766e+02 8.741014385139942533e+01
3.040294845756502582e+02 2.762156455031448559e+02 8.740997445034980728e+01
3.040304484909093503e+02 2.761874289626086352e+02 8.740980504930018924e+01
3.040314124061684424e+02 2.761592124220723576e+02 8.740963564825057119e+01
3.040323763214275914e+02 2.761309958815361369e+02 8.740946624720096736e+01
3.040333402366866835e+02 2.761027793409999163e+02 8.740929684615134931e+01
3.040333402366866835e+02 2.761027793409999163e+02 8.740929684615134931e+01
3.040550576052059455e+02 2.760823973457306693e+02 8.741126686689257497e+01
3.040767749737252075e+02 2.760620153504614791e+02 8.741323688763380062e+01
3.040984923422444695e+02 2.760416333551922321e+02 8.741520690837502627e+01
3.041202097107636746e+02 2.760212513599229851e+02 8.741717692911625193e+01
3.041419270792829366e+02 2.760008693646537949e+02 8.741914694985747758e+01
3.041636444478021986e+02 2.759804873693845479e+02 8.742111697059868902e+01
3.041853618163214605e+02 2.759601053741153009e+02 8.742308699133991468e+01
3.042070791848407225e+02 2.759397233788461108e+02 8.742505701208114033e+01
3.042287965533599845e+02 2.759193413835768638e+02 8.742702703282236598e+01
3.042505139218792465e+02 2.758989593883076168e+02 8.742899705356359163e+01
3.042722312903985085e+02 2.758785773930384266e+02 8.743096707430481729e+01
3.042939486589177704e+02 2.758581953977691796e+02 8.743293709504604294e+01
3.043156660274369756e+02 2.758378134024999326e+02 8.743490711578726859e+01
3.043373833959562376e+02 2.758174314072307425e+02 8.743687713652849425e+01
3.043591007644754995e+02 2.757970494119614955e+02 8.743884715726971990e+01
3.043808181329947615e+02 2.757766674166922485e+02 8.744081717801094555e+01
3.044025355015140235e+02 2.757562854214230583e+02 8.744278719875217121e+01
3.044242528700332855e+02 2.757359034261538113e+02 8.744475721949339686e+01
3.044459702385525475e+02 2.757155214308845643e+02 8.744672724023460830e+01
3.044676876070717526e+02 2.756951394356153742e+02 8.744869726097583396e+01
3.044894049755910146e+02 2.756747574403461272e+02 8.745066728171705961e+01
3.045111223441102766e+02 2.756543754450768802e+02 8.745263730245828526e+01
3.045328397126295386e+02 2.756339934498076900e+02 8.745460732319951092e+01
3.045545570811488005e+02 2.756136114545384430e+02 8.745657734394073657e+01
3.045545570811488005e+02 2.756136114545384430e+02 8.745657734394073657e+01
3.045705745000302045e+02 2.755965539131736932e+02 8.743677507546814809e+01
3.045865919189116084e+02 2.755794963718089434e+02 8.741697280699557382e+01
3.046026093377929556e+02 2.755624388304441936e+02 8.739717053852298534e+01
3.046186267566743595e+02 2.755453812890795007e+02 8.737736827005039686e+01
3.046346441755557635e+02 2.755283237477147509e+02 8.735756600157780838e+01
3.046506615944371674e+02 2.755112662063500011e+02 8.733776373310523411e+01
3.046666790133185145e+02 2.754942086649852513e+02 8.731796146463264563e+01
3.046826964321999185e+02 2.754771511236205015e+02 8.729815919616005715e+01
3.046987138510813224e+02 2.754600935822557517e+02 8.727835692768746867e+01
3.047147312699627264e+02 2.754430360408910019e+02 8.725855465921489440e+01
3.047307486888440735e+02 2.754259784995263090e+02 8.723875239074230592e+01
3.047467661077254775e+02 2.754089209581615592e+02 8.721895012226971744e+01
3.047627835266068814e+02 2.753918634167968094e+02 8.719914785379714317e+01
3.047788009454882854e+02 2.753748058754320596e+02 8.717934558532455469e+01
3.047948183643696893e+02 2.753577483340673098e+02 8.715954331685196621e+01
3.048108357832510364e+02 2.753406907927025600e+02 8.713974104837937773e+01
3.048268532021324404e+02 2.753236332513378102e+02 8.711993877990680346e+01
3.048428706210138444e+02 2.753065757099730604e+02 8.710013651143421498e+01
3.048588880398952483e+02 2.752895181686083674e+02 8.708033424296162650e+01
3.048749054587765954e+02 2.752724606272436176e+02 8.706053197448903802e+01
3.048909228776579994e+02 2.752554030858788678e+02 8.704072970601646375e+01
3.049069402965394033e+02 2.752383455445141180e+02 8.702092743754387527e+01
3.049069402965394033e+02 2.752383455445141180e+02 8.702092743754387527e+01
3.049113717109898971e+02 2.752269957566801395e+02 8.697231184527987580e+01
3.049158031254403909e+02 2.752156459688461041e+02 8.692369625301589053e+01
3.049202345398909415e+02 2.752042961810121255e+02 8.687508066075189106e+01
3.049246659543414353e+02 2.751929463931780901e+02 8.682646506848790580e+01
3.049290973687919291e+02 2.751815966053441116e+02 8.677784947622390632e+01
3.049335287832424228e+02 2.751702468175100762e+02 8.672923388395990685e+01
3.049379601976929166e+02 2.751588970296760976e+02 8.668061829169592158e+01
3.049423916121434672e+02 2.751475472418420622e+02 8.663200269943192211e+01
3.049468230265939610e+02 2.751361974540080837e+02 8.658338710716792264e+01
3.049512544410444548e+02 2.751248476661740483e+02 8.653477151490393737e+01
3.049556858554949486e+02 2.751134978783400697e+02 8.648615592263993790e+01
3.049601172699454423e+02 2.751021480905060344e+02 8.643754033037595264e+01
3.049645486843959361e+02 2.750907983026720558e+02 8.638892473811195316e+01
3.049689800988464867e+02 2.750794485148380204e+02 8.634030914584795369e+01
3.049734115132969805e+02 2.750680987270040418e+02 8.629169355358396842e+01
3.049778429277474743e+02 2.750567489391700065e+02 8.624307796131996895e+01
3.049822743421979681e+02 2.750453991513360279e+02 8.619446236905596948e+01
3.049867057566484618e+02 2.750340493635019925e+02 8.614584677679198421e+01
3.049911371710990124e+02 2.750226995756680139e+02 8.609723118452798474e+01
3.049955685855495062e+02 2.750113497878339786e+02 8.604861559226399947e+01
3.050000000000000000e+02 2.750000000000000000e+02 8.600000000000000000e+01
3.050000000000000000e+02 2.750000000000000000e+02 8.600000000000000000e+01
3.050000000000000000e+02 2.750000000000000000e+02 8.600000000000000000e+01
3.050000000000000000e+02 2.750000000000000000e+02 8.600000000000000000e+01
3.050000000000000000e+02 2.750000000000000000e+02 8.600000000000000000e+01
3.050000000000000000e+02 2.750000000000000000e+02 8.600000000000000000e+01
3.050000000000000000e+02 2.750000000000000000e+02 8.600000000000000000e+01
3.050000000000000000e+02 2.750000000000000000e+02 8.600000000000000000e+01
3.050000000000000000e+02 2.750000000000000000e+02 8.600000000000000000e+01
3.050000000000000000e+02 2.750000000000000000e+02 8.600000000000000000e+01
3.050000000000000000e+02 2.750000000000000000e+02 8.600000000000000000e+01
3.050000000000000000e+02 2.750000000000000000e+02 8.600000000000000000e+01
3.050000000000000000e+02 2.750000000000000000e+02 8.600000000000000000e+01
3.050000000000000000e+02 2.750000000000000000e+02 8.600000000000000000e+01
3.050000000000000000e+02 2.750000000000000000e+02 8.600000000000000000e+01
3.050000000000000000e+02 2.750000000000000000e+02 8.600000000000000000e+01
3.050000000000000000e+02 2.750000000000000000e+02 8.600000000000000000e+01
3.050000000000000000e+02 2.750000000000000000e+02 8.600000000000000000e+01
3.050000000000000000e+02 2.750000000000000000e+02 8.600000000000000000e+01
3.050000000000000000e+02 2.750000000000000000e+02 8.600000000000000000e+01
3.050000000000000000e+02 2.750000000000000000e+02 8.600000000000000000e+01
3.050000000000000000e+02 2.750000000000000000e+02 8.600000000000000000e+01
3.050000000000000000e+02 2.750000000000000000e+02 8.600000000000000000e+01
3.050000000000000000e+02 2.750000000000000000e+02 8.600000000000000000e+01
3.050000000000000000e+02 2.750000000000000000e+02 8.600000000000000000e+01
3.050000000000000000e+02 2.750000000000000000e+02 8.600000000000000000e+01
3.050000000000000000e+02 2.750000000000000000e+02 8.600000000000000000e+01
3.050000000000000000e+02 2.750000000000000000e+02 8.600000000000000000e+01
3.050000000000000000e+02 2.750000000000000000e+02 8.600000000000000000e+01
3.050000000000000000e+02 2.750000000000000000e+02 8.600000000000000000e+01
3.050000000000000000e+02 2.750000000000000000e+02 8.600000000000000000e+01
3.050000000000000000e+02 2.750000000000000000e+02 8.600000000000000000e+01
3.050000000000000000e+02 2.750000000000000000e+02 8.600000000000000000e+01
3.050000000000000000e+02 2.750000000000000000e+02 8.600000000000000000e+01
3.050000000000000000e+02 2.750000000000000000e+02 8.600000000000000000e+01
3.050000000000000000e+02 2.750000000000000000e+02 8.600000000000000000e+01
3.050000000000000000e+02 2.750000000000000000e+02 8.600000000000000000e+01
3.050035825611171845e+02 2.749923442749836227e+02 8.597022037007528183e+01
3.050071651222344258e+02 2.749846885499672453e+02 8.594044074015056367e+01
3.050107476833516102e+02 2.749770328249508680e+02 8.591066111022584550e+01
3.050143302444688516e+02 2.749693770999344338e+02 8.588088148030112734e+01
3.050179128055860360e+02 2.749617213749180564e+02 8.585110185037640917e+01
3.050214953667032773e+02 2.749540656499016791e+02 8.582132222045169101e+01
3.050250779278204618e+02 2.749464099248853017e+02 8.579154259052697284e+01
3.050286604889377031e+02 2.749387541998689244e+02 8.576176296060225468e+01
3.050322430500548876e+02 2.749310984748525470e+02 8.573198333067753651e+01
3.050358256111721289e+02 2.749234427498361697e+02 8.570220370075281835e+01
3.050394081722893134e+02 2.749157870248197355e+02 8.567242407082810018e+01
3.050429907334065547e+02 2.749081312998033582e+02 8.564264444090338202e+01
3.050465732945237392e+02 2.749004755747869808e+02 8.561286481097866385e+01
3.050501558556409805e+02 2.748928198497706035e+02 8.558308518105394569e+01
3.050537384167581649e+02 2.748851641247542261e+02 8.555330555112922752e+01
3.050573209778754062e+02 2.748775083997378488e+02 8.552352592120450936e+01
3.050609035389925907e+02 2.748698526747214146e+02 8.549374629127979119e+01
3.050644861001097752e+02 2.748621969497050372e+02 8.546396666135507303e+01
3.050680686612270165e+02 2.748545412246886599e+02 8.543418703143035486e+01
3.050716512223442010e+02 2.748468854996722825e+02 8.540440740150563670e+01
3.050752337834614423e+02 2.748392297746559052e+02 8.537462777158091853e+01
3.050788163445786267e+02 2.748315740496395279e+02 8.534484814165620037e+01
3.050823989056958681e+02 2.748239183246231505e+02 8.531506851173148220e+01
3.050859814668130525e+02 2.748162625996067163e+02 8.528528888180676404e+01
3.050895640279302938e+02 2.748086068745903390e+02 8.525550925188204587e+01
3.050931465890474783e+02 2.748009511495739616e+02 8.522572962195732771e+01
3.050967291501647196e+02 2.747932954245575843e+02 8.519594999203260954e+01
3.051003117112819041e+02 2.747856396995412069e+02 8.516617036210789138e+01
3.051038942723991454e+02 2.747779839745248296e+02 8.513639073218317321e+01
3.051074768335163299e+02 2.747703282495084522e+02 8.510661110225845505e+01
3.051110593946335712e+02 2.747626725244920181e+02 8.507683147233373688e+01
3.051146419557507556e+02 2.747550167994756407e+02 8.504705184240901872e+01
3.051182245168679970e+02 2.747473610744592634e+02 8.501727221248430055e+01
3.051218070779851814e+02 2.747397053494428860e+02 8.498749258255958239e+01
3.051218070779851814e+02 2.747397053494428860e+02 8.498749258255958239e+01
3.051204545247047690e+02 2.747292677891278458e+02 8.495795143101612723e+01
3.051191019714244135e+02 2.747188302288128625e+02 8.492841027947267207e+01
3.051177494181440011e+02 2.747083926684978223e+02 8.489886912792920270e+01
3.051163968648635887e+02 2.746979551081828390e+02 8.486932797638574755e+01
3.051150443115832331e+02 2.746875175478677988e+02 8.483978682484229239e+01
3.051136917583028207e+02 2.746770799875528155e+02 8.481024567329883723e+01
3.051123392050224084e+02 2.746666424272377753e+02 8.478070452175536786e+01
3.051109866517419960e+02 2.746562048669227352e+02 8.475116337021191271e+01
3.051096340984616404e+02 2.746457673066077518e+02 8.472162221866845755e+01
3.051082815451812280e+02 2.746353297462927117e+02 8.469208106712500239e+01
3.051069289919008156e+02 2.746248921859777283e+02 8.466253991558154723e+01
3.051055764386204601e+02 2.746144546256626882e+02 8.463299876403807787e+01
3.051042238853400477e+02 2.746040170653476480e+02 8.460345761249462271e+01
3.051028713320596353e+02 2.745935795050326647e+02 8.457391646095116755e+01
3.051015187787792797e+02 2.745831419447176245e+02 8.454437530940771239e+01
3.051001662254988673e+02 2.745727043844026412e+02 8.451483415786424302e+01
3.050988136722184549e+02 2.745622668240876010e+02 8.448529300632078787e+01
3.050974611189380994e+02 2.745518292637725608e+02 8.445575185477733271e+01
3.050961085656576870e+02 2.745413917034575775e+02 8.442621070323387755e+01
3.050947560123772746e+02 2.745309541431425373e+02 8.439666955169042240e+01
3.050934034590968622e+02 2.745205165828275540e+02 8.436712840014695303e+01
3.050920509058165067e+02 2.745100790225125138e+02 8.433758724860349787e+01
3.050906983525360943e+02 2.744996414621975305e+02 8.430804609706004271e+01
3.050893457992556819e+02 2.744892039018824903e+02 8.427850494551658755e+01
3.050879932459753263e+02 2.744787663415674501e+02 8.424896379397311819e+01
3.050866406926949139e+02 2.744683287812524668e+02 8.421942264242966303e+01
3.050852881394145015e+02 2.744578912209374266e+02 8.418988149088620787e+01
3.050839355861341460e+02 2.744474536606224433e+02 8.416034033934275271e+01
3.050825830328537336e+02 2.744370161003074031e+02 8.413079918779929756e+01
3.050812304795733212e+02 2.744265785399924198e+02 8.410125803625582819e+01
3.050798779262929088e+02 2.744161409796773796e+02 8.407171688471237303e+01
3.050785253730125532e+02 2.744057034193623394e+02 8.404217573316891787e+01
3.050771728197321409e+02 2.743952658590473561e+02 8.401263458162546272e+01
3.050758202664517285e+02 2.743848282987323159e+02 8.398309343008199335e+01
3.050744677131713729e+02 2.743743907384173326e+02 8.395355227853853819e+01
3.050731151598909605e+02 2.743639531781022924e+02 8.392401112699508303e+01
3.050731151598909605e+02 2.743639531781022924e+02 8.392401112699508303e+01
3.050947649944386626e+02 2.743603410964792602e+02 8.390056698146035785e+01
3.051164148289864215e+02 2.743567290148561710e+02 8.387712283592564688e+01
3.051380646635341236e+02 2.743531169332330819e+02 8.385367869039092170e+01
3.051597144980818257e+02 2.743495048516100496e+02 8.383023454485621073e+01
3.051813643326295846e+02 2.743458927699870173e+02 8.380679039932148555e+01
3.052030141671772867e+02 2.743422806883639282e+02 8.378334625378676037e+01
3.052246640017250456e+02 2.743386686067408391e+02 8.375990210825204940e+01
3.052463138362727477e+02 2.743350565251178068e+02 8.373645796271732422e+01
3.052679636708204498e+02 2.743314444434947745e+02 8.371301381718261325e+01
3.052896135053682087e+02 2.743278323618716854e+02 8.368956967164788807e+01
3.053112633399159108e+02 2.743242202802485963e+02 8.366612552611316289e+01
3.053329131744636129e+02 2.743206081986255640e+02 8.364268138057845192e+01
3.053545630090113718e+02 2.743169961170025317e+02 8.361923723504372674e+01
3.053762128435590739e+02 2.743133840353794426e+02 8.359579308950901577e+01
3.053978626781067760e+02 2.743097719537563535e+02 8.357234894397429059e+01
3.054195125126545349e+02 2.743061598721333212e+02 8.354890479843956541e+01
3.054411623472022370e+02 2.743025477905102889e+02 8.352546065290485444e+01
3.054628121817499391e+02 2.742989357088871998e+02 8.350201650737012926e+01
3.054844620162976980e+02 2.742953236272641107e+02 8.347857236183540408e+01
3.055061118508454001e+02 2.742917115456410784e+02 8.345512821630069311e+01
3.055277616853931022e+02 2.742880994640180461e+02 8.343168407076596793e+01
3.055494115199408611e+02 2.742844873823949570e+02 8.340823992523125696e+01
3.055710613544885632e+02 2.742808753007718678e+02 8.338479577969653178e+01
3.055927111890363221e+02 2.742772632191488356e+02 8.336135163416180660e+01
3.056143610235840242e+02 2.742736511375258033e+02 8.333790748862709563e+01
3.056360108581317263e+02 2.742700390559027142e+02 8.331446334309237045e+01
3.056576606926794852e+02 2.742664269742796250e+02 8.329101919755765948e+01
3.056793105272271873e+02 2.742628148926565927e+02 8.326757505202293430e+01
3.056793105272271873e+02 2.742628148926565927e+02 8.326757505202293430e+01
3.057003632372494621e+02 2.742593024359299534e+02 8.324477751994133712e+01
3.057214159472717938e+02 2.742557899792033709e+02 8.322197998785972572e+01
3.057424686572940686e+02 2.742522775224767315e+02 8.319918245577812854e+01
3.057635213673164003e+02 2.742487650657501490e+02 8.317638492369651715e+01
3.057845740773386751e+02 2.742452526090235096e+02 8.315358739161491997e+01
3.058056267873610068e+02 2.742417401522969271e+02 8.313078985953330857e+01
3.058266794973832816e+02 2.742382276955702878e+02 8.310799232745171139e+01
3.058477322074056133e+02 2.742347152388437053e+02 8.308519479537010000e+01
3.058687849174278881e+02 2.742312027821170659e+02 8.306239726328850281e+01
3.058898376274502198e+02 2.742276903253904266e+02 8.303959973120689142e+01
3.059108903374724946e+02 2.742241778686638440e+02 8.301680219912529424e+01
3.059319430474948263e+02 2.742206654119372047e+02 8.299400466704368284e+01
3.059529957575171011e+02 2.742171529552106222e+02 8.297120713496208566e+01
3.059740484675394327e+02 2.742136404984839828e+02 8.294840960288047427e+01
3.059951011775617076e+02 2.742101280417574003e+02 8.292561207079887708e+01
3.060161538875840392e+02 2.742066155850307609e+02 8.290281453871726569e+01
3.060372065976063141e+02 2.742031031283041784e+02 8.288001700663566851e+01
3.060582593076286457e+02 2.741995906715775391e+02 8.285721947455405711e+01
3.060793120176509206e+02 2.741960782148509566e+02 8.283442194247245993e+01
3.061003647276732522e+02 2.741925657581243172e+02 8.281162441039084854e+01
3.061214174376955270e+02 2.741890533013976778e+02 8.278882687830925136e+01
3.061424701477178587e+02 2.741855408446710953e+02 8.276602934622763996e+01
3.061635228577401335e+02 2.741820283879444560e+02 8.274323181414604278e+01
3.061845755677624652e+02 2.741785159312178735e+02 8.272043428206443139e+01
3.062056282777847400e+02 2.741750034744912341e+02 8.269763674998283420e+01
3.062266809878070717e+02 2.741714910177646516e+02 8.267483921790122281e+01
3.062477336978293465e+02 2.741679785610380122e+02 8.265204168581962563e+01
3.062687864078516782e+02 2.741644661043114297e+02 8.262924415373801423e+01
3.062898391178739530e+02 2.741609536475847904e+02 8.260644662165641705e+01
3.062898391178739530e+02 2.741609536475847904e+02 8.260644662165641705e+01
3.063203425978580867e+02 2.741590249107030672e+02 8.259718494127346844e+01
3.063508460778422204e+02 2.741570961738213441e+02 8.258792326089051983e+01
3.063813495578263542e+02 2.741551674369396210e+02 8.257866158050757122e+01
3.064118530378104879e+02 2.741532387000578979e+02 8.256939990012462260e+01
3.064423565177946216e+02 2.741513099631761747e+02 8.256013821974167399e+01
3.064728599977787553e+02 2.741493812262944516e+02 8.255087653935872538e+01
3.065033634777628890e+02 2.741474524894127285e+02 8.254161485897577677e+01
3.065338669577470228e+02 2.741455237525310054e+02 8.253235317859282816e+01
3.065643704377311565e+02 2.741435950156492822e+02 8.252309149820987955e+01
3.065948739177152902e+02 2.741416662787675591e+02 8.251382981782693093e+01
3.066253773976994239e+02 2.741397375418858360e+02 8.250456813744398232e+01
3.066558808776835576e+02 2.741378088050041129e+02 8.249530645706103371e+01
3.066863843576676345e+02 2.741358800681223329e+02 8.248604477667808510e+01
3.067168878376517682e+02 2.741339513312406098e+02 8.247678309629513649e+01
3.067473913176359019e+02 2.741320225943588866e+02 8.246752141591218788e+01
3.067778947976200357e+02 2.741300938574771635e+02 8.245825973552923926e+01
3.068083982776041694e+02 2.741281651205954404e+02 8.244899805514629065e+01
3.068389017575883031e+02 2.741262363837137173e+02 8.243973637476334204e+01
3.068694052375724368e+02 2.741243076468319941e+02 8.243047469438039343e+01
3.068999087175565705e+02 2.741223789099502710e+02 8.242121301399744482e+01
3.069304121975407043e+02 2.741204501730685479e+02 8.241195133361449621e+01
3.069609156775248380e+02 2.741185214361868248e+02 8.240268965323154760e+01
3.069914191575089717e+02 2.741165926993051016e+02 8.239342797284859898e+01
3.070219226374931054e+02 2.741146639624233785e+02 8.238416629246565037e+01
3.070524261174772391e+02 2.741127352255416554e+02 8.237490461208270176e+01
3.070829295974613729e+02 2.741108064886599323e+02 8.236564293169975315e+01
3.070829295974613729e+02 2.741108064886599323e+02 8.236564293169975315e+01
3.071129947952831003e+02 2.741089054643858276e+02 8.235651432561874685e+01
3.071430599931048278e+02 2.741070044401116661e+02 8.234738571953774056e+01
3.071731251909266120e+02 2.741051034158375614e+02 8.233825711345672005e+01
3.072031903887483395e+02 2.741032023915634568e+02 8.232912850737571375e+01
3.072332555865700670e+02 2.741013013672892953e+02 8.231999990129470746e+01
3.072633207843917944e+02 2.740994003430151906e+02 8.231087129521370116e+01
3.072933859822135219e+02 2.740974993187410291e+02 8.230174268913269486e+01
3.073234511800353062e+02 2.740955982944669245e+02 8.229261408305167436e+01
3.073535163778570336e+02 2.740936972701928198e+02 8.228348547697066806e+01
3.073835815756787611e+02 2.740917962459186583e+02 8.227435687088966176e+01
3.074136467735004885e+02 2.740898952216445537e+02 8.226522826480865547e+01
3.074437119713222160e+02 2.740879941973704490e+02 8.225609965872764917e+01
3.074737771691440003e+02 2.740860931730962875e+02 8.224697105264662866e+01
3.075038423669657277e+02 2.740841921488221828e+02 8.223784244656562237e+01
3.075339075647874552e+02 2.740822911245480782e+02 8.222871384048461607e+01
3.075639727626091826e+02 2.740803901002739167e+02 8.221958523440360977e+01
3.075940379604309101e+02 2.740784890759998120e+02 8.221045662832260348e+01
3.076241031582526944e+02 2.740765880517256505e+02 8.220132802224158297e+01
3.076541683560744218e+02 2.740746870274515459e+02 8.219219941616057667e+01
3.076842335538961493e+02 2.740727860031774412e+02 8.218307081007957038e+01
3.077142987517178767e+02 2.740708849789032797e+02 8.217394220399856408e+01
3.077443639495396042e+02 2.740689839546291751e+02 8.216481359791755779e+01
3.077744291473613885e+02 2.740670829303550704e+02 8.215568499183653728e+01
3.078044943451831159e+02 2.740651819060809089e+02 8.214655638575553098e+01
3.078345595430048434e+02 2.740632808818068042e+02 8.213742777967452469e+01
3.078646247408265708e+02 2.740613798575326427e+02 8.212829917359351839e+01
3.078946899386482983e+02 2.740594788332585381e+02 8.211917056751251209e+01
3.079247551364700826e+02 2.740575778089844334e+02 8.211004196143149159e+01
3.079548203342918100e+02 2.740556767847102719e+02 8.210091335535048529e+01
3.079848855321135375e+02 2.740537757604361673e+02 8.209178474926947899e+01
3.079848855321135375e+02 2.740537757604361673e+02 8.209178474926947899e+01
3.080157893911643896e+02 2.740575549855727218e+02 8.209222066913632432e+01
3.080466932502152986e+02 2.740613342107092762e+02 8.209265658900316964e+01
3.080775971092661507e+02 2.740651134358458307e+02 8.209309250887000076e+01
3.081085009683170597e+02 2.740688926609823852e+02 8.209352842873684608e+01
3.081394048273679118e+02 2.740726718861189397e+02 8.209396434860369141e+01
3.081703086864187640e+02 2.740764511112554942e+02 8.209440026847053673e+01
3.082012125454696729e+02 2.740802303363920487e+02 8.209483618833738205e+01
3.082321164045205251e+02 2.740840095615286032e+02 8.209527210820421317e+01
3.082630202635714340e+02 2.740877887866651008e+02 8.209570802807105849e+01
3.082939241226222862e+02 2.740915680118016553e+02 8.209614394793790382e+01
3.083248279816731952e+02 2.740953472369382098e+02 8.209657986780474914e+01
3.083557318407240473e+02 2.740991264620747643e+02 8.209701578767159447e+01
3.083866356997748994e+02 2.741029056872113188e+02 8.209745170753842558e+01
3.084175395588258084e+02 2.741066849123478733e+02 8.209788762740527091e+01
3.084484434178766605e+02 2.741104641374844277e+02 8.209832354727211623e+01
3.084793472769275695e+02 2.741142433626209822e+02 8.209875946713896155e+01
3.085102511359784216e+02 2.741180225877575367e+02 8.209919538700580688e+01
3.085411549950292738e+02 2.741218018128940912e+02 8.209963130687263799e+01
3.085720588540801828e+02 2.741255810380306457e+02 8.210006722673948332e+01
3.086029627131310349e+02 2.741293602631672002e+02 8.210050314660632864e+01
3.086338665721819439e+02 2.741331394883037547e+02 8.210093906647317397e+01
3.086647704312327960e+02 2.741369187134403091e+02 8.210137498634000508e+01
3.086956742902836481e+02 2.741406979385768636e+02 8.210181090620685040e+01
3.087265781493345571e+02 2.741444771637134181e+02 8.210224682607369573e+01
3.087574820083854092e+02 2.741482563888499726e+02 8.210268274594054105e+01
3.087883858674363182e+02 2.741520356139864703e+02 8.210311866580738638e+01
3.088192897264871704e+02 2.741558148391230247e+02 8.210355458567421749e+01
3.088501935855380793e+02 2.741595940642595792e+02 8.210399050554106282e+01
3.088810974445889315e+02 2.741633732893961337e+02 8.210442642540790814e+01
3.089120013036397836e+02 2.741671525145326882e+02 8.210486234527475347e+01
3.089429051626906926e+02 2.741709317396692427e+02 8.210529826514159879e+01
3.089738090217415447e+02 2.741747109648057972e+02 8.210573418500842990e+01
3.090047128807924537e+02 2.741784901899423517e+02 8.210617010487527523e+01
3.090356167398433058e+02 2.741822694150789061e+02 8.210660602474212055e+01
3.090356167398433058e+02 2.741822694150789061e+02 8.210660602474212055e+01
3.090500201892473910e+02 2.741959274116376832e+02 8.213218240988821606e+01
3.090644236386514763e+02 2.742095854081964603e+02 8.215775879503431156e+01
3.090788270880555615e+02 2.742232434047551806e+02 8.218333518018040706e+01
3.090932305374597036e+02 2.742369014013139576e+02 8.220891156532650257e+01
3.091076339868637888e+02 2.742505593978727347e+02 8.223448795047259807e+01
3.091220374362678740e+02 2.742642173944315118e+02 8.226006433561869358e+01
3.091364408856719592e+02 2.742778753909902889e+02 8.228564072076478908e+01
3.091508443350760444e+02 2.742915333875490091e+02 8.231121710591088458e+01
3.091652477844801297e+02 2.743051913841077862e+02 8.233679349105698009e+01
3.091796512338842149e+02 2.743188493806665633e+02 8.236236987620307559e+01
3.091940546832883570e+02 2.743325073772253404e+02 8.238794626134917110e+01
3.092084581326924422e+02 2.743461653737841175e+02 8.241352264649526660e+01
3.092228615820965274e+02 2.743598233703428946e+02 8.243909903164136210e+01
3.092372650315006126e+02 2.743734813669016148e+02 8.246467541678745761e+01
3.092516684809046978e+02 2.743871393634603919e+02 8.249025180193355311e+01
3.092660719303087831e+02 2.744007973600191690e+02 8.251582818707964861e+01
3.092804753797128683e+02 2.744144553565779461e+02 8.254140457222574412e+01
3.092948788291170104e+02 2.744281133531367232e+02 8.256698095737183962e+01
3.093092822785210956e+02 2.744417713496954434e+02 8.259255734251793513e+01
3.093236857279251808e+02 2.744554293462542205e+02 8.261813372766403063e+01
3.093380891773292660e+02 2.744690873428129976e+02 8.264371011281012613e+01
3.093380891773292660e+02 2.744690873428129976e+02 8.264371011281012613e+01
3.093304023790727229e+02 2.744848032454975737e+02 8.267015412259101481e+01
3.093227155808162365e+02 2.745005191481821498e+02 8.269659813237188928e+01
3.093150287825596934e+02 2.745162350508667828e+02 8.272304214215277796e+01
3.093073419843032070e+02 2.745319509535513589e+02 8.274948615193366663e+01
3.092996551860466639e+02 2.745476668562359350e+02 8.277593016171454110e+01
3.092919683877901775e+02 2.745633827589205112e+02 8.280237417149542978e+01
3.092842815895336344e+02 2.745790986616050873e+02 8.282881818127631846e+01
3.092765947912771480e+02 2.745948145642897202e+02 8.285526219105719292e+01
3.092689079930206049e+02 2.746105304669742964e+02 8.288170620083808160e+01
3.092612211947641185e+02 2.746262463696588725e+02 8.290815021061897028e+01
3.092535343965075754e+02 2.746419622723434486e+02 8.293459422039984474e+01
3.092458475982510890e+02 2.746576781750280816e+02 8.296103823018073342e+01
3.092381607999945459e+02 2.746733940777126577e+02 8.298748223996162210e+01
3.092304740017380027e+02 2.746891099803972338e+02 8.301392624974249657e+01
3.092227872034815164e+02 2.747048258830818099e+02 8.304037025952338524e+01
3.092151004052249732e+02 2.747205417857663861e+02 8.306681426930427392e+01
3.092074136069684869e+02 2.747362576884510190e+02 8.309325827908514839e+01
3.091997268087119437e+02 2.747519735911355951e+02 8.311970228886603707e+01
3.091920400104554574e+02 2.747676894938201713e+02 8.314614629864692574e+01
3.091843532121989142e+02 2.747834053965047474e+02 8.317259030842780021e+01
3.091766664139424279e+02 2.747991212991893235e+02 8.319903431820868889e+01
3.091689796156858847e+02 2.748148372018739565e+02 8.322547832798957756e+01
3.091612928174293984e+02 2.748305531045585326e+02 8.325192233777045203e+01
3.091536060191728552e+02 2.748462690072431087e+02 8.327836634755134071e+01
3.091536060191728552e+02 2.748462690072431087e+02 8.327836634755134071e+01
3.091466327446815967e+02 2.748567144256381880e+02 8.330743823170661244e+01
3.091396594701902814e+02 2.748671598440332104e+02 8.333651011586188417e+01
3.091326861956990228e+02 2.748776052624282897e+02 8.336558200001715591e+01
3.091257129212077075e+02 2.748880506808233690e+02 8.339465388417242764e+01
3.091187396467164490e+02 2.748984960992183915e+02 8.342372576832771358e+01
3.091117663722251336e+02 2.749089415176134708e+02 8.345279765248298531e+01
3.091047930977338751e+02 2.749193869360085500e+02 8.348186953663825705e+01
3.090978198232425598e+02 2.749298323544035725e+02 8.351094142079352878e+01
3.090908465487513013e+02 2.749402777727986518e+02 8.354001330494880051e+01
3.090838732742600428e+02 2.749507231911936742e+02 8.356908518910407224e+01
3.090768999997687274e+02 2.749611686095887535e+02 8.359815707325934397e+01
3.090699267252774689e+02 2.749716140279838328e+02 8.362722895741461571e+01
3.090629534507861536e+02 2.749820594463788552e+02 8.365630084156990165e+01
3.090559801762948950e+02 2.749925048647739345e+02 8.368537272572517338e+01
3.090490069018035797e+02 2.750029502831690138e+02 8.371444460988044511e+01
3.090420336273123212e+02 2.750133957015640362e+02 8.374351649403571685e+01
3.090350603528210058e+02 2.750238411199591155e+02 8.377258837819098858e+01
3.090280870783297473e+02 2.750342865383541948e+02 8.380166026234626031e+01
3.090211138038384888e+02 2.750447319567492173e+02 8.383073214650153204e+01
3.090141405293471735e+02 2.750551773751442965e+02 8.385980403065680377e+01
3.090071672548559150e+02 2.750656227935393758e+02 8.388887591481207551e+01
3.090001939803645996e+02 2.750760682119343983e+02 8.391794779896736145e+01
3.089932207058733411e+02 2.750865136303294776e+02 8.394701968312263318e+01
3.089862474313820258e+02 2.750969590487245569e+02 8.397609156727790491e+01
3.089792741568907672e+02 2.751074044671195793e+02 8.400516345143317665e+01
3.089723008823995087e+02 2.751178498855146586e+02 8.403423533558844838e+01
3.089653276079081934e+02 2.751282953039096810e+02 8.406330721974372011e+01
3.089583543334169349e+02 2.751387407223047603e+02 8.409237910389899184e+01
3.089513810589256195e+02 2.751491861406998396e+02 8.412145098805426358e+01
3.089444077844343610e+02 2.751596315590948620e+02 8.415052287220954952e+01
3.089374345099430457e+02 2.751700769774899413e+02 8.417959475636482125e+01
3.089304612354517872e+02 2.751805223958850206e+02 8.420866664052009298e+01
3.089234879609604718e+02 2.751909678142800431e+02 8.423773852467536472e+01
3.089165146864692133e+02 2.752014132326751223e+02 8.426681040883063645e+01
3.089165146864692133e+02 2.752014132326751223e+02 8.426681040883063645e+01
3.089037404320184805e+02 2.751902655022022373e+02 8.429513111249396218e+01
3.088909661775677478e+02 2.751791177717292953e+02 8.432345181615728791e+01
3.088781919231170150e+02 2.751679700412564102e+02 8.435177251982061364e+01
3.088654176686662822e+02 2.751568223107835252e+02 8.438009322348393937e+01
3.088526434142155495e+02 2.751456745803105832e+02 8.440841392714725089e+01
3.088398691597648167e+02 2.751345268498376981e+02 8.443673463081057662e+01
3.088270949053140839e+02 2.751233791193647562e+02 8.446505533447390235e+01
3.088143206508633511e+02 2.751122313888918711e+02 8.449337603813722808e+01
3.088015463964126184e+02 2.751010836584189860e+02 8.452169674180055381e+01
3.087887721419618288e+02 2.750899359279460441e+02 8.455001744546387954e+01
3.087759978875110960e+02 2.750787881974731590e+02 8.457833814912720527e+01
3.087632236330603632e+02 2.750676404670002739e+02 8.460665885279053100e+01
3.087504493786096305e+02 2.750564927365273320e+02 8.463497955645385673e+01
3.087376751241588977e+02 2.750453450060544469e+02 8.466330026011718246e+01
3.087249008697081649e+02 2.750341972755815050e+02 8.469162096378049398e+01
3.087121266152574321e+02 2.750230495451086199e+02 8.471994166744381971e+01
3.086993523608066994e+02 2.750119018146357348e+02 8.474826237110714544e+01
3.086865781063559666e+02 2.750007540841627929e+02 8.477658307477047117e+01
3.086738038519052338e+02 2.749896063536899078e+02 8.480490377843379690e+01
3.086738038519052338e+02 2.749896063536899078e+02 8.480490377843379690e+01
3.086709952054819155e+02 2.749967998900565931e+02 8.483571651573363681e+01
3.086681865590585971e+02 2.750039934264232215e+02 8.486652925303349093e+01
3.086653779126352788e+02 2.750111869627899068e+02 8.489734199033333084e+01
3.086625692662119604e+02 2.750183804991565921e+02 8.492815472763318496e+01
3.086597606197885852e+02 2.750255740355232774e+02 8.495896746493302487e+01
3.086569519733652669e+02 2.750327675718899059e+02 8.498978020223287899e+01
3.086541433269419485e+02 2.750399611082565912e+02 8.502059293953271890e+01
3.086513346805186302e+02 2.750471546446232765e+02 8.505140567683255881e+01
3.086485260340953118e+02 2.750543481809899617e+02 8.508221841413241293e+01
3.086457173876719935e+02 2.750615417173565902e+02 8.511303115143225284e+01
3.086429087412486751e+02 2.750687352537232755e+02 8.514384388873210696e+01
3.086401000948253568e+02 2.750759287900899608e+02 8.517465662603194687e+01
3.086372914484020384e+02 2.750831223264566461e+02 8.520546936333178678e+01
3.086344828019786632e+02 2.750903158628232745e+02 8.523628210063164090e+01
3.086316741555553449e+02 2.750975093991899598e+02 8.526709483793148081e+01
3.086288655091320265e+02 2.751047029355566451e+02 8.529790757523133493e+01
3.086260568627087082e+02 2.751118964719232736e+02 8.532872031253117484e+01
3.086232482162853898e+02 2.751190900082899589e+02 8.535953304983102896e+01
3.086204395698620715e+02 2.751262835446566442e+02 8.539034578713086887e+01
3.086176309234387531e+02 2.751334770810233294e+02 8.542115852443070878e+01
3.086148222770154348e+02 2.751406706173899579e+02 8.545197126173056290e+01
3.086120136305920596e+02 2.751478641537566432e+02 8.548278399903040281e+01
3.086092049841687412e+02 2.751550576901233285e+02 8.551359673633025693e+01
3.086063963377454229e+02 2.751622512264900138e+02 8.554440947363009684e+01
3.086035876913221045e+02 2.751694447628566422e+02 8.557522221092995096e+01
3.086007790448987862e+02 2.751766382992233275e+02 8.560603494822979087e+01
