2.999330066532582464e+02 2.424966288756232586e+02 1.649616010057330300e+02
2.999252739067840139e+02 2.424729782966506377e+02 1.649622481728810328e+02
2.999175411603097814e+02 2.424493277176780452e+02 1.649628953400290641e+02
2.999098084138355489e+02 2.424256771387054243e+02 1.649635425071770669e+02
2.999020756673613164e+02 2.424020265597328034e+02 1.649641896743250697e+02
2.998943429208870839e+02 2.423783759807602110e+02 1.649648368414731010e+02
2.998866101744128514e+02 2.423547254017875900e+02 1.649654840086211038e+02
2.998788774279386189e+02 2.423310748228149691e+02 1.649661311757691067e+02
2.998711446814643864e+02 2.423074242438423767e+02 1.649667783429171379e+02
2.998634119349902107e+02 2.422837736648697557e+02 1.649674255100651408e+02
2.998556791885159782e+02 2.422601230858971348e+02 1.649680726772131436e+02
2.998479464420417457e+02 2.422364725069245424e+02 1.649687198443611749e+02
2.998402136955675132e+02 2.422128219279519215e+02 1.649693670115091777e+02
2.998324809490932807e+02 2.421891713489793005e+02 1.649700141786571805e+02
2.998247482026190482e+02 2.421655207700067081e+02 1.649706613458052118e+02
2.998170154561448157e+02 2.421418701910340872e+02 1.649713085129532146e+02
2.998092827096705832e+02 2.421182196120614663e+02 1.649719556801012175e+02
2.998015499631963507e+02 2.420945690330888738e+02 1.649726028472492487e+02
2.997938172167221182e+02 2.420709184541162529e+02 1.649732500143972516e+02
2.997860844702478857e+02 2.420472678751436320e+02 1.649738971815452544e+02
2.997783517237736532e+02 2.420236172961710395e+02 1.649745443486932857e+02
2.997706189772994207e+02 2.419999667171984186e+02 1.649751915158412885e+02
2.997628862308251882e+02 2.419763161382257977e+02 1.649758386829892913e+02
2.997551534843509558e+02 2.419526655592532052e+02 1.649764858501373226e+02
2.997474207378767233e+02 2.419290149802805843e+02 1.649771330172853254e+02
2.997396879914025476e+02 2.419053644013079634e+02 1.649777801844333283e+02
2.997319552449283151e+02 2.418817138223353709e+02 1.649784273515813595e+02
2.997242224984540826e+02 2.418580632433627500e+02 1.649790745187293624e+02
2.997164897519798501e+02 2.418344126643901291e+02 1.649797216858773652e+02
2.997087570055056176e+02 2.418107620854175366e+02 1.649803688530253964e+02
2.997010242590313851e+02 2.417871115064449157e+02 1.649810160201733993e+02
2.996932915125571526e+02 2.417634609274722948e+02 1.649816631873214021e+02
2.996855587660829201e+02 2.417398103484997023e+02 1.649823103544694334e+02
2.996778260196086876e+02 2.417161597695270814e+02 1.649829575216174362e+02
2.996778260196086876e+02 2.417161597695270814e+02 1.649829575216174362e+02
2.996620397878830886e+02 2.416893650274381571e+02 1.649821486676931670e+02
2.996462535561574896e+02 2.416625702853492612e+02 1.649813398137688978e+02
2.996304673244319474e+02 2.416357755432603369e+02 1.649805309598446001e+02
2.996146810927063484e+02 2.416089808011714410e+02 1.649797221059203309e+02
2.995988948609807494e+02 2.415821860590825167e+02 1.649789132519960617e+02
2.995831086292551504e+02 2.415553913169936209e+02 1.649781043980717925e+02
2.995673223975295514e+02 2.415285965749046966e+02 1.649772955441475233e+02
2.995515361658040092e+02 2.415018018328158007e+02 1.649764866902232257e+02
2.995357499340784102e+02 2.414750070907268764e+02 1.649756778362989564e+02
2.995199637023528112e+02 2.414482123486379805e+02 1.649748689823746872e+02
2.995041774706272122e+02 2.414214176065490562e+02 1.649740601284504180e+02
2.994883912389016132e+02 2.413946228644601604e+02 1.649732512745261488e+02
2.994726050071760710e+02 2.413678281223712361e+02 1.649724424206018512e+02
2.994568187754504720e+02 2.413410333802823118e+02 1.649716335666775819e+02
2.994410325437248730e+02 2.413142386381934159e+02 1.649708247127533127e+02
2.994252463119992740e+02 2.412874438961044916e+02 1.649700158588290435e+02
2.994094600802736750e+02 2.412606491540155957e+02 1.649692070049047743e+02
2.993936738485480760e+02 2.412338544119266714e+02 1.649683981509805051e+02
2.993778876168225338e+02 2.412070596698377756e+02 1.649675892970562074e+02
2.993621013850969348e+02 2.411802649277488513e+02 1.649667804431319382e+02
2.993463151533713358e+02 2.411534701856599554e+02 1.649659715892076690e+02
2.993305289216457368e+02 2.411266754435710311e+02 1.649651627352833998e+02
2.993147426899201378e+02 2.410998807014821352e+02 1.649643538813591306e+02
2.992989564581945956e+02 2.410730859593932109e+02 1.649635450274348329e+02
2.992831702264689966e+02 2.410462912173043151e+02 1.649627361735105637e+02
2.992673839947433976e+02 2.410194964752153908e+02 1.649619273195862945e+02
2.992673839947433976e+02 2.410194964752153908e+02 1.649619273195862945e+02
2.992535322155805488e+02 2.409834726237614859e+02 1.649717227548194103e+02
2.992396804364177001e+02 2.409474487723075811e+02 1.649815181900525261e+02
2.992258286572548514e+02 2.409114249208536762e+02 1.649913136252856418e+02
2.992119768780920026e+02 2.408754010693997714e+02 1.650011090605187576e+02
2.991981250989291539e+02 2.408393772179458665e+02 1.650109044957518734e+02
2.991842733197663051e+02 2.408033533664919617e+02 1.650206999309849891e+02
2.991704215406034564e+02 2.407673295150380852e+02 1.650304953662181049e+02
2.991565697614406076e+02 2.407313056635841804e+02 1.650402908014512207e+02
2.991427179822777589e+02 2.406952818121302755e+02 1.650500862366843364e+02
2.991288662031149101e+02 2.406592579606763707e+02 1.650598816719174522e+02
2.991150144239520614e+02 2.406232341092224658e+02 1.650696771071505680e+02
2.991011626447892127e+02 2.405872102577685610e+02 1.650794725423836837e+02
2.990873108656263639e+02 2.405511864063146561e+02 1.650892679776167995e+02
2.990734590864635152e+02 2.405151625548607512e+02 1.650990634128499153e+02
2.990596073073006664e+02 2.404791387034068464e+02 1.651088588480830310e+02
2.990457555281378177e+02 2.404431148519529415e+02 1.651186542833161468e+02
2.990319037489749689e+02 2.404070910004990367e+02 1.651284497185492626e+02
2.990180519698121202e+02 2.403710671490451318e+02 1.651382451537823783e+02
2.990042001906492715e+02 2.403350432975912554e+02 1.651480405890154941e+02
2.989903484114864227e+02 2.402990194461373505e+02 1.651578360242486099e+02
2.989764966323235740e+02 2.402629955946834457e+02 1.651676314594817256e+02
2.989626448531607252e+02 2.402269717432295408e+02 1.651774268947148414e+02
2.989487930739978765e+02 2.401909478917756360e+02 1.651872223299479572e+02
2.989349412948350277e+02 2.401549240403217311e+02 1.651970177651810729e+02
2.989210895156721790e+02 2.401189001888678263e+02 1.652068132004141887e+02
2.989210895156721790e+02 2.401189001888678263e+02 1.652068132004141887e+02
2.989334314551811644e+02 2.400962292834678067e+02 1.652199657543450542e+02
2.989457733946901499e+02 2.400735583780677871e+02 1.652331183082759480e+02
2.989581153341990785e+02 2.400508874726677391e+02 1.652462708622068135e+02
2.989704572737080639e+02 2.400282165672677195e+02 1.652594234161377074e+02
2.989827992132170493e+02 2.400055456618676999e+02 1.652725759700685728e+02
2.989951411527259779e+02 2.399828747564676519e+02 1.652857285239994667e+02
2.990074830922349634e+02 2.399602038510676323e+02 1.652988810779303321e+02
2.990198250317439488e+02 2.399375329456676127e+02 1.653120336318612260e+02
2.990321669712529342e+02 2.399148620402675931e+02 1.653251861857920915e+02
2.990445089107619197e+02 2.398921911348675735e+02 1.653383387397229853e+02
2.990568508502708482e+02 2.398695202294675255e+02 1.653514912936538508e+02
2.990691927897798337e+02 2.398468493240675059e+02 1.653646438475847447e+02
2.990815347292888191e+02 2.398241784186674863e+02 1.653777964015156101e+02
2.990938766687977477e+02 2.398015075132674383e+02 1.653909489554465040e+02
2.991062186083067331e+02 2.397788366078674187e+02 1.654041015093773694e+02
2.991185605478157186e+02 2.397561657024673991e+02 1.654172540633082349e+02
2.991309024873247040e+02 2.397334947970673795e+02 1.654304066172391288e+02
2.991432444268336894e+02 2.397108238916673599e+02 1.654435591711699942e+02
2.991555863663426180e+02 2.396881529862673119e+02 1.654567117251008881e+02
2.991679283058516035e+02 2.396654820808672923e+02 1.654698642790317535e+02
2.991802702453605889e+02 2.396428111754672727e+02 1.654830168329626474e+02
2.991926121848695175e+02 2.396201402700672247e+02 1.654961693868935129e+02
2.992049541243785029e+02 2.395974693646672051e+02 1.655093219408244067e+02
2.992172960638874883e+02 2.395747984592671855e+02 1.655224744947552722e+02
2.992296380033964738e+02 2.395521275538671659e+02 1.655356270486861661e+02
2.992419799429054592e+02 2.395294566484671464e+02 1.655487796026170315e+02
2.992543218824143878e+02 2.395067857430670983e+02 1.655619321565479254e+02
2.992666638219233732e+02 2.394841148376670787e+02 1.655750847104787908e+02
2.992790057614323587e+02 2.394614439322670592e+02 1.655882372644096847e+02
2.992913477009412873e+02 2.394387730268670111e+02 1.656013898183405502e+02
2.993036896404502727e+02 2.394161021214669915e+02 1.656145423722714440e+02
2.993160315799592581e+02 2.393934312160669720e+02 1.656276949262023095e+02
2.993160315799592581e+02 2.393934312160669720e+02 1.656276949262023095e+02
2.993380809090949128e+02 2.393727376720156315e+02 1.656296950596756119e+02
2.993601302382305676e+02 2.393520441279642910e+02 1.656316951931489143e+02
2.993821795673661654e+02 2.393313505839129505e+02 1.656336953266221883e+02
2.994042288965018201e+02 2.393106570398616100e+02 1.656356954600954907e+02
2.994262782256374749e+02 2.392899634958102695e+02 1.656376955935687931e+02
2.994483275547731296e+02 2.392692699517589290e+02 1.656396957270420955e+02
2.994703768839087843e+02 2.392485764077075885e+02 1.656416958605153980e+02
2.994924262130444390e+02 2.392278828636562480e+02 1.656436959939887004e+02
2.995144755421800369e+02 2.392071893196049075e+02 1.656456961274619744e+02
2.995365248713156916e+02 2.391864957755535670e+02 1.656476962609352768e+02
2.995585742004513463e+02 2.391658022315022265e+02 1.656496963944085792e+02
2.995806235295870010e+02 2.391451086874508860e+02 1.656516965278818816e+02
2.996026728587226557e+02 2.391244151433995455e+02 1.656536966613551840e+02
2.996247221878583105e+02 2.391037215993482050e+02 1.656556967948284864e+02
2.996467715169939083e+02 2.390830280552968645e+02 1.656576969283017604e+02
2.996688208461295631e+02 2.390623345112455240e+02 1.656596970617750628e+02
2.996908701752652178e+02 2.390416409671941835e+02 1.656616971952483652e+02
2.997129195044008725e+02 2.390209474231428430e+02 1.656636973287216676e+02
2.997349688335365272e+02 2.390002538790915025e+02 1.656656974621949701e+02
2.997570181626721819e+02 2.389795603350401620e+02 1.656676975956682725e+02
2.997790674918077798e+02 2.389588667909888215e+02 1.656696977291415465e+02
2.998011168209434345e+02 2.389381732469374811e+02 1.656716978626148489e+02
2.998231661500790892e+02 2.389174797028861406e+02 1.656736979960881513e+02
2.998452154792147439e+02 2.388967861588348001e+02 1.656756981295614537e+02
2.998672648083503987e+02 2.388760926147834596e+02 1.656776982630347561e+02
2.998893141374860534e+02 2.388553990707321191e+02 1.656796983965080585e+02
2.999113634666216512e+02 2.388347055266807786e+02 1.656816985299813325e+02
2.999334127957573060e+02 2.388140119826294381e+02 1.656836986634546349e+02
2.999554621248929607e+02 2.387933184385780976e+02 1.656856987969279373e+02
2.999554621248929607e+02 2.387933184385780976e+02 1.656856987969279373e+02
2.999705919600032757e+02 2.387739779975941303e+02 1.657116218912346142e+02
2.999857217951135340e+02 2.387546375566101631e+02 1.657375449855412910e+02
3.000008516302238490e+02 2.387352971156261958e+02 1.657634680798479678e+02
3.000159814653341641e+02 2.387159566746422286e+02 1.657893911741546447e+02
3.000311113004444223e+02 2.386966162336582613e+02 1.658153142684612931e+02
3.000462411355547374e+02 2.386772757926742941e+02 1.658412373627679699e+02
3.000613709706650525e+02 2.386579353516903552e+02 1.658671604570746467e+02
3.000765008057753107e+02 2.386385949107063880e+02 1.658930835513813236e+02
3.000916306408856258e+02 2.386192544697224207e+02 1.659190066456880004e+02
3.001067604759958840e+02 2.385999140287384535e+02 1.659449297399946772e+02
3.001218903111061991e+02 2.385805735877544862e+02 1.659708528343013541e+02
3.001370201462165141e+02 2.385612331467705189e+02 1.659967759286080309e+02
3.001521499813267724e+02 2.385418927057865517e+02 1.660226990229147077e+02
3.001672798164370874e+02 2.385225522648025844e+02 1.660486221172213845e+02
3.001824096515474025e+02 2.385032118238186172e+02 1.660745452115280330e+02
3.001975394866576607e+02 2.384838713828346499e+02 1.661004683058347098e+02
3.002126693217679758e+02 2.384645309418506827e+02 1.661263914001413866e+02
3.002277991568782909e+02 2.384451905008667154e+02 1.661523144944480634e+02
3.002429289919885491e+02 2.384258500598827482e+02 1.661782375887547403e+02
3.002580588270988642e+02 2.384065096188987809e+02 1.662041606830614171e+02
3.002731886622091224e+02 2.383871691779148136e+02 1.662300837773680939e+02
3.002883184973194375e+02 2.383678287369308748e+02 1.662560068716747708e+02
3.003034483324297526e+02 2.383484882959469076e+02 1.662819299659814476e+02
3.003185781675400108e+02 2.383291478549629403e+02 1.663078530602880960e+02
3.003337080026503259e+02 2.383098074139789730e+02 1.663337761545947728e+02
3.003488378377606409e+02 2.382904669729950058e+02 1.663596992489014497e+02
3.003639676728708992e+02 2.382711265320110385e+02 1.663856223432081265e+02
3.003790975079812142e+02 2.382517860910270713e+02 1.664115454375148033e+02
3.003790975079812142e+02 2.382517860910270713e+02 1.664115454375148033e+02
3.003887050186726242e+02 2.382592266873211599e+02 1.664329875766262603e+02
3.003983125293640910e+02 2.382666672836152770e+02 1.664544297157377173e+02
3.004079200400555010e+02 2.382741078799093657e+02 1.664758718548491743e+02
3.004175275507469109e+02 2.382815484762034544e+02 1.664973139939606313e+02
3.004271350614383778e+02 2.382889890724975714e+02 1.665187561330720882e+02
3.004367425721297877e+02 2.382964296687916601e+02 1.665401982721835736e+02
3.004463500828211977e+02 2.383038702650857772e+02 1.665616404112950306e+02
3.004559575935126077e+02 2.383113108613798659e+02 1.665830825504064876e+02
3.004655651042040745e+02 2.383187514576739545e+02 1.666045246895179446e+02
3.004751726148954845e+02 2.383261920539680716e+02 1.666259668286294016e+02
3.004847801255868944e+02 2.383336326502621603e+02 1.666474089677408585e+02
3.004943876362783612e+02 2.383410732465562774e+02 1.666688511068523155e+02
3.005039951469697712e+02 2.383485138428503660e+02 1.666902932459637725e+02
3.005136026576611812e+02 2.383559544391444547e+02 1.667117353850752295e+02
3.005232101683526480e+02 2.383633950354385718e+02 1.667331775241866865e+02
3.005328176790440580e+02 2.383708356317326604e+02 1.667546196632981719e+02
3.005424251897354679e+02 2.383782762280267491e+02 1.667760618024096289e+02
3.005520327004269348e+02 2.383857168243208662e+02 1.667975039415210858e+02
3.005616402111183447e+02 2.383931574206149548e+02 1.668189460806325428e+02
3.005712477218097547e+02 2.384005980169090435e+02 1.668403882197439998e+02
3.005808552325012215e+02 2.384080386132031606e+02 1.668618303588554568e+02
3.005904627431926315e+02 2.384154792094972493e+02 1.668832724979669138e+02
3.006000702538840414e+02 2.384229198057913663e+02 1.669047146370783707e+02
3.006096777645755083e+02 2.384303604020854550e+02 1.669261567761898277e+02
3.006192852752669182e+02 2.384378009983795437e+02 1.669475989153012847e+02
3.006288927859583282e+02 2.384452415946736608e+02 1.669690410544127417e+02
3.006385002966497382e+02 2.384526821909677494e+02 1.669904831935242271e+02
3.006481078073412050e+02 2.384601227872618665e+02 1.670119253326356841e+02
3.006577153180326150e+02 2.384675633835559552e+02 1.670333674717471411e+02
3.006673228287240249e+02 2.384750039798500438e+02 1.670548096108585980e+02
3.006769303394154917e+02 2.384824445761441609e+02 1.670762517499700550e+02
3.006865378501069017e+02 2.384898851724382496e+02 1.670976938890815120e+02
3.006865378501069017e+02 2.384898851724382496e+02 1.670976938890815120e+02
3.006793600493180065e+02 2.385065769808940672e+02 1.671115358951783492e+02
3.006721822485291682e+02 2.385232687893498564e+02 1.671253779012751863e+02
3.006650044477402730e+02 2.385399605978056741e+02 1.671392199073720235e+02
3.006578266469514347e+02 2.385566524062614633e+02 1.671530619134688607e+02
3.006506488461625395e+02 2.385733442147172809e+02 1.671669039195656978e+02
3.006434710453737011e+02 2.385900360231730701e+02 1.671807459256625350e+02
3.006362932445848060e+02 2.386067278316288878e+02 1.671945879317594006e+02
3.006291154437959676e+02 2.386234196400846770e+02 1.672084299378562378e+02
3.006219376430070724e+02 2.386401114485404946e+02 1.672222719439530749e+02
3.006147598422181773e+02 2.386568032569963123e+02 1.672361139500499121e+02
3.006075820414293389e+02 2.386734950654521015e+02 1.672499559561467493e+02
3.006004042406404437e+02 2.386901868739079191e+02 1.672637979622435864e+02
3.005932264398516054e+02 2.387068786823637083e+02 1.672776399683404236e+02
3.005860486390627102e+02 2.387235704908195260e+02 1.672914819744372608e+02
3.005788708382738719e+02 2.387402622992753152e+02 1.673053239805340979e+02
3.005716930374849767e+02 2.387569541077311328e+02 1.673191659866309351e+02
3.005645152366960815e+02 2.387736459161869504e+02 1.673330079927277723e+02
3.005573374359072432e+02 2.387903377246427397e+02 1.673468499988246094e+02
3.005501596351183480e+02 2.388070295330985573e+02 1.673606920049214750e+02
3.005429818343295096e+02 2.388237213415543465e+02 1.673745340110183122e+02
3.005358040335406145e+02 2.388404131500101641e+02 1.673883760171151494e+02
3.005286262327517761e+02 2.388571049584659534e+02 1.674022180232119865e+02
3.005214484319628809e+02 2.388737967669217710e+02 1.674160600293088237e+02
3.005142706311740426e+02 2.388904885753775602e+02 1.674299020354056609e+02
3.005070928303851474e+02 2.389071803838333778e+02 1.674437440415024980e+02
3.005070928303851474e+02 2.389071803838333778e+02 1.674437440415024980e+02
3.004884064110326563e+02 2.389068157059693362e+02 1.674525444466869146e+02
3.004697199916801083e+02 2.389064510281052947e+02 1.674613448518713597e+02
3.004510335723276171e+02 2.389060863502412531e+02 1.674701452570557763e+02
3.004323471529750691e+02 2.389057216723772115e+02 1.674789456622402213e+02
3.004136607336225779e+02 2.389053569945131983e+02 1.674877460674246379e+02
3.003949743142700299e+02 2.389049923166491567e+02 1.674965464726090545e+02
3.003762878949175388e+02 2.389046276387851151e+02 1.675053468777934995e+02
3.003576014755649908e+02 2.389042629609210735e+02 1.675141472829779161e+02
3.003389150562124996e+02 2.389038982830570319e+02 1.675229476881623327e+02
3.003202286368600085e+02 2.389035336051929903e+02 1.675317480933467778e+02
3.003015422175074605e+02 2.389031689273289487e+02 1.675405484985311944e+02
3.002828557981549693e+02 2.389028042494649071e+02 1.675493489037156394e+02
3.002641693788024213e+02 2.389024395716008655e+02 1.675581493089000560e+02
3.002454829594499301e+02 2.389020748937368523e+02 1.675669497140844726e+02
3.002267965400973821e+02 2.389017102158728107e+02 1.675757501192689176e+02
3.002081101207448910e+02 2.389013455380087692e+02 1.675845505244533342e+02
3.001894237013923430e+02 2.389009808601447276e+02 1.675933509296377792e+02
3.001707372820398518e+02 2.389006161822806860e+02 1.676021513348221958e+02
3.001707372820398518e+02 2.389006161822806860e+02 1.676021513348221958e+02
3.001283921074452223e+02 2.388954378015491216e+02 1.676015540274490263e+02
3.000860469328505928e+02 2.388902594208175856e+02 1.676009567200758283e+02
3.000437017582559633e+02 2.388850810400860212e+02 1.676003594127026588e+02
3.000013565836613338e+02 2.388799026593544568e+02 1.675997621053294893e+02
2.999590114090667043e+02 2.388747242786229208e+02 1.675991647979563197e+02
2.999166662344720748e+02 2.388695458978913564e+02 1.675985674905831218e+02
2.998743210598774454e+02 2.388643675171598204e+02 1.675979701832099522e+02
2.998319758852828159e+02 2.388591891364282560e+02 1.675973728758367827e+02
2.997896307106881864e+02 2.388540107556966916e+02 1.675967755684636131e+02
2.997472855360935569e+02 2.388488323749651556e+02 1.675961782610904152e+02
2.997049403614989274e+02 2.388436539942335912e+02 1.675955809537172456e+02
2.997049403614989274e+02 2.388436539942335912e+02 1.675955809537172456e+02
2.996754541052352465e+02 2.388106588223137692e+02 1.675573256483333466e+02
2.996459678489715657e+02 2.387776636503939187e+02 1.675190703429494761e+02
2.996164815927078848e+02 2.387446684784740683e+02 1.674808150375655771e+02
2.995869953364442608e+02 2.387116733065542462e+02 1.674425597321817065e+02
2.995575090801805800e+02 2.386786781346344242e+02 1.674043044267978075e+02
2.995280228239168991e+02 2.386456829627145737e+02 1.673660491214139370e+02
2.994985365676532183e+02 2.386126877907947232e+02 1.673277938160300380e+02
2.994690503113895375e+02 2.385796926188749012e+02 1.672895385106461390e+02
2.994395640551258566e+02 2.385466974469550792e+02 1.672512832052622684e+02
2.994100777988621758e+02 2.385137022750352287e+02 1.672130278998783695e+02
2.993805915425985518e+02 2.384807071031153782e+02 1.671747725944944989e+02
2.993511052863348709e+02 2.384477119311955562e+02 1.671365172891105999e+02
2.993216190300711901e+02 2.384147167592757341e+02 1.670982619837267293e+02
2.992921327738075092e+02 2.383817215873558837e+02 1.670600066783428304e+02
2.992921327738075092e+02 2.383817215873558837e+02 1.670600066783428304e+02
2.992664263574149572e+02 2.383582810699151651e+02 1.670523852622463323e+02
2.992407199410224052e+02 2.383348405524744749e+02 1.670447638461498343e+02
2.992150135246298532e+02 2.383114000350337562e+02 1.670371424300533079e+02
2.991893071082373012e+02 2.382879595175930660e+02 1.670295210139568098e+02
2.991636006918446924e+02 2.382645190001523474e+02 1.670218995978603118e+02
2.991378942754521404e+02 2.382410784827116572e+02 1.670142781817638138e+02
2.991121878590595884e+02 2.382176379652709386e+02 1.670066567656673158e+02
2.990864814426670364e+02 2.381941974478302200e+02 1.669990353495707893e+02
2.990607750262744844e+02 2.381707569303895298e+02 1.669914139334742913e+02
2.990350686098819324e+02 2.381473164129488111e+02 1.669837925173777933e+02
2.990093621934893804e+02 2.381238758955081209e+02 1.669761711012812953e+02
2.989836557770968284e+02 2.381004353780674023e+02 1.669685496851847972e+02
2.989579493607042195e+02 2.380769948606267121e+02 1.669609282690882992e+02
2.989322429443116675e+02 2.380535543431859935e+02 1.669533068529917728e+02
2.989065365279191155e+02 2.380301138257452749e+02 1.669456854368952747e+02
2.988808301115265635e+02 2.380066733083045847e+02 1.669380640207987767e+02
2.988551236951340115e+02 2.379832327908638661e+02 1.669304426047022787e+02
2.988294172787414595e+02 2.379597922734231759e+02 1.669228211886057807e+02
2.988037108623489075e+02 2.379363517559824572e+02 1.669151997725092542e+02
2.987780044459563555e+02 2.379129112385417386e+02 1.669075783564127562e+02
2.987522980295638035e+02 2.378894707211010484e+02 1.668999569403162582e+02
2.987265916131711947e+02 2.378660302036603298e+02 1.668923355242197601e+02
2.987008851967786427e+02 2.378425896862196396e+02 1.668847141081232621e+02
2.986751787803860907e+02 2.378191491687789210e+02 1.668770926920267357e+02
2.986494723639935387e+02 2.377957086513382308e+02 1.668694712759302377e+02
2.986237659476009867e+02 2.377722681338975121e+02 1.668618498598337396e+02
2.986237659476009867e+02 2.377722681338975121e+02 1.668618498598337396e+02
2.985930957659574574e+02 2.377793996907855103e+02 1.668624167428222336e+02
2.985624255843139281e+02 2.377865312476734800e+02 1.668629836258107559e+02
2.985317554026703988e+02 2.377936628045614782e+02 1.668635505087992499e+02
2.985010852210268695e+02 2.378007943614494764e+02 1.668641173917877438e+02
2.984704150393833402e+02 2.378079259183374461e+02 1.668646842747762378e+02
2.984397448577398109e+02 2.378150574752254443e+02 1.668652511577647601e+02
2.984090746760962816e+02 2.378221890321134424e+02 1.668658180407532541e+02
2.983784044944528091e+02 2.378293205890014406e+02 1.668663849237417480e+02
2.983477343128092798e+02 2.378364521458894103e+02 1.668669518067302420e+02
2.983170641311657505e+02 2.378435837027774085e+02 1.668675186897187643e+02
2.982863939495222212e+02 2.378507152596654066e+02 1.668680855727072583e+02
2.982557237678786919e+02 2.378578468165533764e+02 1.668686524556957522e+02
2.982250535862351626e+02 2.378649783734413745e+02 1.668692193386842746e+02
2.981943834045916333e+02 2.378721099303293727e+02 1.668697862216727685e+02
2.981637132229481040e+02 2.378792414872173424e+02 1.668703531046612625e+02
2.981330430413045747e+02 2.378863730441053406e+02 1.668709199876497564e+02
2.981023728596610454e+02 2.378935046009933387e+02 1.668714868706382788e+02
2.980717026780175161e+02 2.379006361578813085e+02 1.668720537536267727e+02
2.980410324963739868e+02 2.379077677147693066e+02 1.668726206366152667e+02
2.980103623147304575e+02 2.379148992716573048e+02 1.668731875196037890e+02
2.979796921330869282e+02 2.379220308285452745e+02 1.668737544025922830e+02
2.979490219514434557e+02 2.379291623854332727e+02 1.668743212855807769e+02
2.979183517697999264e+02 2.379362939423212708e+02 1.668748881685692709e+02
2.978876815881563971e+02 2.379434254992092690e+02 1.668754550515577932e+02
2.978570114065128678e+02 2.379505570560972387e+02 1.668760219345462872e+02
2.978263412248693385e+02 2.379576886129852369e+02 1.668765888175347811e+02
2.977956710432258092e+02 2.379648201698732350e+02 1.668771557005232751e+02
2.977650008615822799e+02 2.379719517267612048e+02 1.668777225835117974e+02
2.977343306799387506e+02 2.379790832836492029e+02 1.668782894665002914e+02
2.977343306799387506e+02 2.379790832836492029e+02 1.668782894665002914e+02
2.977023333716207389e+02 2.379794691838871472e+02 1.668805349491588004e+02
2.976703360633027842e+02 2.379798550841251199e+02 1.668827804318173378e+02
2.976383387549847725e+02 2.379802409843630642e+02 1.668850259144758468e+02
2.976063414466667609e+02 2.379806268846010084e+02 1.668872713971343558e+02
2.975743441383488062e+02 2.379810127848389527e+02 1.668895168797928932e+02
2.975423468300307945e+02 2.379813986850769254e+02 1.668917623624514022e+02
2.975103495217127829e+02 2.379817845853148697e+02 1.668940078451099112e+02
2.974783522133948281e+02 2.379821704855528139e+02 1.668962533277684201e+02
2.974463549050768165e+02 2.379825563857907582e+02 1.668984988104269576e+02
2.974143575967588049e+02 2.379829422860287309e+02 1.669007442930854666e+02
2.973823602884408501e+02 2.379833281862666752e+02 1.669029897757439755e+02
2.973503629801228385e+02 2.379837140865046194e+02 1.669052352584025130e+02
2.973183656718048269e+02 2.379840999867425921e+02 1.669074807410610219e+02
2.972863683634868721e+02 2.379844858869805364e+02 1.669097262237195309e+02
2.972543710551688605e+02 2.379848717872184807e+02 1.669119717063780683e+02
2.972223737468509057e+02 2.379852576874564249e+02 1.669142171890365773e+02
2.971903764385328941e+02 2.379856435876943976e+02 1.669164626716950863e+02
2.971583791302148825e+02 2.379860294879323419e+02 1.669187081543536237e+02
2.971263818218969277e+02 2.379864153881702862e+02 1.669209536370121327e+02
2.970943845135789161e+02 2.379868012884082589e+02 1.669231991196706417e+02
2.970623872052609045e+02 2.379871871886462031e+02 1.669254446023291791e+02
2.970303898969429497e+02 2.379875730888841474e+02 1.669276900849876881e+02
2.969983925886249381e+02 2.379879589891220917e+02 1.669299355676461971e+02
2.969663952803069265e+02 2.379883448893600644e+02 1.669321810503047061e+02
2.969343979719889717e+02 2.379887307895980086e+02 1.669344265329632435e+02
2.969024006636709601e+02 2.379891166898359529e+02 1.669366720156217525e+02
2.968704033553529484e+02 2.379895025900738972e+02 1.669389174982802615e+02
2.968384060470349937e+02 2.379898884903118699e+02 1.669411629809387989e+02
2.968064087387169820e+02 2.379902743905498141e+02 1.669434084635973079e+02
2.968064087387169820e+02 2.379902743905498141e+02 1.669434084635973079e+02
2.967795284474264008e+02 2.379905985775315003e+02 1.669452948481440728e+02
2.967526481561358764e+02 2.379909227645131580e+02 1.669471812326908093e+02
2.967257678648452952e+02 2.379912469514948441e+02 1.669490676172375743e+02
2.966988875735547140e+02 2.379915711384765018e+02 1.669509540017843392e+02
2.966720072822641328e+02 2.379918953254581879e+02 1.669528403863311041e+02
2.966451269909736084e+02 2.379922195124398456e+02 1.669547267708778406e+02
2.966182466996830271e+02 2.379925436994215318e+02 1.669566131554246056e+02
2.965913664083924459e+02 2.379928678864031895e+02 1.669584995399713705e+02
2.965644861171018647e+02 2.379931920733848756e+02 1.669603859245181070e+02
2.965376058258113403e+02 2.379935162603665333e+02 1.669622723090648719e+02
2.965107255345207591e+02 2.379938404473482194e+02 1.669641586936116369e+02
2.964838452432301779e+02 2.379941646343298771e+02 1.669660450781583734e+02
2.964569649519395966e+02 2.379944888213115632e+02 1.669679314627051383e+02
2.964300846606490722e+02 2.379948130082932209e+02 1.669698178472519032e+02
2.964032043693584910e+02 2.379951371952749071e+02 1.669717042317986397e+02
2.963763240780679098e+02 2.379954613822565932e+02 1.669735906163454047e+02
2.963494437867773854e+02 2.379957855692382509e+02 1.669754770008921696e+02
2.963225634954868042e+02 2.379961097562199370e+02 1.669773633854389345e+02
2.962956832041962230e+02 2.379964339432015947e+02 1.669792497699856710e+02
2.962688029129056417e+02 2.379967581301832809e+02 1.669811361545324360e+02
2.962419226216151174e+02 2.379970823171649386e+02 1.669830225390792009e+02
2.962150423303245361e+02 2.379974065041466247e+02 1.669849089236259374e+02
2.961881620390339549e+02 2.379977306911282824e+02 1.669867953081727023e+02
2.961612817477433737e+02 2.379980548781099685e+02 1.669886816927194673e+02
2.961344014564528493e+02 2.379983790650916262e+02 1.669905680772662322e+02
2.961075211651622681e+02 2.379987032520733123e+02 1.669924544618129687e+02
2.960806408738716868e+02 2.379990274390549700e+02 1.669943408463597336e+02
2.960537605825811056e+02 2.379993516260366562e+02 1.669962272309064986e+02
2.960268802912905812e+02 2.379996758130183139e+02 1.669981136154532351e+02
2.960000000000000000e+02 2.380000000000000000e+02 1.670000000000000000e+02
2.960000000000000000e+02 2.380000000000000000e+02 1.670000000000000000e+02
2.960000000000000000e+02 2.380000000000000000e+02 1.670000000000000000e+02
2.960000000000000000e+02 2.380000000000000000e+02 1.670000000000000000e+02
2.960000000000000000e+02 2.380000000000000000e+02 1.670000000000000000e+02
2.960000000000000000e+02 2.380000000000000000e+02 1.670000000000000000e+02
2.960000000000000000e+02 2.380000000000000000e+02 1.670000000000000000e+02
2.960000000000000000e+02 2.380000000000000000e+02 1.670000000000000000e+02
2.960000000000000000e+02 2.380000000000000000e+02 1.670000000000000000e+02
2.960000000000000000e+02 2.380000000000000000e+02 1.670000000000000000e+02
2.960000000000000000e+02 2.380000000000000000e+02 1.670000000000000000e+02
2.960000000000000000e+02 2.380000000000000000e+02 1.670000000000000000e+02
2.960000000000000000e+02 2.380000000000000000e+02 1.670000000000000000e+02
2.960000000000000000e+02 2.380000000000000000e+02 1.670000000000000000e+02
2.960000000000000000e+02 2.380000000000000000e+02 1.670000000000000000e+02
2.960000000000000000e+02 2.380000000000000000e+02 1.670000000000000000e+02
2.960000000000000000e+02 2.380000000000000000e+02 1.670000000000000000e+02
2.960000000000000000e+02 2.380000000000000000e+02 1.670000000000000000e+02
2.960000000000000000e+02 2.380000000000000000e+02 1.670000000000000000e+02
2.960000000000000000e+02 2.380000000000000000e+02 1.670000000000000000e+02
2.960000000000000000e+02 2.380000000000000000e+02 1.670000000000000000e+02
2.960000000000000000e+02 2.380000000000000000e+02 1.670000000000000000e+02
2.960000000000000000e+02 2.380000000000000000e+02 1.670000000000000000e+02
2.960000000000000000e+02 2.380000000000000000e+02 1.670000000000000000e+02
2.960000000000000000e+02 2.380000000000000000e+02 1.670000000000000000e+02
2.960000000000000000e+02 2.380000000000000000e+02 1.670000000000000000e+02
2.960000000000000000e+02 2.380000000000000000e+02 1.670000000000000000e+02
2.960000000000000000e+02 2.380000000000000000e+02 1.670000000000000000e+02
2.959677081214422856e+02 2.380017256840916673e+02 1.669999353239583968e+02
2.959354162428845711e+02 2.380034513681833346e+02 1.669998706479167936e+02
2.959031243643268567e+02 2.380051770522749734e+02 1.669998059718751904e+02
2.958708324857691423e+02 2.380069027363666407e+02 1.669997412958335872e+02
2.958385406072114279e+02 2.380086284204583080e+02 1.669996766197919840e+02
2.958062487286537134e+02 2.380103541045499753e+02 1.669996119437503808e+02
2.957739568500959422e+02 2.380120797886416426e+02 1.669995472677087776e+02
2.957416649715382277e+02 2.380138054727332815e+02 1.669994825916671743e+02
2.957093730929805133e+02 2.380155311568249488e+02 1.669994179156255711e+02
2.956770812144227989e+02 2.380172568409166161e+02 1.669993532395839679e+02
2.956447893358650845e+02 2.380189825250082833e+02 1.669992885635423647e+02
2.956124974573073700e+02 2.380207082090999506e+02 1.669992238875007615e+02
2.955802055787496556e+02 2.380224338931915895e+02 1.669991592114591583e+02
2.955479137001919412e+02 2.380241595772832568e+02 1.669990945354175551e+02
2.955156218216342268e+02 2.380258852613749241e+02 1.669990298593759519e+02
2.954833299430765123e+02 2.380276109454665914e+02 1.669989651833343487e+02
2.954510380645187979e+02 2.380293366295582587e+02 1.669989005072927455e+02
2.954187461859610835e+02 2.380310623136498975e+02 1.669988358312511423e+02
2.953864543074033122e+02 2.380327879977415648e+02 1.669987711552095391e+02
2.953541624288455978e+02 2.380345136818332321e+02 1.669987064791679359e+02
2.953218705502878834e+02 2.380362393659248994e+02 1.669986418031263327e+02
2.952895786717301689e+02 2.380379650500165667e+02 1.669985771270847295e+02
2.952572867931724545e+02 2.380396907341082056e+02 1.669985124510431262e+02
2.952249949146147401e+02 2.380414164181998729e+02 1.669984477750015230e+02
2.951927030360570257e+02 2.380431421022915401e+02 1.669983830989599198e+02
2.951927030360570257e+02 2.380431421022915401e+02 1.669983830989599198e+02
2.951609042568611017e+02 2.380448414350601354e+02 1.669983194105262214e+02
2.951291054776651208e+02 2.380465407678287306e+02 1.669982557220925514e+02
2.950973066984691968e+02 2.380482401005973259e+02 1.669981920336588530e+02
2.950655079192732728e+02 2.380499394333659211e+02 1.669981283452251546e+02
2.950337091400772920e+02 2.380516387661345163e+02 1.669980646567914846e+02
2.950019103608813680e+02 2.380533380989031400e+02 1.669980009683577862e+02
2.949701115816854440e+02 2.380550374316717352e+02 1.669979372799240878e+02
2.949383128024894631e+02 2.380567367644403305e+02 1.669978735914904178e+02
2.949065140232935391e+02 2.380584360972089257e+02 1.669978099030567193e+02
2.948747152440976151e+02 2.380601354299775210e+02 1.669977462146230209e+02
2.948429164649016343e+02 2.380618347627461162e+02 1.669976825261893509e+02
2.948111176857057103e+02 2.380635340955147115e+02 1.669976188377556525e+02
2.947793189065097295e+02 2.380652334282833067e+02 1.669975551493219825e+02
2.947475201273138055e+02 2.380669327610519019e+02 1.669974914608882841e+02
2.947157213481178815e+02 2.380686320938204972e+02 1.669974277724545857e+02
2.946839225689219006e+02 2.380703314265890924e+02 1.669973640840209157e+02
2.946521237897259766e+02 2.380720307593576877e+02 1.669973003955872173e+02
2.946203250105300526e+02 2.380737300921263113e+02 1.669972367071535189e+02
2.945885262313340718e+02 2.380754294248949066e+02 1.669971730187198489e+02
2.945567274521381478e+02 2.380771287576635018e+02 1.669971093302861505e+02
2.945249286729422238e+02 2.380788280904320970e+02 1.669970456418524520e+02
2.944931298937462429e+02 2.380805274232006923e+02 1.669969819534187820e+02
2.944613311145503189e+02 2.380822267559692875e+02 1.669969182649850836e+02
2.944613311145503189e+02 2.380822267559692875e+02 1.669969182649850836e+02
2.944292210546421416e+02 2.380839427236379606e+02 1.669968539531003842e+02
2.943971109947339642e+02 2.380856586913066337e+02 1.669967896412156847e+02
2.943650009348257868e+02 2.380873746589753068e+02 1.669967253293309852e+02
2.943328908749176094e+02 2.380890906266439799e+02 1.669966610174462858e+02
2.943007808150094320e+02 2.380908065943126530e+02 1.669965967055615863e+02
2.942686707551011978e+02 2.380925225619813546e+02 1.669965323936768868e+02
2.942365606951930204e+02 2.380942385296500277e+02 1.669964680817921874e+02
2.942044506352848430e+02 2.380959544973187008e+02 1.669964037699074879e+02
2.941723405753766656e+02 2.380976704649873739e+02 1.669963394580227884e+02
2.941402305154684882e+02 2.380993864326560470e+02 1.669962751461380890e+02
2.941081204555603108e+02 2.381011024003247201e+02 1.669962108342534179e+02
2.940760103956521334e+02 2.381028183679933932e+02 1.669961465223687185e+02
2.940439003357439560e+02 2.381045343356620663e+02 1.669960822104840190e+02
2.940117902758357786e+02 2.381062503033307394e+02 1.669960178985993196e+02
2.939796802159276012e+02 2.381079662709994125e+02 1.669959535867146201e+02
2.939475701560193670e+02 2.381096822386681140e+02 1.669958892748299206e+02
2.939154600961111896e+02 2.381113982063367871e+02 1.669958249629452212e+02
2.938833500362030122e+02 2.381131141740054602e+02 1.669957606510605217e+02
2.938512399762948348e+02 2.381148301416741333e+02 1.669956963391758222e+02
2.938191299163866574e+02 2.381165461093428064e+02 1.669956320272911228e+02
2.937870198564784801e+02 2.381182620770114795e+02 1.669955677154064233e+02
2.937870198564784801e+02 2.381182620770114795e+02 1.669955677154064233e+02
2.937565331282963257e+02 2.381266927646087481e+02 1.669971512436270871e+02
2.937260464001141145e+02 2.381351234522060167e+02 1.669987347718477224e+02
2.936955596719319601e+02 2.381435541398033138e+02 1.670003183000683862e+02
2.936650729437497489e+02 2.381519848274005824e+02 1.670019018282890499e+02
2.936345862155675945e+02 2.381604155149978510e+02 1.670034853565096853e+02
2.936040994873854402e+02 2.381688462025951480e+02 1.670050688847303491e+02
2.935736127592032290e+02 2.381772768901924167e+02 1.670066524129510128e+02
2.935431260310210746e+02 2.381857075777896853e+02 1.670082359411716482e+02
2.935126393028388634e+02 2.381941382653869539e+02 1.670098194693923119e+02
2.934821525746567090e+02 2.382025689529842225e+02 1.670114029976129473e+02
2.934516658464745547e+02 2.382109996405815195e+02 1.670129865258336110e+02
2.934211791182923434e+02 2.382194303281787882e+02 1.670145700540542748e+02
2.933906923901101891e+02 2.382278610157760568e+02 1.670161535822749101e+02
2.933602056619279779e+02 2.382362917033733538e+02 1.670177371104955739e+02
2.933297189337458235e+02 2.382447223909706224e+02 1.670193206387162377e+02
2.932992322055636691e+02 2.382531530785678910e+02 1.670209041669368730e+02
2.932687454773814579e+02 2.382615837661651597e+02 1.670224876951575368e+02
2.932382587491993036e+02 2.382700144537624283e+02 1.670240712233782006e+02
2.932077720210170924e+02 2.382784451413597253e+02 1.670256547515988359e+02
2.931772852928349380e+02 2.382868758289569939e+02 1.670272382798194997e+02
2.931772852928349380e+02 2.382868758289569939e+02 1.670272382798194997e+02
2.931497325460623529e+02 2.383065436483441033e+02 1.670278477196267772e+02
2.931221797992897677e+02 2.383262114677312411e+02 1.670284571594340548e+02
2.930946270525171826e+02 2.383458792871183505e+02 1.670290665992413324e+02
2.930670743057445975e+02 2.383655471065054599e+02 1.670296760390486099e+02
2.930395215589720124e+02 2.383852149258925976e+02 1.670302854788558875e+02
2.930119688121994272e+02 2.384048827452797070e+02 1.670308949186631651e+02
2.929844160654268990e+02 2.384245505646668448e+02 1.670315043584704426e+02
2.929568633186543138e+02 2.384442183840539542e+02 1.670321137982777486e+02
2.929293105718817287e+02 2.384638862034410636e+02 1.670327232380850262e+02
2.929017578251091436e+02 2.384835540228282014e+02 1.670333326778923038e+02
2.928742050783365585e+02 2.385032218422153107e+02 1.670339421176995813e+02
2.928466523315639733e+02 2.385228896616024201e+02 1.670345515575068589e+02
2.928190995847913882e+02 2.385425574809895579e+02 1.670351609973141365e+02
2.927915468380188031e+02 2.385622253003766673e+02 1.670357704371214140e+02
2.927915468380188031e+02 2.385622253003766673e+02 1.670357704371214140e+02
2.927639940912462180e+02 2.385818931197637767e+02 1.670363798769286916e+02
2.927364413444736329e+02 2.386015609391509145e+02 1.670369893167359692e+02
2.927088885977010477e+02 2.386212287585380238e+02 1.670375987565432467e+02
2.926813358509284626e+02 2.386408965779251332e+02 1.670382081963505243e+02
2.926537831041558775e+02 2.386605643973122710e+02 1.670388176361578019e+02
2.926262303573832924e+02 2.386802322166993804e+02 1.670394270759650794e+02
2.925986776106107072e+02 2.386999000360864898e+02 1.670400365157723854e+02
2.925711248638381790e+02 2.387195678554736276e+02 1.670406459555796630e+02
2.925435721170655938e+02 2.387392356748607369e+02 1.670412553953869406e+02
2.925160193702930087e+02 2.387589034942478747e+02 1.670418648351942181e+02
2.924884666235204236e+02 2.387785713136349841e+02 1.670424742750014957e+02
2.924609138767478385e+02 2.387982391330220935e+02 1.670430837148087733e+02
2.924333611299752533e+02 2.388179069524092313e+02 1.670436931546160508e+02
2.924058083832026682e+02 2.388375747717963407e+02 1.670443025944233284e+02
2.924058083832026682e+02 2.388375747717963407e+02 1.670443025944233284e+02
2.923958502482544191e+02 2.388608799429931935e+02 1.670640173037598970e+02
2.923858921133061131e+02 2.388841851141900179e+02 1.670837320130964372e+02
2.923759339783578639e+02 2.389074902853868707e+02 1.671034467224330058e+02
2.923659758434096148e+02 2.389307954565837235e+02 1.671231614317695744e+02
2.923560177084613656e+02 2.389541006277805479e+02 1.671428761411061146e+02
2.923460595735131164e+02 2.389774057989774008e+02 1.671625908504426832e+02
2.923361014385648105e+02 2.390007109701742252e+02 1.671823055597792518e+02
2.923261433036165613e+02 2.390240161413710780e+02 1.672020202691157920e+02
2.923161851686683121e+02 2.390473213125679308e+02 1.672217349784523606e+02
2.923062270337200061e+02 2.390706264837647552e+02 1.672414496877889292e+02
2.922962688987717570e+02 2.390939316549616080e+02 1.672611643971254693e+02
2.922863107638235078e+02 2.391172368261584325e+02 1.672808791064620380e+02
2.922763526288752587e+02 2.391405419973552853e+02 1.673005938157986066e+02
2.922663944939270095e+02 2.391638471685521381e+02 1.673203085251351467e+02
2.922564363589787035e+02 2.391871523397489625e+02 1.673400232344717153e+02
2.922464782240304544e+02 2.392104575109458153e+02 1.673597379438082839e+02
2.922365200890822052e+02 2.392337626821426682e+02 1.673794526531448241e+02
2.922265619541338992e+02 2.392570678533394926e+02 1.673991673624813927e+02
2.922166038191856501e+02 2.392803730245363454e+02 1.674188820718179613e+02
2.922066456842374009e+02 2.393036781957331982e+02 1.674385967811545015e+02
2.921966875492891518e+02 2.393269833669300226e+02 1.674583114904910701e+02
2.921867294143409026e+02 2.393502885381268754e+02 1.674780261998276387e+02
2.921767712793925966e+02 2.393735937093236998e+02 1.674977409091641789e+02
2.921668131444443475e+02 2.393968988805205527e+02 1.675174556185007475e+02
2.921668131444443475e+02 2.393968988805205527e+02 1.675174556185007475e+02
2.921871271149675522e+02 2.394174175970639453e+02 1.675313649212619111e+02
2.922074410854908137e+02 2.394379363136073380e+02 1.675452742240230748e+02
2.922277550560140185e+02 2.394584550301507306e+02 1.675591835267842100e+02
2.922480690265372800e+02 2.394789737466941233e+02 1.675730928295453737e+02
2.922683829970604847e+02 2.394994924632375159e+02 1.675870021323065373e+02
2.922886969675837463e+02 2.395200111797809086e+02 1.676009114350677009e+02
2.923090109381069510e+02 2.395405298963243013e+02 1.676148207378288646e+02
2.923293249086301557e+02 2.395610486128676939e+02 1.676287300405899998e+02
2.923496388791534173e+02 2.395815673294110866e+02 1.676426393433511635e+02
2.923699528496766220e+02 2.396020860459544792e+02 1.676565486461123271e+02
2.923902668201998836e+02 2.396226047624978719e+02 1.676704579488734907e+02
2.924105807907230883e+02 2.396431234790412645e+02 1.676843672516346260e+02
2.924308947612462930e+02 2.396636421955846572e+02 1.676982765543957896e+02
2.924512087317695546e+02 2.396841609121280499e+02 1.677121858571569533e+02
2.924715227022927593e+02 2.397046796286714425e+02 1.677260951599181169e+02
2.924918366728160208e+02 2.397251983452148352e+02 1.677400044626792806e+02
2.925121506433392256e+02 2.397457170617582278e+02 1.677539137654404158e+02
2.925324646138624303e+02 2.397662357783016205e+02 1.677678230682015794e+02
2.925527785843856918e+02 2.397867544948450131e+02 1.677817323709627431e+02
2.925730925549088965e+02 2.398072732113884058e+02 1.677956416737239067e+02
2.925934065254321581e+02 2.398277919279317985e+02 1.678095509764850704e+02
2.926137204959553628e+02 2.398483106444751911e+02 1.678234602792462056e+02
2.926340344664786244e+02 2.398688293610185838e+02 1.678373695820073692e+02
2.926543484370018291e+02 2.398893480775619764e+02 1.678512788847685329e+02
2.926543484370018291e+02 2.398893480775619764e+02 1.678512788847685329e+02
2.926764199567736000e+02 2.399130967805190835e+02 1.678538154889464806e+02
2.926984914765453709e+02 2.399368454834761906e+02 1.678563520931244284e+02
2.927205629963171418e+02 2.399605941864332692e+02 1.678588886973023762e+02
2.927426345160889127e+02 2.399843428893903763e+02 1.678614253014803523e+02
2.927647060358606836e+02 2.400080915923474834e+02 1.678639619056583001e+02
2.927867775556324546e+02 2.400318402953045904e+02 1.678664985098362479e+02
2.928088490754042255e+02 2.400555889982616975e+02 1.678690351140141956e+02
2.928309205951760532e+02 2.400793377012187761e+02 1.678715717181921434e+02
2.928529921149478241e+02 2.401030864041758832e+02 1.678741083223700912e+02
2.928750636347195950e+02 2.401268351071329903e+02 1.678766449265480389e+02
2.928971351544913659e+02 2.401505838100900974e+02 1.678791815307259867e+02
2.929192066742631368e+02 2.401743325130472044e+02 1.678817181349039629e+02
2.929412781940349078e+02 2.401980812160042831e+02 1.678842547390819107e+02
2.929633497138066787e+02 2.402218299189613901e+02 1.678867913432598584e+02
2.929854212335784496e+02 2.402455786219184972e+02 1.678893279474378062e+02
2.929854212335784496e+02 2.402455786219184972e+02 1.678893279474378062e+02
2.930089479244351764e+02 2.402670315463140014e+02 1.678963031203928722e+02
2.930324746152918465e+02 2.402884844707095056e+02 1.679032782933479098e+02
2.930560013061485733e+02 2.403099373951050097e+02 1.679102534663029758e+02
2.930795279970053002e+02 2.403313903195005139e+02 1.679172286392580418e+02
2.931030546878619703e+02 2.403528432438960181e+02 1.679242038122130793e+02
2.931265813787186971e+02 2.403742961682914938e+02 1.679311789851681453e+02
2.931501080695754240e+02 2.403957490926869980e+02 1.679381541581232113e+02
2.931736347604321509e+02 2.404172020170825022e+02 1.679451293310782773e+02
2.931971614512888209e+02 2.404386549414780063e+02 1.679521045040333149e+02
2.932206881421455478e+02 2.404601078658735105e+02 1.679590796769883809e+02
2.932442148330022746e+02 2.404815607902690147e+02 1.679660548499434469e+02
2.932677415238589447e+02 2.405030137146645188e+02 1.679730300228984845e+02
2.932912682147156715e+02 2.405244666390600230e+02 1.679800051958535505e+02
2.933147949055723984e+02 2.405459195634555272e+02 1.679869803688086165e+02
2.933383215964290684e+02 2.405673724878510313e+02 1.679939555417636541e+02
2.933618482872857953e+02 2.405888254122465355e+02 1.680009307147187201e+02
2.933853749781425222e+02 2.406102783366420397e+02 1.680079058876737861e+02
2.934089016689992491e+02 2.406317312610375154e+02 1.680148810606288521e+02
2.934324283598559191e+02 2.406531841854330196e+02 1.680218562335838897e+02
2.934559550507126460e+02 2.406746371098285238e+02 1.680288314065389557e+02
2.934794817415693728e+02 2.406960900342240279e+02 1.680358065794940217e+02
2.935030084324260429e+02 2.407175429586195321e+02 1.680427817524490592e+02
2.935265351232827697e+02 2.407389958830150363e+02 1.680497569254041252e+02
2.935265351232827697e+02 2.407389958830150363e+02 1.680497569254041252e+02
2.935456029593860308e+02 2.407587262250580409e+02 1.680339996466149444e+02
2.935646707954892918e+02 2.407784565671010171e+02 1.680182423678257919e+02
2.935837386315925528e+02 2.407981869091440217e+02 1.680024850890366110e+02
2.936028064676958138e+02 2.408179172511870263e+02 1.679867278102474302e+02
2.936218743037990748e+02 2.408376475932300025e+02 1.679709705314582493e+02
2.936409421399023927e+02 2.408573779352730071e+02 1.679552132526690968e+02
2.936600099760056537e+02 2.408771082773160117e+02 1.679394559738799160e+02
2.936790778121089147e+02 2.408968386193589879e+02 1.679236986950907351e+02
2.936981456482121757e+02 2.409165689614019925e+02 1.679079414163015542e+02
2.937172134843154367e+02 2.409362993034449971e+02 1.678921841375124018e+02
2.937362813204186978e+02 2.409560296454879733e+02 1.678764268587232209e+02
2.937553491565219588e+02 2.409757599875309779e+02 1.678606695799340400e+02
2.937744169926252198e+02 2.409954903295739825e+02 1.678449123011448876e+02
2.937934848287284808e+02 2.410152206716169587e+02 1.678291550223557067e+02
2.938125526648317418e+02 2.410349510136599633e+02 1.678133977435665258e+02
2.938316205009350028e+02 2.410546813557029679e+02 1.677976404647773450e+02
2.938506883370383207e+02 2.410744116977459441e+02 1.677818831859881925e+02
2.938697561731415817e+02 2.410941420397889488e+02 1.677661259071990116e+02
2.938888240092448427e+02 2.411138723818319534e+02 1.677503686284098308e+02
2.939078918453481037e+02 2.411336027238749296e+02 1.677346113496206499e+02
2.939269596814513648e+02 2.411533330659179342e+02 1.677188540708314974e+02
2.939460275175546258e+02 2.411730634079609388e+02 1.677030967920423166e+02
2.939650953536578868e+02 2.411927937500039150e+02 1.676873395132531357e+02
2.939841631897611478e+02 2.412125240920469196e+02 1.676715822344639832e+02
2.940032310258644088e+02 2.412322544340899242e+02 1.676558249556748024e+02
2.940222988619676698e+02 2.412519847761329004e+02 1.676400676768856215e+02
2.940413666980709309e+02 2.412717151181759050e+02 1.676243103980964406e+02
2.940604345341742487e+02 2.412914454602189096e+02 1.676085531193072882e+02
2.940795023702775097e+02 2.413111758022618858e+02 1.675927958405181073e+02
2.940985702063807707e+02 2.413309061443048904e+02 1.675770385617289264e+02
2.941176380424840318e+02 2.413506364863478950e+02 1.675612812829397456e+02
2.941367058785872928e+02 2.413703668283908712e+02 1.675455240041505931e+02
2.941557737146905538e+02 2.413900971704338758e+02 1.675297667253614122e+02
2.941557737146905538e+02 2.413900971704338758e+02 1.675297667253614122e+02
2.941546951383451187e+02 2.414216701670071075e+02 1.675299562772574689e+02
2.941536165619996837e+02 2.414532431635803391e+02 1.675301458291535255e+02
2.941525379856541917e+02 2.414848161601535992e+02 1.675303353810496105e+02
2.941514594093087567e+02 2.415163891567268308e+02 1.675305249329456672e+02
2.941503808329633216e+02 2.415479621533000625e+02 1.675307144848417238e+02
2.941493022566178865e+02 2.415795351498732941e+02 1.675309040367377804e+02
2.941482236802723946e+02 2.416111081464465542e+02 1.675310935886338370e+02
2.941471451039269596e+02 2.416426811430197858e+02 1.675312831405299221e+02
2.941460665275815245e+02 2.416742541395930175e+02 1.675314726924259787e+02
2.941449879512360894e+02 2.417058271361662491e+02 1.675316622443220353e+02
2.941439093748905975e+02 2.417374001327395092e+02 1.675318517962180920e+02
2.941428307985451625e+02 2.417689731293127409e+02 1.675320413481141486e+02
2.941417522221997274e+02 2.418005461258859725e+02 1.675322309000102337e+02
2.941406736458542923e+02 2.418321191224592042e+02 1.675324204519062903e+02
2.941395950695088004e+02 2.418636921190324642e+02 1.675326100038023469e+02
2.941385164931633653e+02 2.418952651156056959e+02 1.675327995556984035e+02
2.941374379168179303e+02 2.419268381121789275e+02 1.675329891075944886e+02
2.941363593404724952e+02 2.419584111087521592e+02 1.675331786594905452e+02
2.941352807641270033e+02 2.419899841053254193e+02 1.675333682113866018e+02
2.941342021877815682e+02 2.420215571018986509e+02 1.675335577632826585e+02
2.941331236114361332e+02 2.420531300984718825e+02 1.675337473151787151e+02
2.941320450350906981e+02 2.420847030950451142e+02 1.675339368670748001e+02
2.941309664587452062e+02 2.421162760916183743e+02 1.675341264189708568e+02
2.941298878823997711e+02 2.421478490881916059e+02 1.675343159708669134e+02
2.941288093060543360e+02 2.421794220847648376e+02 1.675345055227629700e+02
2.941277307297089010e+02 2.422109950813380692e+02 1.675346950746590267e+02
2.941266521533634091e+02 2.422425680779113293e+02 1.675348846265551117e+02
2.941255735770179740e+02 2.422741410744845609e+02 1.675350741784511683e+02
2.941244950006725389e+02 2.423057140710577926e+02 1.675352637303472250e+02
2.941244950006725389e+02 2.423057140710577926e+02 1.675352637303472250e+02
2.940978954828768792e+02 2.423247014524650922e+02 1.675358520856619577e+02
2.940712959650812195e+02 2.423436888338723918e+02 1.675364404409766905e+02
2.940446964472855029e+02 2.423626762152796914e+02 1.675370287962914233e+02
2.940180969294898432e+02 2.423816635966869910e+02 1.675376171516061561e+02
2.939914974116941835e+02 2.424006509780942906e+02 1.675382055069208889e+02
2.939648978938985238e+02 2.424196383595015902e+02 1.675387938622356216e+02
2.939382983761028640e+02 2.424386257409088898e+02 1.675393822175503544e+02
2.939116988583071475e+02 2.424576131223161894e+02 1.675399705728650872e+02
2.938850993405114878e+02 2.424766005037234891e+02 1.675405589281798200e+02
2.938584998227158280e+02 2.424955878851307602e+02 1.675411472834945243e+02
2.938319003049201683e+02 2.425145752665380599e+02 1.675417356388092571e+02
2.938053007871245086e+02 2.425335626479453595e+02 1.675423239941239899e+02
2.937787012693287920e+02 2.425525500293526591e+02 1.675429123494387227e+02
2.937521017515331323e+02 2.425715374107599587e+02 1.675435007047534555e+02
2.937255022337374726e+02 2.425905247921672583e+02 1.675440890600681882e+02
2.936989027159418129e+02 2.426095121735745579e+02 1.675446774153829210e+02
2.936723031981461531e+02 2.426284995549818575e+02 1.675452657706976538e+02
2.936457036803504366e+02 2.426474869363891571e+02 1.675458541260123866e+02
2.936191041625547768e+02 2.426664743177964567e+02 1.675464424813271194e+02
2.935925046447591171e+02 2.426854616992037563e+02 1.675470308366418521e+02
2.935925046447591171e+02 2.426854616992037563e+02 1.675470308366418521e+02
2.935825502200466417e+02 2.427087581872806936e+02 1.675667382006049877e+02
2.935725957953341663e+02 2.427320546753576025e+02 1.675864455645680948e+02
2.935626413706216340e+02 2.427553511634345398e+02 1.676061529285312304e+02
2.935526869459091586e+02 2.427786476515114487e+02 1.676258602924943659e+02
2.935427325211966831e+02 2.428019441395883860e+02 1.676455676564575015e+02
2.935327780964842077e+02 2.428252406276652948e+02 1.676652750204206086e+02
2.935228236717717323e+02 2.428485371157422321e+02 1.676849823843837441e+02
2.935128692470592000e+02 2.428718336038191410e+02 1.677046897483468797e+02
2.935029148223467246e+02 2.428951300918960783e+02 1.677243971123099868e+02
2.934929603976342491e+02 2.429184265799729872e+02 1.677441044762731224e+02
2.934830059729217737e+02 2.429417230680499244e+02 1.677638118402362579e+02
2.934730515482092414e+02 2.429650195561268333e+02 1.677835192041993650e+02
2.934630971234967660e+02 2.429883160442037706e+02 1.678032265681625006e+02
2.934531426987842906e+02 2.430116125322807079e+02 1.678229339321256361e+02
2.934431882740718152e+02 2.430349090203576168e+02 1.678426412960887717e+02
2.934332338493593397e+02 2.430582055084345541e+02 1.678623486600518788e+02
2.934232794246468075e+02 2.430815019965114629e+02 1.678820560240150144e+02
2.934133249999343320e+02 2.431047984845884002e+02 1.679017633879781499e+02
2.934033705752218566e+02 2.431280949726653091e+02 1.679214707519412570e+02
2.933934161505093812e+02 2.431513914607422464e+02 1.679411781159043926e+02
2.933834617257969057e+02 2.431746879488191553e+02 1.679608854798675281e+02
2.933735073010843735e+02 2.431979844368960926e+02 1.679805928438306637e+02
2.933635528763718980e+02 2.432212809249730014e+02 1.680003002077937708e+02
2.933535984516594226e+02 2.432445774130499387e+02 1.680200075717569064e+02
2.933535984516594226e+02 2.432445774130499387e+02 1.680200075717569064e+02
2.933676538565694045e+02 2.432579053782134793e+02 1.680449659299443397e+02
2.933817092614793864e+02 2.432712333433770198e+02 1.680699242881317446e+02
2.933957646663893684e+02 2.432845613085405319e+02 1.680948826463191779e+02
2.934098200712992934e+02 2.432978892737040724e+02 1.681198410045066112e+02
2.934238754762092753e+02 2.433112172388676129e+02 1.681447993626940161e+02
2.934379308811192573e+02 2.433245452040311534e+02 1.681697577208814494e+02
2.934519862860292392e+02 2.433378731691946939e+02 1.681947160790688827e+02
2.934660416909392211e+02 2.433512011343582060e+02 1.682196744372562875e+02
2.934800970958492030e+02 2.433645290995217465e+02 1.682446327954437209e+02
2.934941525007591281e+02 2.433778570646852870e+02 1.682695911536311542e+02
2.935082079056691100e+02 2.433911850298488275e+02 1.682945495118185875e+02
2.935222633105790919e+02 2.434045129950123396e+02 1.683195078700059923e+02
2.935363187154890738e+02 2.434178409601758801e+02 1.683444662281934256e+02
2.935503741203990558e+02 2.434311689253394206e+02 1.683694245863808590e+02
2.935644295253090377e+02 2.434444968905029612e+02 1.683943829445682638e+02
2.935784849302189627e+02 2.434578248556665017e+02 1.684193413027556971e+02
2.935925403351289447e+02 2.434711528208300138e+02 1.684442996609431304e+02
2.936065957400389266e+02 2.434844807859935543e+02 1.684692580191305353e+02
2.936206511449489085e+02 2.434978087511570948e+02 1.684942163773179686e+02
2.936206511449489085e+02 2.434978087511570948e+02 1.684942163773179686e+02
2.936510737974068661e+02 2.435057531713157175e+02 1.684973126790261801e+02
2.936814964498648237e+02 2.435136975914743118e+02 1.685004089807344201e+02
2.937119191023227813e+02 2.435216420116329346e+02 1.685035052824426316e+02
2.937423417547807389e+02 2.435295864317915289e+02 1.685066015841508431e+02
2.937727644072386397e+02 2.435375308519501516e+02 1.685096978858590830e+02
2.938031870596965973e+02 2.435454752721087743e+02 1.685127941875672946e+02
2.938336097121545549e+02 2.435534196922673686e+02 1.685158904892755345e+02
2.938640323646125125e+02 2.435613641124259914e+02 1.685189867909837460e+02
2.938944550170704701e+02 2.435693085325845857e+02 1.685220830926919575e+02
2.939248776695284278e+02 2.435772529527432084e+02 1.685251793944001975e+02
2.939553003219863854e+02 2.435851973729018312e+02 1.685282756961084090e+02
2.939857229744443430e+02 2.435931417930604255e+02 1.685313719978166205e+02
2.940161456269022437e+02 2.436010862132190482e+02 1.685344682995248604e+02
2.940465682793602014e+02 2.436090306333776425e+02 1.685375646012330719e+02
2.940769909318181590e+02 2.436169750535362652e+02 1.685406609029412834e+02
2.941074135842761166e+02 2.436249194736948880e+02 1.685437572046495234e+02
2.941378362367340742e+02 2.436328638938534823e+02 1.685468535063577349e+02
2.941682588891920318e+02 2.436408083140121050e+02 1.685499498080659464e+02
2.941986815416499894e+02 2.436487527341706993e+02 1.685530461097741863e+02
2.942291041941079470e+02 2.436566971543293221e+02 1.685561424114823978e+02
2.942595268465658478e+02 2.436646415744879448e+02 1.685592387131906378e+02
2.942899494990238054e+02 2.436725859946465391e+02 1.685623350148988493e+02
2.943203721514817630e+02 2.436805304148051619e+02 1.685654313166070608e+02
2.943507948039397206e+02 2.436884748349637562e+02 1.685685276183153007e+02
2.943812174563976782e+02 2.436964192551223789e+02 1.685716239200235123e+02
2.943812174563976782e+02 2.436964192551223789e+02 1.685716239200235123e+02
2.944061089856395483e+02 2.437085146082285121e+02 1.685543272208373367e+02
2.944310005148813616e+02 2.437206099613346453e+02 1.685370305216511895e+02
2.944558920441232317e+02 2.437327053144407500e+02 1.685197338224650139e+02
2.944807835733650450e+02 2.437448006675468832e+02 1.685024371232788383e+02
2.945056751026069151e+02 2.437568960206530164e+02 1.684851404240926911e+02
2.945305666318487283e+02 2.437689913737591496e+02 1.684678437249065155e+02
2.945554581610905984e+02 2.437810867268652828e+02 1.684505470257203399e+02
2.945803496903324117e+02 2.437931820799714160e+02 1.684332503265341927e+02
2.946052412195742818e+02 2.438052774330775492e+02 1.684159536273480171e+02
2.946301327488161519e+02 2.438173727861836539e+02 1.683986569281618415e+02
2.946550242780579651e+02 2.438294681392897871e+02 1.683813602289756943e+02
2.946799158072998353e+02 2.438415634923959203e+02 1.683640635297895187e+02
2.947048073365416485e+02 2.438536588455020535e+02 1.683467668306033431e+02
2.947296988657835186e+02 2.438657541986081867e+02 1.683294701314171959e+02
2.947545903950253319e+02 2.438778495517142915e+02 1.683121734322310203e+02
2.947794819242672020e+02 2.438899449048204247e+02 1.682948767330448447e+02
2.948043734535090152e+02 2.439020402579265578e+02 1.682775800338586976e+02
2.948292649827508853e+02 2.439141356110326910e+02 1.682602833346725220e+02
2.948292649827508853e+02 2.439141356110326910e+02 1.682602833346725220e+02
2.948592430208863107e+02 2.439219639268183641e+02 1.682633343852282337e+02
2.948892210590217360e+02 2.439297922426040373e+02 1.682663854357839455e+02
2.949191990971572181e+02 2.439376205583897388e+02 1.682694364863396288e+02
2.949491771352926435e+02 2.439454488741754119e+02 1.682724875368953406e+02
2.949791551734280688e+02 2.439532771899610850e+02 1.682755385874510523e+02
2.950091332115634941e+02 2.439611055057467581e+02 1.682785896380067641e+02
2.950391112496989763e+02 2.439689338215324312e+02 1.682816406885624758e+02
2.950690892878344016e+02 2.439767621373181328e+02 1.682846917391181591e+02
2.950990673259698269e+02 2.439845904531038059e+02 1.682877427896738709e+02
2.951290453641052522e+02 2.439924187688894790e+02 1.682907938402295827e+02
2.951590234022407344e+02 2.440002470846751521e+02 1.682938448907852944e+02
2.951890014403761597e+02 2.440080754004608252e+02 1.682968959413410062e+02
2.952189794785115851e+02 2.440159037162465268e+02 1.682999469918966895e+02
2.952489575166470104e+02 2.440237320320321999e+02 1.683029980424524013e+02
2.952789355547824925e+02 2.440315603478178730e+02 1.683060490930081130e+02
2.953089135929179179e+02 2.440393886636035461e+02 1.683091001435638248e+02
2.953388916310533432e+02 2.440472169793892192e+02 1.683121511941195365e+02
2.953688696691887685e+02 2.440550452951749207e+02 1.683152022446752198e+02
2.953988477073241938e+02 2.440628736109605939e+02 1.683182532952309316e+02
2.954288257454596760e+02 2.440707019267462670e+02 1.683213043457866434e+02
2.954588037835951013e+02 2.440785302425319401e+02 1.683243553963423551e+02
2.954887818217305266e+02 2.440863585583176132e+02 1.683274064468980669e+02
2.955187598598659520e+02 2.440941868741033147e+02 1.683304574974537502e+02
2.955487378980014341e+02 2.441020151898889878e+02 1.683335085480094619e+02
2.955787159361368595e+02 2.441098435056746609e+02 1.683365595985651737e+02
2.956086939742722848e+02 2.441176718214603341e+02 1.683396106491208855e+02
2.956386720124077101e+02 2.441255001372460072e+02 1.683426616996765972e+02
2.956686500505431923e+02 2.441333284530317087e+02 1.683457127502322805e+02
2.956986280886786176e+02 2.441411567688173818e+02 1.683487638007879923e+02
2.957286061268140429e+02 2.441489850846030549e+02 1.683518148513437040e+02
