1.361603944891722620e+02 1.922982045486630511e+02 1.782022700140476843e+02
1.361628748225238610e+02 1.922959323601352537e+02 1.782553759480014151e+02
1.361653551558754316e+02 1.922936601716074279e+02 1.783084818819551458e+02
1.361678354892270306e+02 1.922913879830796304e+02 1.783615878159088766e+02
1.361703158225786296e+02 1.922891157945518330e+02 1.784146937498626073e+02
1.361727961559302003e+02 1.922868436060240356e+02 1.784677996838163665e+02
1.361752764892817993e+02 1.922845714174962097e+02 1.785209056177700973e+02
1.361777568226333983e+02 1.922822992289684123e+02 1.785740115517238280e+02
1.361802371559849689e+02 1.922800270404406149e+02 1.786271174856775588e+02
1.361827174893365680e+02 1.922777548519127890e+02 1.786802234196312895e+02
1.361851978226881386e+02 1.922754826633849916e+02 1.787333293535850203e+02
1.361876781560397376e+02 1.922732104748571942e+02 1.787864352875387510e+02
1.361901584893913366e+02 1.922709382863293683e+02 1.788395412214924818e+02
1.361926388227429072e+02 1.922686660978015709e+02 1.788926471554462410e+02
1.361951191560945063e+02 1.922663939092737735e+02 1.789457530893999717e+02
1.361975994894461053e+02 1.922641217207459761e+02 1.789988590233537025e+02
1.362000798227976759e+02 1.922618495322181502e+02 1.790519649573074332e+02
1.362025601561492749e+02 1.922595773436903528e+02 1.791050708912611640e+02
1.362025601561492749e+02 1.922595773436903528e+02 1.791050708912611640e+02
1.361978329283101345e+02 1.922625844190924340e+02 1.791341990768868868e+02
1.361931057004710226e+02 1.922655914944945437e+02 1.791633272625126381e+02
1.361883784726318822e+02 1.922685985698966249e+02 1.791924554481383609e+02
1.361836512447927703e+02 1.922716056452987345e+02 1.792215836337641122e+02
1.361789240169536299e+02 1.922746127207008158e+02 1.792507118193898350e+02
1.361741967891145180e+02 1.922776197961028970e+02 1.792798400050155578e+02
1.361694695612753776e+02 1.922806268715050066e+02 1.793089681906413091e+02
1.361647423334362657e+02 1.922836339469070879e+02 1.793380963762670319e+02
1.361600151055971253e+02 1.922866410223091975e+02 1.793672245618927548e+02
1.361552878777579849e+02 1.922896480977112788e+02 1.793963527475185060e+02
1.361505606499188730e+02 1.922926551731133884e+02 1.794254809331442289e+02
1.361458334220797326e+02 1.922956622485154696e+02 1.794546091187699801e+02
1.361411061942406207e+02 1.922986693239175509e+02 1.794837373043957029e+02
1.361363789664014803e+02 1.923016763993196605e+02 1.795128654900214258e+02
1.361316517385623683e+02 1.923046834747217417e+02 1.795419936756471770e+02
1.361269245107232280e+02 1.923076905501238514e+02 1.795711218612728999e+02
1.361221972828841160e+02 1.923106976255259326e+02 1.796002500468986227e+02
1.361174700550449757e+02 1.923137047009280138e+02 1.796293782325243740e+02
1.361127428272058637e+02 1.923167117763301235e+02 1.796585064181500968e+02
1.361080155993667233e+02 1.923197188517322047e+02 1.796876346037758481e+02
1.361032883715275830e+02 1.923227259271343144e+02 1.797167627894015709e+02
1.360985611436884710e+02 1.923257330025363956e+02 1.797458909750272937e+02
1.360938339158493307e+02 1.923287400779385052e+02 1.797750191606530450e+02
1.360891066880102187e+02 1.923317471533405865e+02 1.798041473462787678e+02
1.360843794601710783e+02 1.923347542287426677e+02 1.798332755319044907e+02
1.360796522323319664e+02 1.923377613041447773e+02 1.798624037175302419e+02
1.360749250044928260e+02 1.923407683795468586e+02 1.798915319031559648e+02
1.360701977766537141e+02 1.923437754549489682e+02 1.799206600887817160e+02
1.360654705488145737e+02 1.923467825303510494e+02 1.799497882744074388e+02
1.360654705488145737e+02 1.923467825303510494e+02 1.799497882744074388e+02
1.360296054692700807e+02 1.923460825995427399e+02 1.799666790026956562e+02
1.359937403897255876e+02 1.923453826687344304e+02 1.799835697309839020e+02
1.359578753101811230e+02 1.923446827379261208e+02 1.800004604592721194e+02
1.359220102306366300e+02 1.923439828071178113e+02 1.800173511875603367e+02
1.358861451510921370e+02 1.923432828763095017e+02 1.800342419158485825e+02
1.358502800715476440e+02 1.923425829455011922e+02 1.800511326441367999e+02
1.358144149920031509e+02 1.923418830146928542e+02 1.800680233724250172e+02
1.357785499124586579e+02 1.923411830838845447e+02 1.800849141007132630e+02
1.357426848329141933e+02 1.923404831530762351e+02 1.801018048290014804e+02
1.357068197533697003e+02 1.923397832222679256e+02 1.801186955572896977e+02
1.356709546738252072e+02 1.923390832914596160e+02 1.801355862855779435e+02
1.356350895942807142e+02 1.923383833606513065e+02 1.801524770138661609e+02
1.355992245147362212e+02 1.923376834298429969e+02 1.801693677421543782e+02
1.355633594351917566e+02 1.923369834990346874e+02 1.801862584704426240e+02
1.355274943556472635e+02 1.923362835682263778e+02 1.802031491987308414e+02
1.354916292761027705e+02 1.923355836374180683e+02 1.802200399270190587e+02
1.354557641965582775e+02 1.923348837066097587e+02 1.802369306553073045e+02
1.354198991170137845e+02 1.923341837758014492e+02 1.802538213835955219e+02
1.353840340374693199e+02 1.923334838449931397e+02 1.802707121118837392e+02
1.353481689579248268e+02 1.923327839141848301e+02 1.802876028401719850e+02
1.353123038783803338e+02 1.923320839833764921e+02 1.803044935684602024e+02
1.352764387988358408e+02 1.923313840525681826e+02 1.803213842967484197e+02
1.352405737192913477e+02 1.923306841217598731e+02 1.803382750250366655e+02
1.352047086397468547e+02 1.923299841909515635e+02 1.803551657533248829e+02
1.351688435602023901e+02 1.923292842601432540e+02 1.803720564816131002e+02
1.351329784806578971e+02 1.923285843293349444e+02 1.803889472099013460e+02
1.350971134011134041e+02 1.923278843985266349e+02 1.804058379381895634e+02
1.350971134011134041e+02 1.923278843985266349e+02 1.804058379381895634e+02
1.350749449546571839e+02 1.923256114811931639e+02 1.804209792952748330e+02
1.350527765082009921e+02 1.923233385638596928e+02 1.804361206523601311e+02
1.350306080617447719e+02 1.923210656465262218e+02 1.804512620094454292e+02
1.350084396152885517e+02 1.923187927291927508e+02 1.804664033665306988e+02
1.349862711688323600e+02 1.923165198118593082e+02 1.804815447236159685e+02
1.349641027223761398e+02 1.923142468945258372e+02 1.804966860807012665e+02
1.349419342759199196e+02 1.923119739771923662e+02 1.805118274377865646e+02
1.349197658294637279e+02 1.923097010598588952e+02 1.805269687948718342e+02
1.348975973830075077e+02 1.923074281425254242e+02 1.805421101519571039e+02
1.348754289365512875e+02 1.923051552251919531e+02 1.805572515090424019e+02
1.348532604900950957e+02 1.923028823078584821e+02 1.805723928661277000e+02
1.348310920436388756e+02 1.923006093905250111e+02 1.805875342232129697e+02
1.348089235971826554e+02 1.922983364731915685e+02 1.806026755802982393e+02
1.347867551507264636e+02 1.922960635558580975e+02 1.806178169373835374e+02
1.347645867042702434e+02 1.922937906385246265e+02 1.806329582944688354e+02
1.347424182578140233e+02 1.922915177211911555e+02 1.806480996515541051e+02
1.347202498113578031e+02 1.922892448038576845e+02 1.806632410086393747e+02
1.346980813649016113e+02 1.922869718865242135e+02 1.806783823657246728e+02
1.346759129184453911e+02 1.922846989691907424e+02 1.806935237228099709e+02
1.346537444719891710e+02 1.922824260518572714e+02 1.807086650798952405e+02
1.346315760255329792e+02 1.922801531345238004e+02 1.807238064369805102e+02
1.346094075790767590e+02 1.922778802171903578e+02 1.807389477940658082e+02
1.345872391326205388e+02 1.922756072998568868e+02 1.807540891511511063e+02
1.345650706861643471e+02 1.922733343825234158e+02 1.807692305082363760e+02
1.345429022397081269e+02 1.922710614651899448e+02 1.807843718653216456e+02
1.345207337932519067e+02 1.922687885478564738e+02 1.807995132224069437e+02
1.344985653467957150e+02 1.922665156305230028e+02 1.808146545794922417e+02
1.344763969003394948e+02 1.922642427131895317e+02 1.808297959365775114e+02
1.344542284538832746e+02 1.922619697958560607e+02 1.808449372936627810e+02
1.344320600074270828e+02 1.922596968785226181e+02 1.808600786507480791e+02
1.344098915609708627e+02 1.922574239611891471e+02 1.808752200078333772e+02
1.343877231145146425e+02 1.922551510438556761e+02 1.808903613649186468e+02
1.343655546680584507e+02 1.922528781265222051e+02 1.809055027220039165e+02
1.343433862216022305e+02 1.922506052091887341e+02 1.809206440790892145e+02
1.343433862216022305e+02 1.922506052091887341e+02 1.809206440790892145e+02
1.343204955107693195e+02 1.922615181786010510e+02 1.809197813751985677e+02
1.342976047999364084e+02 1.922724311480133679e+02 1.809189186713079494e+02
1.342747140891035258e+02 1.922833441174256848e+02 1.809180559674173026e+02
1.342518233782706147e+02 1.922942570868380017e+02 1.809171932635266842e+02
1.342289326674377037e+02 1.923051700562502901e+02 1.809163305596360374e+02
1.342060419566047926e+02 1.923160830256626070e+02 1.809154678557453906e+02
1.341831512457719100e+02 1.923269959950749239e+02 1.809146051518547722e+02
1.341602605349389989e+02 1.923379089644872408e+02 1.809137424479641254e+02
1.341373698241060879e+02 1.923488219338995577e+02 1.809128797440734786e+02
1.341144791132731768e+02 1.923597349033118746e+02 1.809120170401828602e+02
1.340915884024402942e+02 1.923706478727241915e+02 1.809111543362922134e+02
1.340686976916073831e+02 1.923815608421365084e+02 1.809102916324015951e+02
1.340458069807744721e+02 1.923924738115488253e+02 1.809094289285109483e+02
1.340229162699415610e+02 1.924033867809611422e+02 1.809085662246203015e+02
1.340000255591086784e+02 1.924142997503734307e+02 1.809077035207296831e+02
1.339771348482757674e+02 1.924252127197857476e+02 1.809068408168390363e+02
1.339542441374428563e+02 1.924361256891980645e+02 1.809059781129483895e+02
1.339313534266099452e+02 1.924470386586103814e+02 1.809051154090577711e+02
1.339084627157770626e+02 1.924579516280226983e+02 1.809042527051671243e+02
1.338855720049441516e+02 1.924688645974350152e+02 1.809033900012765059e+02
1.338626812941112405e+02 1.924797775668473321e+02 1.809025272973858591e+02
1.338397905832783294e+02 1.924906905362596490e+02 1.809016645934952123e+02
1.338168998724454468e+02 1.925016035056719659e+02 1.809008018896045940e+02
1.337940091616125358e+02 1.925125164750842828e+02 1.808999391857139472e+02
1.337711184507796247e+02 1.925234294444965713e+02 1.808990764818233004e+02
1.337482277399467137e+02 1.925343424139088881e+02 1.808982137779326820e+02
1.337253370291138310e+02 1.925452553833212050e+02 1.808973510740420352e+02
1.337024463182809200e+02 1.925561683527335219e+02 1.808964883701514168e+02
1.336795556074480089e+02 1.925670813221458388e+02 1.808956256662607700e+02
1.336795556074480089e+02 1.925670813221458388e+02 1.808956256662607700e+02
1.336644016591831132e+02 1.925755183648315096e+02 1.808761963545188109e+02
1.336492477109181891e+02 1.925839554075171804e+02 1.808567670427768519e+02
1.336340937626532934e+02 1.925923924502028513e+02 1.808373377310349213e+02
1.336189398143883693e+02 1.926008294928884936e+02 1.808179084192929622e+02
1.336037858661234736e+02 1.926092665355741644e+02 1.807984791075510032e+02
1.335886319178585495e+02 1.926177035782598352e+02 1.807790497958090441e+02
1.335734779695936538e+02 1.926261406209455060e+02 1.807596204840671135e+02
1.335583240213287297e+02 1.926345776636311768e+02 1.807401911723251544e+02
1.335431700730638340e+02 1.926430147063168477e+02 1.807207618605831954e+02
1.335280161247989099e+02 1.926514517490025185e+02 1.807013325488412363e+02
1.335128621765340142e+02 1.926598887916881893e+02 1.806819032370992772e+02
1.334977082282690901e+02 1.926683258343738316e+02 1.806624739253573466e+02
1.334825542800041944e+02 1.926767628770595024e+02 1.806430446136153876e+02
1.334674003317392703e+02 1.926851999197451732e+02 1.806236153018734285e+02
1.334522463834743746e+02 1.926936369624308441e+02 1.806041859901314695e+02
1.334370924352094505e+02 1.927020740051165149e+02 1.805847566783895104e+02
1.334219384869445548e+02 1.927105110478021857e+02 1.805653273666475798e+02
1.334067845386796307e+02 1.927189480904878565e+02 1.805458980549056207e+02
1.333916305904147350e+02 1.927273851331735273e+02 1.805264687431636617e+02
1.333764766421498109e+02 1.927358221758591696e+02 1.805070394314217026e+02
1.333613226938849152e+02 1.927442592185448405e+02 1.804876101196797720e+02
1.333461687456199911e+02 1.927526962612305113e+02 1.804681808079378129e+02
1.333310147973550954e+02 1.927611333039161821e+02 1.804487514961958539e+02
1.333310147973550954e+02 1.927611333039161821e+02 1.804487514961958539e+02
1.332952954624709605e+02 1.927810202368694377e+02 1.804029547123777206e+02
1.332595761275867972e+02 1.928009071698226649e+02 1.803571579285595874e+02
1.332238567927026622e+02 1.928207941027759205e+02 1.803113611447414257e+02
1.331881374578184989e+02 1.928406810357291477e+02 1.802655643609232925e+02
1.331524181229343640e+02 1.928605679686824033e+02 1.802197675771051593e+02
1.331166987880502006e+02 1.928804549016356304e+02 1.801739707932870260e+02
1.330809794531660657e+02 1.929003418345888861e+02 1.801281740094688644e+02
1.330452601182819024e+02 1.929202287675421132e+02 1.800823772256507311e+02
1.330095407833977674e+02 1.929401157004953689e+02 1.800365804418325979e+02
1.329738214485136325e+02 1.929600026334486245e+02 1.799907836580144647e+02
1.329381021136294692e+02 1.929798895664018517e+02 1.799449868741963314e+02
1.329023827787453342e+02 1.929997764993551073e+02 1.798991900903781698e+02
1.328666634438611709e+02 1.930196634323083344e+02 1.798533933065600365e+02
1.328309441089770360e+02 1.930395503652615901e+02 1.798075965227419033e+02
1.327952247740928726e+02 1.930594372982148172e+02 1.797617997389237701e+02
1.327595054392087377e+02 1.930793242311680729e+02 1.797160029551056084e+02
1.327237861043245744e+02 1.930992111641213000e+02 1.796702061712874752e+02
1.326880667694404394e+02 1.931190980970745557e+02 1.796244093874693419e+02
1.326880667694404394e+02 1.931190980970745557e+02 1.796244093874693419e+02
1.326702550312451194e+02 1.931219335405613435e+02 1.796020748087032075e+02
1.326524432930497710e+02 1.931247689840481314e+02 1.795797402299370447e+02
1.326346315548544510e+02 1.931276044275348909e+02 1.795574056511709102e+02
1.326168198166591310e+02 1.931304398710216788e+02 1.795350710724047758e+02
1.325990080784637826e+02 1.931332753145084666e+02 1.795127364936386414e+02
1.325811963402684626e+02 1.931361107579952545e+02 1.794904019148724785e+02
1.325633846020731426e+02 1.931389462014820424e+02 1.794680673361063441e+02
1.325455728638777941e+02 1.931417816449688019e+02 1.794457327573402097e+02
1.325277611256824741e+02 1.931446170884555897e+02 1.794233981785740752e+02
1.325099493874871541e+02 1.931474525319423776e+02 1.794010635998079124e+02
1.324921376492918057e+02 1.931502879754291655e+02 1.793787290210417780e+02
1.324743259110964857e+02 1.931531234189159534e+02 1.793563944422756435e+02
1.324565141729011657e+02 1.931559588624027128e+02 1.793340598635095091e+02
1.324387024347058173e+02 1.931587943058895007e+02 1.793117252847433463e+02
1.324208906965104973e+02 1.931616297493762886e+02 1.792893907059772118e+02
1.324030789583151773e+02 1.931644651928630765e+02 1.792670561272110774e+02
1.323852672201198288e+02 1.931673006363498644e+02 1.792447215484449430e+02
1.323674554819245088e+02 1.931701360798366238e+02 1.792223869696787801e+02
1.323496437437291604e+02 1.931729715233234117e+02 1.792000523909126457e+02
1.323318320055338404e+02 1.931758069668101996e+02 1.791777178121465113e+02
1.323140202673385204e+02 1.931786424102969875e+02 1.791553832333803769e+02
1.322962085291431720e+02 1.931814778537837753e+02 1.791330486546142140e+02
1.322783967909478520e+02 1.931843132972705348e+02 1.791107140758480796e+02
1.322605850527525320e+02 1.931871487407573227e+02 1.790883794970819451e+02
1.322427733145571835e+02 1.931899841842441106e+02 1.790660449183158107e+02
1.322249615763618635e+02 1.931928196277308984e+02 1.790437103395496479e+02
1.322071498381665435e+02 1.931956550712176863e+02 1.790213757607835134e+02
1.321893380999711951e+02 1.931984905147044458e+02 1.789990411820173790e+02
1.321715263617758751e+02 1.932013259581912337e+02 1.789767066032512446e+02
1.321537146235805551e+02 1.932041614016780215e+02 1.789543720244850817e+02
1.321359028853852067e+02 1.932069968451648094e+02 1.789320374457189473e+02
1.321180911471898867e+02 1.932098322886515973e+02 1.789097028669528129e+02
1.321002794089945667e+02 1.932126677321383568e+02 1.788873682881866785e+02
1.320824676707992182e+02 1.932155031756251446e+02 1.788650337094205156e+02
1.320646559326038982e+02 1.932183386191119325e+02 1.788426991306543812e+02
1.320646559326038982e+02 1.932183386191119325e+02 1.788426991306543812e+02
1.320703550838587716e+02 1.932200064793840113e+02 1.788217778746709712e+02
1.320760542351136735e+02 1.932216743396561185e+02 1.788008566186875612e+02
1.320817533863685753e+02 1.932233421999281973e+02 1.787799353627041512e+02
1.320874525376234487e+02 1.932250100602002760e+02 1.787590141067207412e+02
1.320931516888783221e+02 1.932266779204723548e+02 1.787380928507373312e+02
1.320988508401332240e+02 1.932283457807444620e+02 1.787171715947538928e+02
1.321045499913881258e+02 1.932300136410165408e+02 1.786962503387704828e+02
1.321102491426429992e+02 1.932316815012886195e+02 1.786753290827870728e+02
1.321159482938978726e+02 1.932333493615607267e+02 1.786544078268036628e+02
1.321216474451527745e+02 1.932350172218328055e+02 1.786334865708202528e+02
1.321273465964076763e+02 1.932366850821048843e+02 1.786125653148368428e+02
1.321330457476625497e+02 1.932383529423769630e+02 1.785916440588534329e+02
1.321387448989174231e+02 1.932400208026490702e+02 1.785707228028700229e+02
1.321444440501723250e+02 1.932416886629211490e+02 1.785498015468866129e+02
1.321501432014272268e+02 1.932433565231932278e+02 1.785288802909032029e+02
1.321558423526821002e+02 1.932450243834653065e+02 1.785079590349197929e+02
1.321615415039369736e+02 1.932466922437374137e+02 1.784870377789363545e+02
1.321672406551918755e+02 1.932483601040094925e+02 1.784661165229529445e+02
1.321729398064467773e+02 1.932500279642815713e+02 1.784451952669695345e+02
1.321786389577016507e+02 1.932516958245536784e+02 1.784242740109861245e+02
1.321843381089565241e+02 1.932533636848257572e+02 1.784033527550027145e+02
1.321900372602114260e+02 1.932550315450978360e+02 1.783824314990193045e+02
1.321957364114663278e+02 1.932566994053699148e+02 1.783615102430358945e+02
1.322014355627212012e+02 1.932583672656420219e+02 1.783405889870524845e+02
1.322071347139760746e+02 1.932600351259141007e+02 1.783196677310690745e+02
1.322128338652309765e+02 1.932617029861861795e+02 1.782987464750856645e+02
1.322185330164858783e+02 1.932633708464582867e+02 1.782778252191022261e+02
1.322242321677407517e+02 1.932650387067303654e+02 1.782569039631188161e+02
1.322299313189956251e+02 1.932667065670024442e+02 1.782359827071354061e+02
1.322356304702505270e+02 1.932683744272745230e+02 1.782150614511519962e+02
1.322413296215054288e+02 1.932700422875466302e+02 1.781941401951685862e+02
1.322470287727603022e+02 1.932717101478187089e+02 1.781732189391851762e+02
1.322470287727603022e+02 1.932717101478187089e+02 1.781732189391851762e+02
1.322346702881384601e+02 1.932860120511775506e+02 1.781539431547089407e+02
1.322223118035166465e+02 1.933003139545363638e+02 1.781346673702327053e+02
1.322099533188948044e+02 1.933146158578952054e+02 1.781153915857564698e+02
1.321975948342729623e+02 1.933289177612540186e+02 1.780961158012802343e+02
1.321852363496511487e+02 1.933432196646128602e+02 1.780768400168039989e+02
1.321728778650293066e+02 1.933575215679717019e+02 1.780575642323277634e+02
1.321605193804074929e+02 1.933718234713305151e+02 1.780382884478515280e+02
1.321481608957856508e+02 1.933861253746893567e+02 1.780190126633752925e+02
1.321358024111638088e+02 1.934004272780481699e+02 1.779997368788990570e+02
1.321234439265419951e+02 1.934147291814070115e+02 1.779804610944228216e+02
1.321110854419201530e+02 1.934290310847658247e+02 1.779611853099465861e+02
1.320987269572983109e+02 1.934433329881246664e+02 1.779419095254703223e+02
1.320863684726764973e+02 1.934576348914835080e+02 1.779226337409940868e+02
1.320740099880546552e+02 1.934719367948423212e+02 1.779033579565178513e+02
1.320616515034328131e+02 1.934862386982011628e+02 1.778840821720416159e+02
1.320492930188109995e+02 1.935005406015599760e+02 1.778648063875653804e+02
1.320369345341891574e+02 1.935148425049188177e+02 1.778455306030891450e+02
1.320245760495673437e+02 1.935291444082776593e+02 1.778262548186129095e+02
1.320122175649455016e+02 1.935434463116364725e+02 1.778069790341366740e+02
1.319998590803236596e+02 1.935577482149953141e+02 1.777877032496604386e+02
1.319875005957018459e+02 1.935720501183541273e+02 1.777684274651842031e+02
1.319751421110800038e+02 1.935863520217129690e+02 1.777491516807079677e+02
1.319751421110800038e+02 1.935863520217129690e+02 1.777491516807079677e+02
1.319878114617211793e+02 1.936017662459194639e+02 1.777347222961386422e+02
1.320004808123623548e+02 1.936171804701259589e+02 1.777202929115693166e+02
1.320131501630035586e+02 1.936325946943324254e+02 1.777058635269999911e+02
1.320258195136447341e+02 1.936480089185389204e+02 1.776914341424306656e+02
1.320384888642859096e+02 1.936634231427454154e+02 1.776770047578613401e+02
1.320511582149270851e+02 1.936788373669519103e+02 1.776625753732920145e+02
1.320638275655682605e+02 1.936942515911583769e+02 1.776481459887226890e+02
1.320764969162094360e+02 1.937096658153648718e+02 1.776337166041533635e+02
1.320891662668506115e+02 1.937250800395713668e+02 1.776192872195840096e+02
1.321018356174918154e+02 1.937404942637778618e+02 1.776048578350146840e+02
1.321145049681329908e+02 1.937559084879843567e+02 1.775904284504453585e+02
1.321271743187741663e+02 1.937713227121908233e+02 1.775759990658760330e+02
1.321398436694153418e+02 1.937867369363973182e+02 1.775615696813067075e+02
1.321525130200565172e+02 1.938021511606038132e+02 1.775471402967373820e+02
1.321651823706977211e+02 1.938175653848103082e+02 1.775327109121680564e+02
1.321778517213388966e+02 1.938329796090167747e+02 1.775182815275987309e+02
1.321905210719800721e+02 1.938483938332232697e+02 1.775038521430294054e+02
1.322031904226212475e+02 1.938638080574297646e+02 1.774894227584600799e+02
1.322031904226212475e+02 1.938638080574297646e+02 1.774894227584600799e+02
1.322257339471433966e+02 1.938641960690480630e+02 1.774599743514244778e+02
1.322482774716655172e+02 1.938645840806663898e+02 1.774305259443888758e+02
1.322708209961876662e+02 1.938649720922846882e+02 1.774010775373532454e+02
1.322933645207097868e+02 1.938653601039029866e+02 1.773716291303176433e+02
1.323159080452319358e+02 1.938657481155213134e+02 1.773421807232820413e+02
1.323384515697540564e+02 1.938661361271396117e+02 1.773127323162464393e+02
1.323609950942762055e+02 1.938665241387579101e+02 1.772832839092108088e+02
1.323835386187983261e+02 1.938669121503762085e+02 1.772538355021752068e+02
1.324060821433204751e+02 1.938673001619945353e+02 1.772243870951396048e+02
1.324286256678425957e+02 1.938676881736128337e+02 1.771949386881040027e+02
1.324511691923647447e+02 1.938680761852311321e+02 1.771654902810683723e+02
1.324737127168868653e+02 1.938684641968494589e+02 1.771360418740327702e+02
1.324962562414090144e+02 1.938688522084677572e+02 1.771065934669971682e+02
1.324962562414090144e+02 1.938688522084677572e+02 1.771065934669971682e+02
1.325058357881596862e+02 1.938527821915446339e+02 1.770883576470772596e+02
1.325154153349103296e+02 1.938367121746214821e+02 1.770701218271573509e+02
1.325249948816610015e+02 1.938206421576983587e+02 1.770518860072374423e+02
1.325345744284116734e+02 1.938045721407752353e+02 1.770336501873175621e+02
1.325441539751623452e+02 1.937885021238521119e+02 1.770154143673976535e+02
1.325537335219129886e+02 1.937724321069289601e+02 1.769971785474777448e+02
1.325633130686636605e+02 1.937563620900058368e+02 1.769789427275578362e+02
1.325728926154143323e+02 1.937402920730827134e+02 1.769607069076379275e+02
1.325824721621650042e+02 1.937242220561595900e+02 1.769424710877180189e+02
1.325920517089156476e+02 1.937081520392364382e+02 1.769242352677981103e+02
1.326016312556663195e+02 1.936920820223133148e+02 1.769059994478782016e+02
1.326112108024169913e+02 1.936760120053901915e+02 1.768877636279583214e+02
1.326207903491676632e+02 1.936599419884670681e+02 1.768695278080384128e+02
1.326303698959183066e+02 1.936438719715439163e+02 1.768512919881185042e+02
1.326399494426689785e+02 1.936278019546207929e+02 1.768330561681985955e+02
1.326399494426689785e+02 1.936278019546207929e+02 1.768330561681985955e+02
1.326813471850868211e+02 1.936285144787433694e+02 1.767789786627988065e+02
1.327227449275046638e+02 1.936292270028659459e+02 1.767249011573990174e+02
1.327641426699225349e+02 1.936299395269884940e+02 1.766708236519992283e+02
1.328055404123403775e+02 1.936306520511110705e+02 1.766167461465994677e+02
1.328469381547582202e+02 1.936313645752336470e+02 1.765626686411996786e+02
1.328883358971760629e+02 1.936320770993562235e+02 1.765085911357998896e+02
1.329297336395939055e+02 1.936327896234788000e+02 1.764545136304001005e+02
1.329711313820117482e+02 1.936335021476013765e+02 1.764004361250003114e+02
1.330125291244295909e+02 1.936342146717239530e+02 1.763463586196005508e+02
1.330539268668474620e+02 1.936349271958465010e+02 1.762922811142007617e+02
1.330953246092653046e+02 1.936356397199690775e+02 1.762382036088009727e+02
1.331367223516831473e+02 1.936363522440916540e+02 1.761841261034011836e+02
1.331367223516831473e+02 1.936363522440916540e+02 1.761841261034011836e+02
1.331524630947293133e+02 1.936235426694267403e+02 1.761624495251545568e+02
1.331682038377754793e+02 1.936107330947618266e+02 1.761407729469079300e+02
1.331839445808216453e+02 1.935979235200969129e+02 1.761190963686613031e+02
1.331996853238678113e+02 1.935851139454319991e+02 1.760974197904146763e+02
1.332154260669139774e+02 1.935723043707671138e+02 1.760757432121680210e+02
1.332311668099601434e+02 1.935594947961022001e+02 1.760540666339213942e+02
1.332469075530063094e+02 1.935466852214372864e+02 1.760323900556747674e+02
1.332626482960524754e+02 1.935338756467723726e+02 1.760107134774281405e+02
1.332783890390986414e+02 1.935210660721074589e+02 1.759890368991815137e+02
1.332941297821448075e+02 1.935082564974425452e+02 1.759673603209348869e+02
1.333098705251909735e+02 1.934954469227776315e+02 1.759456837426882601e+02
1.333256112682371395e+02 1.934826373481127177e+02 1.759240071644416332e+02
1.333413520112833339e+02 1.934698277734478324e+02 1.759023305861949780e+02
1.333570927543294999e+02 1.934570181987829187e+02 1.758806540079483511e+02
1.333728334973756660e+02 1.934442086241180050e+02 1.758589774297017243e+02
1.333885742404218320e+02 1.934313990494530913e+02 1.758373008514550975e+02
1.334043149834679980e+02 1.934185894747881775e+02 1.758156242732084706e+02
1.334200557265141640e+02 1.934057799001232638e+02 1.757939476949618438e+02
1.334357964695603300e+02 1.933929703254583501e+02 1.757722711167152170e+02
1.334515372126064960e+02 1.933801607507934364e+02 1.757505945384685901e+02
1.334672779556526621e+02 1.933673511761285226e+02 1.757289179602219633e+02
1.334830186986988281e+02 1.933545416014636373e+02 1.757072413819753081e+02
1.334987594417449941e+02 1.933417320267987236e+02 1.756855648037286812e+02
1.335145001847911601e+02 1.933289224521338099e+02 1.756638882254820544e+02
1.335302409278373261e+02 1.933161128774688962e+02 1.756422116472354276e+02
1.335459816708834921e+02 1.933033033028039824e+02 1.756205350689888007e+02
1.335459816708834921e+02 1.933033033028039824e+02 1.756205350689888007e+02
1.335620182212427949e+02 1.932764014417483054e+02 1.755900075657467028e+02
1.335780547716020976e+02 1.932494995806926568e+02 1.755594800625046048e+02
1.335940913219614004e+02 1.932225977196369797e+02 1.755289525592625068e+02
1.336101278723207031e+02 1.931956958585813027e+02 1.754984250560204089e+02
1.336261644226800058e+02 1.931687939975256540e+02 1.754678975527783109e+02
1.336422009730393086e+02 1.931418921364699770e+02 1.754373700495362414e+02
1.336582375233986113e+02 1.931149902754143284e+02 1.754068425462941434e+02
1.336742740737579140e+02 1.930880884143586513e+02 1.753763150430520454e+02
1.336903106241172168e+02 1.930611865533029743e+02 1.753457875398099475e+02
1.337063471744765195e+02 1.930342846922473257e+02 1.753152600365678495e+02
1.337223837248358222e+02 1.930073828311916486e+02 1.752847325333257515e+02
1.337384202751951250e+02 1.929804809701360000e+02 1.752542050300836536e+02
1.337544568255544277e+02 1.929535791090803230e+02 1.752236775268415556e+02
1.337704933759137305e+02 1.929266772480246459e+02 1.751931500235994577e+02
1.337865299262730332e+02 1.928997753869689973e+02 1.751626225203573597e+02
1.338025664766323359e+02 1.928728735259133202e+02 1.751320950171152617e+02
1.338186030269916387e+02 1.928459716648576432e+02 1.751015675138731638e+02
1.338346395773509414e+02 1.928190698038019946e+02 1.750710400106310658e+02
1.338506761277102441e+02 1.927921679427463175e+02 1.750405125073889963e+02
1.338667126780695469e+02 1.927652660816906405e+02 1.750099850041468983e+02
1.338827492284288496e+02 1.927383642206349919e+02 1.749794575009048003e+02
1.338987857787881524e+02 1.927114623595793148e+02 1.749489299976627024e+02
1.339148223291474551e+02 1.926845604985236662e+02 1.749184024944206044e+02
1.339308588795067578e+02 1.926576586374679891e+02 1.748878749911785064e+02
1.339308588795067578e+02 1.926576586374679891e+02 1.748878749911785064e+02
1.339329540649762578e+02 1.926377295878477582e+02 1.748609696884155085e+02
1.339350492504457293e+02 1.926178005382274989e+02 1.748340643856525389e+02
1.339371444359152292e+02 1.925978714886072680e+02 1.748071590828895410e+02
1.339392396213847292e+02 1.925779424389870087e+02 1.747802537801265714e+02
1.339413348068542291e+02 1.925580133893667778e+02 1.747533484773635735e+02
1.339434299923237006e+02 1.925380843397465469e+02 1.747264431746006039e+02
1.339455251777932006e+02 1.925181552901262876e+02 1.746995378718376060e+02
1.339476203632627005e+02 1.924982262405060567e+02 1.746726325690746364e+02
1.339497155487322004e+02 1.924782971908857974e+02 1.746457272663116385e+02
1.339518107342016719e+02 1.924583681412655665e+02 1.746188219635486689e+02
1.339539059196711719e+02 1.924384390916453356e+02 1.745919166607856710e+02
1.339560011051406718e+02 1.924185100420250762e+02 1.745650113580226730e+02
1.339580962906101433e+02 1.923985809924048453e+02 1.745381060552597035e+02
1.339601914760796433e+02 1.923786519427845860e+02 1.745112007524967055e+02
1.339622866615491432e+02 1.923587228931643551e+02 1.744842954497337359e+02
1.339643818470186432e+02 1.923387938435441242e+02 1.744573901469707380e+02
1.339664770324881147e+02 1.923188647939238649e+02 1.744304848442077684e+02
1.339685722179576146e+02 1.922989357443036340e+02 1.744035795414447705e+02
1.339706674034271146e+02 1.922790066946834031e+02 1.743766742386818009e+02
1.339727625888966145e+02 1.922590776450631438e+02 1.743497689359188030e+02
1.339748577743660860e+02 1.922391485954429129e+02 1.743228636331558334e+02
1.339769529598355859e+02 1.922192195458226536e+02 1.742959583303928355e+02
1.339790481453050859e+02 1.921992904962024227e+02 1.742690530276298375e+02
1.339811433307745574e+02 1.921793614465821918e+02 1.742421477248668680e+02
1.339832385162440573e+02 1.921594323969619325e+02 1.742152424221038700e+02
1.339853337017135573e+02 1.921395033473417016e+02 1.741883371193409005e+02
1.339874288871830572e+02 1.921195742977214422e+02 1.741614318165779025e+02
1.339895240726525287e+02 1.920996452481012113e+02 1.741345265138149330e+02
1.339916192581220287e+02 1.920797161984809804e+02 1.741076212110519350e+02
1.339937144435915286e+02 1.920597871488607211e+02 1.740807159082889655e+02
1.339958096290610285e+02 1.920398580992404902e+02 1.740538106055259675e+02
1.339979048145305001e+02 1.920199290496202309e+02 1.740269053027629980e+02
1.340000000000000000e+02 1.920000000000000000e+02 1.740000000000000000e+02
1.340000000000000000e+02 1.920000000000000000e+02 1.740000000000000000e+02
1.340000000000000000e+02 1.920000000000000000e+02 1.740000000000000000e+02
1.340000000000000000e+02 1.920000000000000000e+02 1.740000000000000000e+02
1.340000000000000000e+02 1.920000000000000000e+02 1.740000000000000000e+02
1.340000000000000000e+02 1.920000000000000000e+02 1.740000000000000000e+02
1.340000000000000000e+02 1.920000000000000000e+02 1.740000000000000000e+02
1.340000000000000000e+02 1.920000000000000000e+02 1.740000000000000000e+02
1.340000000000000000e+02 1.920000000000000000e+02 1.740000000000000000e+02
1.340000000000000000e+02 1.920000000000000000e+02 1.740000000000000000e+02
1.340000000000000000e+02 1.920000000000000000e+02 1.740000000000000000e+02
1.340000000000000000e+02 1.920000000000000000e+02 1.740000000000000000e+02
1.340000000000000000e+02 1.920000000000000000e+02 1.740000000000000000e+02
1.340000000000000000e+02 1.920000000000000000e+02 1.740000000000000000e+02
1.340000000000000000e+02 1.920000000000000000e+02 1.740000000000000000e+02
1.340000000000000000e+02 1.920000000000000000e+02 1.740000000000000000e+02
1.340000000000000000e+02 1.920000000000000000e+02 1.740000000000000000e+02
1.340000000000000000e+02 1.920000000000000000e+02 1.740000000000000000e+02
1.340000000000000000e+02 1.920000000000000000e+02 1.740000000000000000e+02
1.340000000000000000e+02 1.920000000000000000e+02 1.740000000000000000e+02
1.340000000000000000e+02 1.920000000000000000e+02 1.740000000000000000e+02
1.340000000000000000e+02 1.920000000000000000e+02 1.740000000000000000e+02
1.340000000000000000e+02 1.920000000000000000e+02 1.740000000000000000e+02
1.340000000000000000e+02 1.920000000000000000e+02 1.740000000000000000e+02
1.340000000000000000e+02 1.920000000000000000e+02 1.740000000000000000e+02
1.340000000000000000e+02 1.920000000000000000e+02 1.740000000000000000e+02
1.340000000000000000e+02 1.920000000000000000e+02 1.740000000000000000e+02
1.340000000000000000e+02 1.920000000000000000e+02 1.740000000000000000e+02
1.340000000000000000e+02 1.920000000000000000e+02 1.740000000000000000e+02
1.340000000000000000e+02 1.920000000000000000e+02 1.740000000000000000e+02
1.340000000000000000e+02 1.920000000000000000e+02 1.740000000000000000e+02
1.340000000000000000e+02 1.920000000000000000e+02 1.740000000000000000e+02
1.340000000000000000e+02 1.920000000000000000e+02 1.740000000000000000e+02
1.340000000000000000e+02 1.920000000000000000e+02 1.740000000000000000e+02
1.340000000000000000e+02 1.920000000000000000e+02 1.740000000000000000e+02
1.340000000000000000e+02 1.920000000000000000e+02 1.740000000000000000e+02
1.340000000000000000e+02 1.920000000000000000e+02 1.740000000000000000e+02
1.340000000000000000e+02 1.920000000000000000e+02 1.740000000000000000e+02
1.340099567843546140e+02 1.919812776883647985e+02 1.739765299877643656e+02
1.340199135687092280e+02 1.919625553767295685e+02 1.739530599755287028e+02
1.340298703530638420e+02 1.919438330650943669e+02 1.739295899632930684e+02
1.340398271374184560e+02 1.919251107534591654e+02 1.739061199510574340e+02
1.340497839217730984e+02 1.919063884418239354e+02 1.738826499388217997e+02
1.340597407061277124e+02 1.918876661301887339e+02 1.738591799265861368e+02
1.340696974904823264e+02 1.918689438185535323e+02 1.738357099143505025e+02
1.340796542748369404e+02 1.918502215069183023e+02 1.738122399021148681e+02
1.340896110591915544e+02 1.918314991952831008e+02 1.737887698898792337e+02
1.340995678435461684e+02 1.918127768836478992e+02 1.737652998776435709e+02
1.341095246279007824e+02 1.917940545720126693e+02 1.737418298654079365e+02
1.341194814122553964e+02 1.917753322603774677e+02 1.737183598531723021e+02
1.341294381966100104e+02 1.917566099487422662e+02 1.736948898409366677e+02
1.341393949809646529e+02 1.917378876371070362e+02 1.736714198287010049e+02
1.341493517653192669e+02 1.917191653254718346e+02 1.736479498164653705e+02
1.341593085496738809e+02 1.917004430138366331e+02 1.736244798042297361e+02
1.341692653340284949e+02 1.916817207022014031e+02 1.736010097919941018e+02
1.341792221183831089e+02 1.916629983905662016e+02 1.735775397797584390e+02
1.341891789027377229e+02 1.916442760789309716e+02 1.735540697675228046e+02
1.341991356870923369e+02 1.916255537672957701e+02 1.735305997552871702e+02
1.342090924714469509e+02 1.916068314556605685e+02 1.735071297430515358e+02
1.342190492558015933e+02 1.915881091440253385e+02 1.734836597308158730e+02
1.342290060401562073e+02 1.915693868323901370e+02 1.734601897185802386e+02
1.342389628245108213e+02 1.915506645207549354e+02 1.734367197063446042e+02
1.342489196088654353e+02 1.915319422091197055e+02 1.734132496941089698e+02
1.342588763932200493e+02 1.915132198974845039e+02 1.733897796818733070e+02
1.342688331775746633e+02 1.914944975858493024e+02 1.733663096696376726e+02
1.342787899619292773e+02 1.914757752742140724e+02 1.733428396574020383e+02
1.342887467462838913e+02 1.914570529625788708e+02 1.733193696451664039e+02
1.342987035306385053e+02 1.914383306509436693e+02 1.732958996329307411e+02
1.343086603149931477e+02 1.914196083393084393e+02 1.732724296206951067e+02
1.343186170993477617e+02 1.914008860276732378e+02 1.732489596084594723e+02
1.343285738837023757e+02 1.913821637160380362e+02 1.732254895962238379e+02
1.343385306680569897e+02 1.913634414044028063e+02 1.732020195839881751e+02
1.343484874524116037e+02 1.913447190927676047e+02 1.731785495717525407e+02
1.343484874524116037e+02 1.913447190927676047e+02 1.731785495717525407e+02
1.343436693683095484e+02 1.913313235915665587e+02 1.731507626975377434e+02
1.343388512842075215e+02 1.913179280903655126e+02 1.731229758233229177e+02
1.343340332001054662e+02 1.913045325891644950e+02 1.730951889491081204e+02
1.343292151160034393e+02 1.912911370879634489e+02 1.730674020748933231e+02
1.343243970319013840e+02 1.912777415867624029e+02 1.730396152006784973e+02
1.343195789477993571e+02 1.912643460855613569e+02 1.730118283264637000e+02
1.343147608636973018e+02 1.912509505843603392e+02 1.729840414522488743e+02
1.343099427795952465e+02 1.912375550831592932e+02 1.729562545780340770e+02
1.343051246954932196e+02 1.912241595819582471e+02 1.729284677038192797e+02
1.343003066113911643e+02 1.912107640807572011e+02 1.729006808296044539e+02
1.342954885272891374e+02 1.911973685795561835e+02 1.728728939553896566e+02
1.342906704431870821e+02 1.911839730783551374e+02 1.728451070811748593e+02
1.342858523590850552e+02 1.911705775771540914e+02 1.728173202069600336e+02
1.342810342749829999e+02 1.911571820759530453e+02 1.727895333327452363e+02
1.342762161908809730e+02 1.911437865747520277e+02 1.727617464585304106e+02
1.342713981067789177e+02 1.911303910735509817e+02 1.727339595843156133e+02
1.342665800226768624e+02 1.911169955723499356e+02 1.727061727101008159e+02
1.342617619385748355e+02 1.911036000711488896e+02 1.726783858358859902e+02
1.342569438544727802e+02 1.910902045699478435e+02 1.726505989616711929e+02
1.342521257703707533e+02 1.910768090687468259e+02 1.726228120874563956e+02
1.342473076862686980e+02 1.910634135675457799e+02 1.725950252132415699e+02
1.342424896021666711e+02 1.910500180663447338e+02 1.725672383390267726e+02
1.342376715180646158e+02 1.910366225651436878e+02 1.725394514648119753e+02
1.342328534339625605e+02 1.910232270639426702e+02 1.725116645905971495e+02
1.342280353498605336e+02 1.910098315627416241e+02 1.724838777163823522e+02
1.342232172657584783e+02 1.909964360615405781e+02 1.724560908421675265e+02
1.342183991816564514e+02 1.909830405603395320e+02 1.724283039679527292e+02
1.342135810975543961e+02 1.909696450591385144e+02 1.724005170937379319e+02
1.342087630134523693e+02 1.909562495579374684e+02 1.723727302195231061e+02
1.342039449293503139e+02 1.909428540567364223e+02 1.723449433453083088e+02
1.342039449293503139e+02 1.909428540567364223e+02 1.723449433453083088e+02
1.342137606169982291e+02 1.909200279038658721e+02 1.723260143150574493e+02
1.342235763046461443e+02 1.908972017509953218e+02 1.723070852848065897e+02
1.342333919922940595e+02 1.908743755981248000e+02 1.722881562545557301e+02
1.342432076799420031e+02 1.908515494452542498e+02 1.722692272243048706e+02
1.342530233675899183e+02 1.908287232923836996e+02 1.722502981940540110e+02
1.342628390552378335e+02 1.908058971395131493e+02 1.722313691638031514e+02
1.342726547428857486e+02 1.907830709866426275e+02 1.722124401335522919e+02
1.342824704305336638e+02 1.907602448337720773e+02 1.721935111033014323e+02
1.342922861181815790e+02 1.907374186809015271e+02 1.721745820730505727e+02
1.343021018058295226e+02 1.907145925280309768e+02 1.721556530427997131e+02
1.343119174934774378e+02 1.906917663751604550e+02 1.721367240125488536e+02
1.343217331811253530e+02 1.906689402222899048e+02 1.721177949822979940e+02
1.343315488687732682e+02 1.906461140694193546e+02 1.720988659520471344e+02
1.343413645564211834e+02 1.906232879165488043e+02 1.720799369217962749e+02
1.343511802440690985e+02 1.906004617636782825e+02 1.720610078915454153e+02
1.343609959317170421e+02 1.905776356108077323e+02 1.720420788612945557e+02
1.343708116193649573e+02 1.905548094579371821e+02 1.720231498310436962e+02
1.343806273070128725e+02 1.905319833050666318e+02 1.720042208007928366e+02
1.343904429946607877e+02 1.905091571521961100e+02 1.719852917705420055e+02
1.344002586823087029e+02 1.904863309993255598e+02 1.719663627402911459e+02
1.344100743699566181e+02 1.904635048464550096e+02 1.719474337100402863e+02
1.344198900576045617e+02 1.904406786935844593e+02 1.719285046797894267e+02
1.344297057452524768e+02 1.904178525407139375e+02 1.719095756495385672e+02
1.344395214329003920e+02 1.903950263878433873e+02 1.718906466192877076e+02
1.344493371205483072e+02 1.903722002349728371e+02 1.718717175890368480e+02
1.344591528081962224e+02 1.903493740821022868e+02 1.718527885587859885e+02
1.344689684958441376e+02 1.903265479292317650e+02 1.718338595285351289e+02
1.344787841834920812e+02 1.903037217763612148e+02 1.718149304982842693e+02
1.344885998711399964e+02 1.902808956234906645e+02 1.717960014680334098e+02
1.344984155587879116e+02 1.902580694706201143e+02 1.717770724377825502e+02
1.345082312464358267e+02 1.902352433177495925e+02 1.717581434075316906e+02
1.345180469340837419e+02 1.902124171648790423e+02 1.717392143772808311e+02
1.345278626217316571e+02 1.901895910120084920e+02 1.717202853470299715e+02
1.345376783093796007e+02 1.901667648591379418e+02 1.717013563167791119e+02
1.345474939970275159e+02 1.901439387062674200e+02 1.716824272865282524e+02
1.345573096846754311e+02 1.901211125533968698e+02 1.716634982562773928e+02
1.345671253723233463e+02 1.900982864005263195e+02 1.716445692260265332e+02
1.345671253723233463e+02 1.900982864005263195e+02 1.716445692260265332e+02
1.345851703181826622e+02 1.900927229508562277e+02 1.716181072095036484e+02
1.346032152640419781e+02 1.900871595011861075e+02 1.715916451929807636e+02
1.346212602099013225e+02 1.900815960515160157e+02 1.715651831764578787e+02
1.346393051557606384e+02 1.900760326018459239e+02 1.715387211599349939e+02
1.346573501016199543e+02 1.900704691521758036e+02 1.715122591434121091e+02
1.346753950474792703e+02 1.900649057025057118e+02 1.714857971268892243e+02
1.346934399933385862e+02 1.900593422528355916e+02 1.714593351103663394e+02
1.347114849391979021e+02 1.900537788031654998e+02 1.714328730938434546e+02
1.347295298850572465e+02 1.900482153534954080e+02 1.714064110773205698e+02
1.347475748309165624e+02 1.900426519038252877e+02 1.713799490607976850e+02
1.347656197767758783e+02 1.900370884541551959e+02 1.713534870442748002e+02
1.347836647226351943e+02 1.900315250044851041e+02 1.713270250277519153e+02
1.348017096684945102e+02 1.900259615548149839e+02 1.713005630112290305e+02
1.348197546143538545e+02 1.900203981051448920e+02 1.712741009947061457e+02
1.348377995602131705e+02 1.900148346554748002e+02 1.712476389781832609e+02
1.348558445060724864e+02 1.900092712058046800e+02 1.712211769616603760e+02
1.348738894519318023e+02 1.900037077561345882e+02 1.711947149451374912e+02
1.348919343977911183e+02 1.899981443064644679e+02 1.711682529286146064e+02
1.349099793436504342e+02 1.899925808567943761e+02 1.711417909120917216e+02
1.349280242895097786e+02 1.899870174071242843e+02 1.711153288955688367e+02
1.349460692353690945e+02 1.899814539574541641e+02 1.710888668790459519e+02
1.349641141812284104e+02 1.899758905077840723e+02 1.710624048625230671e+02
1.349641141812284104e+02 1.899758905077840723e+02 1.710624048625230671e+02
1.349704317496239412e+02 1.899532720494240436e+02 1.710400176438241999e+02
1.349767493180195004e+02 1.899306535910640150e+02 1.710176304251253612e+02
1.349830668864150311e+02 1.899080351327039864e+02 1.709952432064264940e+02
1.349893844548105619e+02 1.898854166743439578e+02 1.709728559877276268e+02
1.349957020232060927e+02 1.898627982159839291e+02 1.709504687690287597e+02
1.350020195916016519e+02 1.898401797576239005e+02 1.709280815503299209e+02
1.350083371599971827e+02 1.898175612992638719e+02 1.709056943316310537e+02
1.350146547283927134e+02 1.897949428409038433e+02 1.708833071129321866e+02
1.350209722967882726e+02 1.897723243825438146e+02 1.708609198942333478e+02
1.350272898651838034e+02 1.897497059241837860e+02 1.708385326755344806e+02
1.350336074335793342e+02 1.897270874658237574e+02 1.708161454568356135e+02
1.350399250019748933e+02 1.897044690074637288e+02 1.707937582381367747e+02
1.350462425703704241e+02 1.896818505491036717e+02 1.707713710194379075e+02
1.350525601387659549e+02 1.896592320907436431e+02 1.707489838007390404e+02
1.350588777071614857e+02 1.896366136323836145e+02 1.707265965820401732e+02
1.350651952755570449e+02 1.896139951740235858e+02 1.707042093633413344e+02
1.350715128439525756e+02 1.895913767156635572e+02 1.706818221446424673e+02
1.350778304123481064e+02 1.895687582573035286e+02 1.706594349259436001e+02
1.350841479807436656e+02 1.895461397989435000e+02 1.706370477072447613e+02
1.350904655491391964e+02 1.895235213405834713e+02 1.706146604885458942e+02
1.350967831175347271e+02 1.895009028822234427e+02 1.705922732698470270e+02
1.351031006859302579e+02 1.894782844238634141e+02 1.705698860511481598e+02
1.351094182543258171e+02 1.894556659655033855e+02 1.705474988324493211e+02
1.351157358227213479e+02 1.894330475071433568e+02 1.705251116137504539e+02
1.351157358227213479e+02 1.894330475071433568e+02 1.705251116137504539e+02
1.351158182265451160e+02 1.894161557151224429e+02 1.704968952429413775e+02
1.351159006303689125e+02 1.893992639231015289e+02 1.704686788721323012e+02
1.351159830341926806e+02 1.893823721310806150e+02 1.704404625013232248e+02
1.351160654380164488e+02 1.893654803390596726e+02 1.704122461305141485e+02
1.351161478418402453e+02 1.893485885470387586e+02 1.703840297597050721e+02
1.351162302456640134e+02 1.893316967550178447e+02 1.703558133888959958e+02
1.351163126494877815e+02 1.893148049629969307e+02 1.703275970180869194e+02
1.351163950533115496e+02 1.892979131709760168e+02 1.702993806472778431e+02
1.351164774571353462e+02 1.892810213789551028e+02 1.702711642764687667e+02
1.351165598609591143e+02 1.892641295869341889e+02 1.702429479056596620e+02
1.351166422647828824e+02 1.892472377949132465e+02 1.702147315348505856e+02
1.351167246686066790e+02 1.892303460028923325e+02 1.701865151640415093e+02
1.351168070724304471e+02 1.892134542108714186e+02 1.701582987932324329e+02
1.351168894762542152e+02 1.891965624188505046e+02 1.701300824224233565e+02
1.351169718800779833e+02 1.891796706268295907e+02 1.701018660516142802e+02
1.351170542839017799e+02 1.891627788348086767e+02 1.700736496808052038e+02
1.351171366877255480e+02 1.891458870427877343e+02 1.700454333099961275e+02
1.351172190915493161e+02 1.891289952507668204e+02 1.700172169391870511e+02
1.351173014953731126e+02 1.891121034587459064e+02 1.699890005683779748e+02
1.351173838991968807e+02 1.890952116667249925e+02 1.699607841975688984e+02
1.351173838991968807e+02 1.890952116667249925e+02 1.699607841975688984e+02
1.351036005887888507e+02 1.890812251485027957e+02 1.699358184392963267e+02
1.350898172783808207e+02 1.890672386302806274e+02 1.699108526810237265e+02
1.350760339679728190e+02 1.890532521120584306e+02 1.698858869227511548e+02
1.350622506575647890e+02 1.890392655938362623e+02 1.698609211644785830e+02
1.350484673471567589e+02 1.890252790756140655e+02 1.698359554062060113e+02
1.350346840367487289e+02 1.890112925573918972e+02 1.698109896479334111e+02
1.350209007263406988e+02 1.889973060391697004e+02 1.697860238896608394e+02
1.350071174159326688e+02 1.889833195209475036e+02 1.697610581313882676e+02
1.349933341055246672e+02 1.889693330027253353e+02 1.697360923731156674e+02
1.349795507951166371e+02 1.889553464845031385e+02 1.697111266148430957e+02
1.349657674847086071e+02 1.889413599662809702e+02 1.696861608565705239e+02
1.349519841743005770e+02 1.889273734480587734e+02 1.696611950982979522e+02
1.349382008638925470e+02 1.889133869298366051e+02 1.696362293400253520e+02
1.349244175534845454e+02 1.888994004116144083e+02 1.696112635817527803e+02
1.349106342430765153e+02 1.888854138933922115e+02 1.695862978234802085e+02
1.348968509326684853e+02 1.888714273751700432e+02 1.695613320652076084e+02
1.348830676222604552e+02 1.888574408569478464e+02 1.695363663069350366e+02
1.348692843118524252e+02 1.888434543387256781e+02 1.695114005486624649e+02
1.348555010014443951e+02 1.888294678205034813e+02 1.694864347903898931e+02
1.348417176910363935e+02 1.888154813022813130e+02 1.694614690321172930e+02
1.348279343806283634e+02 1.888014947840591162e+02 1.694365032738447212e+02
1.348141510702203334e+02 1.887875082658369195e+02 1.694115375155721495e+02
1.348003677598123033e+02 1.887735217476147511e+02 1.693865717572995493e+02
1.347865844494042733e+02 1.887595352293925544e+02 1.693616059990269775e+02
1.347728011389962433e+02 1.887455487111703860e+02 1.693366402407544058e+02
1.347590178285882416e+02 1.887315621929481892e+02 1.693116744824818340e+02
1.347452345181802116e+02 1.887175756747260209e+02 1.692867087242092339e+02
1.347314512077721815e+02 1.887035891565038241e+02 1.692617429659366621e+02
1.347314512077721815e+02 1.887035891565038241e+02 1.692617429659366621e+02
1.347203937862457792e+02 1.886739731193206921e+02 1.692630718808770212e+02
1.347093363647193769e+02 1.886443570821375602e+02 1.692644007958173802e+02
1.346982789431929746e+02 1.886147410449544282e+02 1.692657297107577392e+02
1.346872215216665722e+02 1.885851250077713246e+02 1.692670586256980982e+02
1.346761641001401699e+02 1.885555089705881926e+02 1.692683875406384573e+02
1.346651066786137676e+02 1.885258929334050606e+02 1.692697164555788163e+02
1.346540492570873653e+02 1.884962768962219286e+02 1.692710453705191753e+02
1.346429918355609914e+02 1.884666608590387966e+02 1.692723742854595059e+02
1.346319344140345891e+02 1.884370448218556646e+02 1.692737032003998650e+02
1.346208769925081867e+02 1.884074287846725326e+02 1.692750321153402240e+02
1.346098195709817844e+02 1.883778127474894291e+02 1.692763610302805830e+02
1.345987621494553821e+02 1.883481967103062971e+02 1.692776899452209420e+02
1.345877047279289798e+02 1.883185806731231651e+02 1.692790188601613011e+02
1.345766473064025774e+02 1.882889646359400331e+02 1.692803477751016601e+02
1.345655898848761751e+02 1.882593485987569011e+02 1.692816766900420191e+02
1.345545324633497728e+02 1.882297325615737691e+02 1.692830056049823781e+02
1.345434750418233705e+02 1.882001165243906371e+02 1.692843345199227372e+02
1.345324176202969682e+02 1.881705004872075335e+02 1.692856634348630962e+02
1.345213601987705658e+02 1.881408844500244015e+02 1.692869923498034552e+02
1.345103027772441635e+02 1.881112684128412695e+02 1.692883212647438143e+02
1.344992453557177896e+02 1.880816523756581375e+02 1.692896501796841449e+02
1.344881879341913873e+02 1.880520363384750056e+02 1.692909790946245039e+02
1.344771305126649850e+02 1.880224203012918736e+02 1.692923080095648629e+02
1.344660730911385826e+02 1.879928042641087416e+02 1.692936369245052219e+02
1.344550156696121803e+02 1.879631882269256380e+02 1.692949658394455810e+02
1.344439582480857780e+02 1.879335721897425060e+02 1.692962947543859400e+02
1.344329008265593757e+02 1.879039561525593740e+02 1.692976236693262990e+02
1.344218434050329734e+02 1.878743401153762420e+02 1.692989525842666581e+02
1.344218434050329734e+02 1.878743401153762420e+02 1.692989525842666581e+02
1.344105234537558431e+02 1.878440209223225281e+02 1.693003130508402023e+02
1.343992035024786844e+02 1.878137017292688427e+02 1.693016735174137466e+02
1.343878835512015542e+02 1.877833825362151288e+02 1.693030339839873193e+02
1.343765635999243955e+02 1.877530633431614433e+02 1.693043944505608636e+02
1.343652436486472652e+02 1.877227441501077294e+02 1.693057549171344078e+02
1.343539236973701065e+02 1.876924249570540155e+02 1.693071153837079521e+02
1.343426037460929763e+02 1.876621057640003301e+02 1.693084758502814964e+02
1.343312837948158176e+02 1.876317865709466162e+02 1.693098363168550406e+02
1.343199638435386873e+02 1.876014673778929307e+02 1.693111967834286133e+02
1.343086438922615287e+02 1.875711481848392168e+02 1.693125572500021576e+02
1.342973239409843984e+02 1.875408289917855029e+02 1.693139177165757019e+02
1.342860039897072397e+02 1.875105097987318175e+02 1.693152781831492462e+02
1.342746840384301095e+02 1.874801906056781036e+02 1.693166386497227904e+02
1.342633640871529508e+02 1.874498714126243897e+02 1.693179991162963347e+02
1.342520441358758205e+02 1.874195522195707042e+02 1.693193595828699074e+02
1.342407241845986619e+02 1.873892330265169903e+02 1.693207200494434517e+02
1.342294042333215316e+02 1.873589138334633049e+02 1.693220805160169959e+02
1.342180842820443729e+02 1.873285946404095910e+02 1.693234409825905402e+02
1.342067643307672427e+02 1.872982754473558771e+02 1.693248014491640845e+02
1.341954443794900840e+02 1.872679562543021916e+02 1.693261619157376288e+02
1.341841244282129537e+02 1.872376370612484777e+02 1.693275223823112015e+02
1.341728044769357950e+02 1.872073178681947923e+02 1.693288828488847457e+02
1.341614845256586648e+02 1.871769986751410784e+02 1.693302433154582900e+02
1.341614845256586648e+02 1.871769986751410784e+02 1.693302433154582900e+02
1.341336138761290897e+02 1.871641995406427554e+02 1.693337625303983600e+02
1.341057432265995146e+02 1.871514004061444609e+02 1.693372817453384300e+02
1.340778725770699396e+02 1.871386012716461380e+02 1.693408009602785000e+02
1.340500019275403361e+02 1.871258021371478435e+02 1.693443201752185701e+02
1.340221312780107610e+02 1.871130030026495206e+02 1.693478393901586401e+02
1.339942606284811859e+02 1.871002038681512261e+02 1.693513586050987101e+02
1.339663899789516108e+02 1.870874047336529031e+02 1.693548778200387801e+02
1.339385193294220358e+02 1.870746055991545802e+02 1.693583970349788501e+02
1.339106486798924607e+02 1.870618064646562857e+02 1.693619162499189201e+02
1.338827780303628856e+02 1.870490073301579628e+02 1.693654354648589901e+02
1.338549073808333105e+02 1.870362081956596683e+02 1.693689546797990886e+02
1.338270367313037355e+02 1.870234090611613453e+02 1.693724738947391586e+02
1.337991660817741320e+02 1.870106099266630508e+02 1.693759931096792286e+02
1.337712954322445569e+02 1.869978107921647279e+02 1.693795123246192986e+02
1.337434247827149818e+02 1.869850116576664050e+02 1.693830315395593686e+02
1.337155541331854067e+02 1.869722125231681105e+02 1.693865507544994387e+02
1.336876834836558317e+02 1.869594133886697875e+02 1.693900699694395087e+02
1.336598128341262566e+02 1.869466142541714930e+02 1.693935891843795787e+02
1.336319421845966815e+02 1.869338151196731701e+02 1.693971083993196487e+02
1.336040715350670780e+02 1.869210159851748472e+02 1.694006276142597187e+02
1.335762008855375029e+02 1.869082168506765527e+02 1.694041468291997887e+02
1.335483302360079279e+02 1.868954177161782297e+02 1.694076660441398587e+02
1.335204595864783528e+02 1.868826185816799352e+02 1.694111852590799288e+02
1.334925889369487777e+02 1.868698194471816123e+02 1.694147044740199988e+02
1.334647182874192026e+02 1.868570203126833178e+02 1.694182236889600688e+02
1.334368476378896275e+02 1.868442211781849949e+02 1.694217429039001388e+02
1.334089769883600525e+02 1.868314220436866719e+02 1.694252621188402088e+02
1.333811063388304774e+02 1.868186229091883774e+02 1.694287813337802788e+02
1.333532356893008739e+02 1.868058237746900545e+02 1.694323005487203488e+02
1.333253650397712988e+02 1.867930246401917600e+02 1.694358197636604473e+02
1.332974943902417237e+02 1.867802255056934371e+02 1.694393389786005173e+02
1.332696237407121487e+02 1.867674263711951426e+02 1.694428581935405873e+02
1.332417530911825736e+02 1.867546272366968196e+02 1.694463774084806573e+02
1.332138824416529985e+02 1.867418281021984967e+02 1.694498966234207273e+02
1.331860117921234234e+02 1.867290289677002022e+02 1.694534158383607974e+02
1.331581411425938199e+02 1.867162298332018793e+02 1.694569350533008674e+02
1.331302704930642449e+02 1.867034306987035848e+02 1.694604542682409374e+02
1.331023998435346698e+02 1.866906315642052618e+02 1.694639734831810074e+02
1.330745291940050947e+02 1.866778324297069673e+02 1.694674926981210774e+02
1.330466585444755196e+02 1.866650332952086444e+02 1.694710119130611474e+02
1.330466585444755196e+02 1.866650332952086444e+02 1.694710119130611474e+02
1.330207688933163297e+02 1.866515024290364977e+02 1.694813632671644825e+02
1.329948792421571397e+02 1.866379715628643226e+02 1.694917146212678176e+02
1.329689895909979782e+02 1.866244406966921758e+02 1.695020659753711527e+02
1.329430999398387883e+02 1.866109098305200291e+02 1.695124173294745162e+02
1.329172102886795983e+02 1.865973789643478824e+02 1.695227686835778513e+02
1.328913206375204084e+02 1.865838480981757073e+02 1.695331200376811864e+02
1.328654309863612184e+02 1.865703172320035605e+02 1.695434713917845215e+02
1.328395413352020569e+02 1.865567863658314138e+02 1.695538227458878566e+02
1.328136516840428669e+02 1.865432554996592387e+02 1.695641740999911917e+02
1.327877620328836770e+02 1.865297246334870920e+02 1.695745254540945552e+02
1.327618723817244870e+02 1.865161937673149453e+02 1.695848768081978903e+02
1.327359827305653255e+02 1.865026629011427985e+02 1.695952281623012254e+02
1.327100930794061355e+02 1.864891320349706234e+02 1.696055795164045605e+02
1.326842034282469456e+02 1.864756011687984767e+02 1.696159308705078956e+02
1.326583137770877556e+02 1.864620703026263300e+02 1.696262822246112307e+02
1.326324241259285657e+02 1.864485394364541548e+02 1.696366335787145943e+02
1.326065344747694041e+02 1.864350085702820081e+02 1.696469849328179293e+02
1.325806448236102142e+02 1.864214777041098614e+02 1.696573362869212644e+02
1.325547551724510242e+02 1.864079468379376863e+02 1.696676876410245995e+02
1.325288655212918343e+02 1.863944159717655396e+02 1.696780389951279346e+02
1.325029758701326443e+02 1.863808851055933928e+02 1.696883903492312697e+02
1.324770862189734828e+02 1.863673542394212461e+02 1.696987417033346048e+02
1.324511965678142928e+02 1.863538233732490710e+02 1.697090930574379684e+02
1.324253069166551029e+02 1.863402925070769243e+02 1.697194444115413035e+02
1.323994172654959129e+02 1.863267616409047776e+02 1.697297957656446385e+02
1.323735276143367230e+02 1.863132307747326024e+02 1.697401471197479736e+02
1.323476379631775615e+02 1.862996999085604557e+02 1.697504984738513087e+02
1.323217483120183715e+02 1.862861690423883090e+02 1.697608498279546438e+02
1.322958586608591816e+02 1.862726381762161623e+02 1.697712011820580074e+02
1.322699690096999916e+02 1.862591073100439871e+02 1.697815525361613425e+02
1.322440793585408301e+02 1.862455764438718404e+02 1.697919038902646776e+02
1.322181897073816401e+02 1.862320455776996937e+02 1.698022552443680127e+02
1.321923000562224502e+02 1.862185147115275186e+02 1.698126065984713478e+02
1.321664104050632602e+02 1.862049838453553718e+02 1.698229579525746828e+02
1.321405207539040703e+02 1.861914529791832251e+02 1.698333093066780464e+02
1.321146311027449087e+02 1.861779221130110784e+02 1.698436606607813815e+02
1.320887414515857188e+02 1.861643912468389033e+02 1.698540120148847166e+02
1.320628518004265288e+02 1.861508603806667566e+02 1.698643633689880517e+02
1.320628518004265288e+02 1.861508603806667566e+02 1.698643633689880517e+02
1.320424499400185425e+02 1.861270029842040969e+02 1.698646772972959695e+02
1.320220480796105846e+02 1.861031455877414373e+02 1.698649912256038590e+02
1.320016462192025983e+02 1.860792881912787493e+02 1.698653051539117769e+02
1.319812443587946404e+02 1.860554307948160897e+02 1.698656190822196947e+02
1.319608424983866541e+02 1.860315733983534301e+02 1.698659330105275842e+02
1.319404406379786963e+02 1.860077160018907705e+02 1.698662469388355021e+02
1.319200387775707100e+02 1.859838586054280825e+02 1.698665608671434200e+02
1.318996369171627521e+02 1.859600012089654228e+02 1.698668747954513378e+02
1.318792350567547658e+02 1.859361438125027632e+02 1.698671887237592273e+02
1.318588331963468079e+02 1.859122864160401036e+02 1.698675026520671452e+02
1.318384313359388216e+02 1.858884290195774156e+02 1.698678165803750630e+02
1.318180294755308353e+02 1.858645716231147560e+02 1.698681305086829525e+02
1.317976276151228774e+02 1.858407142266520964e+02 1.698684444369908704e+02
1.317772257547148911e+02 1.858168568301894368e+02 1.698687583652987882e+02
1.317568238943069332e+02 1.857929994337267487e+02 1.698690722936066777e+02
1.317364220338989469e+02 1.857691420372640891e+02 1.698693862219145956e+02
1.317160201734909890e+02 1.857452846408014295e+02 1.698697001502225135e+02
1.316956183130830027e+02 1.857214272443387699e+02 1.698700140785304313e+02
1.316752164526750448e+02 1.856975698478760819e+02 1.698703280068383208e+02
1.316548145922670585e+02 1.856737124514134223e+02 1.698706419351462387e+02
1.316344127318591006e+02 1.856498550549507627e+02 1.698709558634541565e+02
1.316140108714511143e+02 1.856259976584881031e+02 1.698712697917620460e+02
1.315936090110431280e+02 1.856021402620254150e+02 1.698715837200699639e+02
1.315732071506351701e+02 1.855782828655627554e+02 1.698718976483778818e+02
1.315528052902271838e+02 1.855544254691000958e+02 1.698722115766857712e+02
1.315324034298192259e+02 1.855305680726374362e+02 1.698725255049936891e+02
1.315120015694112396e+02 1.855067106761747482e+02 1.698728394333016070e+02
1.314915997090032818e+02 1.854828532797120886e+02 1.698731533616095248e+02
1.314711978485952955e+02 1.854589958832494290e+02 1.698734672899174143e+02
1.314507959881873376e+02 1.854351384867867694e+02 1.698737812182253322e+02
1.314303941277793513e+02 1.854112810903240813e+02 1.698740951465332500e+02
1.314099922673713934e+02 1.853874236938614217e+02 1.698744090748411395e+02
1.313895904069634071e+02 1.853635662973987621e+02 1.698747230031490574e+02
1.313895904069634071e+02 1.853635662973987621e+02 1.698747230031490574e+02
1.313678531039639950e+02 1.853478037993452574e+02 1.698586336106738770e+02
1.313461158009645828e+02 1.853320413012917527e+02 1.698425442181986966e+02
1.313243784979651707e+02 1.853162788032382480e+02 1.698264548257235163e+02
1.313026411949657586e+02 1.853005163051847717e+02 1.698103654332483359e+02
1.312809038919663465e+02 1.852847538071312670e+02 1.697942760407731555e+02
1.312591665889669343e+02 1.852689913090777623e+02 1.697781866482979751e+02
1.312374292859675222e+02 1.852532288110242575e+02 1.697620972558227948e+02
1.312156919829681101e+02 1.852374663129707528e+02 1.697460078633476144e+02
1.311939546799686980e+02 1.852217038149172481e+02 1.697299184708724340e+02
1.311722173769692574e+02 1.852059413168637718e+02 1.697138290783972536e+02
1.311504800739698453e+02 1.851901788188102671e+02 1.696977396859220732e+02
1.311287427709704332e+02 1.851744163207567624e+02 1.696816502934468929e+02
1.311070054679710211e+02 1.851586538227032577e+02 1.696655609009717125e+02
1.310852681649716089e+02 1.851428913246497530e+02 1.696494715084965321e+02
1.310635308619721968e+02 1.851271288265962482e+02 1.696333821160213517e+02
1.310417935589727847e+02 1.851113663285427720e+02 1.696172927235461714e+02
1.310200562559733726e+02 1.850956038304892672e+02 1.696012033310709910e+02
1.309983189529739604e+02 1.850798413324357625e+02 1.695851139385958106e+02
1.309765816499745483e+02 1.850640788343822578e+02 1.695690245461206587e+02
1.309548443469751362e+02 1.850483163363287531e+02 1.695529351536454783e+02
1.309331070439757241e+02 1.850325538382752484e+02 1.695368457611702979e+02
1.309113697409763120e+02 1.850167913402217721e+02 1.695207563686951175e+02
1.308896324379768998e+02 1.850010288421682674e+02 1.695046669762199372e+02
1.308678951349774877e+02 1.849852663441147627e+02 1.694885775837447568e+02
1.308461578319780756e+02 1.849695038460612579e+02 1.694724881912695764e+02
1.308244205289786635e+02 1.849537413480077532e+02 1.694563987987943960e+02
1.308026832259792513e+02 1.849379788499542485e+02 1.694403094063192157e+02
1.307809459229798108e+02 1.849222163519007722e+02 1.694242200138440353e+02
1.307592086199803987e+02 1.849064538538472675e+02 1.694081306213688549e+02
1.307374713169809866e+02 1.848906913557937628e+02 1.693920412288936745e+02
1.307157340139815744e+02 1.848749288577402581e+02 1.693759518364184942e+02
1.306939967109821623e+02 1.848591663596867534e+02 1.693598624439433138e+02
1.306722594079827502e+02 1.848434038616332487e+02 1.693437730514681334e+02
1.306505221049833381e+02 1.848276413635797724e+02 1.693276836589929530e+02
1.306287848019839259e+02 1.848118788655262676e+02 1.693115942665177727e+02
1.306070474989845138e+02 1.847961163674727629e+02 1.692955048740425923e+02
1.305853101959851017e+02 1.847803538694192582e+02 1.692794154815674119e+02
1.305853101959851017e+02 1.847803538694192582e+02 1.692794154815674119e+02
1.305684441812645389e+02 1.847542556723849714e+02 1.692823494055117521e+02
1.305515781665440045e+02 1.847281574753507130e+02 1.692852833294561208e+02
1.305347121518234417e+02 1.847020592783164261e+02 1.692882172534004610e+02
1.305178461371028789e+02 1.846759610812821393e+02 1.692911511773448012e+02
1.305009801223823160e+02 1.846498628842478524e+02 1.692940851012891699e+02
1.304841141076617816e+02 1.846237646872135940e+02 1.692970190252335101e+02
1.304672480929412188e+02 1.845976664901793072e+02 1.692999529491778503e+02
1.304503820782206560e+02 1.845715682931450203e+02 1.693028868731222190e+02
1.304335160635001216e+02 1.845454700961107619e+02 1.693058207970665592e+02
1.304166500487795588e+02 1.845193718990764751e+02 1.693087547210109278e+02
1.303997840340589960e+02 1.844932737020421882e+02 1.693116886449552680e+02
1.303829180193384332e+02 1.844671755050079014e+02 1.693146225688996083e+02
1.303660520046178988e+02 1.844410773079736430e+02 1.693175564928439769e+02
1.303491859898973360e+02 1.844149791109393561e+02 1.693204904167883171e+02
1.303323199751767731e+02 1.843888809139050693e+02 1.693234243407326574e+02
1.303154539604562387e+02 1.843627827168708109e+02 1.693263582646770260e+02
1.302985879457356759e+02 1.843366845198365240e+02 1.693292921886213662e+02
1.302817219310151131e+02 1.843105863228022372e+02 1.693322261125657064e+02
1.302648559162945787e+02 1.842844881257679788e+02 1.693351600365100751e+02
1.302479899015740159e+02 1.842583899287336919e+02 1.693380939604544153e+02
1.302311238868534531e+02 1.842322917316994051e+02 1.693410278843987555e+02
1.302142578721328903e+02 1.842061935346651182e+02 1.693439618083431242e+02
1.301973918574123559e+02 1.841800953376308598e+02 1.693468957322874644e+02
1.301805258426917931e+02 1.841539971405965730e+02 1.693498296562318330e+02
1.301636598279712302e+02 1.841278989435622861e+02 1.693527635801761733e+02
1.301467938132506958e+02 1.841018007465280277e+02 1.693556975041205135e+02
1.301299277985301330e+02 1.840757025494937409e+02 1.693586314280648821e+02
1.301130617838095702e+02 1.840496043524594540e+02 1.693615653520092224e+02
1.300961957690890074e+02 1.840235061554251672e+02 1.693644992759535626e+02
1.300793297543684730e+02 1.839974079583909088e+02 1.693674331998979312e+02
1.300624637396479102e+02 1.839713097613566219e+02 1.693703671238422714e+02
1.300624637396479102e+02 1.839713097613566219e+02 1.693703671238422714e+02
1.300464900590426396e+02 1.839518753087768346e+02 1.693885598779122290e+02
1.300305163784373690e+02 1.839324408561970756e+02 1.694067526319821866e+02
1.300145426978320984e+02 1.839130064036172882e+02 1.694249453860521726e+02
1.299985690172267994e+02 1.838935719510375293e+02 1.694431381401221302e+02
1.299825953366215288e+02 1.838741374984577419e+02 1.694613308941920877e+02
1.299666216560162582e+02 1.838547030458779545e+02 1.694795236482620453e+02
1.299506479754109876e+02 1.838352685932981956e+02 1.694977164023320313e+02
1.299346742948057170e+02 1.838158341407184082e+02 1.695159091564019889e+02
1.299187006142004179e+02 1.837963996881386493e+02 1.695341019104719464e+02
1.299027269335951473e+02 1.837769652355588619e+02 1.695522946645419040e+02
1.298867532529898767e+02 1.837575307829790745e+02 1.695704874186118900e+02
1.298707795723846061e+02 1.837380963303993155e+02 1.695886801726818476e+02
1.298548058917793355e+02 1.837186618778195282e+02 1.696068729267518052e+02
1.298388322111740649e+02 1.836992274252397692e+02 1.696250656808217627e+02
1.298228585305687943e+02 1.836797929726599818e+02 1.696432584348917487e+02
1.298068848499634953e+02 1.836603585200801945e+02 1.696614511889617063e+02
1.297909111693582247e+02 1.836409240675004355e+02 1.696796439430316639e+02
1.297749374887529541e+02 1.836214896149206481e+02 1.696978366971016214e+02
1.297589638081476835e+02 1.836020551623408892e+02 1.697160294511716074e+02
1.297429901275424129e+02 1.835826207097611018e+02 1.697342222052415650e+02
1.297270164469371139e+02 1.835631862571813144e+02 1.697524149593115226e+02
1.297110427663318433e+02 1.835437518046015555e+02 1.697706077133814802e+02
1.296950690857265727e+02 1.835243173520217681e+02 1.697888004674514377e+02
1.296790954051213021e+02 1.835048828994420091e+02 1.698069932215214237e+02
1.296631217245160315e+02 1.834854484468622218e+02 1.698251859755913813e+02
1.296471480439107609e+02 1.834660139942824628e+02 1.698433787296613389e+02
1.296311743633054903e+02 1.834465795417026754e+02 1.698615714837312964e+02
1.296152006827001912e+02 1.834271450891228881e+02 1.698797642378012824e+02
1.295992270020949206e+02 1.834077106365431291e+02 1.698979569918712400e+02
1.295832533214896500e+02 1.833882761839633417e+02 1.699161497459411976e+02
1.295672796408843794e+02 1.833688417313835828e+02 1.699343425000111552e+02
1.295513059602791088e+02 1.833494072788037954e+02 1.699525352540811411e+02
1.295353322796738098e+02 1.833299728262240080e+02 1.699707280081510987e+02
1.295193585990685392e+02 1.833105383736442491e+02 1.699889207622210563e+02
1.295033849184632686e+02 1.832911039210644617e+02 1.700071135162910139e+02
1.294874112378579980e+02 1.832716694684847027e+02 1.700253062703609999e+02
1.294714375572527274e+02 1.832522350159049154e+02 1.700434990244309574e+02
1.294554638766474568e+02 1.832328005633251280e+02 1.700616917785009150e+02
1.294394901960421862e+02 1.832133661107453690e+02 1.700798845325708726e+02
1.294235165154368872e+02 1.831939316581655817e+02 1.700980772866408586e+02
1.294075428348316166e+02 1.831744972055858227e+02 1.701162700407108161e+02
1.293915691542263460e+02 1.831550627530060353e+02 1.701344627947807737e+02
