1.283187346028066713e+02 1.662871196763203727e+02 4.181217328512668985e+01
1.283076126905850458e+02 1.663116529725330395e+02 4.181298174653451127e+01
1.282964907783634487e+02 1.663361862687457347e+02 4.181379020794233270e+01
1.282853688661418232e+02 1.663607195649584014e+02 4.181459866935015413e+01
1.282742469539201977e+02 1.663852528611710682e+02 4.181540713075796845e+01
1.282631250416986006e+02 1.664097861573837633e+02 4.181621559216578987e+01
1.282520031294769751e+02 1.664343194535964301e+02 4.181702405357361130e+01
1.282408812172553496e+02 1.664588527498090968e+02 4.181783251498143272e+01
1.282297593050337525e+02 1.664833860460217636e+02 4.181864097638925415e+01
1.282186373928121270e+02 1.665079193422344588e+02 4.181944943779707557e+01
1.282075154805905015e+02 1.665324526384471255e+02 4.182025789920489700e+01
1.281963935683689044e+02 1.665569859346597923e+02 4.182106636061271132e+01
1.281852716561472789e+02 1.665815192308724875e+02 4.182187482202053275e+01
1.281741497439256818e+02 1.666060525270851542e+02 4.182268328342835417e+01
1.281630278317040563e+02 1.666305858232978210e+02 4.182349174483617560e+01
1.281519059194824308e+02 1.666551191195105162e+02 4.182430020624399702e+01
1.281407840072608337e+02 1.666796524157231829e+02 4.182510866765181845e+01
1.281296620950392082e+02 1.667041857119358497e+02 4.182591712905963988e+01
1.281185401828175827e+02 1.667287190081485164e+02 4.182672559046746130e+01
1.281074182705959856e+02 1.667532523043612116e+02 4.182753405187527562e+01
1.280962963583743601e+02 1.667777856005738784e+02 4.182834251328309705e+01
1.280851744461527346e+02 1.668023188967865451e+02 4.182915097469091847e+01
1.280740525339311375e+02 1.668268521929992403e+02 4.182995943609873990e+01
1.280629306217095120e+02 1.668513854892119070e+02 4.183076789750656133e+01
1.280518087094878865e+02 1.668759187854245738e+02 4.183157635891438275e+01
1.280406867972662894e+02 1.669004520816372690e+02 4.183238482032220418e+01
1.280295648850446639e+02 1.669249853778499357e+02 4.183319328173001850e+01
1.280184429728230384e+02 1.669495186740626025e+02 4.183400174313783992e+01
1.280073210606014413e+02 1.669740519702752977e+02 4.183481020454566135e+01
1.279961991483798158e+02 1.669985852664879644e+02 4.183561866595348278e+01
1.279850772361582045e+02 1.670231185627006312e+02 4.183642712736130420e+01
1.279739553239365932e+02 1.670476518589132979e+02 4.183723558876912563e+01
1.279628334117149677e+02 1.670721851551259931e+02 4.183804405017694705e+01
1.279517114994933564e+02 1.670967184513386599e+02 4.183885251158476137e+01
1.279405895872717451e+02 1.671212517475513266e+02 4.183966097299258280e+01
1.279294676750501196e+02 1.671457850437640218e+02 4.184046943440040423e+01
1.279183457628285083e+02 1.671703183399766885e+02 4.184127789580822565e+01
1.279183457628285083e+02 1.671703183399766885e+02 4.184127789580822565e+01
1.279279987492588475e+02 1.671961727586010227e+02 4.184011777019885869e+01
1.279376517356891867e+02 1.672220271772253284e+02 4.183895764458949174e+01
1.279473047221195259e+02 1.672478815958496625e+02 4.183779751898012478e+01
1.279569577085498651e+02 1.672737360144739966e+02 4.183663739337075782e+01
1.279666106949802042e+02 1.672995904330983024e+02 4.183547726776139086e+01
1.279762636814105434e+02 1.673254448517226365e+02 4.183431714215202391e+01
1.279859166678408826e+02 1.673512992703469706e+02 4.183315701654265695e+01
1.279955696542712360e+02 1.673771536889712763e+02 4.183199689093328999e+01
1.280052226407015610e+02 1.674030081075956105e+02 4.183083676532392303e+01
1.280148756271319144e+02 1.674288625262199446e+02 4.182967663971455607e+01
1.280245286135622393e+02 1.674547169448442503e+02 4.182851651410518912e+01
1.280341815999925927e+02 1.674805713634685844e+02 4.182735638849582216e+01
1.280438345864229177e+02 1.675064257820929186e+02 4.182619626288645520e+01
1.280534875728532711e+02 1.675322802007172243e+02 4.182503613727708824e+01
1.280631405592835961e+02 1.675581346193415584e+02 4.182387601166772129e+01
1.280727935457139495e+02 1.675839890379658925e+02 4.182271588605834722e+01
1.280824465321443029e+02 1.676098434565902267e+02 4.182155576044898027e+01
1.280920995185746278e+02 1.676356978752145324e+02 4.182039563483961331e+01
1.281017525050049812e+02 1.676615522938388665e+02 4.181923550923024635e+01
1.281114054914353062e+02 1.676874067124632006e+02 4.181807538362087939e+01
1.281210584778656596e+02 1.677132611310875063e+02 4.181691525801151244e+01
1.281307114642959846e+02 1.677391155497118405e+02 4.181575513240214548e+01
1.281403644507263380e+02 1.677649699683361746e+02 4.181459500679277852e+01
1.281500174371566629e+02 1.677908243869604803e+02 4.181343488118341156e+01
1.281596704235870163e+02 1.678166788055848144e+02 4.181227475557404460e+01
1.281693234100173413e+02 1.678425332242091486e+02 4.181111462996467765e+01
1.281789763964476947e+02 1.678683876428334543e+02 4.180995450435531069e+01
1.281886293828780197e+02 1.678942420614577884e+02 4.180879437874594373e+01
1.281982823693083731e+02 1.679200964800821225e+02 4.180763425313657677e+01
1.282079353557386980e+02 1.679459508987064282e+02 4.180647412752720982e+01
1.282175883421690514e+02 1.679718053173307624e+02 4.180531400191784286e+01
1.282175883421690514e+02 1.679718053173307624e+02 4.180531400191784286e+01
1.282430722888783805e+02 1.679861660680099078e+02 4.180595769539144868e+01
1.282685562355877096e+02 1.680005268186890817e+02 4.180660138886504740e+01
1.282940401822970102e+02 1.680148875693682271e+02 4.180724508233865322e+01
1.283195241290063393e+02 1.680292483200473725e+02 4.180788877581225904e+01
1.283450080757156684e+02 1.680436090707265180e+02 4.180853246928586486e+01
1.283704920224249975e+02 1.680579698214056918e+02 4.180917616275946358e+01
1.283959759691343265e+02 1.680723305720848373e+02 4.180981985623306940e+01
1.284214599158436556e+02 1.680866913227639827e+02 4.181046354970667522e+01
1.284469438625529563e+02 1.681010520734431282e+02 4.181110724318028105e+01
1.284724278092622853e+02 1.681154128241223020e+02 4.181175093665387976e+01
1.284979117559716144e+02 1.681297735748014475e+02 4.181239463012748558e+01
1.285233957026809435e+02 1.681441343254805929e+02 4.181303832360109141e+01
1.285488796493902726e+02 1.681584950761597383e+02 4.181368201707469723e+01
1.285743635960995732e+02 1.681728558268389122e+02 4.181432571054829594e+01
1.285998475428089023e+02 1.681872165775180576e+02 4.181496940402190177e+01
1.286253314895182314e+02 1.682015773281972031e+02 4.181561309749550759e+01
1.286508154362275604e+02 1.682159380788763485e+02 4.181625679096911341e+01
1.286762993829368895e+02 1.682302988295555224e+02 4.181690048444271213e+01
1.287017833296461902e+02 1.682446595802346678e+02 4.181754417791631795e+01
1.287272672763555192e+02 1.682590203309138133e+02 4.181818787138992377e+01
1.287527512230648483e+02 1.682733810815929587e+02 4.181883156486352959e+01
1.287782351697741774e+02 1.682877418322721326e+02 4.181947525833712831e+01
1.288037191164835065e+02 1.683021025829512780e+02 4.182011895181073413e+01
1.288292030631928355e+02 1.683164633336304234e+02 4.182076264528433995e+01
1.288546870099021362e+02 1.683308240843095689e+02 4.182140633875794578e+01
1.288801709566114653e+02 1.683451848349887428e+02 4.182205003223154449e+01
1.289056549033207943e+02 1.683595455856678882e+02 4.182269372570515031e+01
1.289056549033207943e+02 1.683595455856678882e+02 4.182269372570515031e+01
1.289288973023981271e+02 1.683726431761683671e+02 4.182328080041408924e+01
1.289521397014754882e+02 1.683857407666688744e+02 4.182386787512302817e+01
1.289753821005528209e+02 1.683988383571693532e+02 4.182445494983196710e+01
1.289986244996301537e+02 1.684119359476698605e+02 4.182504202454090603e+01
1.290218668987074864e+02 1.684250335381703394e+02 4.182562909924984496e+01
1.290451092977848475e+02 1.684381311286708467e+02 4.182621617395878388e+01
1.290683516968621802e+02 1.684512287191713256e+02 4.182680324866772281e+01
1.290915940959395130e+02 1.684643263096718329e+02 4.182739032337666174e+01
1.291148364950168741e+02 1.684774239001723117e+02 4.182797739808560067e+01
1.291380788940942068e+02 1.684905214906727906e+02 4.182856447279453960e+01
1.291613212931715395e+02 1.685036190811732979e+02 4.182915154750347853e+01
1.291845636922488723e+02 1.685167166716737768e+02 4.182973862221241745e+01
1.292078060913262334e+02 1.685298142621742841e+02 4.183032569692134928e+01
1.292310484904035661e+02 1.685429118526747629e+02 4.183091277163028820e+01
1.292542908894808988e+02 1.685560094431752702e+02 4.183149984633922713e+01
1.292775332885582316e+02 1.685691070336757491e+02 4.183208692104816606e+01
1.293007756876355927e+02 1.685822046241762280e+02 4.183267399575710499e+01
1.293240180867129254e+02 1.685953022146767353e+02 4.183326107046604392e+01
1.293472604857902581e+02 1.686083998051772141e+02 4.183384814517498285e+01
1.293705028848676193e+02 1.686214973956777214e+02 4.183443521988392177e+01
1.293937452839449520e+02 1.686345949861782003e+02 4.183502229459286070e+01
1.294169876830222847e+02 1.686476925766787076e+02 4.183560936930179963e+01
1.294402300820996174e+02 1.686607901671791865e+02 4.183619644401073856e+01
1.294634724811769786e+02 1.686738877576796938e+02 4.183678351871967749e+01
1.294867148802543113e+02 1.686869853481801727e+02 4.183737059342861642e+01
1.294867148802543113e+02 1.686869853481801727e+02 4.183737059342861642e+01
1.295028011410253441e+02 1.687185310853775775e+02 4.181500567601408846e+01
1.295188874017963769e+02 1.687500768225749823e+02 4.179264075859956051e+01
1.295349736625674097e+02 1.687816225597723871e+02 4.177027584118503256e+01
1.295510599233384141e+02 1.688131682969697920e+02 4.174791092377049750e+01
1.295671461841094469e+02 1.688447140341671968e+02 4.172554600635596955e+01
1.295832324448804798e+02 1.688762597713646016e+02 4.170318108894144160e+01
1.295993187056515126e+02 1.689078055085620065e+02 4.168081617152691365e+01
1.296154049664225454e+02 1.689393512457594113e+02 4.165845125411238570e+01
1.296314912271935782e+02 1.689708969829568161e+02 4.163608633669785775e+01
1.296475774879646110e+02 1.690024427201542210e+02 4.161372141928332979e+01
1.296636637487356154e+02 1.690339884573516542e+02 4.159135650186879474e+01
1.296797500095066482e+02 1.690655341945490591e+02 4.156899158445426679e+01
1.296958362702776810e+02 1.690970799317464639e+02 4.154662666703973883e+01
1.297119225310487138e+02 1.691286256689438687e+02 4.152426174962521088e+01
1.297280087918197466e+02 1.691601714061412736e+02 4.150189683221068293e+01
1.297440950525907795e+02 1.691917171433386784e+02 4.147953191479615498e+01
1.297601813133618123e+02 1.692232628805360832e+02 4.145716699738162703e+01
1.297762675741328167e+02 1.692548086177334881e+02 4.143480207996709197e+01
1.297923538349038495e+02 1.692863543549308929e+02 4.141243716255256402e+01
1.298084400956748823e+02 1.693179000921282977e+02 4.139007224513803607e+01
1.298245263564459151e+02 1.693494458293257026e+02 4.136770732772350812e+01
1.298245263564459151e+02 1.693494458293257026e+02 4.136770732772350812e+01
1.298182910648606025e+02 1.693788118272167367e+02 4.136704671307121828e+01
1.298120557732752616e+02 1.694081778251077708e+02 4.136638609841892134e+01
1.298058204816899490e+02 1.694375438229988049e+02 4.136572548376663150e+01
1.297995851901046365e+02 1.694669098208898390e+02 4.136506486911433456e+01
1.297933498985193239e+02 1.694962758187808731e+02 4.136440425446204472e+01
1.297871146069339829e+02 1.695256418166719072e+02 4.136374363980974778e+01
1.297808793153486704e+02 1.695550078145629413e+02 4.136308302515745794e+01
1.297746440237633578e+02 1.695843738124539470e+02 4.136242241050516100e+01
1.297684087321780169e+02 1.696137398103449812e+02 4.136176179585287116e+01
1.297621734405927043e+02 1.696431058082360153e+02 4.136110118120057422e+01
1.297559381490073918e+02 1.696724718061270494e+02 4.136044056654828438e+01
1.297497028574220792e+02 1.697018378040180835e+02 4.135977995189598744e+01
1.297434675658367382e+02 1.697312038019091176e+02 4.135911933724369760e+01
1.297372322742514257e+02 1.697605697998001517e+02 4.135845872259140776e+01
1.297309969826661131e+02 1.697899357976911858e+02 4.135779810793911082e+01
1.297247616910807722e+02 1.698193017955822199e+02 4.135713749328682098e+01
1.297185263994954596e+02 1.698486677934732541e+02 4.135647687863452404e+01
1.297122911079101470e+02 1.698780337913642882e+02 4.135581626398223420e+01
1.297060558163248345e+02 1.699073997892553223e+02 4.135515564932993726e+01
1.296998205247394935e+02 1.699367657871463564e+02 4.135449503467764742e+01
1.296935852331541810e+02 1.699661317850373621e+02 4.135383442002535048e+01
1.296873499415688684e+02 1.699954977829283962e+02 4.135317380537306065e+01
1.296811146499835274e+02 1.700248637808194303e+02 4.135251319072076370e+01
1.296748793583982149e+02 1.700542297787104644e+02 4.135185257606847387e+01
1.296686440668129023e+02 1.700835957766014985e+02 4.135119196141617692e+01
1.296624087752275898e+02 1.701129617744925326e+02 4.135053134676388709e+01
1.296561734836422488e+02 1.701423277723835668e+02 4.134987073211159014e+01
1.296499381920569363e+02 1.701716937702746009e+02 4.134921011745930031e+01
1.296499381920569363e+02 1.701716937702746009e+02 4.134921011745930031e+01
1.296445265293436648e+02 1.701971807701447119e+02 4.134863676437183955e+01
1.296391148666303650e+02 1.702226677700148230e+02 4.134806341128437879e+01
1.296337032039170936e+02 1.702481547698849056e+02 4.134749005819691803e+01
1.296282915412038221e+02 1.702736417697550166e+02 4.134691670510945727e+01
1.296228798784905507e+02 1.702991287696251277e+02 4.134634335202199651e+01
1.296174682157772509e+02 1.703246157694952387e+02 4.134576999893453575e+01
1.296120565530639794e+02 1.703501027693653498e+02 4.134519664584707499e+01
1.296066448903507080e+02 1.703755897692354608e+02 4.134462329275961423e+01
1.296012332276374366e+02 1.704010767691055435e+02 4.134404993967215347e+01
1.295958215649241367e+02 1.704265637689756545e+02 4.134347658658469271e+01
1.295904099022108653e+02 1.704520507688457656e+02 4.134290323349723195e+01
1.295849982394975939e+02 1.704775377687158766e+02 4.134232988040977119e+01
1.295795865767843225e+02 1.705030247685859877e+02 4.134175652732231043e+01
1.295741749140710226e+02 1.705285117684560703e+02 4.134118317423485678e+01
1.295687632513577512e+02 1.705539987683261813e+02 4.134060982114739602e+01
1.295633515886444798e+02 1.705794857681962924e+02 4.134003646805993526e+01
1.295579399259312083e+02 1.706049727680664034e+02 4.133946311497247450e+01
1.295525282632179085e+02 1.706304597679365145e+02 4.133888976188501374e+01
1.295471166005046371e+02 1.706559467678065971e+02 4.133831640879755298e+01
1.295417049377913656e+02 1.706814337676767082e+02 4.133774305571009222e+01
1.295362932750780942e+02 1.707069207675468192e+02 4.133716970262263146e+01
1.295308816123647944e+02 1.707324077674169303e+02 4.133659634953517070e+01
1.295254699496515229e+02 1.707578947672870413e+02 4.133602299644770994e+01
1.295200582869382515e+02 1.707833817671571524e+02 4.133544964336024918e+01
1.295146466242249801e+02 1.708088687670272350e+02 4.133487629027278842e+01
1.295092349615116802e+02 1.708343557668973460e+02 4.133430293718532766e+01
1.295038232987984088e+02 1.708598427667674571e+02 4.133372958409786690e+01
1.295038232987984088e+02 1.708598427667674571e+02 4.133372958409786690e+01
1.295040224889527281e+02 1.708875787960977277e+02 4.133167142201553901e+01
1.295042216791070473e+02 1.709153148254279984e+02 4.132961325993321822e+01
1.295044208692613381e+02 1.709430508547582690e+02 4.132755509785089032e+01
1.295046200594156574e+02 1.709707868840885396e+02 4.132549693576856242e+01
1.295048192495699766e+02 1.709985229134188103e+02 4.132343877368624163e+01
1.295050184397242958e+02 1.710262589427490525e+02 4.132138061160391374e+01
1.295052176298786151e+02 1.710539949720793231e+02 4.131932244952159294e+01
1.295054168200329343e+02 1.710817310014095938e+02 4.131726428743926505e+01
1.295056160101872251e+02 1.711094670307398644e+02 4.131520612535693715e+01
1.295058152003415444e+02 1.711372030600701351e+02 4.131314796327461636e+01
1.295060143904958636e+02 1.711649390894004057e+02 4.131108980119228846e+01
1.295062135806501828e+02 1.711926751187306763e+02 4.130903163910996057e+01
1.295064127708045021e+02 1.712204111480609470e+02 4.130697347702763977e+01
1.295066119609587929e+02 1.712481471773912176e+02 4.130491531494531188e+01
1.295068111511131121e+02 1.712758832067214882e+02 4.130285715286298398e+01
1.295070103412674314e+02 1.713036192360517589e+02 4.130079899078066319e+01
1.295072095314217506e+02 1.713313552653820011e+02 4.129874082869833529e+01
1.295074087215760699e+02 1.713590912947122717e+02 4.129668266661601450e+01
1.295076079117303891e+02 1.713868273240425424e+02 4.129462450453368660e+01
1.295078071018846799e+02 1.714145633533728130e+02 4.129256634245135871e+01
1.295080062920389992e+02 1.714422993827030837e+02 4.129050818036903792e+01
1.295082054821933184e+02 1.714700354120333543e+02 4.128845001828671002e+01
1.295082054821933184e+02 1.714700354120333543e+02 4.128845001828671002e+01
1.295199108796516327e+02 1.715046880374815714e+02 4.130054677305096789e+01
1.295316162771099755e+02 1.715393406629297886e+02 4.131264352781521865e+01
1.295433216745682898e+02 1.715739932883780341e+02 4.132474028257947651e+01
1.295550270720266326e+02 1.716086459138262512e+02 4.133683703734373438e+01
1.295667324694849469e+02 1.716432985392744683e+02 4.134893379210798514e+01
1.295784378669432897e+02 1.716779511647226855e+02 4.136103054687224301e+01
1.295901432644016040e+02 1.717126037901709026e+02 4.137312730163650087e+01
1.296018486618599184e+02 1.717472564156191481e+02 4.138522405640075164e+01
1.296135540593182611e+02 1.717819090410673653e+02 4.139732081116500950e+01
1.296252594567765755e+02 1.718165616665155824e+02 4.140941756592926737e+01
1.296369648542349182e+02 1.718512142919637995e+02 4.142151432069352524e+01
1.296486702516932326e+02 1.718858669174120450e+02 4.143361107545777600e+01
1.296603756491515469e+02 1.719205195428602622e+02 4.144570783022203386e+01
1.296720810466098897e+02 1.719551721683084793e+02 4.145780458498629173e+01
1.296837864440682040e+02 1.719898247937566964e+02 4.146990133975054249e+01
1.296954918415265468e+02 1.720244774192049135e+02 4.148199809451480036e+01
1.297071972389848611e+02 1.720591300446531591e+02 4.149409484927905822e+01
1.297189026364432038e+02 1.720937826701013762e+02 4.150619160404330898e+01
1.297306080339015182e+02 1.721284352955495933e+02 4.151828835880756685e+01
1.297306080339015182e+02 1.721284352955495933e+02 4.151828835880756685e+01
1.297220197097346386e+02 1.721591836215492037e+02 4.154872232949733757e+01
1.297134313855677590e+02 1.721899319475488142e+02 4.157915630018711539e+01
1.297048430614009078e+02 1.722206802735484246e+02 4.160959027087688611e+01
1.296962547372340282e+02 1.722514285995480066e+02 4.164002424156666393e+01
1.296876664130671486e+02 1.722821769255476170e+02 4.167045821225643465e+01
1.296790780889002690e+02 1.723129252515472274e+02 4.170089218294620537e+01
1.296704897647334178e+02 1.723436735775468378e+02 4.173132615363598319e+01
1.296619014405665382e+02 1.723744219035464482e+02 4.176176012432575391e+01
1.296533131163996586e+02 1.724051702295460586e+02 4.179219409501553173e+01
1.296447247922327790e+02 1.724359185555456691e+02 4.182262806570530245e+01
1.296361364680658994e+02 1.724666668815452795e+02 4.185306203639507316e+01
1.296275481438990482e+02 1.724974152075448615e+02 4.188349600708485099e+01
1.296189598197321686e+02 1.725281635335444719e+02 4.191392997777462170e+01
1.296103714955652890e+02 1.725589118595440823e+02 4.194436394846439242e+01
1.296017831713984094e+02 1.725896601855436927e+02 4.197479791915417024e+01
1.295931948472315298e+02 1.726204085115433031e+02 4.200523188984394096e+01
1.295846065230646786e+02 1.726511568375429135e+02 4.203566586053371879e+01
1.295760181988977990e+02 1.726819051635425240e+02 4.206609983122348950e+01
1.295674298747309194e+02 1.727126534895421344e+02 4.209653380191326022e+01
1.295588415505640398e+02 1.727434018155417164e+02 4.212696777260303804e+01
1.295502532263971887e+02 1.727741501415413268e+02 4.215740174329280876e+01
1.295416649022303091e+02 1.728048984675409372e+02 4.218783571398258658e+01
1.295330765780634295e+02 1.728356467935405476e+02 4.221826968467235730e+01
1.295330765780634295e+02 1.728356467935405476e+02 4.221826968467235730e+01
1.295164179349989411e+02 1.728407828312423931e+02 4.224269875702634636e+01
1.294997592919344527e+02 1.728459188689442669e+02 4.226712782938033541e+01
1.294831006488699927e+02 1.728510549066461124e+02 4.229155690173432447e+01
1.294664420058055043e+02 1.728561909443479863e+02 4.231598597408831353e+01
1.294497833627410159e+02 1.728613269820498317e+02 4.234041504644230258e+01
1.294331247196765275e+02 1.728664630197517056e+02 4.236484411879629164e+01
1.294164660766120676e+02 1.728715990574535510e+02 4.238927319115028070e+01
1.293998074335475792e+02 1.728767350951554249e+02 4.241370226350426975e+01
1.293831487904830908e+02 1.728818711328572704e+02 4.243813133585825881e+01
1.293664901474186024e+02 1.728870071705591158e+02 4.246256040821224786e+01
1.293498315043541140e+02 1.728921432082609897e+02 4.248698948056623692e+01
1.293331728612896541e+02 1.728972792459628351e+02 4.251141855292022598e+01
1.293165142182251657e+02 1.729024152836647090e+02 4.253584762527421503e+01
1.292998555751606773e+02 1.729075513213665545e+02 4.256027669762820409e+01
1.292831969320961889e+02 1.729126873590684283e+02 4.258470576998219315e+01
1.292665382890317005e+02 1.729178233967702738e+02 4.260913484233617510e+01
1.292498796459672405e+02 1.729229594344721193e+02 4.263356391469016415e+01
1.292332210029027522e+02 1.729280954721739931e+02 4.265799298704415321e+01
1.292165623598382638e+02 1.729332315098758386e+02 4.268242205939814227e+01
1.291999037167737754e+02 1.729383675475777125e+02 4.270685113175213132e+01
1.291832450737093154e+02 1.729435035852795579e+02 4.273128020410612038e+01
1.291665864306448270e+02 1.729486396229814318e+02 4.275570927646010944e+01
1.291499277875803386e+02 1.729537756606832772e+02 4.278013834881409849e+01
1.291332691445158503e+02 1.729589116983851227e+02 4.280456742116808755e+01
1.291166105014513619e+02 1.729640477360869966e+02 4.282899649352207661e+01
1.290999518583869019e+02 1.729691837737888420e+02 4.285342556587606566e+01
1.290832932153224135e+02 1.729743198114907159e+02 4.287785463823005472e+01
1.290666345722579251e+02 1.729794558491925613e+02 4.290228371058404377e+01
1.290499759291934367e+02 1.729845918868944352e+02 4.292671278293803283e+01
1.290333172861289768e+02 1.729897279245962807e+02 4.295114185529202189e+01
1.290166586430644884e+02 1.729948639622981545e+02 4.297557092764601094e+01
1.290000000000000000e+02 1.730000000000000000e+02 4.300000000000000000e+01
1.290000000000000000e+02 1.730000000000000000e+02 4.300000000000000000e+01
1.290000000000000000e+02 1.730000000000000000e+02 4.300000000000000000e+01
1.290000000000000000e+02 1.730000000000000000e+02 4.300000000000000000e+01
1.290000000000000000e+02 1.730000000000000000e+02 4.300000000000000000e+01
1.290000000000000000e+02 1.730000000000000000e+02 4.300000000000000000e+01
1.290000000000000000e+02 1.730000000000000000e+02 4.300000000000000000e+01
1.290000000000000000e+02 1.730000000000000000e+02 4.300000000000000000e+01
1.290000000000000000e+02 1.730000000000000000e+02 4.300000000000000000e+01
1.290000000000000000e+02 1.730000000000000000e+02 4.300000000000000000e+01
1.290000000000000000e+02 1.730000000000000000e+02 4.300000000000000000e+01
1.290000000000000000e+02 1.730000000000000000e+02 4.300000000000000000e+01
1.290000000000000000e+02 1.730000000000000000e+02 4.300000000000000000e+01
1.290000000000000000e+02 1.730000000000000000e+02 4.300000000000000000e+01
1.290000000000000000e+02 1.730000000000000000e+02 4.300000000000000000e+01
1.290000000000000000e+02 1.730000000000000000e+02 4.300000000000000000e+01
1.290000000000000000e+02 1.730000000000000000e+02 4.300000000000000000e+01
1.290000000000000000e+02 1.730000000000000000e+02 4.300000000000000000e+01
1.290000000000000000e+02 1.730000000000000000e+02 4.300000000000000000e+01
1.290000000000000000e+02 1.730000000000000000e+02 4.300000000000000000e+01
1.290000000000000000e+02 1.730000000000000000e+02 4.300000000000000000e+01
1.290000000000000000e+02 1.730000000000000000e+02 4.300000000000000000e+01
1.290000000000000000e+02 1.730000000000000000e+02 4.300000000000000000e+01
1.290000000000000000e+02 1.730000000000000000e+02 4.300000000000000000e+01
1.290000000000000000e+02 1.730000000000000000e+02 4.300000000000000000e+01
1.290000000000000000e+02 1.730000000000000000e+02 4.300000000000000000e+01
1.290000000000000000e+02 1.730000000000000000e+02 4.300000000000000000e+01
1.290000000000000000e+02 1.730000000000000000e+02 4.300000000000000000e+01
1.290000000000000000e+02 1.730000000000000000e+02 4.300000000000000000e+01
1.290000000000000000e+02 1.730000000000000000e+02 4.300000000000000000e+01
1.290000000000000000e+02 1.730000000000000000e+02 4.300000000000000000e+01
1.290000000000000000e+02 1.730000000000000000e+02 4.300000000000000000e+01
1.290000000000000000e+02 1.730000000000000000e+02 4.300000000000000000e+01
1.290000000000000000e+02 1.730000000000000000e+02 4.300000000000000000e+01
1.290193405223959360e+02 1.730165483212664697e+02 4.301765817071161280e+01
1.290386810447918720e+02 1.730330966425329109e+02 4.303531634142321849e+01
1.290580215671878079e+02 1.730496449637993805e+02 4.305297451213483129e+01
1.290773620895837723e+02 1.730661932850658218e+02 4.307063268284643698e+01
1.290967026119797083e+02 1.730827416063322914e+02 4.308829085355804978e+01
1.291160431343756443e+02 1.730992899275987327e+02 4.310594902426965547e+01
1.291353836567715803e+02 1.731158382488652023e+02 4.312360719498126826e+01
1.291547241791675162e+02 1.731323865701316436e+02 4.314126536569287396e+01
1.291740647015634522e+02 1.731489348913981132e+02 4.315892353640448675e+01
1.291934052239593882e+02 1.731654832126645545e+02 4.317658170711609245e+01
1.292127457463553242e+02 1.731820315339310241e+02 4.319423987782770524e+01
1.292320862687512886e+02 1.731985798551974653e+02 4.321189804853931804e+01
1.292514267911472245e+02 1.732151281764639350e+02 4.322955621925092373e+01
1.292707673135431605e+02 1.732316764977303762e+02 4.324721438996253653e+01
1.292901078359390965e+02 1.732482248189968459e+02 4.326487256067414222e+01
1.293094483583350325e+02 1.732647731402632871e+02 4.328253073138575502e+01
1.293287888807309685e+02 1.732813214615297568e+02 4.330018890209736071e+01
1.293481294031269044e+02 1.732978697827961980e+02 4.331784707280897351e+01
1.293674699255228404e+02 1.733144181040626677e+02 4.333550524352057920e+01
1.293868104479188048e+02 1.733309664253291089e+02 4.335316341423219200e+01
1.294061509703147408e+02 1.733475147465955786e+02 4.337082158494380479e+01
1.294254914927106768e+02 1.733640630678620198e+02 4.338847975565541049e+01
1.294448320151066127e+02 1.733806113891284895e+02 4.340613792636702328e+01
1.294641725375025487e+02 1.733971597103949307e+02 4.342379609707862897e+01
1.294835130598984847e+02 1.734137080316614004e+02 4.344145426779024177e+01
1.295028535822944207e+02 1.734302563529278416e+02 4.345911243850184746e+01
1.295221941046903567e+02 1.734468046741943112e+02 4.347677060921346026e+01
1.295415346270863211e+02 1.734633529954607525e+02 4.349442877992506595e+01
1.295608751494822570e+02 1.734799013167272221e+02 4.351208695063667875e+01
1.295802156718781930e+02 1.734964496379936634e+02 4.352974512134828444e+01
1.295995561942741290e+02 1.735129979592601330e+02 4.354740329205989724e+01
1.295995561942741290e+02 1.735129979592601330e+02 4.354740329205989724e+01
1.296309231894254026e+02 1.735126196608491398e+02 4.354520204303725706e+01
1.296622901845767046e+02 1.735122413624381466e+02 4.354300079401462398e+01
1.296936571797279782e+02 1.735118630640271533e+02 4.354079954499198379e+01
1.297250241748792519e+02 1.735114847656161601e+02 4.353859829596934361e+01
1.297563911700305539e+02 1.735111064672051668e+02 4.353639704694671053e+01
1.297877581651818275e+02 1.735107281687941736e+02 4.353419579792407035e+01
1.298191251603331011e+02 1.735103498703831804e+02 4.353199454890143016e+01
1.298504921554844032e+02 1.735099715719721871e+02 4.352979329987879709e+01
1.298818591506356768e+02 1.735095932735611939e+02 4.352759205085615690e+01
1.299132261457869504e+02 1.735092149751502006e+02 4.352539080183352382e+01
1.299445931409382524e+02 1.735088366767392074e+02 4.352318955281088364e+01
1.299759601360895260e+02 1.735084583783282142e+02 4.352098830378824346e+01
1.300073271312407996e+02 1.735080800799172209e+02 4.351878705476561038e+01
1.300386941263921017e+02 1.735077017815062277e+02 4.351658580574297019e+01
1.300700611215433753e+02 1.735073234830952345e+02 4.351438455672033001e+01
1.301014281166946489e+02 1.735069451846842696e+02 4.351218330769769693e+01
1.301327951118459225e+02 1.735065668862732764e+02 4.350998205867505675e+01
1.301641621069972246e+02 1.735061885878622832e+02 4.350778080965241656e+01
1.301955291021484982e+02 1.735058102894512899e+02 4.350557956062978349e+01
1.302268960972997718e+02 1.735054319910402967e+02 4.350337831160714330e+01
1.302582630924510738e+02 1.735050536926293034e+02 4.350117706258450312e+01
1.302896300876023474e+02 1.735046753942183102e+02 4.349897581356187004e+01
1.303209970827536210e+02 1.735042970958073170e+02 4.349677456453922986e+01
1.303523640779049231e+02 1.735039187973963237e+02 4.349457331551659678e+01
1.303837310730561967e+02 1.735035404989853305e+02 4.349237206649395659e+01
1.304150980682074703e+02 1.735031622005743372e+02 4.349017081747131641e+01
1.304464650633587723e+02 1.735027839021633440e+02 4.348796956844868333e+01
1.304778320585100460e+02 1.735024056037523508e+02 4.348576831942604315e+01
1.305091990536613196e+02 1.735020273053413575e+02 4.348356707040340297e+01
1.305405660488126216e+02 1.735016490069303643e+02 4.348136582138076989e+01
1.305719330439638952e+02 1.735012707085193711e+02 4.347916457235812970e+01
1.305719330439638952e+02 1.735012707085193711e+02 4.347916457235812970e+01
1.305978508198676309e+02 1.734843414840799767e+02 4.347761478884352471e+01
1.306237685957713381e+02 1.734674122596405823e+02 4.347606500532891971e+01
1.306496863716750738e+02 1.734504830352011595e+02 4.347451522181431471e+01
1.306756041475787811e+02 1.734335538107617651e+02 4.347296543829970972e+01
1.307015219234825167e+02 1.734166245863223708e+02 4.347141565478510472e+01
1.307274396993862240e+02 1.733996953618829764e+02 4.346986587127049972e+01
1.307533574752899597e+02 1.733827661374435820e+02 4.346831608775588762e+01
1.307792752511936669e+02 1.733658369130041592e+02 4.346676630424128263e+01
1.308051930270974026e+02 1.733489076885647648e+02 4.346521652072667763e+01
1.308311108030011383e+02 1.733319784641253705e+02 4.346366673721207263e+01
1.308570285789048455e+02 1.733150492396859761e+02 4.346211695369746764e+01
1.308829463548085812e+02 1.732981200152465817e+02 4.346056717018286264e+01
1.309088641307122884e+02 1.732811907908071589e+02 4.345901738666825764e+01
1.309347819066160241e+02 1.732642615663677645e+02 4.345746760315365265e+01
1.309606996825197314e+02 1.732473323419283702e+02 4.345591781963904765e+01
1.309866174584234670e+02 1.732304031174889758e+02 4.345436803612444265e+01
1.310125352343271743e+02 1.732134738930495814e+02 4.345281825260983766e+01
1.310384530102309100e+02 1.731965446686101586e+02 4.345126846909522556e+01
1.310643707861346456e+02 1.731796154441707642e+02 4.344971868558062056e+01
1.310902885620383529e+02 1.731626862197313699e+02 4.344816890206601556e+01
1.311162063379420886e+02 1.731457569952919755e+02 4.344661911855141057e+01
1.311421241138457958e+02 1.731288277708525811e+02 4.344506933503680557e+01
1.311680418897495315e+02 1.731118985464131868e+02 4.344351955152220057e+01
1.311939596656532387e+02 1.730949693219737640e+02 4.344196976800759558e+01
1.312198774415569744e+02 1.730780400975343696e+02 4.344041998449299058e+01
1.312457952174606817e+02 1.730611108730949752e+02 4.343887020097838558e+01
1.312717129933644173e+02 1.730441816486555808e+02 4.343732041746378059e+01
1.312976307692681530e+02 1.730272524242161865e+02 4.343577063394917559e+01
1.313235485451718603e+02 1.730103231997767637e+02 4.343422085043457059e+01
1.313494663210755959e+02 1.729933939753373693e+02 4.343267106691996560e+01
1.313753840969793032e+02 1.729764647508979749e+02 4.343112128340535349e+01
1.314013018728830389e+02 1.729595355264585805e+02 4.342957149989074850e+01
1.314272196487867461e+02 1.729426063020191862e+02 4.342802171637614350e+01
1.314531374246904818e+02 1.729256770775797634e+02 4.342647193286153851e+01
1.314790552005941890e+02 1.729087478531403690e+02 4.342492214934693351e+01
1.315049729764979247e+02 1.728918186287009746e+02 4.342337236583232851e+01
1.315049729764979247e+02 1.728918186287009746e+02 4.342337236583232851e+01
1.315314307723931506e+02 1.728827373485951568e+02 4.340896034186886254e+01
1.315578885682883765e+02 1.728736560684893675e+02 4.339454831790539657e+01
1.315843463641836024e+02 1.728645747883835497e+02 4.338013629394193060e+01
1.316108041600788283e+02 1.728554935082777604e+02 4.336572426997846463e+01
1.316372619559740542e+02 1.728464122281719426e+02 4.335131224601499866e+01
1.316637197518692801e+02 1.728373309480661533e+02 4.333690022205152559e+01
1.316901775477645060e+02 1.728282496679603355e+02 4.332248819808805962e+01
1.317166353436597319e+02 1.728191683878545462e+02 4.330807617412459365e+01
1.317430931395549578e+02 1.728100871077487284e+02 4.329366415016112768e+01
1.317695509354501837e+02 1.728010058276429390e+02 4.327925212619766171e+01
1.317960087313454096e+02 1.727919245475371213e+02 4.326484010223419574e+01
1.318224665272406355e+02 1.727828432674313319e+02 4.325042807827072977e+01
1.318489243231358614e+02 1.727737619873255142e+02 4.323601605430726380e+01
1.318753821190310873e+02 1.727646807072197248e+02 4.322160403034379783e+01
1.319018399149263132e+02 1.727555994271139070e+02 4.320719200638033186e+01
1.319282977108215107e+02 1.727465181470081177e+02 4.319277998241685879e+01
1.319547555067167366e+02 1.727374368669022999e+02 4.317836795845339282e+01
1.319812133026119625e+02 1.727283555867965106e+02 4.316395593448992685e+01
1.320076710985071884e+02 1.727192743066906928e+02 4.314954391052646088e+01
1.320341288944024143e+02 1.727101930265849035e+02 4.313513188656299491e+01
1.320605866902976402e+02 1.727011117464790857e+02 4.312071986259952894e+01
1.320870444861928661e+02 1.726920304663732963e+02 4.310630783863606297e+01
1.321135022820880920e+02 1.726829491862674786e+02 4.309189581467259700e+01
1.321399600779833179e+02 1.726738679061616892e+02 4.307748379070913103e+01
1.321664178738785438e+02 1.726647866260558715e+02 4.306307176674566506e+01
1.321928756697737697e+02 1.726557053459500821e+02 4.304865974278219198e+01
1.322193334656689956e+02 1.726466240658442644e+02 4.303424771881872601e+01
1.322457912615642215e+02 1.726375427857384750e+02 4.301983569485526004e+01
1.322722490574594474e+02 1.726284615056326572e+02 4.300542367089179407e+01
1.322987068533546733e+02 1.726193802255268679e+02 4.299101164692832810e+01
1.323251646492498992e+02 1.726102989454210501e+02 4.297659962296486214e+01
1.323251646492498992e+02 1.726102989454210501e+02 4.297659962296486214e+01
1.323473063405210155e+02 1.725877270666460674e+02 4.297666286055503804e+01
1.323694480317921318e+02 1.725651551878711132e+02 4.297672609814521394e+01
1.323915897230632481e+02 1.725425833090961305e+02 4.297678933573538274e+01
1.324137314143343644e+02 1.725200114303211762e+02 4.297685257332555864e+01
1.324358731056054808e+02 1.724974395515461936e+02 4.297691581091573454e+01
1.324580147968765971e+02 1.724748676727712393e+02 4.297697904850591044e+01
1.324801564881477134e+02 1.724522957939962566e+02 4.297704228609608634e+01
1.325022981794188297e+02 1.724297239152212740e+02 4.297710552368625514e+01
1.325244398706899460e+02 1.724071520364463197e+02 4.297716876127643104e+01
1.325465815619610623e+02 1.723845801576713370e+02 4.297723199886660694e+01
1.325687232532321786e+02 1.723620082788963828e+02 4.297729523645678285e+01
1.325908649445032950e+02 1.723394364001214001e+02 4.297735847404695875e+01
1.326130066357744113e+02 1.723168645213464174e+02 4.297742171163712754e+01
1.326351483270455276e+02 1.722942926425714631e+02 4.297748494922730345e+01
1.326572900183166439e+02 1.722717207637964805e+02 4.297754818681747935e+01
1.326794317095877318e+02 1.722491488850215262e+02 4.297761142440765525e+01
1.327015734008588481e+02 1.722265770062465435e+02 4.297767466199783115e+01
1.327237150921299644e+02 1.722040051274715893e+02 4.297773789958800705e+01
1.327458567834010807e+02 1.721814332486966066e+02 4.297780113717817585e+01
1.327679984746721971e+02 1.721588613699216239e+02 4.297786437476835175e+01
1.327901401659433134e+02 1.721362894911466697e+02 4.297792761235852765e+01
1.328122818572144297e+02 1.721137176123716870e+02 4.297799084994870356e+01
1.328344235484855460e+02 1.720911457335967327e+02 4.297805408753887946e+01
1.328565652397566623e+02 1.720685738548217500e+02 4.297811732512904825e+01
1.328787069310277786e+02 1.720460019760467674e+02 4.297818056271922416e+01
1.329008486222988950e+02 1.720234300972718131e+02 4.297824380030940006e+01
1.329229903135700113e+02 1.720008582184968304e+02 4.297830703789957596e+01
1.329451320048411276e+02 1.719782863397218762e+02 4.297837027548975186e+01
1.329672736961122439e+02 1.719557144609468935e+02 4.297843351307992066e+01
1.329894153873833602e+02 1.719331425821719392e+02 4.297849675067009656e+01
1.330115570786544765e+02 1.719105707033969566e+02 4.297855998826027246e+01
1.330115570786544765e+02 1.719105707033969566e+02 4.297855998826027246e+01
1.330378172643609389e+02 1.718970179075062674e+02 4.299107605757713912e+01
1.330640774500674013e+02 1.718834651116155499e+02 4.300359212689399868e+01
1.330903376357738352e+02 1.718699123157248607e+02 4.301610819621086534e+01
1.331165978214802976e+02 1.718563595198341432e+02 4.302862426552773201e+01
1.331428580071867600e+02 1.718428067239434540e+02 4.304114033484459156e+01
1.331691181928932224e+02 1.718292539280527365e+02 4.305365640416145823e+01
1.331953783785996848e+02 1.718157011321620473e+02 4.306617247347831778e+01
1.332216385643061187e+02 1.718021483362713298e+02 4.307868854279518445e+01
1.332478987500125811e+02 1.717885955403806406e+02 4.309120461211205111e+01
1.332741589357190435e+02 1.717750427444899231e+02 4.310372068142891067e+01
1.333004191214255059e+02 1.717614899485992339e+02 4.311623675074577733e+01
1.333266793071319682e+02 1.717479371527085164e+02 4.312875282006264399e+01
1.333529394928384022e+02 1.717343843568178272e+02 4.314126888937950355e+01
1.333791996785448646e+02 1.717208315609271096e+02 4.315378495869637021e+01
1.334054598642513270e+02 1.717072787650364205e+02 4.316630102801323687e+01
1.334317200499577893e+02 1.716937259691457029e+02 4.317881709733009643e+01
1.334579802356642517e+02 1.716801731732550138e+02 4.319133316664696309e+01
1.334842404213706857e+02 1.716666203773642962e+02 4.320384923596382976e+01
1.335105006070771481e+02 1.716530675814736071e+02 4.321636530528068931e+01
1.335367607927836104e+02 1.716395147855828895e+02 4.322888137459755598e+01
1.335630209784900728e+02 1.716259619896922004e+02 4.324139744391441553e+01
1.335892811641965352e+02 1.716124091938014828e+02 4.325391351323128220e+01
1.336155413499029692e+02 1.715988563979107937e+02 4.326642958254814886e+01
1.336418015356094315e+02 1.715853036020200761e+02 4.327894565186500841e+01
1.336680617213158939e+02 1.715717508061293870e+02 4.329146172118187508e+01
1.336680617213158939e+02 1.715717508061293870e+02 4.329146172118187508e+01
1.336774535235936696e+02 1.715792864418952206e+02 4.332099683445976268e+01
1.336868453258714453e+02 1.715868220776610542e+02 4.335053194773765028e+01
1.336962371281491926e+02 1.715943577134269162e+02 4.338006706101554499e+01
1.337056289304269683e+02 1.716018933491927498e+02 4.340960217429343260e+01
1.337150207327047440e+02 1.716094289849585834e+02 4.343913728757132020e+01
1.337244125349825197e+02 1.716169646207244170e+02 4.346867240084920780e+01
1.337338043372602954e+02 1.716245002564902791e+02 4.349820751412710251e+01
1.337431961395380426e+02 1.716320358922561127e+02 4.352774262740499012e+01
1.337525879418158183e+02 1.716395715280219463e+02 4.355727774068287772e+01
1.337619797440935940e+02 1.716471071637877799e+02 4.358681285396076532e+01
1.337713715463713697e+02 1.716546427995536419e+02 4.361634796723866003e+01
1.337807633486491454e+02 1.716621784353194755e+02 4.364588308051654764e+01
1.337901551509269211e+02 1.716697140710853091e+02 4.367541819379443524e+01
1.337995469532046684e+02 1.716772497068511427e+02 4.370495330707232284e+01
1.338089387554824441e+02 1.716847853426170047e+02 4.373448842035021755e+01
1.338183305577602198e+02 1.716923209783828383e+02 4.376402353362810516e+01
1.338277223600379955e+02 1.716998566141486720e+02 4.379355864690599276e+01
1.338371141623157712e+02 1.717073922499145056e+02 4.382309376018388036e+01
1.338465059645935185e+02 1.717149278856803676e+02 4.385262887346177507e+01
1.338558977668712942e+02 1.717224635214462012e+02 4.388216398673966268e+01
1.338652895691490698e+02 1.717299991572120348e+02 4.391169910001755028e+01
1.338652895691490698e+02 1.717299991572120348e+02 4.391169910001755028e+01
1.338854730013447067e+02 1.717503860197223275e+02 4.392551902108357353e+01
1.339056564335403721e+02 1.717707728822326203e+02 4.393933894214958968e+01
1.339258398657360090e+02 1.717911597447429131e+02 4.395315886321561294e+01
1.339460232979316459e+02 1.718115466072532058e+02 4.396697878428163619e+01
1.339662067301272828e+02 1.718319334697634986e+02 4.398079870534765234e+01
1.339863901623229481e+02 1.718523203322737913e+02 4.399461862641367560e+01
1.340065735945185850e+02 1.718727071947840841e+02 4.400843854747969885e+01
1.340267570267142219e+02 1.718930940572943769e+02 4.402225846854572211e+01
1.340469404589098588e+02 1.719134809198046696e+02 4.403607838961173826e+01
1.340671238911055241e+02 1.719338677823149624e+02 4.404989831067776151e+01
1.340873073233011610e+02 1.719542546448252551e+02 4.406371823174378477e+01
1.341074907554967979e+02 1.719746415073355479e+02 4.407753815280980092e+01
1.341276741876924632e+02 1.719950283698458406e+02 4.409135807387582418e+01
1.341478576198881001e+02 1.720154152323561334e+02 4.410517799494184743e+01
1.341680410520837370e+02 1.720358020948663977e+02 4.411899791600786358e+01
1.341882244842793739e+02 1.720561889573766905e+02 4.413281783707388684e+01
1.342084079164750392e+02 1.720765758198869833e+02 4.414663775813991009e+01
1.342285913486706761e+02 1.720969626823972760e+02 4.416045767920592624e+01
1.342487747808663130e+02 1.721173495449075688e+02 4.417427760027194950e+01
1.342689582130619783e+02 1.721377364074178615e+02 4.418809752133797275e+01
1.342891416452576152e+02 1.721581232699281543e+02 4.420191744240398890e+01
1.343093250774532521e+02 1.721785101324384470e+02 4.421573736347001216e+01
1.343295085096488890e+02 1.721988969949487398e+02 4.422955728453603541e+01
1.343496919418445543e+02 1.722192838574590326e+02 4.424337720560205867e+01
1.343698753740401912e+02 1.722396707199693253e+02 4.425719712666807482e+01
1.343900588062358281e+02 1.722600575824796181e+02 4.427101704773409807e+01
1.344102422384314650e+02 1.722804444449899108e+02 4.428483696880012133e+01
1.344304256706271303e+02 1.723008313075002036e+02 4.429865688986613748e+01
1.344506091028227672e+02 1.723212181700104964e+02 4.431247681093216073e+01
1.344506091028227672e+02 1.723212181700104964e+02 4.431247681093216073e+01
1.344834871820271474e+02 1.723208216473260848e+02 4.431016951820725325e+01
1.345163652612315275e+02 1.723204251246416732e+02 4.430786222548233866e+01
1.345492433404359360e+02 1.723200286019572331e+02 4.430555493275743117e+01
1.345821214196403162e+02 1.723196320792728216e+02 4.430324764003251659e+01
1.346149994988446963e+02 1.723192355565884100e+02 4.430094034730760910e+01
1.346478775780490764e+02 1.723188390339039984e+02 4.429863305458269451e+01
1.346807556572534565e+02 1.723184425112195868e+02 4.429632576185778703e+01
1.347136337364578651e+02 1.723180459885351468e+02 4.429401846913287955e+01
1.347465118156622452e+02 1.723176494658507352e+02 4.429171117640796496e+01
1.347793898948666254e+02 1.723172529431663236e+02 4.428940388368305747e+01
1.348122679740710055e+02 1.723168564204819120e+02 4.428709659095814288e+01
1.348451460532754140e+02 1.723164598977974720e+02 4.428478929823323540e+01
1.348780241324797942e+02 1.723160633751130604e+02 4.428248200550832792e+01
1.349109022116841743e+02 1.723156668524286488e+02 4.428017471278341333e+01
1.349437802908885544e+02 1.723152703297442372e+02 4.427786742005850584e+01
1.349766583700929345e+02 1.723148738070598256e+02 4.427556012733359125e+01
1.350095364492973431e+02 1.723144772843753856e+02 4.427325283460868377e+01
1.350424145285017232e+02 1.723140807616909740e+02 4.427094554188376918e+01
1.350752926077061034e+02 1.723136842390065624e+02 4.426863824915886170e+01
1.350752926077061034e+02 1.723136842390065624e+02 4.426863824915886170e+01
1.351041029479811186e+02 1.723142464919002634e+02 4.425506996391713699e+01
1.351329132882561339e+02 1.723148087447939361e+02 4.424150167867541938e+01
1.351617236285311492e+02 1.723153709976876371e+02 4.422793339343369468e+01
1.351905339688061645e+02 1.723159332505813381e+02 4.421436510819196997e+01
1.352193443090812082e+02 1.723164955034750392e+02 4.420079682295024526e+01
1.352481546493562234e+02 1.723170577563687402e+02 4.418722853770852055e+01
1.352769649896312387e+02 1.723176200092624129e+02 4.417366025246680294e+01
1.353057753299062540e+02 1.723181822621561139e+02 4.416009196722507824e+01
1.353345856701812693e+02 1.723187445150498149e+02 4.414652368198335353e+01
1.353633960104562846e+02 1.723193067679434876e+02 4.413295539674163592e+01
1.353922063507312998e+02 1.723198690208371886e+02 4.411938711149991121e+01
1.354210166910063435e+02 1.723204312737308896e+02 4.410581882625818650e+01
1.354498270312813588e+02 1.723209935266245907e+02 4.409225054101646180e+01
1.354786373715563741e+02 1.723215557795182917e+02 4.407868225577473709e+01
1.355074477118313894e+02 1.723221180324119644e+02 4.406511397053301948e+01
1.355362580521064046e+02 1.723226802853056654e+02 4.405154568529129477e+01
1.355650683923814199e+02 1.723232425381993664e+02 4.403797740004957006e+01
1.355938787326564352e+02 1.723238047910930391e+02 4.402440911480785246e+01
1.356226890729314505e+02 1.723243670439867401e+02 4.401084082956612775e+01
1.356514994132064658e+02 1.723249292968804411e+02 4.399727254432440304e+01
1.356803097534815095e+02 1.723254915497741422e+02 4.398370425908267833e+01
1.357091200937565247e+02 1.723260538026678432e+02 4.397013597384095362e+01
1.357379304340315400e+02 1.723266160555615159e+02 4.395656768859923602e+01
1.357667407743065553e+02 1.723271783084552169e+02 4.394299940335751131e+01
1.357667407743065553e+02 1.723271783084552169e+02 4.394299940335751131e+01
1.357934301709139504e+02 1.723437072260230991e+02 4.394016250830406278e+01
1.358201195675213455e+02 1.723602361435910097e+02 4.393732561325060715e+01
1.358468089641287406e+02 1.723767650611588920e+02 4.393448871819715862e+01
1.358734983607361357e+02 1.723932939787267742e+02 4.393165182314370298e+01
1.359001877573435308e+02 1.724098228962946564e+02 4.392881492809025445e+01
1.359268771539509260e+02 1.724263518138625670e+02 4.392597803303680593e+01
1.359535665505583211e+02 1.724428807314304493e+02 4.392314113798335029e+01
1.359802559471657162e+02 1.724594096489983315e+02 4.392030424292990176e+01
1.360069453437731113e+02 1.724759385665662137e+02 4.391746734787645323e+01
1.360336347403805064e+02 1.724924674841341243e+02 4.391463045282299760e+01
1.360603241369879015e+02 1.725089964017020066e+02 4.391179355776954907e+01
1.360870135335952966e+02 1.725255253192698888e+02 4.390895666271609343e+01
1.361137029302026917e+02 1.725420542368377994e+02 4.390611976766264490e+01
1.361403923268100868e+02 1.725585831544056816e+02 4.390328287260919637e+01
1.361670817234174820e+02 1.725751120719735638e+02 4.390044597755574074e+01
1.361937711200248771e+02 1.725916409895414461e+02 4.389760908250229221e+01
1.362204605166322722e+02 1.726081699071093567e+02 4.389477218744884368e+01
1.362471499132396673e+02 1.726246988246772389e+02 4.389193529239538805e+01
1.362738393098470340e+02 1.726412277422451211e+02 4.388909839734193952e+01
1.363005287064544291e+02 1.726577566598130034e+02 4.388626150228848388e+01
1.363272181030618242e+02 1.726742855773809140e+02 4.388342460723503535e+01
1.363539074996692193e+02 1.726908144949487962e+02 4.388058771218158682e+01
1.363805968962766144e+02 1.727073434125166784e+02 4.387775081712813119e+01
1.364072862928840095e+02 1.727238723300845606e+02 4.387491392207468266e+01
1.364339756894914046e+02 1.727404012476524713e+02 4.387207702702123413e+01
1.364606650860987997e+02 1.727569301652203535e+02 4.386924013196777850e+01
1.364873544827061949e+02 1.727734590827882357e+02 4.386640323691432997e+01
1.365140438793135900e+02 1.727899880003561464e+02 4.386356634186087433e+01
1.365407332759209851e+02 1.728065169179240286e+02 4.386072944680742580e+01
1.365674226725283802e+02 1.728230458354919108e+02 4.385789255175397727e+01
1.365941120691357753e+02 1.728395747530597930e+02 4.385505565670052164e+01
1.366208014657431704e+02 1.728561036706277037e+02 4.385221876164707311e+01
1.366474908623505655e+02 1.728726325881955859e+02 4.384938186659362458e+01
1.366741802589579606e+02 1.728891615057634681e+02 4.384654497154016894e+01
1.367008696555653557e+02 1.729056904233313503e+02 4.384370807648672042e+01
1.367275590521727509e+02 1.729222193408992609e+02 4.384087118143326478e+01
1.367542484487801460e+02 1.729387482584671432e+02 4.383803428637981625e+01
1.367542484487801460e+02 1.729387482584671432e+02 4.383803428637981625e+01
1.367755120666476785e+02 1.729501268828422269e+02 4.385719169163704123e+01
1.367967756845152110e+02 1.729615055072173391e+02 4.387634909689426621e+01
1.368180393023827151e+02 1.729728841315924228e+02 4.389550650215149119e+01
1.368393029202502476e+02 1.729842627559675350e+02 4.391466390740871617e+01
1.368605665381177801e+02 1.729956413803426187e+02 4.393382131266594115e+01
1.368818301559853126e+02 1.730070200047177309e+02 4.395297871792316613e+01
1.369030937738528451e+02 1.730183986290928146e+02 4.397213612318039111e+01
1.369243573917203491e+02 1.730297772534678984e+02 4.399129352843761609e+01
1.369456210095878816e+02 1.730411558778430106e+02 4.401045093369484107e+01
1.369668846274554141e+02 1.730525345022180943e+02 4.402960833895206605e+01
1.369881482453229467e+02 1.730639131265932065e+02 4.404876574420929103e+01
1.370094118631904792e+02 1.730752917509682902e+02 4.406792314946651601e+01
1.370306754810580117e+02 1.730866703753434024e+02 4.408708055472374099e+01
1.370519390989255157e+02 1.730980489997184861e+02 4.410623795998096597e+01
1.370732027167930482e+02 1.731094276240935699e+02 4.412539536523819095e+01
1.370944663346605807e+02 1.731208062484686820e+02 4.414455277049541593e+01
1.371157299525281132e+02 1.731321848728437658e+02 4.416371017575264091e+01
1.371369935703956457e+02 1.731435634972188780e+02 4.418286758100986589e+01
1.371582571882631498e+02 1.731549421215939617e+02 4.420202498626709087e+01
1.371795208061306823e+02 1.731663207459690739e+02 4.422118239152431585e+01
1.372007844239982148e+02 1.731776993703441576e+02 4.424033979678154083e+01
1.372220480418657473e+02 1.731890779947192414e+02 4.425949720203876581e+01
1.372433116597332798e+02 1.732004566190943535e+02 4.427865460729599079e+01
1.372645752776007839e+02 1.732118352434694373e+02 4.429781201255321577e+01
1.372858388954683164e+02 1.732232138678445494e+02 4.431696941781044075e+01
1.373071025133358489e+02 1.732345924922196332e+02 4.433612682306766573e+01
1.373283661312033814e+02 1.732459711165947454e+02 4.435528422832489071e+01
1.373496297490709139e+02 1.732573497409698291e+02 4.437444163358211568e+01
1.373708933669384180e+02 1.732687283653449128e+02 4.439359903883934066e+01
1.373921569848059505e+02 1.732801069897200250e+02 4.441275644409656564e+01
1.374134206026734830e+02 1.732914856140951088e+02 4.443191384935379062e+01
1.374346842205410155e+02 1.733028642384702209e+02 4.445107125461101560e+01
1.374559478384085480e+02 1.733142428628453047e+02 4.447022865986824058e+01
1.374772114562760805e+02 1.733256214872204168e+02 4.448938606512546556e+01
1.374984750741435846e+02 1.733370001115955006e+02 4.450854347038269054e+01
1.375197386920111171e+02 1.733483787359705843e+02 4.452770087563991552e+01
1.375410023098786496e+02 1.733597573603456965e+02 4.454685828089714050e+01
1.375622659277461821e+02 1.733711359847207802e+02 4.456601568615436548e+01
1.375835295456137146e+02 1.733825146090958924e+02 4.458517309141159046e+01
1.376047931634812187e+02 1.733938932334709762e+02 4.460433049666881544e+01
1.376260567813487512e+02 1.734052718578460883e+02 4.462348790192604042e+01
1.376473203992162837e+02 1.734166504822211721e+02 4.464264530718326540e+01
1.376473203992162837e+02 1.734166504822211721e+02 4.464264530718326540e+01
1.376619950817488416e+02 1.733996681500158559e+02 4.466553371352195967e+01
1.376766697642814279e+02 1.733826858178105397e+02 4.468842211986064683e+01
1.376913444468139858e+02 1.733657034856052235e+02 4.471131052619934110e+01
1.377060191293465437e+02 1.733487211533998789e+02 4.473419893253803536e+01
1.377206938118791300e+02 1.733317388211945627e+02 4.475708733887672253e+01
1.377353684944116878e+02 1.733147564889892465e+02 4.477997574521541679e+01
1.377500431769442457e+02 1.732977741567839303e+02 4.480286415155410396e+01
1.377647178594768320e+02 1.732807918245786141e+02 4.482575255789279822e+01
1.377793925420093899e+02 1.732638094923732979e+02 4.484864096423149249e+01
1.377940672245419478e+02 1.732468271601679533e+02 4.487152937057017965e+01
1.378087419070745341e+02 1.732298448279626371e+02 4.489441777690887392e+01
1.378234165896070920e+02 1.732128624957573209e+02 4.491730618324756819e+01
1.378380912721396498e+02 1.731958801635520047e+02 4.494019458958625535e+01
1.378527659546722077e+02 1.731788978313466885e+02 4.496308299592494961e+01
1.378674406372047940e+02 1.731619154991413723e+02 4.498597140226364388e+01
1.378821153197373519e+02 1.731449331669360276e+02 4.500885980860233104e+01
1.378967900022699098e+02 1.731279508347307114e+02 4.503174821494102531e+01
1.379114646848024961e+02 1.731109685025253953e+02 4.505463662127971958e+01
1.379261393673350540e+02 1.730939861703200791e+02 4.507752502761840674e+01
1.379408140498676119e+02 1.730770038381147629e+02 4.510041343395710101e+01
1.379554887324001982e+02 1.730600215059094467e+02 4.512330184029578817e+01
1.379701634149327560e+02 1.730430391737041020e+02 4.514619024663448243e+01
1.379848380974653139e+02 1.730260568414987858e+02 4.516907865297317670e+01
1.379995127799979002e+02 1.730090745092934696e+02 4.519196705931186386e+01
1.380141874625304581e+02 1.729920921770881534e+02 4.521485546565055813e+01
1.380141874625304581e+02 1.729920921770881534e+02 4.521485546565055813e+01
1.380139600265848685e+02 1.729604230914383720e+02 4.521720548159877495e+01
1.380137325906392789e+02 1.729287540057885622e+02 4.521955549754699177e+01
1.380135051546936893e+02 1.728970849201387807e+02 4.522190551349520860e+01
1.380132777187480997e+02 1.728654158344889709e+02 4.522425552944342542e+01
1.380130502828025101e+02 1.728337467488391894e+02 4.522660554539164224e+01
1.380128228468569205e+02 1.728020776631893796e+02 4.522895556133985906e+01
1.380125954109113593e+02 1.727704085775395981e+02 4.523130557728806878e+01
1.380123679749657697e+02 1.727387394918897883e+02 4.523365559323628560e+01
1.380121405390201801e+02 1.727070704062400068e+02 4.523600560918450242e+01
1.380119131030745905e+02 1.726754013205901970e+02 4.523835562513271924e+01
1.380116856671290009e+02 1.726437322349404155e+02 4.524070564108093606e+01
1.380114582311834113e+02 1.726120631492906341e+02 4.524305565702915288e+01
1.380112307952378217e+02 1.725803940636408242e+02 4.524540567297736970e+01
1.380110033592922321e+02 1.725487249779910428e+02 4.524775568892558653e+01
1.380107759233466425e+02 1.725170558923412329e+02 4.525010570487380335e+01
1.380105484874010529e+02 1.724853868066914515e+02 4.525245572082202017e+01
1.380103210514554632e+02 1.724537177210416417e+02 4.525480573677023699e+01
1.380100936155099021e+02 1.724220486353918602e+02 4.525715575271844671e+01
1.380098661795643125e+02 1.723903795497420504e+02 4.525950576866666353e+01
1.380096387436187229e+02 1.723587104640922689e+02 4.526185578461488035e+01
1.380094113076731333e+02 1.723270413784424591e+02 4.526420580056309717e+01
1.380091838717275436e+02 1.722953722927926776e+02 4.526655581651131399e+01
1.380089564357819540e+02 1.722637032071428678e+02 4.526890583245953081e+01
1.380087289998363644e+02 1.722320341214930863e+02 4.527125584840774764e+01
