3.030000000000000000e+02 1.080000000000000000e+02 2.170000000000000000e+02
3.029715362966060752e+02 1.079839600935578403e+02 2.169992810415569693e+02
3.029430725932121504e+02 1.079679201871156664e+02 2.169985620831139386e+02
3.029146088898181688e+02 1.079518802806735067e+02 2.169978431246709079e+02
3.028861451864242440e+02 1.079358403742313328e+02 2.169971241662278771e+02
3.028576814830303192e+02 1.079198004677891731e+02 2.169964052077848464e+02
3.028292177796363944e+02 1.079037605613470134e+02 2.169956862493418157e+02
3.028007540762424696e+02 1.078877206549048395e+02 2.169949672908987850e+02
3.027722903728484880e+02 1.078716807484626798e+02 2.169942483324557543e+02
3.027438266694545632e+02 1.078556408420205059e+02 2.169935293740127236e+02
3.027153629660606384e+02 1.078396009355783463e+02 2.169928104155696929e+02
3.026868992626667136e+02 1.078235610291361866e+02 2.169920914571266621e+02
3.026584355592727889e+02 1.078075211226940127e+02 2.169913724986836314e+02
3.026299718558788072e+02 1.077914812162518530e+02 2.169906535402406007e+02
3.026015081524848824e+02 1.077754413098096791e+02 2.169899345817975700e+02
3.025730444490909576e+02 1.077594014033675194e+02 2.169892156233545393e+02
3.025445807456970329e+02 1.077433614969253597e+02 2.169884966649115086e+02
3.025161170423031081e+02 1.077273215904831858e+02 2.169877777064684778e+02
3.024876533389091264e+02 1.077112816840410261e+02 2.169870587480254471e+02
3.024591896355152016e+02 1.076952417775988522e+02 2.169863397895824164e+02
3.024307259321212769e+02 1.076792018711566925e+02 2.169856208311393857e+02
3.024307259321212769e+02 1.076792018711566925e+02 2.169856208311393857e+02
3.024024290800094832e+02 1.076632559895515442e+02 2.169849060871172810e+02
3.023741322278976327e+02 1.076473101079463959e+02 2.169841913430951479e+02
3.023458353757858390e+02 1.076313642263412476e+02 2.169834765990730432e+02
3.023175385236739885e+02 1.076154183447360992e+02 2.169827618550509101e+02
3.022892416715621948e+02 1.075994724631309509e+02 2.169820471110288054e+02
3.022609448194504012e+02 1.075835265815258026e+02 2.169813323670067007e+02
3.022326479673385506e+02 1.075675806999206543e+02 2.169806176229845676e+02
3.022043511152267570e+02 1.075516348183155060e+02 2.169799028789624629e+02
3.021760542631149065e+02 1.075356889367103577e+02 2.169791881349403297e+02
3.021477574110031128e+02 1.075197430551052094e+02 2.169784733909182250e+02
3.021194605588913191e+02 1.075037971735000610e+02 2.169777586468961204e+02
3.020911637067794686e+02 1.074878512918949127e+02 2.169770439028739872e+02
3.020628668546676749e+02 1.074719054102897644e+02 2.169763291588518825e+02
3.020345700025558244e+02 1.074559595286846161e+02 2.169756144148297494e+02
3.020062731504440308e+02 1.074400136470794678e+02 2.169748996708076447e+02
3.019779762983322371e+02 1.074240677654743195e+02 2.169741849267855400e+02
3.019496794462203866e+02 1.074081218838691711e+02 2.169734701827634069e+02
3.019213825941085929e+02 1.073921760022640228e+02 2.169727554387413022e+02
3.018930857419967424e+02 1.073762301206588745e+02 2.169720406947191691e+02
3.018647888898849487e+02 1.073602842390537262e+02 2.169713259506970644e+02
3.018647888898849487e+02 1.073602842390537262e+02 2.169713259506970644e+02
3.018364183164778183e+02 1.073442968130111694e+02 2.169706093445863644e+02
3.018080477430706878e+02 1.073283093869686127e+02 2.169698927384756928e+02
3.017796771696635574e+02 1.073123219609260559e+02 2.169691761323649928e+02
3.017513065962564269e+02 1.072963345348834991e+02 2.169684595262543212e+02
3.017229360228492965e+02 1.072803471088409424e+02 2.169677429201436212e+02
3.016945654494421660e+02 1.072643596827983856e+02 2.169670263140329212e+02
3.016661948760350356e+02 1.072483722567558289e+02 2.169663097079222496e+02
3.016378243026279051e+02 1.072323848307132721e+02 2.169655931018115496e+02
3.016094537292207747e+02 1.072163974046707153e+02 2.169648764957008495e+02
3.015810831558136442e+02 1.072004099786281586e+02 2.169641598895901780e+02
3.015527125824065706e+02 1.071844225525856018e+02 2.169634432834794779e+02
3.015243420089994402e+02 1.071684351265430450e+02 2.169627266773688063e+02
3.014959714355923097e+02 1.071524477005004883e+02 2.169620100712581063e+02
3.014676008621851793e+02 1.071364602744579315e+02 2.169612934651474063e+02
3.014392302887780488e+02 1.071204728484153748e+02 2.169605768590367347e+02
3.014108597153709184e+02 1.071044854223728180e+02 2.169598602529260347e+02
3.013824891419637879e+02 1.070884979963302612e+02 2.169591436468153347e+02
3.013541185685566575e+02 1.070725105702877045e+02 2.169584270407046631e+02
3.013257479951495270e+02 1.070565231442451477e+02 2.169577104345939631e+02
3.012973774217423966e+02 1.070405357182025909e+02 2.169569938284832915e+02
3.012690068483352661e+02 1.070245482921600342e+02 2.169562772223725915e+02
3.012690068483352661e+02 1.070245482921600342e+02 2.169562772223725915e+02
3.012413467821620543e+02 1.070089612518038109e+02 2.169555785627592286e+02
3.012136867159888993e+02 1.069933742114475734e+02 2.169548799031458373e+02
3.011860266498156875e+02 1.069777871710913502e+02 2.169541812435324744e+02
3.011583665836425325e+02 1.069622001307351269e+02 2.169534825839190830e+02
3.011307065174693207e+02 1.069466130903789036e+02 2.169527839243057201e+02
3.011030464512961089e+02 1.069310260500226661e+02 2.169520852646923572e+02
3.010753863851229539e+02 1.069154390096664429e+02 2.169513866050789659e+02
3.010477263189497421e+02 1.068998519693102196e+02 2.169506879454656030e+02
3.010200662527765303e+02 1.068842649289539821e+02 2.169499892858522401e+02
3.009924061866033753e+02 1.068686778885977589e+02 2.169492906262388487e+02
3.009647461204301635e+02 1.068530908482415356e+02 2.169485919666254858e+02
3.009370860542570085e+02 1.068375038078853123e+02 2.169478933070120945e+02
3.009094259880837967e+02 1.068219167675290748e+02 2.169471946473987316e+02
3.008817659219105849e+02 1.068063297271728516e+02 2.169464959877853687e+02
3.008541058557374299e+02 1.067907426868166283e+02 2.169457973281719774e+02
3.008264457895642181e+02 1.067751556464603908e+02 2.169450986685586145e+02
3.007987857233910063e+02 1.067595686061041675e+02 2.169444000089452516e+02
3.007711256572178513e+02 1.067439815657479443e+02 2.169437013493318602e+02
3.007434655910446395e+02 1.067283945253917210e+02 2.169430026897184973e+02
3.007158055248714845e+02 1.067128074850354835e+02 2.169423040301051060e+02
3.006881454586982727e+02 1.066972204446792603e+02 2.169416053704917431e+02
3.006881454586982727e+02 1.066972204446792603e+02 2.169416053704917431e+02
3.006601887345314026e+02 1.066814662303243324e+02 2.169408992176786910e+02
3.006322320103645325e+02 1.066657120159694188e+02 2.169401930648656105e+02
3.006042752861976624e+02 1.066499578016144909e+02 2.169394869120525584e+02
3.005763185620307922e+02 1.066342035872595631e+02 2.169387807592394779e+02
3.005483618378639221e+02 1.066184493729046352e+02 2.169380746064264258e+02
3.005204051136970520e+02 1.066026951585497216e+02 2.169373684536133453e+02
3.004924483895301819e+02 1.065869409441947937e+02 2.169366623008002932e+02
3.004644916653633118e+02 1.065711867298398658e+02 2.169359561479872127e+02
3.004365349411964417e+02 1.065554325154849522e+02 2.169352499951741606e+02
3.004085782170295715e+02 1.065396783011300244e+02 2.169345438423610801e+02
3.003806214928627014e+02 1.065239240867750965e+02 2.169338376895480280e+02
3.003526647686958313e+02 1.065081698724201686e+02 2.169331315367349475e+02
3.003247080445289612e+02 1.064924156580652550e+02 2.169324253839218954e+02
3.002967513203620911e+02 1.064766614437103271e+02 2.169317192311088149e+02
3.002687945961952209e+02 1.064609072293553993e+02 2.169310130782957629e+02
3.002408378720283508e+02 1.064451530150004857e+02 2.169303069254826823e+02
3.002128811478614807e+02 1.064293988006455578e+02 2.169296007726696303e+02
3.001849244236946106e+02 1.064136445862906299e+02 2.169288946198565498e+02
3.001569676995277405e+02 1.063978903719357021e+02 2.169281884670434977e+02
3.001290109753608704e+02 1.063821361575807884e+02 2.169274823142304172e+02
3.001010542511940002e+02 1.063663819432258606e+02 2.169267761614173651e+02
3.001010542511940002e+02 1.063663819432258606e+02 2.169267761614173651e+02
3.000731264040583710e+02 1.063506440037772762e+02 2.169260707380516067e+02
3.000451985569227418e+02 1.063349060643286919e+02 2.169253653146858767e+02
3.000172707097871125e+02 1.063191681248801075e+02 2.169246598913201183e+02
2.999893428626514833e+02 1.063034301854315231e+02 2.169239544679543883e+02
2.999614150155158541e+02 1.062876922459829387e+02 2.169232490445886299e+02
2.999334871683801680e+02 1.062719543065343544e+02 2.169225436212228999e+02
2.999055593212445388e+02 1.062562163670857700e+02 2.169218381978571415e+02
2.998776314741089095e+02 1.062404784276371856e+02 2.169211327744913831e+02
2.998497036269732803e+02 1.062247404881886013e+02 2.169204273511256531e+02
2.998217757798376510e+02 1.062090025487400169e+02 2.169197219277598947e+02
2.997938479327020218e+02 1.061932646092914467e+02 2.169190165043941647e+02
2.997659200855663926e+02 1.061775266698428624e+02 2.169183110810284063e+02
2.997379922384307633e+02 1.061617887303942780e+02 2.169176056576626763e+02
2.997100643912951341e+02 1.061460507909456936e+02 2.169169002342969179e+02
2.996821365441595049e+02 1.061303128514971092e+02 2.169161948109311595e+02
2.996542086970238188e+02 1.061145749120485249e+02 2.169154893875654295e+02
2.996262808498881896e+02 1.060988369725999405e+02 2.169147839641996711e+02
2.995983530027525603e+02 1.060830990331513561e+02 2.169140785408339411e+02
2.995704251556169311e+02 1.060673610937027718e+02 2.169133731174681827e+02
2.995424973084813018e+02 1.060516231542541874e+02 2.169126676941024527e+02
2.995145694613456726e+02 1.060358852148056030e+02 2.169119622707366943e+02
2.995145694613456726e+02 1.060358852148056030e+02 2.169119622707366943e+02
2.994870055407285463e+02 1.060203523546457234e+02 2.169112660396844205e+02
2.994594416201114768e+02 1.060048194944858579e+02 2.169105698086321468e+02
2.994318776994943505e+02 1.059892866343259783e+02 2.169098735775798446e+02
2.994043137788772810e+02 1.059737537741661129e+02 2.169091773465275708e+02
2.993767498582601547e+02 1.059582209140062332e+02 2.169084811154752970e+02
2.993491859376430284e+02 1.059426880538463536e+02 2.169077848844230232e+02
2.993216220170259589e+02 1.059271551936864881e+02 2.169070886533707494e+02
2.992940580964088326e+02 1.059116223335266085e+02 2.169063924223184472e+02
2.992664941757917632e+02 1.058960894733667431e+02 2.169056961912661734e+02
2.992389302551746368e+02 1.058805566132068634e+02 2.169049999602138996e+02
2.992113663345575105e+02 1.058650237530469838e+02 2.169043037291616258e+02
2.991838024139404411e+02 1.058494908928871183e+02 2.169036074981093520e+02
2.991562384933233147e+02 1.058339580327272387e+02 2.169029112670570498e+02
2.991286745727062453e+02 1.058184251725673732e+02 2.169022150360047760e+02
2.991011106520891190e+02 1.058028923124074936e+02 2.169015188049525023e+02
2.990735467314719926e+02 1.057873594522476139e+02 2.169008225739002285e+02
2.990459828108549232e+02 1.057718265920877485e+02 2.169001263428479547e+02
2.990184188902377969e+02 1.057562937319278689e+02 2.168994301117956525e+02
2.989908549696207274e+02 1.057407608717680034e+02 2.168987338807433787e+02
2.989632910490036011e+02 1.057252280116081238e+02 2.168980376496911049e+02
2.989632910490036011e+02 1.057252280116081238e+02 2.168980376496911049e+02
2.989360421645013730e+02 1.057098726802750690e+02 2.168973493760353506e+02
2.989087932799992018e+02 1.056945173489420000e+02 2.168966611023796247e+02
2.988815443954969737e+02 1.056791620176089452e+02 2.168959728287238704e+02
2.988542955109947457e+02 1.056638066862758905e+02 2.168952845550681445e+02
2.988270466264925744e+02 1.056484513549428215e+02 2.168945962814123902e+02
2.987997977419903464e+02 1.056330960236097667e+02 2.168939080077566643e+02
2.987725488574881183e+02 1.056177406922766977e+02 2.168932197341009100e+02
2.987452999729859471e+02 1.056023853609436429e+02 2.168925314604451842e+02
2.987180510884837190e+02 1.055870300296105881e+02 2.168918431867894299e+02
2.986908022039814909e+02 1.055716746982775192e+02 2.168911549131337040e+02
2.986635533194792629e+02 1.055563193669444644e+02 2.168904666394779497e+02
2.986363044349770917e+02 1.055409640356114096e+02 2.168897783658222238e+02
2.986090555504748636e+02 1.055256087042783406e+02 2.168890900921664695e+02
2.985818066659726355e+02 1.055102533729452858e+02 2.168884018185107436e+02
2.985545577814704643e+02 1.054948980416122168e+02 2.168877135448549893e+02
2.985273088969682362e+02 1.054795427102791621e+02 2.168870252711992634e+02
2.985000600124660082e+02 1.054641873789461073e+02 2.168863369975435091e+02
2.984728111279638370e+02 1.054488320476130383e+02 2.168856487238877833e+02
2.984455622434616089e+02 1.054334767162799835e+02 2.168849604502320290e+02
2.984455622434616089e+02 1.054334767162799835e+02 2.168849604502320290e+02
2.984176879274217526e+02 1.054177689411138203e+02 2.168842563789436042e+02
2.983898136113819533e+02 1.054020611659476572e+02 2.168835523076551510e+02
2.983619392953420970e+02 1.053863533907815082e+02 2.168828482363667263e+02
2.983340649793022408e+02 1.053706456156153450e+02 2.168821441650782731e+02
2.983061906632624414e+02 1.053549378404491819e+02 2.168814400937898483e+02
2.982783163472225851e+02 1.053392300652830187e+02 2.168807360225013952e+02
2.982504420311827289e+02 1.053235222901168555e+02 2.168800319512129704e+02
2.982225677151429295e+02 1.053078145149507066e+02 2.168793278799245172e+02
2.981946933991030733e+02 1.052921067397845434e+02 2.168786238086360925e+02
2.981668190830632170e+02 1.052763989646183802e+02 2.168779197373476393e+02
2.981389447670233608e+02 1.052606911894522170e+02 2.168772156660592145e+02
2.981110704509835614e+02 1.052449834142860681e+02 2.168765115947707613e+02
2.980831961349437051e+02 1.052292756391199049e+02 2.168758075234823366e+02
2.980553218189038489e+02 1.052135678639537417e+02 2.168751034521938834e+02
2.980274475028640495e+02 1.051978600887875785e+02 2.168743993809054587e+02
2.979995731868241933e+02 1.051821523136214154e+02 2.168736953096170055e+02
2.979716988707843370e+02 1.051664445384552664e+02 2.168729912383285807e+02
2.979438245547445376e+02 1.051507367632891032e+02 2.168722871670401275e+02
2.979159502387046814e+02 1.051350289881229401e+02 2.168715830957517028e+02
2.979159502387046814e+02 1.051350289881229401e+02 2.168715830957517028e+02
2.978877017278420567e+02 1.051191103458404541e+02 2.168708695727645477e+02
2.978594532169793752e+02 1.051031917035579681e+02 2.168701560497774210e+02
2.978312047061167505e+02 1.050872730612754822e+02 2.168694425267902659e+02
2.978029561952540689e+02 1.050713544189929962e+02 2.168687290038031108e+02
2.977747076843914442e+02 1.050554357767105103e+02 2.168680154808159841e+02
2.977464591735287627e+02 1.050395171344280243e+02 2.168673019578288290e+02
2.977182106626661380e+02 1.050235984921455383e+02 2.168665884348416739e+02
2.976899621518034564e+02 1.050076798498630524e+02 2.168658749118545472e+02
2.976617136409408317e+02 1.049917612075805664e+02 2.168651613888673921e+02
2.976334651300781502e+02 1.049758425652980804e+02 2.168644478658802370e+02
2.976052166192155255e+02 1.049599239230155945e+02 2.168637343428930819e+02
2.975769681083528440e+02 1.049440052807331085e+02 2.168630208199059552e+02
2.975487195974902193e+02 1.049280866384506226e+02 2.168623072969188001e+02
2.975204710866275377e+02 1.049121679961681366e+02 2.168615937739316450e+02
2.974922225757649130e+02 1.048962493538856506e+02 2.168608802509445184e+02
2.974639740649022315e+02 1.048803307116031647e+02 2.168601667279573633e+02
2.974357255540396068e+02 1.048644120693206787e+02 2.168594532049702082e+02
2.974074770431769252e+02 1.048484934270381927e+02 2.168587396819830815e+02
2.973792285323143005e+02 1.048325747847557068e+02 2.168580261589959264e+02
2.973792285323143005e+02 1.048325747847557068e+02 2.168580261589959264e+02
2.973507641375064736e+02 1.048165344879031124e+02 2.168573071830440426e+02
2.973222997426986467e+02 1.048004941910505323e+02 2.168565882070921305e+02
2.972938353478908766e+02 1.047844538941979380e+02 2.168558692311402467e+02
2.972653709530830497e+02 1.047684135973453579e+02 2.168551502551883345e+02
2.972369065582752228e+02 1.047523733004927635e+02 2.168544312792364508e+02
2.972084421634673959e+02 1.047363330036401692e+02 2.168537123032845670e+02
2.971799777686595689e+02 1.047202927067875891e+02 2.168529933273326549e+02
2.971515133738517989e+02 1.047042524099349947e+02 2.168522743513807711e+02
2.971230489790439719e+02 1.046882121130824146e+02 2.168515553754288590e+02
2.970945845842361450e+02 1.046721718162298203e+02 2.168508363994769752e+02
2.970661201894283181e+02 1.046561315193772259e+02 2.168501174235250915e+02
2.970376557946204912e+02 1.046400912225246458e+02 2.168493984475731793e+02
2.970091913998127211e+02 1.046240509256720514e+02 2.168486794716212955e+02
2.969807270050048942e+02 1.046080106288194713e+02 2.168479604956693834e+02
2.969522626101970673e+02 1.045919703319668770e+02 2.168472415197174996e+02
2.969237982153892403e+02 1.045759300351142826e+02 2.168465225437656159e+02
2.968953338205814134e+02 1.045598897382617025e+02 2.168458035678137037e+02
2.968668694257736433e+02 1.045438494414091082e+02 2.168450845918618199e+02
2.968384050309658164e+02 1.045278091445565281e+02 2.168443656159099078e+02
2.968099406361579895e+02 1.045117688477039337e+02 2.168436466399580240e+02
2.968099406361579895e+02 1.045117688477039337e+02 2.168436466399580240e+02
2.967811679187275331e+02 1.044955548048019409e+02 2.168429198761337489e+02
2.967523952012970199e+02 1.044793407618999481e+02 2.168421931123095021e+02
2.967236224838665635e+02 1.044631267189979553e+02 2.168414663484852269e+02
2.966948497664360502e+02 1.044469126760959625e+02 2.168407395846609518e+02
2.966660770490055938e+02 1.044306986331939697e+02 2.168400128208366766e+02
2.966373043315751374e+02 1.044144845902919769e+02 2.168392860570124299e+02
2.966085316141446242e+02 1.043982705473899841e+02 2.168385592931881547e+02
2.965797588967141678e+02 1.043820565044879913e+02 2.168378325293638795e+02
2.965509861792837114e+02 1.043658424615859985e+02 2.168371057655396328e+02
2.965222134618531982e+02 1.043496284186840057e+02 2.168363790017153576e+02
2.964934407444227418e+02 1.043334143757820129e+02 2.168356522378910825e+02
2.964646680269922285e+02 1.043172003328800201e+02 2.168349254740668073e+02
2.964358953095617721e+02 1.043009862899780273e+02 2.168341987102425605e+02
2.964071225921313157e+02 1.042847722470760345e+02 2.168334719464182854e+02
2.963783498747008025e+02 1.042685582041740417e+02 2.168327451825940102e+02
2.963495771572703461e+02 1.042523441612720490e+02 2.168320184187697635e+02
2.963208044398398897e+02 1.042361301183700562e+02 2.168312916549454883e+02
2.962920317224093765e+02 1.042199160754680634e+02 2.168305648911212131e+02
2.962632590049789201e+02 1.042037020325660706e+02 2.168298381272969380e+02
2.962344862875484068e+02 1.041874879896640778e+02 2.168291113634726912e+02
2.962057135701179504e+02 1.041712739467620850e+02 2.168283845996484160e+02
2.962057135701179504e+02 1.041712739467620850e+02 2.168283845996484160e+02
2.961772647836933743e+02 1.041552424456762225e+02 2.168276660179557496e+02
2.961488159972688550e+02 1.041392109445903600e+02 2.168269474362630547e+02
2.961203672108442788e+02 1.041231794435044975e+02 2.168262288545703882e+02
2.960919184244197595e+02 1.041071479424186350e+02 2.168255102728776933e+02
2.960634696379951833e+02 1.040911164413327725e+02 2.168247916911850268e+02
2.960350208515706072e+02 1.040750849402469100e+02 2.168240731094923319e+02
2.960065720651460879e+02 1.040590534391610475e+02 2.168233545277996654e+02
2.959781232787215117e+02 1.040430219380751851e+02 2.168226359461069706e+02
2.959496744922969924e+02 1.040269904369893226e+02 2.168219173644143041e+02
2.959212257058724163e+02 1.040109589359034601e+02 2.168211987827216092e+02
2.958927769194478401e+02 1.039949274348175976e+02 2.168204802010289427e+02
2.958643281330233208e+02 1.039788959337317493e+02 2.168197616193362478e+02
2.958358793465987446e+02 1.039628644326458868e+02 2.168190430376435813e+02
2.958074305601741685e+02 1.039468329315600243e+02 2.168183244559508864e+02
2.957789817737496492e+02 1.039308014304741619e+02 2.168176058742582200e+02
2.957505329873250730e+02 1.039147699293882994e+02 2.168168872925655251e+02
2.957220842009005537e+02 1.038987384283024369e+02 2.168161687108728586e+02
2.956936354144759775e+02 1.038827069272165744e+02 2.168154501291801637e+02
2.956651866280514014e+02 1.038666754261307119e+02 2.168147315474874972e+02
2.956367378416268821e+02 1.038506439250448494e+02 2.168140129657948023e+02
2.956082890552023059e+02 1.038346124239589869e+02 2.168132943841021358e+02
2.955798402687777866e+02 1.038185809228731245e+02 2.168125758024094409e+02
2.955513914823532104e+02 1.038025494217872620e+02 2.168118572207167745e+02
2.955513914823532104e+02 1.038025494217872620e+02 2.168118572207167745e+02
2.955231119692325592e+02 1.037866133091350349e+02 2.168111429146180456e+02
2.954948324561119080e+02 1.037706771964828221e+02 2.168104286085193451e+02
2.954665529429912567e+02 1.037547410838305950e+02 2.168097143024206161e+02
2.954382734298706055e+02 1.037388049711783680e+02 2.168089999963218872e+02
2.954099939167499542e+02 1.037228688585261551e+02 2.168082856902231867e+02
2.953817144036293030e+02 1.037069327458739281e+02 2.168075713841244578e+02
2.953534348905086517e+02 1.036909966332217010e+02 2.168068570780257289e+02
2.953251553773880005e+02 1.036750605205694882e+02 2.168061427719270284e+02
2.952968758642673492e+02 1.036591244079172611e+02 2.168054284658282995e+02
2.952685963511466980e+02 1.036431882952650341e+02 2.168047141597295706e+02
2.952403168380260468e+02 1.036272521826128212e+02 2.168039998536308701e+02
2.952120373249053955e+02 1.036113160699605942e+02 2.168032855475321412e+02
2.951837578117847443e+02 1.035953799573083671e+02 2.168025712414334123e+02
2.951554782986640930e+02 1.035794438446561543e+02 2.168018569353347118e+02
2.951271987855434418e+02 1.035635077320039272e+02 2.168011426292359829e+02
2.950989192724227905e+02 1.035475716193517002e+02 2.168004283231372540e+02
2.950706397593021393e+02 1.035316355066994873e+02 2.167997140170385535e+02
2.950423602461814880e+02 1.035156993940472603e+02 2.167989997109398246e+02
2.950140807330608368e+02 1.034997632813950332e+02 2.167982854048410957e+02
2.949858012199401855e+02 1.034838271687428204e+02 2.167975710987423952e+02
2.949575217068195343e+02 1.034678910560905933e+02 2.167968567926436663e+02
2.949292421936988831e+02 1.034519549434383663e+02 2.167961424865449374e+02
2.949009626805782318e+02 1.034360188307861534e+02 2.167954281804462369e+02
2.948726831674575806e+02 1.034200827181339264e+02 2.167947138743475080e+02
2.948726831674575806e+02 1.034200827181339264e+02 2.167947138743475080e+02
2.948445995772878518e+02 1.034042570131520478e+02 2.167940045170641099e+02
2.948165159871180663e+02 1.033884313081701549e+02 2.167932951597807403e+02
2.947884323969483376e+02 1.033726056031882763e+02 2.167925858024973422e+02
2.947603488067786088e+02 1.033567798982063977e+02 2.167918764452139442e+02
2.947322652166088233e+02 1.033409541932245048e+02 2.167911670879305746e+02
2.947041816264390945e+02 1.033251284882426262e+02 2.167904577306471765e+02
2.946760980362693658e+02 1.033093027832607476e+02 2.167897483733637785e+02
2.946480144460995803e+02 1.032934770782788547e+02 2.167890390160804088e+02
2.946199308559298515e+02 1.032776513732969761e+02 2.167883296587970108e+02
2.945918472657601228e+02 1.032618256683150975e+02 2.167876203015136127e+02
2.945637636755903372e+02 1.032459999633332046e+02 2.167869109442302431e+02
2.945356800854206085e+02 1.032301742583513260e+02 2.167862015869468451e+02
2.945075964952508798e+02 1.032143485533694474e+02 2.167854922296634470e+02
2.944795129050810942e+02 1.031985228483875545e+02 2.167847828723800774e+02
2.944514293149113655e+02 1.031826971434056759e+02 2.167840735150966793e+02
2.944233457247416368e+02 1.031668714384237973e+02 2.167833641578132813e+02
2.943952621345718512e+02 1.031510457334419044e+02 2.167826548005299117e+02
2.943671785444021225e+02 1.031352200284600258e+02 2.167819454432465136e+02
2.943390949542323938e+02 1.031193943234781472e+02 2.167812360859631156e+02
2.943110113640626082e+02 1.031035686184962543e+02 2.167805267286797459e+02
2.942829277738928795e+02 1.030877429135143757e+02 2.167798173713963479e+02
2.942548441837231508e+02 1.030719172085324971e+02 2.167791080141129498e+02
2.942267605935533652e+02 1.030560915035506042e+02 2.167783986568295802e+02
2.941986770033836365e+02 1.030402657985687256e+02 2.167776892995461822e+02
2.941986770033836365e+02 1.030402657985687256e+02 2.167776892995461822e+02
2.941712103056907495e+02 1.030247877264022804e+02 2.167769955242052617e+02
2.941437436079979193e+02 1.030093096542358353e+02 2.167763017488643413e+02
2.941162769103050323e+02 1.029938315820693902e+02 2.167756079735234493e+02
2.940888102126121453e+02 1.029783535099029592e+02 2.167749141981825289e+02
2.940613435149192583e+02 1.029628754377365141e+02 2.167742204228416085e+02
2.940338768172264281e+02 1.029473973655700689e+02 2.167735266475006881e+02
2.940064101195335411e+02 1.029319192934036238e+02 2.167728328721597677e+02
2.939789434218406541e+02 1.029164412212371786e+02 2.167721390968188757e+02
2.939514767241478239e+02 1.029009631490707335e+02 2.167714453214779553e+02
2.939240100264549369e+02 1.028854850769043026e+02 2.167707515461370349e+02
2.938965433287620499e+02 1.028700070047378574e+02 2.167700577707961145e+02
2.938690766310691629e+02 1.028545289325714123e+02 2.167693639954551941e+02
2.938416099333763327e+02 1.028390508604049671e+02 2.167686702201143021e+02
2.938141432356834457e+02 1.028235727882385220e+02 2.167679764447733817e+02
2.937866765379905587e+02 1.028080947160720768e+02 2.167672826694324613e+02
2.937592098402976717e+02 1.027926166439056459e+02 2.167665888940915409e+02
2.937317431426048415e+02 1.027771385717392008e+02 2.167658951187506204e+02
2.937042764449119545e+02 1.027616604995727556e+02 2.167652013434097285e+02
2.936768097472190675e+02 1.027461824274063105e+02 2.167645075680688080e+02
2.936493430495262373e+02 1.027307043552398653e+02 2.167638137927278876e+02
2.936218763518333503e+02 1.027152262830734202e+02 2.167631200173869672e+02
2.935944096541404633e+02 1.026997482109069892e+02 2.167624262420460468e+02
2.935669429564475763e+02 1.026842701387405441e+02 2.167617324667051548e+02
2.935394762587547461e+02 1.026687920665740990e+02 2.167610386913642344e+02
2.935120095610618591e+02 1.026533139944076538e+02 2.167603449160233140e+02
2.935120095610618591e+02 1.026533139944076538e+02 2.167603449160233140e+02
2.934851571271817079e+02 1.026381820713480266e+02 2.167596666562215830e+02
2.934583046933014998e+02 1.026230501482884137e+02 2.167589883964198236e+02
2.934314522594213486e+02 1.026079182252287865e+02 2.167583101366180927e+02
2.934045998255411973e+02 1.025927863021691593e+02 2.167576318768163617e+02
2.933777473916609893e+02 1.025776543791095463e+02 2.167569536170146023e+02
2.933508949577808380e+02 1.025625224560499191e+02 2.167562753572128713e+02
2.933240425239006868e+02 1.025473905329902919e+02 2.167555970974111403e+02
2.932971900900204787e+02 1.025322586099306790e+02 2.167549188376093809e+02
2.932703376561403275e+02 1.025171266868710518e+02 2.167542405778076500e+02
2.932434852222601762e+02 1.025019947638114246e+02 2.167535623180059190e+02
2.932166327883799681e+02 1.024868628407518116e+02 2.167528840582041596e+02
2.931897803544998169e+02 1.024717309176921844e+02 2.167522057984024286e+02
2.931629279206196657e+02 1.024565989946325573e+02 2.167515275386006977e+02
2.931360754867394576e+02 1.024414670715729443e+02 2.167508492787989383e+02
2.931092230528593063e+02 1.024263351485133171e+02 2.167501710189972073e+02
2.930823706189791551e+02 1.024112032254536899e+02 2.167494927591954763e+02
2.930555181850989470e+02 1.023960713023940770e+02 2.167488144993937169e+02
2.930286657512187958e+02 1.023809393793344498e+02 2.167481362395919859e+02
2.930018133173386445e+02 1.023658074562748226e+02 2.167474579797902550e+02
2.929749608834584365e+02 1.023506755332152096e+02 2.167467797199884956e+02
2.929481084495782852e+02 1.023355436101555824e+02 2.167461014601867646e+02
2.929212560156981340e+02 1.023204116870959552e+02 2.167454232003850336e+02
2.928944035818179259e+02 1.023052797640363423e+02 2.167447449405832742e+02
2.928675511479377747e+02 1.022901478409767151e+02 2.167440666807815433e+02
2.928675511479377747e+02 1.022901478409767151e+02 2.167440666807815433e+02
2.928380722498893647e+02 1.022766101455688528e+02 2.167477889684960246e+02
2.928085933518409547e+02 1.022630724501609762e+02 2.167515112562105060e+02
2.927791144537925447e+02 1.022495347547531139e+02 2.167552335439249873e+02
2.927496355557441916e+02 1.022359970593452516e+02 2.167589558316394687e+02
2.927201566576957816e+02 1.022224593639373751e+02 2.167626781193539500e+02
2.926906777596473717e+02 1.022089216685295128e+02 2.167664004070684314e+02
2.926611988615989617e+02 1.021953839731216362e+02 2.167701226947829127e+02
2.926317199635505517e+02 1.021818462777137739e+02 2.167738449824973941e+02
2.926022410655021417e+02 1.021683085823059116e+02 2.167775672702118754e+02
2.925727621674537886e+02 1.021547708868980351e+02 2.167812895579263568e+02
2.925432832694053786e+02 1.021412331914901728e+02 2.167850118456408381e+02
2.925138043713569687e+02 1.021276954960823105e+02 2.167887341333553195e+02
2.924843254733085587e+02 1.021141578006744339e+02 2.167924564210698009e+02
2.924548465752601487e+02 1.021006201052665716e+02 2.167961787087842822e+02
2.924253676772117387e+02 1.020870824098587093e+02 2.167999009964987636e+02
2.923958887791633856e+02 1.020735447144508328e+02 2.168036232842132449e+02
2.923664098811149756e+02 1.020600070190429705e+02 2.168073455719277263e+02
2.923369309830665657e+02 1.020464693236351081e+02 2.168110678596422076e+02
2.923074520850181557e+02 1.020329316282272316e+02 2.168147901473566890e+02
2.922779731869697457e+02 1.020193939328193693e+02 2.168185124350711703e+02
2.922484942889213357e+02 1.020058562374114928e+02 2.168222347227856517e+02
2.922190153908729826e+02 1.019923185420036305e+02 2.168259570105001330e+02
2.921895364928245726e+02 1.019787808465957681e+02 2.168296792982146144e+02
2.921600575947761627e+02 1.019652431511878916e+02 2.168334015859290957e+02
2.921305786967277527e+02 1.019517054557800293e+02 2.168371238736435771e+02
2.921305786967277527e+02 1.019517054557800293e+02 2.168371238736435771e+02
2.921013457202911354e+02 1.019382806956768093e+02 2.168408151091262823e+02
2.920721127438545182e+02 1.019248559355735750e+02 2.168445063446089591e+02
2.920428797674179009e+02 1.019114311754703550e+02 2.168481975800916643e+02
2.920136467909812836e+02 1.018980064153671208e+02 2.168518888155743412e+02
2.919844138145446664e+02 1.018845816552639008e+02 2.168555800510570464e+02
2.919551808381080491e+02 1.018711568951606807e+02 2.168592712865397232e+02
2.919259478616714318e+02 1.018577321350574465e+02 2.168629625220224284e+02
2.918967148852348146e+02 1.018443073749542265e+02 2.168666537575051052e+02
2.918674819087981973e+02 1.018308826148509922e+02 2.168703449929878104e+02
2.918382489323615800e+02 1.018174578547477722e+02 2.168740362284705157e+02
2.918090159559249628e+02 1.018040330946445522e+02 2.168777274639531925e+02
2.917797829794883455e+02 1.017906083345413180e+02 2.168814186994358977e+02
2.917505500030517851e+02 1.017771835744380979e+02 2.168851099349185745e+02
2.917213170266151678e+02 1.017637588143348637e+02 2.168888011704012797e+02
2.916920840501785506e+02 1.017503340542316437e+02 2.168924924058839565e+02
2.916628510737419333e+02 1.017369092941284237e+02 2.168961836413666617e+02
2.916336180973053160e+02 1.017234845340251894e+02 2.168998748768493670e+02
2.916043851208686988e+02 1.017100597739219694e+02 2.169035661123320438e+02
2.915751521444320815e+02 1.016966350138187352e+02 2.169072573478147490e+02
2.915459191679954642e+02 1.016832102537155151e+02 2.169109485832974258e+02
2.915166861915588470e+02 1.016697854936122951e+02 2.169146398187801310e+02
2.914874532151222297e+02 1.016563607335090609e+02 2.169183310542628078e+02
2.914582202386856125e+02 1.016429359734058409e+02 2.169220222897455130e+02
2.914289872622489952e+02 1.016295112133026066e+02 2.169257135252281898e+02
2.913997542858123779e+02 1.016160864531993866e+02 2.169294047607108951e+02
2.913997542858123779e+02 1.016160864531993866e+02 2.169294047607108951e+02
2.913708404445648057e+02 1.016028082513809210e+02 2.169330556989833667e+02
2.913419266033172335e+02 1.015895300495624554e+02 2.169367066372558384e+02
2.913130127620697181e+02 1.015762518477439897e+02 2.169403575755283100e+02
2.912840989208221458e+02 1.015629736459255241e+02 2.169440085138008101e+02
2.912551850795745736e+02 1.015496954441070585e+02 2.169476594520732817e+02
2.912262712383270014e+02 1.015364172422885929e+02 2.169513103903457534e+02
2.911973573970794860e+02 1.015231390404701273e+02 2.169549613286182250e+02
2.911684435558319137e+02 1.015098608386516617e+02 2.169586122668906967e+02
2.911395297145843415e+02 1.014965826368331960e+02 2.169622632051631683e+02
2.911106158733367693e+02 1.014833044350147304e+02 2.169659141434356684e+02
2.910817020320892539e+02 1.014700262331962648e+02 2.169695650817081400e+02
2.910527881908416816e+02 1.014567480313777992e+02 2.169732160199806117e+02
2.910238743495941094e+02 1.014434698295593194e+02 2.169768669582530833e+02
2.909949605083465372e+02 1.014301916277408537e+02 2.169805178965255550e+02
2.909660466670990218e+02 1.014169134259223881e+02 2.169841688347980266e+02
2.909371328258514495e+02 1.014036352241039225e+02 2.169878197730705267e+02
2.909082189846038773e+02 1.013903570222854569e+02 2.169914707113429984e+02
2.908793051433563051e+02 1.013770788204669913e+02 2.169951216496154700e+02
2.908503913021087897e+02 1.013638006186485256e+02 2.169987725878879417e+02
2.908214774608612174e+02 1.013505224168300600e+02 2.170024235261604133e+02
2.907925636196136452e+02 1.013372442150115944e+02 2.170060744644328850e+02
2.907636497783660730e+02 1.013239660131931288e+02 2.170097254027053850e+02
2.907347359371185576e+02 1.013106878113746632e+02 2.170133763409778567e+02
2.907058220958709853e+02 1.012974096095561976e+02 2.170170272792503283e+02
2.906769082546234131e+02 1.012841314077377319e+02 2.170206782175228000e+02
2.906769082546234131e+02 1.012841314077377319e+02 2.170206782175228000e+02
2.906480173225755834e+02 1.012708637250794368e+02 2.170243262632370431e+02
2.906191263905278106e+02 1.012575960424211274e+02 2.170279743089513147e+02
2.905902354584799809e+02 1.012443283597628323e+02 2.170316223546655579e+02
2.905613445264321513e+02 1.012310606771045229e+02 2.170352704003798294e+02
2.905324535943843784e+02 1.012177929944462278e+02 2.170389184460940726e+02
2.905035626623365488e+02 1.012045253117879184e+02 2.170425664918083157e+02
2.904746717302887760e+02 1.011912576291296233e+02 2.170462145375225873e+02
2.904457807982409463e+02 1.011779899464713139e+02 2.170498625832368305e+02
2.904168898661931166e+02 1.011647222638130188e+02 2.170535106289511020e+02
2.903879989341453438e+02 1.011514545811547237e+02 2.170571586746653452e+02
2.903591080020975141e+02 1.011381868984964143e+02 2.170608067203795883e+02
2.903302170700496845e+02 1.011249192158381192e+02 2.170644547660938599e+02
2.903013261380019117e+02 1.011116515331798098e+02 2.170681028118081031e+02
2.902724352059540820e+02 1.010983838505215147e+02 2.170717508575223746e+02
2.902435442739063092e+02 1.010851161678632053e+02 2.170753989032366178e+02
2.902146533418584795e+02 1.010718484852049102e+02 2.170790469489508894e+02
2.901857624098106498e+02 1.010585808025466008e+02 2.170826949946651325e+02
2.901568714777628770e+02 1.010453131198883057e+02 2.170863430403793757e+02
2.901279805457150474e+02 1.010320454372300105e+02 2.170899910860936473e+02
2.900990896136672177e+02 1.010187777545717012e+02 2.170936391318078904e+02
2.900701986816194449e+02 1.010055100719134060e+02 2.170972871775221620e+02
2.900413077495716152e+02 1.009922423892550967e+02 2.171009352232364051e+02
2.900124168175238424e+02 1.009789747065968015e+02 2.171045832689506483e+02
2.899835258854760127e+02 1.009657070239384922e+02 2.171082313146649199e+02
2.899546349534281831e+02 1.009524393412801970e+02 2.171118793603791630e+02
2.899257440213804102e+02 1.009391716586218877e+02 2.171155274060934346e+02
2.898968530893325806e+02 1.009259039759635925e+02 2.171191754518076777e+02
