2.733275148449578751e+02 7.634519031515691267e+01 1.087640582925081247e+02
2.733013355473423189e+02 7.637187824630709088e+01 1.087639835233464822e+02
2.732751562497268196e+02 7.639856617745725487e+01 1.087639087541848397e+02
2.732489769521112635e+02 7.642525410860741886e+01 1.087638339850231972e+02
2.732227976544957073e+02 7.645194203975759706e+01 1.087637592158615547e+02
2.731966183568801512e+02 7.647862997090777526e+01 1.087636844466999122e+02
2.731704390592645950e+02 7.650531790205793925e+01 1.087636096775382697e+02
2.731442597616490957e+02 7.653200583320810324e+01 1.087635349083766272e+02
2.731180804640335396e+02 7.655869376435828144e+01 1.087634601392149989e+02
2.730919011664179834e+02 7.658538169550845964e+01 1.087633853700533564e+02
2.730657218688024841e+02 7.661206962665862363e+01 1.087633106008917139e+02
2.730395425711869279e+02 7.663875755780878762e+01 1.087632358317300714e+02
2.730133632735713718e+02 7.666544548895896583e+01 1.087631610625684289e+02
2.729871839759558156e+02 7.669213342010914403e+01 1.087630862934067864e+02
2.729610046783402595e+02 7.671882135125930802e+01 1.087630115242451438e+02
2.729348253807247602e+02 7.674550928240947201e+01 1.087629367550835013e+02
2.729086460831092040e+02 7.677219721355965021e+01 1.087628619859218588e+02
2.729086460831092040e+02 7.677219721355965021e+01 1.087628619859218588e+02
2.728771229334279838e+02 7.680433282165287778e+01 1.087627719544966993e+02
2.728455997837467635e+02 7.683646842974610536e+01 1.087626819230715398e+02
2.728140766340655432e+02 7.686860403783931872e+01 1.087625918916463803e+02
2.727825534843843229e+02 7.690073964593254630e+01 1.087625018602212208e+02
2.727510303347031027e+02 7.693287525402577387e+01 1.087624118287960755e+02
2.727195071850218824e+02 7.696501086211900144e+01 1.087623217973709160e+02
2.726879840353406621e+02 7.699714647021221481e+01 1.087622317659457565e+02
2.726564608856594418e+02 7.702928207830544238e+01 1.087621417345205970e+02
2.726249377359782216e+02 7.706141768639866996e+01 1.087620517030954375e+02
2.725934145862970013e+02 7.709355329449189753e+01 1.087619616716702780e+02
2.725618914366157810e+02 7.712568890258512511e+01 1.087618716402451184e+02
2.725303682869345607e+02 7.715782451067833847e+01 1.087617816088199589e+02
2.724988451372533405e+02 7.718996011877156604e+01 1.087616915773947994e+02
2.724673219875721202e+02 7.722209572686479362e+01 1.087616015459696541e+02
2.724357988378908999e+02 7.725423133495802119e+01 1.087615115145444946e+02
2.724042756882096796e+02 7.728636694305123456e+01 1.087614214831193351e+02
2.723727525385284594e+02 7.731850255114446213e+01 1.087613314516941756e+02
2.723412293888472391e+02 7.735063815923768971e+01 1.087612414202690161e+02
2.723412293888472391e+02 7.735063815923768971e+01 1.087612414202690161e+02
2.723172978138958342e+02 7.737503469706686587e+01 1.087611730706966853e+02
2.722933662389444294e+02 7.739943123489602783e+01 1.087611047211243545e+02
2.722694346639929677e+02 7.742382777272520400e+01 1.087610363715520236e+02
2.722455030890415628e+02 7.744822431055436596e+01 1.087609680219797070e+02
2.722215715140901580e+02 7.747262084838354212e+01 1.087608996724073762e+02
2.721976399391387531e+02 7.749701738621270408e+01 1.087608313228350454e+02
2.721737083641872914e+02 7.752141392404188025e+01 1.087607629732627146e+02
2.721497767892358866e+02 7.754581046187104221e+01 1.087606946236903838e+02
2.721258452142844817e+02 7.757020699970021838e+01 1.087606262741180529e+02
2.721019136393330768e+02 7.759460353752938033e+01 1.087605579245457363e+02
2.720779820643816151e+02 7.761900007535855650e+01 1.087604895749734055e+02
2.720540504894302103e+02 7.764339661318771846e+01 1.087604212254010747e+02
2.720301189144788054e+02 7.766779315101689463e+01 1.087603528758287439e+02
2.720061873395274006e+02 7.769218968884607079e+01 1.087602845262564131e+02
2.719822557645759957e+02 7.771658622667523275e+01 1.087602161766840823e+02
2.719583241896245340e+02 7.774098276450440892e+01 1.087601478271117514e+02
2.719343926146731292e+02 7.776537930233357088e+01 1.087600794775394348e+02
2.719104610397217243e+02 7.778977584016274704e+01 1.087600111279671040e+02
2.718865294647703195e+02 7.781417237799190900e+01 1.087599427783947732e+02
2.718625978898188578e+02 7.783856891582108517e+01 1.087598744288224424e+02
2.718386663148674529e+02 7.786296545365024713e+01 1.087598060792501116e+02
2.718147347399160481e+02 7.788736199147942330e+01 1.087597377296777807e+02
2.717908031649646432e+02 7.791175852930858525e+01 1.087596693801054641e+02
2.717668715900131815e+02 7.793615506713776142e+01 1.087596010305331333e+02
2.717429400150617766e+02 7.796055160496692338e+01 1.087595326809608025e+02
2.717190084401103718e+02 7.798494814279609955e+01 1.087594643313884717e+02
2.717190084401103718e+02 7.798494814279609955e+01 1.087594643313884717e+02
2.716946077888223385e+02 7.800982287057368580e+01 1.087593946421146427e+02
2.716702071375342484e+02 7.803469759835127206e+01 1.087593249528407995e+02
2.716458064862462152e+02 7.805957232612887253e+01 1.087592552635669705e+02
2.716214058349581251e+02 7.808444705390645879e+01 1.087591855742931415e+02
2.715970051836700918e+02 7.810932178168404505e+01 1.087591158850192983e+02
2.715726045323820017e+02 7.813419650946163131e+01 1.087590461957454693e+02
2.715482038810939684e+02 7.815907123723923178e+01 1.087589765064716403e+02
2.715238032298058783e+02 7.818394596501681804e+01 1.087589068171977971e+02
2.714994025785178451e+02 7.820882069279440429e+01 1.087588371279239681e+02
2.714750019272297550e+02 7.823369542057199055e+01 1.087587674386501249e+02
2.714506012759417217e+02 7.825857014834957681e+01 1.087586977493762959e+02
2.714262006246536316e+02 7.828344487612717728e+01 1.087586280601024669e+02
2.714017999733655984e+02 7.830831960390476354e+01 1.087585583708286237e+02
2.713773993220775083e+02 7.833319433168234980e+01 1.087584886815547947e+02
2.713529986707894750e+02 7.835806905945993606e+01 1.087584189922809657e+02
2.713285980195014417e+02 7.838294378723752232e+01 1.087583493030071224e+02
2.713041973682133516e+02 7.840781851501512278e+01 1.087582796137332934e+02
2.712797967169253184e+02 7.843269324279270904e+01 1.087582099244594644e+02
2.712553960656372283e+02 7.845756797057029530e+01 1.087581402351856212e+02
2.712309954143491950e+02 7.848244269834788156e+01 1.087580705459117922e+02
2.712065947630611049e+02 7.850731742612546782e+01 1.087580008566379632e+02
2.711821941117730717e+02 7.853219215390306829e+01 1.087579311673641200e+02
2.711577934604849816e+02 7.855706688168065455e+01 1.087578614780902910e+02
2.711333928091969483e+02 7.858194160945824080e+01 1.087577917888164478e+02
2.711089921579088582e+02 7.860681633723582706e+01 1.087577220995426188e+02
2.710845915066208249e+02 7.863169106501342753e+01 1.087576524102687898e+02
2.710601908553327348e+02 7.865656579279101379e+01 1.087575827209949466e+02
2.710357902040447016e+02 7.868144052056860005e+01 1.087575130317211176e+02
2.710357902040447016e+02 7.868144052056860005e+01 1.087575130317211176e+02
2.710164956756896686e+02 7.870110991933844957e+01 1.087574579257465217e+02
2.709972011473345788e+02 7.872077931810831330e+01 1.087574028197719258e+02
2.709779066189795458e+02 7.874044871687816283e+01 1.087573477137973299e+02
2.709586120906244560e+02 7.876011811564801235e+01 1.087572926078227340e+02
2.709393175622694230e+02 7.877978751441786187e+01 1.087572375018481381e+02
2.709200230339143900e+02 7.879945691318772560e+01 1.087571823958735280e+02
2.709007285055593002e+02 7.881912631195757513e+01 1.087571272898989321e+02
2.708814339772042672e+02 7.883879571072742465e+01 1.087570721839243362e+02
2.708621394488492342e+02 7.885846510949728838e+01 1.087570170779497403e+02
2.708428449204941444e+02 7.887813450826713790e+01 1.087569619719751444e+02
2.708235503921391114e+02 7.889780390703698743e+01 1.087569068660005485e+02
2.708042558637840216e+02 7.891747330580683695e+01 1.087568517600259526e+02
2.707849613354289886e+02 7.893714270457670068e+01 1.087567966540513567e+02
2.707656668070739556e+02 7.895681210334655020e+01 1.087567415480767608e+02
2.707463722787188658e+02 7.897648150211639972e+01 1.087566864421021648e+02
2.707270777503638328e+02 7.899615090088626346e+01 1.087566313361275547e+02
2.707077832220087430e+02 7.901582029965611298e+01 1.087565762301529588e+02
2.706884886936537100e+02 7.903548969842596250e+01 1.087565211241783629e+02
2.706691941652986770e+02 7.905515909719582623e+01 1.087564660182037670e+02
2.706498996369435872e+02 7.907482849596567576e+01 1.087564109122291711e+02
2.706306051085885542e+02 7.909449789473552528e+01 1.087563558062545752e+02
2.706113105802334644e+02 7.911416729350537480e+01 1.087563007002799793e+02
2.705920160518784314e+02 7.913383669227523853e+01 1.087562455943053834e+02
2.705727215235233984e+02 7.915350609104508806e+01 1.087561904883307875e+02
2.705534269951683086e+02 7.917317548981493758e+01 1.087561353823561916e+02
2.705341324668132756e+02 7.919284488858480131e+01 1.087560802763815815e+02
2.705148379384582427e+02 7.921251428735465083e+01 1.087560251704069856e+02
2.704955434101031528e+02 7.923218368612450035e+01 1.087559700644323897e+02
2.704762488817481199e+02 7.925185308489434988e+01 1.087559149584577938e+02
2.704569543533930300e+02 7.927152248366421361e+01 1.087558598524831979e+02
2.704376598250379971e+02 7.929119188243406313e+01 1.087558047465086020e+02
2.704376598250379971e+02 7.929119188243406313e+01 1.087558047465086020e+02
2.704281302187525284e+02 7.931221278685529796e+01 1.087564974618223061e+02
2.704186006124670030e+02 7.933323369127651858e+01 1.087571901771359961e+02
2.704090710061815344e+02 7.935425459569775342e+01 1.087578828924497003e+02
2.703995413998960657e+02 7.937527550011898825e+01 1.087585756077634045e+02
2.703900117936105971e+02 7.939629640454022308e+01 1.087592683230770945e+02
2.703804821873250717e+02 7.941731730896144370e+01 1.087599610383907986e+02
2.703709525810396030e+02 7.943833821338267853e+01 1.087606537537045028e+02
2.703614229747541344e+02 7.945935911780391336e+01 1.087613464690181928e+02
2.703518933684686658e+02 7.948038002222514820e+01 1.087620391843318970e+02
2.703423637621831404e+02 7.950140092664636882e+01 1.087627318996456012e+02
2.703328341558976717e+02 7.952242183106760365e+01 1.087634246149592911e+02
2.703233045496122031e+02 7.954344273548883848e+01 1.087641173302729953e+02
2.703137749433267345e+02 7.956446363991007331e+01 1.087648100455866995e+02
2.703042453370412090e+02 7.958548454433129393e+01 1.087655027609003895e+02
2.702947157307557404e+02 7.960650544875252876e+01 1.087661954762140937e+02
2.702851861244702718e+02 7.962752635317376360e+01 1.087668881915277979e+02
2.702756565181848032e+02 7.964854725759499843e+01 1.087675809068414878e+02
2.702661269118992777e+02 7.966956816201621905e+01 1.087682736221551920e+02
2.702565973056138091e+02 7.969058906643745388e+01 1.087689663374688962e+02
2.702470676993283405e+02 7.971160997085868871e+01 1.087696590527825862e+02
2.702375380930428719e+02 7.973263087527992354e+01 1.087703517680962904e+02
2.702280084867573464e+02 7.975365177970114416e+01 1.087710444834099945e+02
2.702184788804718778e+02 7.977467268412237900e+01 1.087717371987236845e+02
2.702089492741864092e+02 7.979569358854361383e+01 1.087724299140373887e+02
2.701994196679009406e+02 7.981671449296484866e+01 1.087731226293510929e+02
2.701898900616154151e+02 7.983773539738606928e+01 1.087738153446647829e+02
2.701803604553299465e+02 7.985875630180730411e+01 1.087745080599784870e+02
2.701803604553299465e+02 7.985875630180730411e+01 1.087745080599784870e+02
2.701967146368210706e+02 7.990255910393291572e+01 1.087725425641285710e+02
2.702130688183121947e+02 7.994636190605852732e+01 1.087705770682786692e+02
2.702294229998032620e+02 7.999016470818413893e+01 1.087686115724287532e+02
2.702457771812943861e+02 8.003396751030975054e+01 1.087666460765788372e+02
2.702621313627855102e+02 8.007777031243534793e+01 1.087646805807289354e+02
2.702784855442766343e+02 8.012157311456095954e+01 1.087627150848790194e+02
2.702948397257677584e+02 8.016537591668657114e+01 1.087607495890291176e+02
2.703111939072588257e+02 8.020917871881218275e+01 1.087587840931792016e+02
2.703275480887499498e+02 8.025298152093779436e+01 1.087568185973292856e+02
2.703439022702410739e+02 8.029678432306340596e+01 1.087548531014793838e+02
2.703602564517321980e+02 8.034058712518901757e+01 1.087528876056294678e+02
2.703766106332232653e+02 8.038438992731462918e+01 1.087509221097795518e+02
2.703929648147143894e+02 8.042819272944024078e+01 1.087489566139296500e+02
2.704093189962055135e+02 8.047199553156585239e+01 1.087469911180797340e+02
2.704256731776966376e+02 8.051579833369144978e+01 1.087450256222298322e+02
2.704420273591877617e+02 8.055960113581706139e+01 1.087430601263799161e+02
2.704583815406788290e+02 8.060340393794267300e+01 1.087410946305300001e+02
2.704747357221699531e+02 8.064720674006828460e+01 1.087391291346800983e+02
2.704910899036610772e+02 8.069100954219389621e+01 1.087371636388301823e+02
2.704910899036610772e+02 8.069100954219389621e+01 1.087371636388301823e+02
2.705127074060960126e+02 8.071628847832077724e+01 1.087368310051475220e+02
2.705343249085309481e+02 8.074156741444764407e+01 1.087364983714648616e+02
2.705559424109658266e+02 8.076684635057452510e+01 1.087361657377822013e+02
2.705775599134007621e+02 8.079212528670140614e+01 1.087358331040995409e+02
2.705991774158356975e+02 8.081740422282828717e+01 1.087355004704168806e+02
2.706207949182706329e+02 8.084268315895516821e+01 1.087351678367342203e+02
2.706424124207055684e+02 8.086796209508203503e+01 1.087348352030515599e+02
2.706640299231404470e+02 8.089324103120891607e+01 1.087345025693688996e+02
2.706856474255753824e+02 8.091851996733579711e+01 1.087341699356862392e+02
2.707072649280103178e+02 8.094379890346266393e+01 1.087338373020035789e+02
2.707288824304452532e+02 8.096907783958954496e+01 1.087335046683209185e+02
2.707504999328801318e+02 8.099435677571642600e+01 1.087331720346382582e+02
2.707721174353150673e+02 8.101963571184330704e+01 1.087328394009555979e+02
2.707937349377500027e+02 8.104491464797018807e+01 1.087325067672729517e+02
2.708153524401849381e+02 8.107019358409705490e+01 1.087321741335902914e+02
2.708369699426198736e+02 8.109547252022393593e+01 1.087318414999076310e+02
2.708585874450547522e+02 8.112075145635081697e+01 1.087315088662249707e+02
2.708802049474896876e+02 8.114603039247768379e+01 1.087311762325423103e+02
2.709018224499246230e+02 8.117130932860456483e+01 1.087308435988596500e+02
2.709234399523595584e+02 8.119658826473144586e+01 1.087305109651769897e+02
2.709450574547944370e+02 8.122186720085832690e+01 1.087301783314943293e+02
2.709666749572293725e+02 8.124714613698520793e+01 1.087298456978116690e+02
2.709882924596643079e+02 8.127242507311207476e+01 1.087295130641290086e+02
2.710099099620992433e+02 8.129770400923895579e+01 1.087291804304463483e+02
2.710315274645341788e+02 8.132298294536583683e+01 1.087288477967636879e+02
2.710531449669690574e+02 8.134826188149270365e+01 1.087285151630810276e+02
2.710747624694039928e+02 8.137354081761958469e+01 1.087281825293983673e+02
2.710963799718389282e+02 8.139881975374646572e+01 1.087278498957157069e+02
2.710963799718389282e+02 8.139881975374646572e+01 1.087278498957157069e+02
2.711127987902143559e+02 8.141801948610411443e+01 1.087275972554286199e+02
2.711292176085897836e+02 8.143721921846177736e+01 1.087273446151415470e+02
2.711456364269652113e+02 8.145641895081942607e+01 1.087270919748544600e+02
2.711620552453406958e+02 8.147561868317707479e+01 1.087268393345673871e+02
2.711784740637161235e+02 8.149481841553473771e+01 1.087265866942803001e+02
2.711948928820915512e+02 8.151401814789238642e+01 1.087263340539932130e+02
2.712113117004669789e+02 8.153321788025003514e+01 1.087260814137061402e+02
2.712277305188424066e+02 8.155241761260769806e+01 1.087258287734190532e+02
2.712441493372178343e+02 8.157161734496534677e+01 1.087255761331319803e+02
2.712605681555932620e+02 8.159081707732299549e+01 1.087253234928448933e+02
2.712769869739686897e+02 8.161001680968065841e+01 1.087250708525578062e+02
2.712934057923441742e+02 8.162921654203830713e+01 1.087248182122707334e+02
2.713098246107196019e+02 8.164841627439595584e+01 1.087245655719836464e+02
2.713262434290950296e+02 8.166761600675361876e+01 1.087243129316965735e+02
2.713426622474704573e+02 8.168681573911126748e+01 1.087240602914094865e+02
2.713590810658458850e+02 8.170601547146891619e+01 1.087238076511223994e+02
2.713754998842213126e+02 8.172521520382657911e+01 1.087235550108353266e+02
2.713919187025967403e+02 8.174441493618422783e+01 1.087233023705482395e+02
2.714083375209722249e+02 8.176361466854187654e+01 1.087230497302611667e+02
2.714247563393476526e+02 8.178281440089953946e+01 1.087227970899740797e+02
2.714411751577230802e+02 8.180201413325718818e+01 1.087225444496869926e+02
2.714575939760985079e+02 8.182121386561483689e+01 1.087222918093999198e+02
2.714740127944739356e+02 8.184041359797249982e+01 1.087220391691128327e+02
2.714904316128493633e+02 8.185961333033014853e+01 1.087217865288257599e+02
2.715068504312247910e+02 8.187881306268779724e+01 1.087215338885386728e+02
2.715232692496002187e+02 8.189801279504546017e+01 1.087212812482515858e+02
2.715396880679757032e+02 8.191721252740310888e+01 1.087210286079645130e+02
2.715561068863511309e+02 8.193641225976075759e+01 1.087207759676774259e+02
2.715725257047265586e+02 8.195561199211842052e+01 1.087205233273903531e+02
2.715889445231019863e+02 8.197481172447606923e+01 1.087202706871032660e+02
2.715889445231019863e+02 8.197481172447606923e+01 1.087202706871032660e+02
2.715933842492950703e+02 8.199548675506618167e+01 1.087490652633011337e+02
2.715978239754881542e+02 8.201616178565629411e+01 1.087778598394989871e+02
2.716022637016811814e+02 8.203683681624640656e+01 1.088066544156968547e+02
2.716067034278742653e+02 8.205751184683651900e+01 1.088354489918947223e+02
2.716111431540673493e+02 8.207818687742663144e+01 1.088642435680925757e+02
2.716155828802604333e+02 8.209886190801674388e+01 1.088930381442904434e+02
2.716200226064535173e+02 8.211953693860685632e+01 1.089218327204883110e+02
2.716244623326465444e+02 8.214021196919696877e+01 1.089506272966861644e+02
2.716289020588396284e+02 8.216088699978708121e+01 1.089794218728840320e+02
2.716333417850327123e+02 8.218156203037719365e+01 1.090082164490818997e+02
2.716377815112257963e+02 8.220223706096730609e+01 1.090370110252797531e+02
2.716422212374188803e+02 8.222291209155741853e+01 1.090658056014776207e+02
2.716466609636119074e+02 8.224358712214753098e+01 1.090946001776754883e+02
2.716511006898049914e+02 8.226426215273764342e+01 1.091233947538733418e+02
2.716555404159980753e+02 8.228493718332775586e+01 1.091521893300712094e+02
2.716599801421911593e+02 8.230561221391786830e+01 1.091809839062690770e+02
2.716644198683841864e+02 8.232628724450798074e+01 1.092097784824669304e+02
2.716688595945772704e+02 8.234696227509809319e+01 1.092385730586647981e+02
2.716732993207703544e+02 8.236763730568820563e+01 1.092673676348626657e+02
2.716777390469634383e+02 8.238831233627831807e+01 1.092961622110605191e+02
2.716821787731565223e+02 8.240898736686843051e+01 1.093249567872583867e+02
2.716866184993495494e+02 8.242966239745854296e+01 1.093537513634562544e+02
2.716910582255426334e+02 8.245033742804865540e+01 1.093825459396541078e+02
2.716954979517357174e+02 8.247101245863876784e+01 1.094113405158519754e+02
2.716954979517357174e+02 8.247101245863876784e+01 1.094113405158519754e+02
2.717162016991868541e+02 8.250538273431131131e+01 1.094222336063561585e+02
2.717369054466379907e+02 8.253975300998386899e+01 1.094331266968603558e+02
2.717576091940891843e+02 8.257412328565641246e+01 1.094440197873645388e+02
2.717783129415403209e+02 8.260849356132895593e+01 1.094549128778687219e+02
2.717990166889914576e+02 8.264286383700149941e+01 1.094658059683729050e+02
2.718197204364425943e+02 8.267723411267405709e+01 1.094766990588771023e+02
2.718404241838937878e+02 8.271160438834660056e+01 1.094875921493812854e+02
2.718611279313449245e+02 8.274597466401914403e+01 1.094984852398854684e+02
2.718818316787960612e+02 8.278034493969168750e+01 1.095093783303896657e+02
2.719025354262471978e+02 8.281471521536424518e+01 1.095202714208938488e+02
2.719232391736983345e+02 8.284908549103678865e+01 1.095311645113980319e+02
2.719439429211495280e+02 8.288345576670933212e+01 1.095420576019022292e+02
2.719646466686006647e+02 8.291782604238187560e+01 1.095529506924064123e+02
2.719853504160518014e+02 8.295219631805443328e+01 1.095638437829105953e+02
2.720060541635029381e+02 8.298656659372697675e+01 1.095747368734147784e+02
2.720267579109541316e+02 8.302093686939952022e+01 1.095856299639189757e+02
2.720474616584052683e+02 8.305530714507206369e+01 1.095965230544231588e+02
2.720681654058564050e+02 8.308967742074462137e+01 1.096074161449273419e+02
2.720888691533075416e+02 8.312404769641716484e+01 1.096183092354315392e+02
2.721095729007586783e+02 8.315841797208970831e+01 1.096292023259357222e+02
2.721302766482098718e+02 8.319278824776225179e+01 1.096400954164399053e+02
2.721509803956610085e+02 8.322715852343480947e+01 1.096509885069441026e+02
2.721716841431121452e+02 8.326152879910735294e+01 1.096618815974482857e+02
2.721923878905632819e+02 8.329589907477989641e+01 1.096727746879524688e+02
2.722130916380144754e+02 8.333026935045243988e+01 1.096836677784566518e+02
2.722337953854656121e+02 8.336463962612499756e+01 1.096945608689608491e+02
2.722544991329167487e+02 8.339900990179754103e+01 1.097054539594650322e+02
2.722544991329167487e+02 8.339900990179754103e+01 1.097054539594650322e+02
2.722752074903357311e+02 8.341570407119205299e+01 1.097136357939243396e+02
2.722959158477547135e+02 8.343239824058656495e+01 1.097218176283836470e+02
2.723166242051736958e+02 8.344909240998107691e+01 1.097299994628429403e+02
2.723373325625926782e+02 8.346578657937558887e+01 1.097381812973022477e+02
2.723580409200116605e+02 8.348248074877010083e+01 1.097463631317615551e+02
2.723787492774306429e+02 8.349917491816461279e+01 1.097545449662208625e+02
2.723994576348496253e+02 8.351586908755912475e+01 1.097627268006801700e+02
2.724201659922686076e+02 8.353256325695363671e+01 1.097709086351394632e+02
2.724408743496875331e+02 8.354925742634816288e+01 1.097790904695987706e+02
2.724615827071065155e+02 8.356595159574267484e+01 1.097872723040580780e+02
2.724822910645254979e+02 8.358264576513718680e+01 1.097954541385173854e+02
2.725029994219444802e+02 8.359933993453169876e+01 1.098036359729766929e+02
2.725237077793634626e+02 8.361603410392621072e+01 1.098118178074359861e+02
2.725444161367824449e+02 8.363272827332072268e+01 1.098199996418952935e+02
2.725651244942014273e+02 8.364942244271523464e+01 1.098281814763546009e+02
2.725858328516204097e+02 8.366611661210974660e+01 1.098363633108139084e+02
2.726065412090393920e+02 8.368281078150425856e+01 1.098445451452732158e+02
2.726272495664583744e+02 8.369950495089877052e+01 1.098527269797325232e+02
2.726479579238773567e+02 8.371619912029328248e+01 1.098609088141918164e+02
2.726686662812963391e+02 8.373289328968779444e+01 1.098690906486511238e+02
2.726893746387153215e+02 8.374958745908230640e+01 1.098772724831104313e+02
2.727100829961343038e+02 8.376628162847681836e+01 1.098854543175697387e+02
2.727307913535532862e+02 8.378297579787133031e+01 1.098936361520290461e+02
2.727514997109722685e+02 8.379966996726584227e+01 1.099018179864883393e+02
2.727722080683912509e+02 8.381636413666035423e+01 1.099099998209476468e+02
2.727929164258102332e+02 8.383305830605486619e+01 1.099181816554069542e+02
2.728136247832292156e+02 8.384975247544939236e+01 1.099263634898662616e+02
2.728343331406481411e+02 8.386644664484390432e+01 1.099345453243255690e+02
2.728550414980671235e+02 8.388314081423841628e+01 1.099427271587848622e+02
2.728757498554861058e+02 8.389983498363292824e+01 1.099509089932441697e+02
2.728964582129050882e+02 8.391652915302744020e+01 1.099590908277034771e+02
2.729171665703240706e+02 8.393322332242195216e+01 1.099672726621627845e+02
2.729378749277430529e+02 8.394991749181646412e+01 1.099754544966220919e+02
2.729585832851620353e+02 8.396661166121097608e+01 1.099836363310813852e+02
2.729792916425810176e+02 8.398330583060548804e+01 1.099918181655406926e+02
2.730000000000000000e+02 8.400000000000000000e+01 1.100000000000000000e+02
2.730000000000000000e+02 8.400000000000000000e+01 1.100000000000000000e+02
2.730000000000000000e+02 8.400000000000000000e+01 1.100000000000000000e+02
2.730000000000000000e+02 8.400000000000000000e+01 1.100000000000000000e+02
2.730000000000000000e+02 8.400000000000000000e+01 1.100000000000000000e+02
2.730000000000000000e+02 8.400000000000000000e+01 1.100000000000000000e+02
2.730000000000000000e+02 8.400000000000000000e+01 1.100000000000000000e+02
2.730000000000000000e+02 8.400000000000000000e+01 1.100000000000000000e+02
2.730000000000000000e+02 8.400000000000000000e+01 1.100000000000000000e+02
2.730000000000000000e+02 8.400000000000000000e+01 1.100000000000000000e+02
2.730000000000000000e+02 8.400000000000000000e+01 1.100000000000000000e+02
2.730000000000000000e+02 8.400000000000000000e+01 1.100000000000000000e+02
2.730000000000000000e+02 8.400000000000000000e+01 1.100000000000000000e+02
2.730000000000000000e+02 8.400000000000000000e+01 1.100000000000000000e+02
2.730000000000000000e+02 8.400000000000000000e+01 1.100000000000000000e+02
2.730000000000000000e+02 8.400000000000000000e+01 1.100000000000000000e+02
2.730000000000000000e+02 8.400000000000000000e+01 1.100000000000000000e+02
2.730000000000000000e+02 8.400000000000000000e+01 1.100000000000000000e+02
2.730000000000000000e+02 8.400000000000000000e+01 1.100000000000000000e+02
2.730000000000000000e+02 8.400000000000000000e+01 1.100000000000000000e+02
2.730000000000000000e+02 8.400000000000000000e+01 1.100000000000000000e+02
2.730000000000000000e+02 8.400000000000000000e+01 1.100000000000000000e+02
2.730000000000000000e+02 8.400000000000000000e+01 1.100000000000000000e+02
2.730000000000000000e+02 8.400000000000000000e+01 1.100000000000000000e+02
2.730000000000000000e+02 8.400000000000000000e+01 1.100000000000000000e+02
2.730000000000000000e+02 8.400000000000000000e+01 1.100000000000000000e+02
2.730000000000000000e+02 8.400000000000000000e+01 1.100000000000000000e+02
2.730000000000000000e+02 8.400000000000000000e+01 1.100000000000000000e+02
2.730000000000000000e+02 8.400000000000000000e+01 1.100000000000000000e+02
2.730000000000000000e+02 8.400000000000000000e+01 1.100000000000000000e+02
2.730000000000000000e+02 8.400000000000000000e+01 1.100000000000000000e+02
2.730000000000000000e+02 8.400000000000000000e+01 1.100000000000000000e+02
2.730000000000000000e+02 8.400000000000000000e+01 1.100000000000000000e+02
2.730000000000000000e+02 8.400000000000000000e+01 1.100000000000000000e+02
2.730000000000000000e+02 8.400000000000000000e+01 1.100000000000000000e+02
2.730157819837223769e+02 8.401766006716820812e+01 1.100204754581749427e+02
2.730315639674447539e+02 8.403532013433641623e+01 1.100409509163498853e+02
2.730473459511670740e+02 8.405298020150462435e+01 1.100614263745248280e+02
2.730631279348894509e+02 8.407064026867283246e+01 1.100819018326997707e+02
2.730789099186118278e+02 8.408830033584104058e+01 1.101023772908747134e+02
2.730946919023341479e+02 8.410596040300923448e+01 1.101228527490496703e+02
2.731104738860565249e+02 8.412362047017744260e+01 1.101433282072246129e+02
2.731262558697789018e+02 8.414128053734565071e+01 1.101638036653995556e+02
2.731420378535012787e+02 8.415894060451385883e+01 1.101842791235744983e+02
2.731578198372236557e+02 8.417660067168206695e+01 1.102047545817494409e+02
2.731736018209459758e+02 8.419426073885027506e+01 1.102252300399243836e+02
2.731893838046683527e+02 8.421192080601848318e+01 1.102457054980993263e+02
2.732051657883907296e+02 8.422958087318669129e+01 1.102661809562742690e+02
2.732209477721130497e+02 8.424724094035489941e+01 1.102866564144492116e+02
2.732367297558354267e+02 8.426490100752310752e+01 1.103071318726241543e+02
2.732525117395578036e+02 8.428256107469130143e+01 1.103276073307991112e+02
2.732682937232801805e+02 8.430022114185950954e+01 1.103480827889740539e+02
2.732840757070025575e+02 8.431788120902771766e+01 1.103685582471489965e+02
2.732998576907248776e+02 8.433554127619592578e+01 1.103890337053239392e+02
2.733156396744472545e+02 8.435320134336413389e+01 1.104095091634988819e+02
2.733314216581696314e+02 8.437086141053234201e+01 1.104299846216738246e+02
2.733472036418919515e+02 8.438852147770055012e+01 1.104504600798487672e+02
2.733629856256143285e+02 8.440618154486875824e+01 1.104709355380237099e+02
2.733787676093367054e+02 8.442384161203696635e+01 1.104914109961986526e+02
2.733945495930590823e+02 8.444150167920517447e+01 1.105118864543735953e+02
2.734103315767814593e+02 8.445916174637338258e+01 1.105323619125485379e+02
2.734261135605037794e+02 8.447682181354157649e+01 1.105528373707234948e+02
2.734418955442261563e+02 8.449448188070978460e+01 1.105733128288984375e+02
2.734576775279485332e+02 8.451214194787799272e+01 1.105937882870733802e+02
2.734734595116708533e+02 8.452980201504620084e+01 1.106142637452483228e+02
2.734892414953932303e+02 8.454746208221440895e+01 1.106347392034232655e+02
2.735050234791156072e+02 8.456512214938261707e+01 1.106552146615982082e+02
2.735050234791156072e+02 8.456512214938261707e+01 1.106552146615982082e+02
2.735213501540996504e+02 8.458339172701771247e+01 1.106763967991958992e+02
2.735376768290836935e+02 8.460166130465282208e+01 1.106975789367935903e+02
2.735540035040677367e+02 8.461993088228791748e+01 1.107187610743912813e+02
2.735703301790517799e+02 8.463820045992302710e+01 1.107399432119889724e+02
2.735866568540358230e+02 8.465647003755812250e+01 1.107611253495866634e+02
2.736029835290198662e+02 8.467473961519323211e+01 1.107823074871843545e+02
2.736193102040039093e+02 8.469300919282832751e+01 1.108034896247820456e+02
2.736356368789879525e+02 8.471127877046343713e+01 1.108246717623797366e+02
2.736519635539719957e+02 8.472954834809853253e+01 1.108458538999774277e+02
2.736682902289560388e+02 8.474781792573364214e+01 1.108670360375751187e+02
2.736846169039400820e+02 8.476608750336873754e+01 1.108882181751728098e+02
2.737009435789240683e+02 8.478435708100383295e+01 1.109094003127705008e+02
2.737172702539081115e+02 8.480262665863894256e+01 1.109305824503681919e+02
2.737335969288921547e+02 8.482089623627403796e+01 1.109517645879658829e+02
2.737499236038761978e+02 8.483916581390914757e+01 1.109729467255635740e+02
2.737662502788602410e+02 8.485743539154424298e+01 1.109941288631612650e+02
2.737825769538442842e+02 8.487570496917935259e+01 1.110153110007589561e+02
2.737989036288283273e+02 8.489397454681444799e+01 1.110364931383566471e+02
2.738152303038123705e+02 8.491224412444955760e+01 1.110576752759543382e+02
2.738315569787964137e+02 8.493051370208465300e+01 1.110788574135520292e+02
2.738478836537804568e+02 8.494878327971976262e+01 1.111000395511497203e+02
2.738642103287645000e+02 8.496705285735485802e+01 1.111212216887474113e+02
2.738642103287645000e+02 8.496705285735485802e+01 1.111212216887474113e+02
2.738866436272381293e+02 8.496031911265561121e+01 1.111437988040506895e+02
2.739090769257118154e+02 8.495358536795637860e+01 1.111663759193539676e+02
2.739315102241854447e+02 8.494685162325714600e+01 1.111889530346572457e+02
2.739539435226590740e+02 8.494011787855789919e+01 1.112115301499605238e+02
2.739763768211327033e+02 8.493338413385865238e+01 1.112341072652638019e+02
2.739988101196063894e+02 8.492665038915941977e+01 1.112566843805670800e+02
2.740212434180800187e+02 8.491991664446018717e+01 1.112792614958703581e+02
2.740436767165536480e+02 8.491318289976094036e+01 1.113018386111736362e+02
2.740661100150273342e+02 8.490644915506169355e+01 1.113244157264769143e+02
2.740885433135009634e+02 8.489971541036246094e+01 1.113469928417801924e+02
2.741109766119745927e+02 8.489298166566322834e+01 1.113695699570834705e+02
2.741334099104482789e+02 8.488624792096398153e+01 1.113921470723867486e+02
2.741558432089219082e+02 8.487951417626473472e+01 1.114147241876900267e+02
2.741782765073955375e+02 8.487278043156550211e+01 1.114373013029933048e+02
2.742007098058692236e+02 8.486604668686626951e+01 1.114598784182965829e+02
2.742231431043428529e+02 8.485931294216702270e+01 1.114824555335998610e+02
2.742455764028164822e+02 8.485257919746777588e+01 1.115050326489031391e+02
2.742680097012901115e+02 8.484584545276854328e+01 1.115276097642064173e+02
2.742904429997637976e+02 8.483911170806931068e+01 1.115501868795096954e+02
2.743128762982374269e+02 8.483237796337006387e+01 1.115727639948129735e+02
2.743128762982374269e+02 8.483237796337006387e+01 1.115727639948129735e+02
2.743253627250183513e+02 8.482400540997028315e+01 1.116009012729754915e+02
2.743378491517992757e+02 8.481563285657051665e+01 1.116290385511380094e+02
2.743503355785802569e+02 8.480726030317073594e+01 1.116571758293005274e+02
2.743628220053611813e+02 8.479888774977096944e+01 1.116853131074630454e+02
2.743753084321421056e+02 8.479051519637118872e+01 1.117134503856255492e+02
2.743877948589230300e+02 8.478214264297142222e+01 1.117415876637880672e+02
2.744002812857039544e+02 8.477377008957164151e+01 1.117697249419505852e+02
2.744127677124849356e+02 8.476539753617187500e+01 1.117978622201131031e+02
2.744252541392658600e+02 8.475702498277209429e+01 1.118259994982756211e+02
2.744377405660467844e+02 8.474865242937232779e+01 1.118541367764381391e+02
2.744502269928277087e+02 8.474027987597254707e+01 1.118822740546006571e+02
2.744627134196086331e+02 8.473190732257278057e+01 1.119104113327631751e+02
2.744751998463896143e+02 8.472353476917299986e+01 1.119385486109256931e+02
2.744876862731705387e+02 8.471516221577321915e+01 1.119666858890881969e+02
2.745001726999514631e+02 8.470678966237345264e+01 1.119948231672507148e+02
2.745126591267323874e+02 8.469841710897367193e+01 1.120229604454132328e+02
2.745251455535133118e+02 8.469004455557390543e+01 1.120510977235757508e+02
2.745376319802942362e+02 8.468167200217412471e+01 1.120792350017382688e+02
2.745501184070752174e+02 8.467329944877435821e+01 1.121073722799007868e+02
2.745626048338561418e+02 8.466492689537457750e+01 1.121355095580633048e+02
2.745750912606370662e+02 8.465655434197481100e+01 1.121636468362258228e+02
2.745875776874179905e+02 8.464818178857503028e+01 1.121917841143883265e+02
2.746000641141989149e+02 8.463980923517526378e+01 1.122199213925508445e+02
2.746125505409798961e+02 8.463143668177548307e+01 1.122480586707133625e+02
2.746250369677608205e+02 8.462306412837571656e+01 1.122761959488758805e+02
2.746375233945417449e+02 8.461469157497593585e+01 1.123043332270383985e+02
2.746375233945417449e+02 8.461469157497593585e+01 1.123043332270383985e+02
2.746497559828883936e+02 8.461169125942389257e+01 1.123327078283747227e+02
2.746619885712350424e+02 8.460869094387186351e+01 1.123610824297110327e+02
2.746742211595816912e+02 8.460569062831982023e+01 1.123894570310473568e+02
2.746864537479283399e+02 8.460269031276777696e+01 1.124178316323836810e+02
2.746986863362749887e+02 8.459968999721574789e+01 1.124462062337200052e+02
2.747109189246216374e+02 8.459668968166370462e+01 1.124745808350563152e+02
2.747231515129682862e+02 8.459368936611166134e+01 1.125029554363926394e+02
2.747353841013149349e+02 8.459068905055963228e+01 1.125313300377289636e+02
2.747476166896615837e+02 8.458768873500758900e+01 1.125597046390652878e+02
2.747598492780082324e+02 8.458468841945554573e+01 1.125880792404015978e+02
2.747720818663548812e+02 8.458168810390351666e+01 1.126164538417379219e+02
2.747843144547015299e+02 8.457868778835147339e+01 1.126448284430742461e+02
2.747965470430481787e+02 8.457568747279943011e+01 1.126732030444105703e+02
2.748087796313948274e+02 8.457268715724740105e+01 1.127015776457468803e+02
2.748210122197415330e+02 8.456968684169535777e+01 1.127299522470832045e+02
2.748332448080881818e+02 8.456668652614331450e+01 1.127583268484195287e+02
2.748454773964348306e+02 8.456368621059128543e+01 1.127867014497558387e+02
2.748577099847814793e+02 8.456068589503924215e+01 1.128150760510921629e+02
2.748699425731281281e+02 8.455768557948719888e+01 1.128434506524284870e+02
2.748821751614747768e+02 8.455468526393516981e+01 1.128718252537648112e+02
2.748944077498214256e+02 8.455168494838312654e+01 1.129001998551011212e+02
2.749066403381680743e+02 8.454868463283108326e+01 1.129285744564374454e+02
2.749188729265147231e+02 8.454568431727905420e+01 1.129569490577737696e+02
2.749311055148613718e+02 8.454268400172701092e+01 1.129853236591100938e+02
2.749433381032080206e+02 8.453968368617496765e+01 1.130136982604464038e+02
2.749555706915546693e+02 8.453668337062293858e+01 1.130420728617827280e+02
2.749678032799013181e+02 8.453368305507089531e+01 1.130704474631190521e+02
2.749800358682479668e+02 8.453068273951885203e+01 1.130988220644553763e+02
2.749922684565946156e+02 8.452768242396682297e+01 1.131271966657916863e+02
2.750045010449412644e+02 8.452468210841477969e+01 1.131555712671280105e+02
2.750045010449412644e+02 8.452468210841477969e+01 1.131555712671280105e+02
2.750229849416106163e+02 8.450656034585141185e+01 1.131739059160755687e+02
2.750414688382799682e+02 8.448843858328804401e+01 1.131922405650231411e+02
2.750599527349493769e+02 8.447031682072467618e+01 1.132105752139706993e+02
2.750784366316187288e+02 8.445219505816130834e+01 1.132289098629182575e+02
2.750969205282880807e+02 8.443407329559794050e+01 1.132472445118658158e+02
2.751154044249574326e+02 8.441595153303457266e+01 1.132655791608133882e+02
2.751338883216268414e+02 8.439782977047120482e+01 1.132839138097609464e+02
2.751523722182961933e+02 8.437970800790783699e+01 1.133022484587085046e+02
2.751708561149655452e+02 8.436158624534446915e+01 1.133205831076560628e+02
2.751893400116348971e+02 8.434346448278110131e+01 1.133389177566036352e+02
2.752078239083042490e+02 8.432534272021773347e+01 1.133572524055511934e+02
2.752263078049736578e+02 8.430722095765436563e+01 1.133755870544987516e+02
2.752447917016430097e+02 8.428909919509099780e+01 1.133939217034463098e+02
2.752632755983123616e+02 8.427097743252762996e+01 1.134122563523938823e+02
2.752817594949817135e+02 8.425285566996426212e+01 1.134305910013414405e+02
2.753002433916511222e+02 8.423473390740088007e+01 1.134489256502889987e+02
2.753187272883204741e+02 8.421661214483751223e+01 1.134672602992365569e+02
2.753372111849898261e+02 8.419849038227414439e+01 1.134855949481841293e+02
2.753556950816591780e+02 8.418036861971077656e+01 1.135039295971316875e+02
2.753741789783285867e+02 8.416224685714740872e+01 1.135222642460792457e+02
2.753926628749979386e+02 8.414412509458404088e+01 1.135405988950268039e+02
2.754111467716672905e+02 8.412600333202067304e+01 1.135589335439743763e+02
2.754296306683366424e+02 8.410788156945730520e+01 1.135772681929219345e+02
2.754481145650059943e+02 8.408975980689393737e+01 1.135956028418694927e+02
2.754665984616754031e+02 8.407163804433056953e+01 1.136139374908170510e+02
2.754850823583447550e+02 8.405351628176720169e+01 1.136322721397646234e+02
2.755035662550141069e+02 8.403539451920383385e+01 1.136506067887121816e+02
2.755220501516834588e+02 8.401727275664046601e+01 1.136689414376597398e+02
2.755405340483528676e+02 8.399915099407709818e+01 1.136872760866072980e+02
2.755590179450222195e+02 8.398102923151373034e+01 1.137056107355548704e+02
2.755775018416915714e+02 8.396290746895036250e+01 1.137239453845024286e+02
2.755775018416915714e+02 8.396290746895036250e+01 1.137239453845024286e+02
2.755800350288837421e+02 8.393632003107184403e+01 1.137399491015849406e+02
2.755825682160759698e+02 8.390973259319332556e+01 1.137559528186674669e+02
2.755851014032681405e+02 8.388314515531480708e+01 1.137719565357499789e+02
2.755876345904603681e+02 8.385655771743628861e+01 1.137879602528325051e+02
2.755901677776525389e+02 8.382997027955777014e+01 1.138039639699150172e+02
2.755927009648447665e+02 8.380338284167925167e+01 1.138199676869975434e+02
2.755952341520369373e+02 8.377679540380073320e+01 1.138359714040800554e+02
2.755977673392291649e+02 8.375020796592221473e+01 1.138519751211625817e+02
2.756003005264213357e+02 8.372362052804369625e+01 1.138679788382450937e+02
2.756028337136135065e+02 8.369703309016517778e+01 1.138839825553276057e+02
2.756053669008057341e+02 8.367044565228665931e+01 1.138999862724101320e+02
2.756079000879979048e+02 8.364385821440814084e+01 1.139159899894926440e+02
2.756104332751901325e+02 8.361727077652962237e+01 1.139319937065751702e+02
2.756129664623823032e+02 8.359068333865111811e+01 1.139479974236576822e+02
2.756154996495745308e+02 8.356409590077259963e+01 1.139640011407402085e+02
2.756180328367667016e+02 8.353750846289408116e+01 1.139800048578227205e+02
2.756205660239589292e+02 8.351092102501556269e+01 1.139960085749052467e+02
2.756230992111511000e+02 8.348433358713704422e+01 1.140120122919877588e+02
2.756256323983432708e+02 8.345774614925852575e+01 1.140280160090702708e+02
2.756281655855354984e+02 8.343115871138000728e+01 1.140440197261527970e+02
2.756306987727276692e+02 8.340457127350148880e+01 1.140600234432353091e+02
2.756332319599198968e+02 8.337798383562297033e+01 1.140760271603178353e+02
2.756357651471120676e+02 8.335139639774445186e+01 1.140920308774003473e+02
2.756382983343042952e+02 8.332480895986593339e+01 1.141080345944828736e+02
2.756408315214964659e+02 8.329822152198741492e+01 1.141240383115653856e+02
2.756433647086886936e+02 8.327163408410889645e+01 1.141400420286479118e+02
2.756458978958808643e+02 8.324504664623037797e+01 1.141560457457304238e+02
2.756458978958808643e+02 8.324504664623037797e+01 1.141560457457304238e+02
2.756252550073582483e+02 8.322090739785939206e+01 1.141563633827956039e+02
2.756046121188356892e+02 8.319676814948840615e+01 1.141566810198607840e+02
2.755839692303130732e+02 8.317262890111740603e+01 1.141569986569259783e+02
2.755633263417904573e+02 8.314848965274642012e+01 1.141573162939911583e+02
2.755426834532678981e+02 8.312435040437543421e+01 1.141576339310563384e+02
2.755220405647452822e+02 8.310021115600444830e+01 1.141579515681215184e+02
2.755013976762226662e+02 8.307607190763346239e+01 1.141582692051866985e+02
2.754807547877000502e+02 8.305193265926247648e+01 1.141585868422518786e+02
2.754601118991774911e+02 8.302779341089147636e+01 1.141589044793170729e+02
2.754394690106548751e+02 8.300365416252049044e+01 1.141592221163822529e+02
2.754188261221322591e+02 8.297951491414950453e+01 1.141595397534474330e+02
2.753981832336097000e+02 8.295537566577851862e+01 1.141598573905126131e+02
2.753775403450870840e+02 8.293123641740753271e+01 1.141601750275777931e+02
2.753568974565644680e+02 8.290709716903654680e+01 1.141604926646429732e+02
2.753362545680419089e+02 8.288295792066554668e+01 1.141608103017081675e+02
2.753156116795192929e+02 8.285881867229456077e+01 1.141611279387733475e+02
2.752949687909966769e+02 8.283467942392357486e+01 1.141614455758385276e+02
2.752743259024740610e+02 8.281054017555258895e+01 1.141617632129037077e+02
2.752536830139515018e+02 8.278640092718160304e+01 1.141620808499688877e+02
2.752330401254288859e+02 8.276226167881061713e+01 1.141623984870340678e+02
2.752123972369062699e+02 8.273812243043961701e+01 1.141627161240992621e+02
2.751917543483837107e+02 8.271398318206863109e+01 1.141630337611644421e+02
2.751711114598610948e+02 8.268984393369764518e+01 1.141633513982296222e+02
2.751711114598610948e+02 8.268984393369764518e+01 1.141633513982296222e+02
2.751475658398820769e+02 8.267009223226467896e+01 1.141723847685853883e+02
2.751240202199030591e+02 8.265034053083169852e+01 1.141814181389411544e+02
2.751004745999240413e+02 8.263058882939873229e+01 1.141904515092969206e+02
2.750769289799450235e+02 8.261083712796575185e+01 1.141994848796526867e+02
2.750533833599660625e+02 8.259108542653278562e+01 1.142085182500084528e+02
2.750298377399870446e+02 8.257133372509981939e+01 1.142175516203642189e+02
2.750062921200080268e+02 8.255158202366683895e+01 1.142265849907199851e+02
2.749827465000290090e+02 8.253183032223387272e+01 1.142356183610757512e+02
2.749592008800499912e+02 8.251207862080090649e+01 1.142446517314315031e+02
2.749356552600709733e+02 8.249232691936792605e+01 1.142536851017872692e+02
2.749121096400919555e+02 8.247257521793495982e+01 1.142627184721430353e+02
2.748885640201129377e+02 8.245282351650197938e+01 1.142717518424988015e+02
2.748650184001339198e+02 8.243307181506901316e+01 1.142807852128545676e+02
2.748414727801549589e+02 8.241332011363604693e+01 1.142898185832103337e+02
2.748179271601759410e+02 8.239356841220306649e+01 1.142988519535660998e+02
2.747943815401969232e+02 8.237381671077010026e+01 1.143078853239218660e+02
2.747708359202179054e+02 8.235406500933711982e+01 1.143169186942776321e+02
2.747472903002388875e+02 8.233431330790415359e+01 1.143259520646333982e+02
2.747472903002388875e+02 8.233431330790415359e+01 1.143259520646333982e+02
2.747270238692252065e+02 8.231061427899656735e+01 1.143262639090568058e+02
2.747067574382115254e+02 8.228691525008899532e+01 1.143265757534802276e+02
2.746864910071977874e+02 8.226321622118140908e+01 1.143268875979036352e+02
2.746662245761841064e+02 8.223951719227383705e+01 1.143271994423270570e+02
2.746459581451704253e+02 8.221581816336625081e+01 1.143275112867504646e+02
2.746256917141567442e+02 8.219211913445866458e+01 1.143278231311738722e+02
2.746054252831430063e+02 8.216842010555109255e+01 1.143281349755972940e+02
2.745851588521293252e+02 8.214472107664350631e+01 1.143284468200207016e+02
2.745648924211156441e+02 8.212102204773592007e+01 1.143287586644441234e+02
2.745446259901019630e+02 8.209732301882834804e+01 1.143290705088675310e+02
2.745243595590882819e+02 8.207362398992076180e+01 1.143293823532909386e+02
2.745040931280745440e+02 8.204992496101317556e+01 1.143296941977143604e+02
2.744838266970608629e+02 8.202622593210560353e+01 1.143300060421377680e+02
2.744635602660471818e+02 8.200252690319801729e+01 1.143303178865611898e+02
2.744432938350335007e+02 8.197882787429044527e+01 1.143306297309845974e+02
2.744230274040197628e+02 8.195512884538285903e+01 1.143309415754080192e+02
2.744027609730060817e+02 8.193142981647527279e+01 1.143312534198314268e+02
2.743824945419924006e+02 8.190773078756770076e+01 1.143315652642548343e+02
2.743622281109787195e+02 8.188403175866011452e+01 1.143318771086782561e+02
2.743419616799650385e+02 8.186033272975254249e+01 1.143321889531016637e+02
2.743216952489513005e+02 8.183663370084495625e+01 1.143325007975250855e+02
2.743014288179376194e+02 8.181293467193737001e+01 1.143328126419484931e+02
2.742811623869239384e+02 8.178923564302979798e+01 1.143331244863719007e+02
2.742608959559102573e+02 8.176553661412221174e+01 1.143334363307953225e+02
2.742406295248965762e+02 8.174183758521462551e+01 1.143337481752187301e+02
2.742203630938828383e+02 8.171813855630705348e+01 1.143340600196421519e+02
2.742000966628691572e+02 8.169443952739946724e+01 1.143343718640655595e+02
2.741798302318554761e+02 8.167074049849188100e+01 1.143346837084889671e+02
2.741595638008417950e+02 8.164704146958430897e+01 1.143349955529123889e+02
2.741392973698280571e+02 8.162334244067672273e+01 1.143353073973357965e+02
2.741190309388143760e+02 8.159964341176915070e+01 1.143356192417592183e+02
2.740987645078006949e+02 8.157594438286156446e+01 1.143359310861826259e+02
2.740987645078006949e+02 8.157594438286156446e+01 1.143359310861826259e+02
2.740753270401043551e+02 8.155628340707518475e+01 1.143449229634868090e+02
2.740518895724080153e+02 8.153662243128879084e+01 1.143539148407909920e+02
2.740284521047117323e+02 8.151696145550241113e+01 1.143629067180951751e+02
2.740050146370153925e+02 8.149730047971603142e+01 1.143718985953993581e+02
2.739815771693190527e+02 8.147763950392963750e+01 1.143808904727035411e+02
2.739581397016227129e+02 8.145797852814325779e+01 1.143898823500077242e+02
2.739347022339264299e+02 8.143831755235686387e+01 1.143988742273119072e+02
2.739112647662300901e+02 8.141865657657048416e+01 1.144078661046160903e+02
2.738878272985337503e+02 8.139899560078410445e+01 1.144168579819202733e+02
2.738643898308374105e+02 8.137933462499771053e+01 1.144258498592244564e+02
2.738409523631410707e+02 8.135967364921133083e+01 1.144348417365286394e+02
2.738175148954447877e+02 8.134001267342495112e+01 1.144438336138328225e+02
2.737940774277484479e+02 8.132035169763855720e+01 1.144528254911370055e+02
2.737706399600521081e+02 8.130069072185217749e+01 1.144618173684411886e+02
2.737472024923557683e+02 8.128102974606578357e+01 1.144708092457453716e+02
2.737237650246594853e+02 8.126136877027940386e+01 1.144798011230495547e+02
2.737003275569631455e+02 8.124170779449302415e+01 1.144887930003537377e+02
2.736768900892668057e+02 8.122204681870663023e+01 1.144977848776579208e+02
2.736534526215704659e+02 8.120238584292025052e+01 1.145067767549621038e+02
2.736300151538741261e+02 8.118272486713387082e+01 1.145157686322662869e+02
2.736065776861778431e+02 8.116306389134747690e+01 1.145247605095704699e+02
2.735831402184815033e+02 8.114340291556109719e+01 1.145337523868746530e+02
2.735597027507851635e+02 8.112374193977470327e+01 1.145427442641788360e+02
2.735362652830888237e+02 8.110408096398832356e+01 1.145517361414830191e+02
2.735128278153925407e+02 8.108441998820194385e+01 1.145607280187872021e+02
2.734893903476962009e+02 8.106475901241554993e+01 1.145697198960913852e+02
2.734659528799998611e+02 8.104509803662917022e+01 1.145787117733955682e+02
2.734659528799998611e+02 8.104509803662917022e+01 1.145787117733955682e+02
2.734488005157746215e+02 8.103376783531147964e+01 1.146038400608897518e+02
2.734316481515493251e+02 8.102243763399378906e+01 1.146289683483839354e+02
2.734144957873240855e+02 8.101110743267609848e+01 1.146540966358781191e+02
2.733973434230988460e+02 8.099977723135840790e+01 1.146792249233723027e+02
2.733801910588736064e+02 8.098844703004071732e+01 1.147043532108664863e+02
2.733630386946483668e+02 8.097711682872304095e+01 1.147294814983606557e+02
2.733458863304230704e+02 8.096578662740535037e+01 1.147546097858548393e+02
2.733287339661978308e+02 8.095445642608765979e+01 1.147797380733490229e+02
2.733115816019725912e+02 8.094312622476996921e+01 1.148048663608432065e+02
2.732944292377472948e+02 8.093179602345227863e+01 1.148299946483373901e+02
2.732772768735220552e+02 8.092046582213458805e+01 1.148551229358315737e+02
2.732601245092968156e+02 8.090913562081689747e+01 1.148802512233257573e+02
2.732429721450715761e+02 8.089780541949920689e+01 1.149053795108199409e+02
2.732258197808463365e+02 8.088647521818151631e+01 1.149305077983141246e+02
2.732086674166210400e+02 8.087514501686382573e+01 1.149556360858083082e+02
2.731915150523958005e+02 8.086381481554613515e+01 1.149807643733024918e+02
2.731743626881705609e+02 8.085248461422844457e+01 1.150058926607966754e+02
2.731572103239452645e+02 8.084115441291075399e+01 1.150310209482908590e+02
2.731400579597200249e+02 8.082982421159307762e+01 1.150561492357850284e+02
2.731229055954947853e+02 8.081849401027538704e+01 1.150812775232792120e+02
2.731057532312695457e+02 8.080716380895769646e+01 1.151064058107733956e+02
2.730886008670443061e+02 8.079583360764000588e+01 1.151315340982675792e+02
2.730714485028190097e+02 8.078450340632231530e+01 1.151566623857617628e+02
2.730542961385937701e+02 8.077317320500462472e+01 1.151817906732559464e+02
2.730542961385937701e+02 8.077317320500462472e+01 1.151817906732559464e+02
2.730350114270333961e+02 8.077284128298711607e+01 1.152069821216932581e+02
2.730157267154729652e+02 8.077250936096960743e+01 1.152321735701305840e+02
2.729964420039125912e+02 8.077217743895209878e+01 1.152573650185678957e+02
2.729771572923522172e+02 8.077184551693459014e+01 1.152825564670052074e+02
2.729578725807917863e+02 8.077151359491708149e+01 1.153077479154425333e+02
2.729385878692314122e+02 8.077118167289957285e+01 1.153329393638798450e+02
2.729193031576710382e+02 8.077084975088206420e+01 1.153581308123171567e+02
2.729000184461106073e+02 8.077051782886455555e+01 1.153833222607544826e+02
2.728807337345502333e+02 8.077018590684704691e+01 1.154085137091917943e+02
2.728614490229898024e+02 8.076985398482953826e+01 1.154337051576291060e+02
2.728421643114294284e+02 8.076952206281202962e+01 1.154588966060664319e+02
2.728228795998690543e+02 8.076919014079452097e+01 1.154840880545037436e+02
2.728035948883086235e+02 8.076885821877701233e+01 1.155092795029410553e+02
2.727843101767482494e+02 8.076852629675951789e+01 1.155344709513783812e+02
2.727650254651878754e+02 8.076819437474200924e+01 1.155596623998156929e+02
2.727457407536274445e+02 8.076786245272450060e+01 1.155848538482530046e+02
2.727264560420670705e+02 8.076753053070699195e+01 1.156100452966903163e+02
2.727071713305066964e+02 8.076719860868948331e+01 1.156352367451276422e+02
2.726878866189462656e+02 8.076686668667197466e+01 1.156604281935649539e+02
2.726686019073858915e+02 8.076653476465446602e+01 1.156856196420022656e+02
2.726493171958255175e+02 8.076620284263695737e+01 1.157108110904395915e+02
2.726300324842650866e+02 8.076587092061944873e+01 1.157360025388769031e+02
2.726107477727047126e+02 8.076553899860194008e+01 1.157611939873142148e+02
2.725914630611442817e+02 8.076520707658443143e+01 1.157863854357515407e+02
2.725721783495839077e+02 8.076487515456692279e+01 1.158115768841888524e+02
2.725528936380235336e+02 8.076454323254941414e+01 1.158367683326261641e+02
2.725336089264631028e+02 8.076421131053190550e+01 1.158619597810634900e+02
2.725143242149027287e+02 8.076387938851439685e+01 1.158871512295008017e+02
2.725143242149027287e+02 8.076387938851439685e+01 1.158871512295008017e+02
2.724879005367379250e+02 8.076477486535681294e+01 1.159056842943492995e+02
2.724614768585731213e+02 8.076567034219924324e+01 1.159242173591977974e+02
2.724350531804083175e+02 8.076656581904165932e+01 1.159427504240462952e+02
2.724086295022435138e+02 8.076746129588408962e+01 1.159612834888947930e+02
2.723822058240787101e+02 8.076835677272650571e+01 1.159798165537432908e+02
2.723557821459139063e+02 8.076925224956893601e+01 1.159983496185917886e+02
2.723293584677491026e+02 8.077014772641135210e+01 1.160168826834402864e+02
2.723029347895842989e+02 8.077104320325376818e+01 1.160354157482887842e+02
2.722765111114194951e+02 8.077193868009619848e+01 1.160539488131372821e+02
2.722500874332547482e+02 8.077283415693861457e+01 1.160724818779857941e+02
2.722236637550899445e+02 8.077372963378104487e+01 1.160910149428342919e+02
2.721972400769251408e+02 8.077462511062346096e+01 1.161095480076827897e+02
2.721708163987603371e+02 8.077552058746587704e+01 1.161280810725312875e+02
2.721443927205955333e+02 8.077641606430830734e+01 1.161466141373797853e+02
2.721179690424307296e+02 8.077731154115072343e+01 1.161651472022282832e+02
2.720915453642659259e+02 8.077820701799315373e+01 1.161836802670767810e+02
2.720651216861011221e+02 8.077910249483556981e+01 1.162022133319252788e+02
2.720386980079363184e+02 8.077999797167800011e+01 1.162207463967737766e+02
2.720122743297715147e+02 8.078089344852041620e+01 1.162392794616222744e+02
2.720122743297715147e+02 8.078089344852041620e+01 1.162392794616222744e+02
2.719850366006729132e+02 8.078181651288321063e+01 1.162583834862989960e+02
2.719577988715743686e+02 8.078273957724600507e+01 1.162774875109757033e+02
2.719305611424757672e+02 8.078366264160881371e+01 1.162965915356524249e+02
2.719033234133771657e+02 8.078458570597160815e+01 1.163156955603291323e+02
2.718760856842785643e+02 8.078550877033440258e+01 1.163347995850058538e+02
2.718488479551800197e+02 8.078643183469719702e+01 1.163539036096825754e+02
2.718216102260814182e+02 8.078735489906000566e+01 1.163730076343592827e+02
2.717943724969828168e+02 8.078827796342280010e+01 1.163921116590360043e+02
2.717671347678842722e+02 8.078920102778559453e+01 1.164112156837127117e+02
2.717398970387856707e+02 8.079012409214838897e+01 1.164303197083894332e+02
2.717126593096870693e+02 8.079104715651119761e+01 1.164494237330661406e+02
2.716854215805885246e+02 8.079197022087399205e+01 1.164685277577428621e+02
2.716581838514899232e+02 8.079289328523678648e+01 1.164876317824195837e+02
2.716309461223913218e+02 8.079381634959958092e+01 1.165067358070962911e+02
2.716037083932927203e+02 8.079473941396238956e+01 1.165258398317730126e+02
2.715764706641941757e+02 8.079566247832518400e+01 1.165449438564497200e+02
2.715492329350955742e+02 8.079658554268797843e+01 1.165640478811264416e+02
2.715492329350955742e+02 8.079658554268797843e+01 1.165640478811264416e+02
2.715232104667438762e+02 8.079746742285796302e+01 1.165822995450497075e+02
2.714971879983921212e+02 8.079834930302794760e+01 1.166005512089729734e+02
2.714711655300404232e+02 8.079923118319793218e+01 1.166188028728962252e+02
2.714451430616886682e+02 8.080011306336791677e+01 1.166370545368194911e+02
2.714191205933369702e+02 8.080099494353790135e+01 1.166553062007427570e+02
2.713930981249852721e+02 8.080187682370790014e+01 1.166735578646660230e+02
2.713670756566335172e+02 8.080275870387788473e+01 1.166918095285892889e+02
2.713410531882818191e+02 8.080364058404786931e+01 1.167100611925125406e+02
2.713150307199301210e+02 8.080452246421785389e+01 1.167283128564358066e+02
2.712890082515783661e+02 8.080540434438783848e+01 1.167465645203590725e+02
2.712629857832266680e+02 8.080628622455782306e+01 1.167648161842823384e+02
2.712369633148749131e+02 8.080716810472780764e+01 1.167830678482056044e+02
2.712109408465232150e+02 8.080804998489779223e+01 1.168013195121288703e+02
2.711849183781715169e+02 8.080893186506777681e+01 1.168195711760521220e+02
2.711588959098197620e+02 8.080981374523776140e+01 1.168378228399753880e+02
2.711328734414680639e+02 8.081069562540776019e+01 1.168560745038986539e+02
2.711068509731163658e+02 8.081157750557774477e+01 1.168743261678219199e+02
2.710808285047646109e+02 8.081245938574772936e+01 1.168925778317451858e+02
2.710548060364129128e+02 8.081334126591771394e+01 1.169108294956684375e+02
2.710287835680611579e+02 8.081422314608769852e+01 1.169290811595917035e+02
2.710027610997094598e+02 8.081510502625768311e+01 1.169473328235149694e+02
2.710027610997094598e+02 8.081510502625768311e+01 1.169473328235149694e+02
2.709829051645928644e+02 8.079331780551507336e+01 1.169589261025323168e+02
2.709630492294762689e+02 8.077153058477246361e+01 1.169705193815496500e+02
2.709431932943596735e+02 8.074974336402985386e+01 1.169821126605669974e+02
2.709233373592431349e+02 8.072795614328724412e+01 1.169937059395843448e+02
2.709034814241265394e+02 8.070616892254464858e+01 1.170052992186016780e+02
2.708836254890099440e+02 8.068438170180203883e+01 1.170168924976190254e+02
2.708637695538933485e+02 8.066259448105942909e+01 1.170284857766363729e+02
2.708439136187767531e+02 8.064080726031681934e+01 1.170400790556537061e+02
2.708240576836601576e+02 8.061902003957420959e+01 1.170516723346710535e+02
2.708042017485435622e+02 8.059723281883159984e+01 1.170632656136884009e+02
2.707843458134270236e+02 8.057544559808899010e+01 1.170748588927057341e+02
2.707644898783104281e+02 8.055365837734638035e+01 1.170864521717230815e+02
2.707446339431938327e+02 8.053187115660377060e+01 1.170980454507404289e+02
2.707247780080772372e+02 8.051008393586117506e+01 1.171096387297577621e+02
2.707049220729606418e+02 8.048829671511856532e+01 1.171212320087751095e+02
2.706850661378440464e+02 8.046650949437595557e+01 1.171328252877924569e+02
2.706652102027275077e+02 8.044472227363334582e+01 1.171444185668097901e+02
2.706453542676109123e+02 8.042293505289073607e+01 1.171560118458271376e+02
2.706254983324943169e+02 8.040114783214812633e+01 1.171676051248444850e+02
2.706056423973777214e+02 8.037936061140551658e+01 1.171791984038618182e+02
2.705857864622611260e+02 8.035757339066290683e+01 1.171907916828791656e+02
2.705659305271445305e+02 8.033578616992029708e+01 1.172023849618965130e+02
2.705460745920279351e+02 8.031399894917770155e+01 1.172139782409138462e+02
2.705262186569113965e+02 8.029221172843509180e+01 1.172255715199311936e+02
2.705063627217948010e+02 8.027042450769248205e+01 1.172371647989485410e+02
2.704865067866782056e+02 8.024863728694987230e+01 1.172487580779658742e+02
2.704666508515616101e+02 8.022685006620726256e+01 1.172603513569832216e+02
2.704666508515616101e+02 8.022685006620726256e+01 1.172603513569832216e+02
2.704442686037465364e+02 8.021365527534484841e+01 1.172776411755371413e+02
2.704218863559315196e+02 8.020046048448243425e+01 1.172949309940910751e+02
2.703995041081164459e+02 8.018726569362002010e+01 1.173122208126449948e+02
2.703771218603014290e+02 8.017407090275760595e+01 1.173295106311989144e+02
2.703547396124863553e+02 8.016087611189519180e+01 1.173468004497528483e+02
2.703323573646713385e+02 8.014768132103277765e+01 1.173640902683067679e+02
2.703099751168562648e+02 8.013448653017034928e+01 1.173813800868607018e+02
2.702875928690412479e+02 8.012129173930793513e+01 1.173986699054146214e+02
2.702652106212261742e+02 8.010809694844552098e+01 1.174159597239685411e+02
2.702428283734111005e+02 8.009490215758310683e+01 1.174332495425224749e+02
2.702204461255960837e+02 8.008170736672069268e+01 1.174505393610763946e+02
2.701980638777810100e+02 8.006851257585827852e+01 1.174678291796303142e+02
2.701756816299659931e+02 8.005531778499586437e+01 1.174851189981842481e+02
2.701532993821509194e+02 8.004212299413345022e+01 1.175024088167381677e+02
2.701309171343359026e+02 8.002892820327103607e+01 1.175196986352920874e+02
2.701085348865208289e+02 8.001573341240862192e+01 1.175369884538460212e+02
2.700861526387057552e+02 8.000253862154620776e+01 1.175542782723999409e+02
2.700637703908907383e+02 7.998934383068379361e+01 1.175715680909538605e+02
2.700413881430756646e+02 7.997614903982136525e+01 1.175888579095077944e+02
2.700190058952606478e+02 7.996295424895895110e+01 1.176061477280617140e+02
2.699966236474455741e+02 7.994975945809653695e+01 1.176234375466156479e+02
2.699742413996305572e+02 7.993656466723412279e+01 1.176407273651695675e+02
2.699518591518154835e+02 7.992336987637170864e+01 1.176580171837234872e+02
2.699294769040004667e+02 7.991017508550929449e+01 1.176753070022774210e+02
2.699070946561853930e+02 7.989698029464688034e+01 1.176925968208313407e+02
2.699070946561853930e+02 7.989698029464688034e+01 1.176925968208313407e+02
2.698843838739244916e+02 7.988359182603859665e+01 1.177101404253769346e+02
2.698616730916635902e+02 7.987020335743032717e+01 1.177276840299225285e+02
2.698389623094026888e+02 7.985681488882204349e+01 1.177452276344681223e+02
2.698162515271417874e+02 7.984342642021377401e+01 1.177627712390137162e+02
2.697935407448808860e+02 7.983003795160549032e+01 1.177803148435593101e+02
2.697708299626199846e+02 7.981664948299722084e+01 1.177978584481049040e+02
2.697481191803590832e+02 7.980326101438893716e+01 1.178154020526504979e+02
2.697254083980981818e+02 7.978987254578066768e+01 1.178329456571960918e+02
2.697026976158372804e+02 7.977648407717238399e+01 1.178504892617416857e+02
2.696799868335763790e+02 7.976309560856411451e+01 1.178680328662872796e+02
2.696572760513154776e+02 7.974970713995583083e+01 1.178855764708328735e+02
2.696345652690545762e+02 7.973631867134756135e+01 1.179031200753784674e+02
2.696118544867936180e+02 7.972293020273927766e+01 1.179206636799240471e+02
2.695891437045327166e+02 7.970954173413100818e+01 1.179382072844696410e+02
2.695664329222718152e+02 7.969615326552272450e+01 1.179557508890152349e+02
2.695437221400109138e+02 7.968276479691445502e+01 1.179732944935608288e+02
2.695210113577500124e+02 7.966937632830617133e+01 1.179908380981064226e+02
2.694983005754891110e+02 7.965598785969790185e+01 1.180083817026520165e+02
2.694755897932282096e+02 7.964259939108961817e+01 1.180259253071976104e+02
2.694528790109673082e+02 7.962921092248134869e+01 1.180434689117432043e+02
2.694301682287064068e+02 7.961582245387306500e+01 1.180610125162887982e+02
2.694074574464455054e+02 7.960243398526479552e+01 1.180785561208343921e+02
2.693847466641846040e+02 7.958904551665651184e+01 1.180960997253799860e+02
2.693620358819237026e+02 7.957565704804824236e+01 1.181136433299255799e+02
2.693393250996628012e+02 7.956226857943995867e+01 1.181311869344711738e+02
2.693393250996628012e+02 7.956226857943995867e+01 1.181311869344711738e+02
2.693183899624984861e+02 7.953778758322974340e+01 1.181315090684361309e+02
2.692974548253342277e+02 7.951330658701951393e+01 1.181318312024011021e+02
2.692765196881699126e+02 7.948882559080929866e+01 1.181321533363660592e+02
2.692555845510055974e+02 7.946434459459908339e+01 1.181324754703310163e+02
2.692346494138412822e+02 7.943986359838886813e+01 1.181327976042959875e+02
2.692137142766770239e+02 7.941538260217863865e+01 1.181331197382609446e+02
2.691927791395127088e+02 7.939090160596842338e+01 1.181334418722259159e+02
2.691718440023483936e+02 7.936642060975820812e+01 1.181337640061908729e+02
2.691509088651841353e+02 7.934193961354799285e+01 1.181340861401558300e+02
2.691299737280198201e+02 7.931745861733776337e+01 1.181344082741208013e+02
2.691090385908555049e+02 7.929297762112754810e+01 1.181347304080857583e+02
2.690881034536912466e+02 7.926849662491733284e+01 1.181350525420507154e+02
2.690671683165269314e+02 7.924401562870711757e+01 1.181353746760156866e+02
2.690462331793626163e+02 7.921953463249688809e+01 1.181356968099806437e+02
2.690252980421983011e+02 7.919505363628667283e+01 1.181360189439456150e+02
2.690043629050340428e+02 7.917057264007645756e+01 1.181363410779105720e+02
2.689834277678697276e+02 7.914609164386624229e+01 1.181366632118755291e+02
2.689624926307054125e+02 7.912161064765601282e+01 1.181369853458405004e+02
2.689415574935411541e+02 7.909712965144579755e+01 1.181373074798054574e+02
2.689206223563768390e+02 7.907264865523558228e+01 1.181376296137704145e+02
2.688996872192125238e+02 7.904816765902536702e+01 1.181379517477353858e+02
2.688787520820482655e+02 7.902368666281513754e+01 1.181382738817003428e+02
2.688578169448839503e+02 7.899920566660492227e+01 1.181385960156653141e+02
2.688368818077196352e+02 7.897472467039470700e+01 1.181389181496302712e+02
2.688159466705553200e+02 7.895024367418449174e+01 1.181392402835952282e+02
2.687950115333910617e+02 7.892576267797426226e+01 1.181395624175601995e+02
2.687740763962267465e+02 7.890128168176404699e+01 1.181398845515251566e+02
2.687740763962267465e+02 7.890128168176404699e+01 1.181398845515251566e+02
2.687812433432953299e+02 7.887209561557411064e+01 1.181292352437207143e+02
2.687884102903639132e+02 7.884290954938418849e+01 1.181185859359162578e+02
2.687955772374324965e+02 7.881372348319425214e+01 1.181079366281118155e+02
2.688027441845011367e+02 7.878453741700431578e+01 1.180972873203073590e+02
2.688099111315697201e+02 7.875535135081437943e+01 1.180866380125029167e+02
2.688170780786383034e+02 7.872616528462444307e+01 1.180759887046984602e+02
2.688242450257068867e+02 7.869697921843452093e+01 1.180653393968940179e+02
2.688314119727754701e+02 7.866779315224458458e+01 1.180546900890895756e+02
2.688385789198440534e+02 7.863860708605464822e+01 1.180440407812851191e+02
2.688457458669126368e+02 7.860942101986472608e+01 1.180333914734806768e+02
2.688529128139812769e+02 7.858023495367478972e+01 1.180227421656762203e+02
2.688600797610498603e+02 7.855104888748485337e+01 1.180120928578717781e+02
2.688672467081184436e+02 7.852186282129491701e+01 1.180014435500673216e+02
2.688744136551870270e+02 7.849267675510498066e+01 1.179907942422628793e+02
2.688815806022556103e+02 7.846349068891505851e+01 1.179801449344584370e+02
2.688887475493241936e+02 7.843430462272512216e+01 1.179694956266539805e+02
2.688959144963927770e+02 7.840511855653518580e+01 1.179588463188495382e+02
2.689030814434614172e+02 7.837593249034526366e+01 1.179481970110450817e+02
2.689102483905300005e+02 7.834674642415532730e+01 1.179375477032406394e+02
2.689174153375985838e+02 7.831756035796539095e+01 1.179268983954361829e+02
2.689245822846671672e+02 7.828837429177545459e+01 1.179162490876317406e+02
2.689317492317357505e+02 7.825918822558551824e+01 1.179055997798272983e+02
2.689389161788043339e+02 7.823000215939559610e+01 1.178949504720228418e+02
2.689460831258729172e+02 7.820081609320565974e+01 1.178843011642183995e+02
2.689532500729415574e+02 7.817163002701572339e+01 1.178736518564139431e+02
2.689604170200101407e+02 7.814244396082580124e+01 1.178630025486095008e+02
2.689675839670787241e+02 7.811325789463586489e+01 1.178523532408050443e+02
2.689747509141473074e+02 7.808407182844592853e+01 1.178417039330006020e+02
2.689747509141473074e+02 7.808407182844592853e+01 1.178417039330006020e+02
2.689748302883049860e+02 7.806780108151232866e+01 1.178145249677226332e+02
2.689749096624626077e+02 7.805153033457871459e+01 1.177873460024446644e+02
2.689749890366202862e+02 7.803525958764511472e+01 1.177601670371666955e+02
2.689750684107779648e+02 7.801898884071151485e+01 1.177329880718887267e+02
2.689751477849355865e+02 7.800271809377791499e+01 1.177058091066107579e+02
2.689752271590932651e+02 7.798644734684430091e+01 1.176786301413327891e+02
2.689753065332509436e+02 7.797017659991070104e+01 1.176514511760548203e+02
2.689753859074086222e+02 7.795390585297710118e+01 1.176242722107768373e+02
2.689754652815662439e+02 7.793763510604348710e+01 1.175970932454988684e+02
2.689755446557239225e+02 7.792136435910988723e+01 1.175699142802208996e+02
2.689756240298816010e+02 7.790509361217628737e+01 1.175427353149429308e+02
2.689757034040392227e+02 7.788882286524268750e+01 1.175155563496649620e+02
2.689757827781969013e+02 7.787255211830907342e+01 1.174883773843869932e+02
2.689758621523545798e+02 7.785628137137547355e+01 1.174611984191090244e+02
2.689759415265122016e+02 7.784001062444187369e+01 1.174340194538310556e+02
2.689760209006698801e+02 7.782373987750827382e+01 1.174068404885530867e+02
2.689761002748275587e+02 7.780746913057465974e+01 1.173796615232751179e+02
2.689761796489851804e+02 7.779119838364105988e+01 1.173524825579971491e+02
2.689762590231428590e+02 7.777492763670746001e+01 1.173253035927191803e+02
2.689763383973005375e+02 7.775865688977384593e+01 1.172981246274412115e+02
2.689764177714581592e+02 7.774238614284024607e+01 1.172709456621632427e+02
2.689764971456158378e+02 7.772611539590664620e+01 1.172437666968852739e+02
2.689765765197735163e+02 7.770984464897304633e+01 1.172165877316073050e+02
2.689766558939311381e+02 7.769357390203943226e+01 1.171894087663293362e+02
2.689767352680888166e+02 7.767730315510583239e+01 1.171622298010513532e+02
2.689768146422464952e+02 7.766103240817223252e+01 1.171350508357733844e+02
2.689768940164041737e+02 7.764476166123861844e+01 1.171078718704954156e+02
2.689769733905617954e+02 7.762849091430501858e+01 1.170806929052174468e+02
2.689770527647194740e+02 7.761222016737141871e+01 1.170535139399394780e+02
2.689771321388771526e+02 7.759594942043781884e+01 1.170263349746615091e+02
2.689772115130347743e+02 7.757967867350420477e+01 1.169991560093835403e+02
2.689772908871924528e+02 7.756340792657060490e+01 1.169719770441055715e+02
2.689772908871924528e+02 7.756340792657060490e+01 1.169719770441055715e+02
2.689734103724631495e+02 7.754533704624054735e+01 1.169468093260527013e+02
2.689695298577339031e+02 7.752726616591048980e+01 1.169216416079998453e+02
2.689656493430045998e+02 7.750919528558043226e+01 1.168964738899469751e+02
2.689617688282753534e+02 7.749112440525037471e+01 1.168713061718941191e+02
2.689578883135460501e+02 7.747305352492031716e+01 1.168461384538412489e+02
2.689540077988168036e+02 7.745498264459025961e+01 1.168209707357883929e+02
2.689501272840875004e+02 7.743691176426020206e+01 1.167958030177355226e+02
2.689462467693581971e+02 7.741884088393014451e+01 1.167706352996826524e+02
2.689423662546289506e+02 7.740077000360008697e+01 1.167454675816297964e+02
2.689384857398996473e+02 7.738269912327002942e+01 1.167202998635769262e+02
2.689346052251704009e+02 7.736462824293997187e+01 1.166951321455240702e+02
2.689307247104410976e+02 7.734655736260991432e+01 1.166699644274712000e+02
2.689268441957118512e+02 7.732848648227985677e+01 1.166447967094183298e+02
2.689229636809825479e+02 7.731041560194979922e+01 1.166196289913654738e+02
2.689190831662532446e+02 7.729234472161974168e+01 1.165944612733126036e+02
2.689152026515239982e+02 7.727427384128968413e+01 1.165692935552597476e+02
2.689113221367946949e+02 7.725620296095962658e+01 1.165441258372068773e+02
2.689074416220654484e+02 7.723813208062956903e+01 1.165189581191540213e+02
2.689035611073361451e+02 7.722006120029951148e+01 1.164937904011011511e+02
2.688996805926068419e+02 7.720199031996945394e+01 1.164686226830482809e+02
2.688958000778775954e+02 7.718391943963939639e+01 1.164434549649954249e+02
2.688919195631482921e+02 7.716584855930933884e+01 1.164182872469425547e+02
2.688880390484190457e+02 7.714777767897928129e+01 1.163931195288896987e+02
2.688841585336897424e+02 7.712970679864922374e+01 1.163679518108368285e+02
2.688802780189604960e+02 7.711163591831916619e+01 1.163427840927839725e+02
2.688763975042311927e+02 7.709356503798910865e+01 1.163176163747311023e+02
2.688763975042311927e+02 7.709356503798910865e+01 1.163176163747311023e+02
2.688758482996557859e+02 7.710544209328131160e+01 1.162884528793607757e+02
2.688752990950803792e+02 7.711731914857351455e+01 1.162592893839904633e+02
2.688747498905049724e+02 7.712919620386571751e+01 1.162301258886201367e+02
2.688742006859295657e+02 7.714107325915792046e+01 1.162009623932498243e+02
2.688736514813541589e+02 7.715295031445012341e+01 1.161717988978794978e+02
2.688731022767787522e+02 7.716482736974232637e+01 1.161426354025091854e+02
2.688725530722033454e+02 7.717670442503452932e+01 1.161134719071388588e+02
2.688720038676279387e+02 7.718858148032671807e+01 1.160843084117685464e+02
2.688714546630525319e+02 7.720045853561892102e+01 1.160551449163982198e+02
2.688709054584771252e+02 7.721233559091112397e+01 1.160259814210279075e+02
2.688703562539017184e+02 7.722421264620332693e+01 1.159968179256575809e+02
2.688698070493263117e+02 7.723608970149552988e+01 1.159676544302872685e+02
2.688692578447509050e+02 7.724796675678773283e+01 1.159384909349169419e+02
2.688687086401754982e+02 7.725984381207993579e+01 1.159093274395466153e+02
2.688681594356000915e+02 7.727172086737213874e+01 1.158801639441763029e+02
2.688676102310246847e+02 7.728359792266434170e+01 1.158510004488059764e+02
2.688670610264492780e+02 7.729547497795654465e+01 1.158218369534356640e+02
2.688665118218738712e+02 7.730735203324874760e+01 1.157926734580653374e+02
2.688659626172984645e+02 7.731922908854095056e+01 1.157635099626950250e+02
2.688654134127230577e+02 7.733110614383315351e+01 1.157343464673246984e+02
2.688648642081476510e+02 7.734298319912534225e+01 1.157051829719543861e+02
2.688643150035722442e+02 7.735486025441754521e+01 1.156760194765840595e+02
2.688637657989968375e+02 7.736673730970974816e+01 1.156468559812137471e+02
2.688632165944214307e+02 7.737861436500195111e+01 1.156176924858434205e+02
2.688626673898460240e+02 7.739049142029415407e+01 1.155885289904731081e+02
2.688621181852706172e+02 7.740236847558635702e+01 1.155593654951027816e+02
2.688615689806952105e+02 7.741424553087855998e+01 1.155302019997324692e+02
2.688610197761198037e+02 7.742612258617076293e+01 1.155010385043621426e+02
2.688610197761198037e+02 7.742612258617076293e+01 1.155010385043621426e+02
2.688806641699587772e+02 7.742712701723451119e+01 1.154763593516123024e+02
2.689003085637977506e+02 7.742813144829825944e+01 1.154516801988624763e+02
2.689199529576367240e+02 7.742913587936199349e+01 1.154270010461126361e+02
2.689395973514756406e+02 7.743014031042574175e+01 1.154023218933628101e+02
2.689592417453146140e+02 7.743114474148949000e+01 1.153776427406129699e+02
2.689788861391535875e+02 7.743214917255323826e+01 1.153529635878631439e+02
2.689985305329925609e+02 7.743315360361697230e+01 1.153282844351133036e+02
2.690181749268315343e+02 7.743415803468072056e+01 1.153036052823634776e+02
2.690378193206705078e+02 7.743516246574446882e+01 1.152789261296136374e+02
2.690574637145094812e+02 7.743616689680821707e+01 1.152542469768638114e+02
2.690771081083483978e+02 7.743717132787195112e+01 1.152295678241139711e+02
2.690967525021873712e+02 7.743817575893569938e+01 1.152048886713641451e+02
2.691163968960263446e+02 7.743918018999944763e+01 1.151802095186143049e+02
2.691360412898653180e+02 7.744018462106319589e+01 1.151555303658644789e+02
2.691556856837042915e+02 7.744118905212692994e+01 1.151308512131146387e+02
2.691753300775432649e+02 7.744219348319067819e+01 1.151061720603648126e+02
2.691949744713822383e+02 7.744319791425442645e+01 1.150814929076149724e+02
2.692146188652211549e+02 7.744420234531817471e+01 1.150568137548651464e+02
2.692342632590601283e+02 7.744520677638190875e+01 1.150321346021153062e+02
2.692539076528991018e+02 7.744621120744565701e+01 1.150074554493654801e+02
2.692735520467380752e+02 7.744721563850940527e+01 1.149827762966156399e+02
2.692735520467380752e+02 7.744721563850940527e+01 1.149827762966156399e+02
2.692908290084255896e+02 7.744188896656757493e+01 1.149574404907226892e+02
2.693081059701131039e+02 7.743656229462573037e+01 1.149321046848297527e+02
2.693253829318006183e+02 7.743123562268388582e+01 1.149067688789368020e+02
2.693426598934881895e+02 7.742590895074205548e+01 1.148814330730438655e+02
2.693599368551757038e+02 7.742058227880022514e+01 1.148560972671509148e+02
2.693772138168632182e+02 7.741525560685838059e+01 1.148307614612579783e+02
2.693944907785507326e+02 7.740992893491653604e+01 1.148054256553650276e+02
2.694117677402382469e+02 7.740460226297470570e+01 1.147800898494720769e+02
2.694290447019257613e+02 7.739927559103287535e+01 1.147547540435791404e+02
2.694463216636132756e+02 7.739394891909103080e+01 1.147294182376861897e+02
2.694635986253007900e+02 7.738862224714918625e+01 1.147040824317932532e+02
2.694808755869883612e+02 7.738329557520735591e+01 1.146787466259003025e+02
2.694981525486758756e+02 7.737796890326552557e+01 1.146534108200073661e+02
2.695154295103633899e+02 7.737264223132368102e+01 1.146280750141144154e+02
2.695327064720509043e+02 7.736731555938183647e+01 1.146027392082214647e+02
2.695499834337384186e+02 7.736198888744000612e+01 1.145774034023285282e+02
2.695672603954259330e+02 7.735666221549817578e+01 1.145520675964355775e+02
2.695845373571134473e+02 7.735133554355633123e+01 1.145267317905426410e+02
2.696018143188010185e+02 7.734600887161448668e+01 1.145013959846496903e+02
2.696190912804885329e+02 7.734068219967265634e+01 1.144760601787567538e+02
2.696363682421760473e+02 7.733535552773082600e+01 1.144507243728638031e+02
2.696536452038635616e+02 7.733002885578898145e+01 1.144253885669708666e+02
2.696709221655510760e+02 7.732470218384713689e+01 1.144000527610779159e+02
2.696881991272385903e+02 7.731937551190530655e+01 1.143747169551849652e+02
2.697054760889261047e+02 7.731404883996347621e+01 1.143493811492920287e+02
2.697227530506136191e+02 7.730872216802163166e+01 1.143240453433990780e+02
2.697400300123011903e+02 7.730339549607978711e+01 1.142987095375061415e+02
2.697573069739887046e+02 7.729806882413795677e+01 1.142733737316131908e+02
2.697745839356762190e+02 7.729274215219612643e+01 1.142480379257202543e+02
2.697918608973637333e+02 7.728741548025428187e+01 1.142227021198273036e+02
2.697918608973637333e+02 7.728741548025428187e+01 1.142227021198273036e+02
2.697925650842510095e+02 7.730672549325845466e+01 1.141978042563370650e+02
2.697932692711382288e+02 7.732603550626262745e+01 1.141729063928468264e+02
2.697939734580255049e+02 7.734534551926680024e+01 1.141480085293565736e+02
2.697946776449127810e+02 7.736465553227098724e+01 1.141231106658663350e+02
2.697953818318000572e+02 7.738396554527516003e+01 1.140982128023760964e+02
2.697960860186872765e+02 7.740327555827933281e+01 1.140733149388858578e+02
2.697967902055745526e+02 7.742258557128350560e+01 1.140484170753956192e+02
2.697974943924618287e+02 7.744189558428767839e+01 1.140235192119053806e+02
2.697981985793491049e+02 7.746120559729185118e+01 1.139986213484151278e+02
2.697989027662363242e+02 7.748051561029602397e+01 1.139737234849248892e+02
2.697996069531236003e+02 7.749982562330021096e+01 1.139488256214346507e+02
2.698003111400108764e+02 7.751913563630438375e+01 1.139239277579444121e+02
2.698010153268981526e+02 7.753844564930855654e+01 1.138990298944541735e+02
2.698017195137853719e+02 7.755775566231272933e+01 1.138741320309639349e+02
2.698024237006726480e+02 7.757706567531690212e+01 1.138492341674736821e+02
2.698031278875599241e+02 7.759637568832107490e+01 1.138243363039834435e+02
2.698038320744472003e+02 7.761568570132524769e+01 1.137994384404932049e+02
2.698045362613344196e+02 7.763499571432943469e+01 1.137745405770029663e+02
2.698052404482216957e+02 7.765430572733360748e+01 1.137496427135127277e+02
2.698059446351089719e+02 7.767361574033778027e+01 1.137247448500224891e+02
2.698066488219962480e+02 7.769292575334195305e+01 1.136998469865322363e+02
2.698073530088834673e+02 7.771223576634612584e+01 1.136749491230419977e+02
2.698080571957707434e+02 7.773154577935029863e+01 1.136500512595517591e+02
2.698087613826580196e+02 7.775085579235447142e+01 1.136251533960615205e+02
2.698094655695452957e+02 7.777016580535865842e+01 1.136002555325712819e+02
2.698101697564325150e+02 7.778947581836283121e+01 1.135753576690810434e+02
2.698108739433197911e+02 7.780878583136700399e+01 1.135504598055907906e+02
2.698115781302070673e+02 7.782809584437117678e+01 1.135255619421005520e+02
2.698122823170943434e+02 7.784740585737534957e+01 1.135006640786103134e+02
2.698129865039815627e+02 7.786671587037952236e+01 1.134757662151200748e+02
2.698136906908688388e+02 7.788602588338369515e+01 1.134508683516298362e+02
2.698143948777561150e+02 7.790533589638788214e+01 1.134259704881395976e+02
2.698150990646433911e+02 7.792464590939205493e+01 1.134010726246493448e+02
2.698158032515306104e+02 7.794395592239622772e+01 1.133761747611591062e+02
2.698165074384178865e+02 7.796326593540040051e+01 1.133512768976688676e+02
2.698165074384178865e+02 7.796326593540040051e+01 1.133512768976688676e+02
2.698172083336398259e+02 7.798248568529243130e+01 1.133264954172511665e+02
2.698179092288617653e+02 7.800170543518446209e+01 1.133017139368334796e+02
2.698186101240837615e+02 7.802092518507649288e+01 1.132769324564157785e+02
2.698193110193057009e+02 7.804014493496852367e+01 1.132521509759980916e+02
2.698200119145276403e+02 7.805936468486056867e+01 1.132273694955803904e+02
2.698207128097495797e+02 7.807858443475259946e+01 1.132025880151627035e+02
2.698214137049715191e+02 7.809780418464463025e+01 1.131778065347450024e+02
2.698221146001934585e+02 7.811702393453666105e+01 1.131530250543273013e+02
2.698228154954154547e+02 7.813624368442869184e+01 1.131282435739096144e+02
2.698235163906373941e+02 7.815546343432072263e+01 1.131034620934919133e+02
2.698242172858593335e+02 7.817468318421275342e+01 1.130786806130742264e+02
2.698249181810812729e+02 7.819390293410478421e+01 1.130538991326565252e+02
2.698256190763032123e+02 7.821312268399682921e+01 1.130291176522388241e+02
2.698263199715252085e+02 7.823234243388886000e+01 1.130043361718211372e+02
2.698270208667471479e+02 7.825156218378089079e+01 1.129795546914034361e+02
2.698277217619690873e+02 7.827078193367292158e+01 1.129547732109857492e+02
2.698284226571910267e+02 7.829000168356495237e+01 1.129299917305680481e+02
2.698291235524129661e+02 7.830922143345698316e+01 1.129052102501503612e+02
2.698298244476349623e+02 7.832844118334901395e+01 1.128804287697326600e+02
2.698305253428569017e+02 7.834766093324104475e+01 1.128556472893149589e+02
2.698312262380788411e+02 7.836688068313307554e+01 1.128308658088972720e+02
2.698319271333007805e+02 7.838610043302512054e+01 1.128060843284795709e+02
2.698326280285227199e+02 7.840532018291715133e+01 1.127813028480618840e+02
2.698333289237446593e+02 7.842453993280918212e+01 1.127565213676441829e+02
2.698340298189666555e+02 7.844375968270121291e+01 1.127317398872264818e+02
2.698347307141885949e+02 7.846297943259324370e+01 1.127069584068087948e+02
2.698354316094105343e+02 7.848219918248527449e+01 1.126821769263910937e+02
2.698361325046324737e+02 7.850141893237730528e+01 1.126573954459734068e+02
2.698368333998544131e+02 7.852063868226933607e+01 1.126326139655557057e+02
2.698375342950764093e+02 7.853985843216136686e+01 1.126078324851380188e+02
2.698382351902983487e+02 7.855907818205341187e+01 1.125830510047203177e+02
2.698389360855202881e+02 7.857829793194544266e+01 1.125582695243026166e+02
2.698396369807422275e+02 7.859751768183747345e+01 1.125334880438849297e+02
2.698403378759641669e+02 7.861673743172950424e+01 1.125087065634672285e+02
2.698410387711861631e+02 7.863595718162153503e+01 1.124839250830495416e+02
2.698417396664081025e+02 7.865517693151356582e+01 1.124591436026318405e+02
2.698424405616300419e+02 7.867439668140559661e+01 1.124343621222141394e+02
2.698431414568519813e+02 7.869361643129762740e+01 1.124095806417964525e+02
2.698438423520739207e+02 7.871283618118967240e+01 1.123847991613787514e+02
2.698445432472958601e+02 7.873205593108170319e+01 1.123600176809610645e+02
2.698452441425178563e+02 7.875127568097373398e+01 1.123352362005433633e+02
2.698459450377397957e+02 7.877049543086576477e+01 1.123104547201256764e+02
2.698466459329617351e+02 7.878971518075779557e+01 1.122856732397079753e+02
2.698466459329617351e+02 7.878971518075779557e+01 1.122856732397079753e+02
2.698455899161861566e+02 7.882062779457284307e+01 1.122858588269247946e+02
2.698445338994105782e+02 7.885154040838787637e+01 1.122860444141416281e+02
2.698434778826349998e+02 7.888245302220292388e+01 1.122862300013584473e+02
2.698424218658593645e+02 7.891336563601795717e+01 1.122864155885752808e+02
2.698413658490837861e+02 7.894427824983300468e+01 1.122866011757921001e+02
2.698403098323082077e+02 7.897519086364805219e+01 1.122867867630089336e+02
2.698392538155326292e+02 7.900610347746308548e+01 1.122869723502257528e+02
2.698381977987570508e+02 7.903701609127813299e+01 1.122871579374425863e+02
2.698371417819814724e+02 7.906792870509316629e+01 1.122873435246594056e+02
2.698360857652058939e+02 7.909884131890821379e+01 1.122875291118762391e+02
2.698350297484302587e+02 7.912975393272324709e+01 1.122877146990930584e+02
2.698339737316546803e+02 7.916066654653829460e+01 1.122879002863098918e+02
2.698329177148791018e+02 7.919157916035334210e+01 1.122880858735267111e+02
2.698318616981035234e+02 7.922249177416837540e+01 1.122882714607435446e+02
2.698308056813279450e+02 7.925340438798342291e+01 1.122884570479603639e+02
2.698297496645523665e+02 7.928431700179845620e+01 1.122886426351771973e+02
2.698286936477767313e+02 7.931522961561350371e+01 1.122888282223940166e+02
2.698276376310011528e+02 7.934614222942855122e+01 1.122890138096108359e+02
2.698265816142255744e+02 7.937705484324358451e+01 1.122891993968276694e+02
2.698255255974499960e+02 7.940796745705863202e+01 1.122893849840444886e+02
2.698244695806744176e+02 7.943888007087366532e+01 1.122895705712613221e+02
2.698234135638988391e+02 7.946979268468871282e+01 1.122897561584781414e+02
2.698223575471232607e+02 7.950070529850376033e+01 1.122899417456949749e+02
2.698213015303476254e+02 7.953161791231879363e+01 1.122901273329117942e+02
2.698202455135720470e+02 7.956253052613384114e+01 1.122903129201286276e+02
2.698191894967964686e+02 7.959344313994887443e+01 1.122904985073454469e+02
2.698181334800208901e+02 7.962435575376392194e+01 1.122906840945622804e+02
2.698170774632453117e+02 7.965526836757895524e+01 1.122908696817790997e+02
2.698160214464697333e+02 7.968618098139400274e+01 1.122910552689959331e+02
2.698149654296941549e+02 7.971709359520905025e+01 1.122912408562127524e+02
2.698139094129185196e+02 7.974800620902408355e+01 1.122914264434295859e+02
2.698128533961429412e+02 7.977891882283913105e+01 1.122916120306464052e+02
2.698117973793673627e+02 7.980983143665416435e+01 1.122917976178632387e+02
2.698107413625917843e+02 7.984074405046921186e+01 1.122919832050800579e+02
2.698107413625917843e+02 7.984074405046921186e+01 1.122919832050800579e+02
2.698321070488329951e+02 7.986373328461638721e+01 1.122944386902276506e+02
2.698534727350742060e+02 7.988672251876357677e+01 1.122968941753752290e+02
2.698748384213154736e+02 7.990971175291075212e+01 1.122993496605228216e+02
2.698962041075566844e+02 7.993270098705792748e+01 1.123018051456704143e+02
2.699175697937978953e+02 7.995569022120511704e+01 1.123042606308180069e+02
2.699389354800391061e+02 7.997867945535229239e+01 1.123067161159655853e+02
2.699603011662803169e+02 8.000166868949946775e+01 1.123091716011131780e+02
2.699816668525215846e+02 8.002465792364665731e+01 1.123116270862607706e+02
2.700030325387627954e+02 8.004764715779383266e+01 1.123140825714083491e+02
2.700243982250040062e+02 8.007063639194102223e+01 1.123165380565559417e+02
2.700457639112452171e+02 8.009362562608819758e+01 1.123189935417035343e+02
2.700671295974864279e+02 8.011661486023537293e+01 1.123214490268511128e+02
2.700884952837276956e+02 8.013960409438256249e+01 1.123239045119987054e+02
2.701098609699689064e+02 8.016259332852973785e+01 1.123263599971462980e+02
2.701312266562101172e+02 8.018558256267691320e+01 1.123288154822938907e+02
2.701525923424513280e+02 8.020857179682410276e+01 1.123312709674414691e+02
2.701739580286925957e+02 8.023156103097127811e+01 1.123337264525890618e+02
2.701953237149338065e+02 8.025455026511845347e+01 1.123361819377366544e+02
2.702166894011750173e+02 8.027753949926564303e+01 1.123386374228842328e+02
2.702380550874162282e+02 8.030052873341281838e+01 1.123410929080318255e+02
2.702594207736574390e+02 8.032351796755999374e+01 1.123435483931794181e+02
2.702807864598987067e+02 8.034650720170718330e+01 1.123460038783270107e+02
2.703021521461399175e+02 8.036949643585435865e+01 1.123484593634745892e+02
2.703235178323811283e+02 8.039248567000153400e+01 1.123509148486221818e+02
2.703448835186223391e+02 8.041547490414872357e+01 1.123533703337697744e+02
2.703662492048635499e+02 8.043846413829589892e+01 1.123558258189173529e+02
2.703876148911048176e+02 8.046145337244308848e+01 1.123582813040649455e+02
2.704089805773460284e+02 8.048444260659026384e+01 1.123607367892125382e+02
2.704303462635872393e+02 8.050743184073743919e+01 1.123631922743601166e+02
2.704517119498284501e+02 8.053042107488462875e+01 1.123656477595077092e+02
2.704730776360696609e+02 8.055341030903180410e+01 1.123681032446553019e+02
2.704944433223109286e+02 8.057639954317897946e+01 1.123705587298028945e+02
2.705158090085521394e+02 8.059938877732616902e+01 1.123730142149504729e+02
2.705371746947933502e+02 8.062237801147334437e+01 1.123754697000980656e+02
2.705371746947933502e+02 8.062237801147334437e+01 1.123754697000980656e+02
2.705585008138142484e+02 8.064532467174375086e+01 1.123779206379205249e+02
2.705798269328350898e+02 8.066827133201415734e+01 1.123803715757429842e+02
2.706011530518559312e+02 8.069121799228456382e+01 1.123828225135654435e+02
2.706224791708768294e+02 8.071416465255497030e+01 1.123852734513879170e+02
2.706438052898977276e+02 8.073711131282537679e+01 1.123877243892103763e+02
2.706651314089185689e+02 8.076005797309578327e+01 1.123901753270328356e+02
2.706864575279394103e+02 8.078300463336618975e+01 1.123926262648552949e+02
2.707077836469603085e+02 8.080595129363659623e+01 1.123950772026777543e+02
2.707291097659812067e+02 8.082889795390700272e+01 1.123975281405002136e+02
2.707504358850020481e+02 8.085184461417740920e+01 1.123999790783226729e+02
2.707717620040228894e+02 8.087479127444781568e+01 1.124024300161451322e+02
2.707930881230437876e+02 8.089773793471822216e+01 1.124048809539675915e+02
2.708144142420646858e+02 8.092068459498862865e+01 1.124073318917900650e+02
2.708357403610855272e+02 8.094363125525903513e+01 1.124097828296125243e+02
2.708570664801063685e+02 8.096657791552944161e+01 1.124122337674349836e+02
2.708783925991272667e+02 8.098952457579984809e+01 1.124146847052574429e+02
2.708997187181481650e+02 8.101247123607025458e+01 1.124171356430799023e+02
2.709210448371690063e+02 8.103541789634066106e+01 1.124195865809023616e+02
2.709423709561898477e+02 8.105836455661106754e+01 1.124220375187248209e+02
2.709636970752107459e+02 8.108131121688147402e+01 1.124244884565472944e+02
2.709850231942316441e+02 8.110425787715188051e+01 1.124269393943697537e+02
2.710063493132524854e+02 8.112720453742228699e+01 1.124293903321922130e+02
2.710276754322733268e+02 8.115015119769269347e+01 1.124318412700146723e+02
2.710490015512942250e+02 8.117309785796309995e+01 1.124342922078371316e+02
2.710703276703151232e+02 8.119604451823350644e+01 1.124367431456595909e+02
2.710916537893359646e+02 8.121899117850391292e+01 1.124391940834820502e+02
2.711129799083568059e+02 8.124193783877431940e+01 1.124416450213045096e+02
2.711343060273777041e+02 8.126488449904472589e+01 1.124440959591269689e+02
2.711556321463986023e+02 8.128783115931513237e+01 1.124465468969494424e+02
2.711769582654194437e+02 8.131077781958553885e+01 1.124489978347719017e+02
2.711982843844402851e+02 8.133372447985594533e+01 1.124514487725943610e+02
2.712196105034611833e+02 8.135667114012635182e+01 1.124538997104168203e+02
2.712196105034611833e+02 8.135667114012635182e+01 1.124538997104168203e+02
2.712182279078850797e+02 8.138241165020032497e+01 1.124723487743279833e+02
2.712168453123089762e+02 8.140815216027431234e+01 1.124907978382391320e+02
2.712154627167328727e+02 8.143389267034828549e+01 1.125092469021502950e+02
2.712140801211567691e+02 8.145963318042225865e+01 1.125276959660614438e+02
2.712126975255806087e+02 8.148537369049623180e+01 1.125461450299726067e+02
2.712113149300045052e+02 8.151111420057021917e+01 1.125645940938837697e+02
2.712099323344284016e+02 8.153685471064419232e+01 1.125830431577949184e+02
2.712085497388522981e+02 8.156259522071816548e+01 1.126014922217060814e+02
2.712071671432761946e+02 8.158833573079215284e+01 1.126199412856172444e+02
2.712057845477000910e+02 8.161407624086612600e+01 1.126383903495283931e+02
2.712044019521239875e+02 8.163981675094009915e+01 1.126568394134395561e+02
2.712030193565478839e+02 8.166555726101408652e+01 1.126752884773507049e+02
2.712016367609717236e+02 8.169129777108805968e+01 1.126937375412618678e+02
2.712002541653956200e+02 8.171703828116203283e+01 1.127121866051730308e+02
2.711988715698195165e+02 8.174277879123600599e+01 1.127306356690841795e+02
2.711974889742434129e+02 8.176851930130999335e+01 1.127490847329953425e+02
2.711961063786673094e+02 8.179425981138396651e+01 1.127675337969064913e+02
2.711947237830912059e+02 8.182000032145793966e+01 1.127859828608176542e+02
2.711933411875151023e+02 8.184574083153192703e+01 1.128044319247288172e+02
2.711919585919389988e+02 8.187148134160590018e+01 1.128228809886399659e+02
2.711905759963628952e+02 8.189722185167987334e+01 1.128413300525511289e+02
2.711891934007867349e+02 8.192296236175384649e+01 1.128597791164622919e+02
2.711878108052106313e+02 8.194870287182783386e+01 1.128782281803734406e+02
2.711864282096345278e+02 8.197444338190180702e+01 1.128966772442846036e+02
2.711850456140584242e+02 8.200018389197578017e+01 1.129151263081957524e+02
2.711836630184823207e+02 8.202592440204976754e+01 1.129335753721069153e+02
2.711822804229062172e+02 8.205166491212374069e+01 1.129520244360180783e+02
2.711808978273301136e+02 8.207740542219771385e+01 1.129704734999292270e+02
2.711795152317540101e+02 8.210314593227170121e+01 1.129889225638403900e+02
2.711781326361778497e+02 8.212888644234567437e+01 1.130073716277515530e+02
2.711767500406017462e+02 8.215462695241964752e+01 1.130258206916627017e+02
2.711753674450256426e+02 8.218036746249362068e+01 1.130442697555738647e+02
2.711739848494495391e+02 8.220610797256760804e+01 1.130627188194850135e+02
2.711726022538734355e+02 8.223184848264158120e+01 1.130811678833961764e+02
