2.005443427932675604e+02 1.135243154821955045e+02 1.077321353754997233e+02
2.005820085774923882e+02 1.135379727259090998e+02 1.077217905487503344e+02
2.006196743617172444e+02 1.135516299696226952e+02 1.077114457220009314e+02
2.006573401459420722e+02 1.135652872133362905e+02 1.077011008952515425e+02
2.006950059301669000e+02 1.135789444570498716e+02 1.076907560685021537e+02
2.007326717143917278e+02 1.135926017007634670e+02 1.076804112417527648e+02
2.007703374986165841e+02 1.136062589444770623e+02 1.076700664150033617e+02
2.008080032828414119e+02 1.136199161881906576e+02 1.076597215882539729e+02
2.008456690670662397e+02 1.136335734319042530e+02 1.076493767615045840e+02
2.008833348512910959e+02 1.136472306756178483e+02 1.076390319347551809e+02
2.009210006355159237e+02 1.136608879193314436e+02 1.076286871080057921e+02
2.009586664197407515e+02 1.136745451630450248e+02 1.076183422812564032e+02
2.009963322039655793e+02 1.136882024067586201e+02 1.076079974545070144e+02
2.010339979881904355e+02 1.137018596504722154e+02 1.075976526277576113e+02
2.010716637724152633e+02 1.137155168941858108e+02 1.075873078010082224e+02
2.011093295566400911e+02 1.137291741378994061e+02 1.075769629742588336e+02
2.011469953408649474e+02 1.137428313816130014e+02 1.075666181475094305e+02
2.011846611250897752e+02 1.137564886253265968e+02 1.075562733207600417e+02
2.012223269093146030e+02 1.137701458690401779e+02 1.075459284940106528e+02
2.012599926935394308e+02 1.137838031127537732e+02 1.075355836672612639e+02
2.012976584777642870e+02 1.137974603564673686e+02 1.075252388405118609e+02
2.013353242619891148e+02 1.138111176001809639e+02 1.075148940137624720e+02
2.013353242619891148e+02 1.138111176001809639e+02 1.075148940137624720e+02
2.013556462360377850e+02 1.138292883459620697e+02 1.075169168692076624e+02
2.013759682100864268e+02 1.138474590917431613e+02 1.075189397246528529e+02
2.013962901841350970e+02 1.138656298375242670e+02 1.075209625800980433e+02
2.014166121581837388e+02 1.138838005833053586e+02 1.075229854355432337e+02
2.014369341322324090e+02 1.139019713290864644e+02 1.075250082909884242e+02
2.014572561062810507e+02 1.139201420748675702e+02 1.075270311464336146e+02
2.014775780803297209e+02 1.139383128206486617e+02 1.075290540018788050e+02
2.014979000543783627e+02 1.139564835664297675e+02 1.075310768573239955e+02
2.015182220284270329e+02 1.139746543122108591e+02 1.075330997127691859e+02
2.015385440024756747e+02 1.139928250579919649e+02 1.075351225682143763e+02
2.015588659765243449e+02 1.140109958037730706e+02 1.075371454236595667e+02
2.015791879505729867e+02 1.140291665495541622e+02 1.075391682791047572e+02
2.015995099246216569e+02 1.140473372953352680e+02 1.075411911345499476e+02
2.016198318986702986e+02 1.140655080411163595e+02 1.075432139899951522e+02
2.016401538727189688e+02 1.140836787868974653e+02 1.075452368454403427e+02
2.016604758467676106e+02 1.141018495326785569e+02 1.075472597008855331e+02
2.016807978208162808e+02 1.141200202784596627e+02 1.075492825563307235e+02
2.017011197948649226e+02 1.141381910242407685e+02 1.075513054117759140e+02
2.017214417689135928e+02 1.141563617700218600e+02 1.075533282672211044e+02
2.017417637429622346e+02 1.141745325158029658e+02 1.075553511226662948e+02
2.017620857170109048e+02 1.141927032615840574e+02 1.075573739781114853e+02
2.017824076910595466e+02 1.142108740073651632e+02 1.075593968335566757e+02
2.018027296651082168e+02 1.142290447531462689e+02 1.075614196890018661e+02
2.018230516391568585e+02 1.142472154989273605e+02 1.075634425444470565e+02
2.018433736132055287e+02 1.142653862447084663e+02 1.075654653998922470e+02
2.018636955872541705e+02 1.142835569904895578e+02 1.075674882553374374e+02
2.018840175613028407e+02 1.143017277362706636e+02 1.075695111107826278e+02
2.018840175613028407e+02 1.143017277362706636e+02 1.075695111107826278e+02
2.019046359096953154e+02 1.143201634830228670e+02 1.075715634674196650e+02
2.019252542580877900e+02 1.143385992297750704e+02 1.075736158240567164e+02
2.019458726064802931e+02 1.143570349765272738e+02 1.075756681806937536e+02
2.019664909548727678e+02 1.143754707232794772e+02 1.075777205373308050e+02
2.019871093032652425e+02 1.143939064700316806e+02 1.075797728939678422e+02
2.020077276516577172e+02 1.144123422167838839e+02 1.075818252506048793e+02
2.020283460000501918e+02 1.144307779635360873e+02 1.075838776072419307e+02
2.020489643484426665e+02 1.144492137102882907e+02 1.075859299638789679e+02
2.020695826968351696e+02 1.144676494570404941e+02 1.075879823205160193e+02
2.020902010452276443e+02 1.144860852037926975e+02 1.075900346771530565e+02
2.021108193936201189e+02 1.145045209505449009e+02 1.075920870337900936e+02
2.021314377420125936e+02 1.145229566972971043e+02 1.075941393904271450e+02
2.021520560904050683e+02 1.145413924440493076e+02 1.075961917470641822e+02
2.021726744387975430e+02 1.145598281908015110e+02 1.075982441037012194e+02
2.021932927871900461e+02 1.145782639375537144e+02 1.076002964603382708e+02
2.022139111355825207e+02 1.145966996843059178e+02 1.076023488169753080e+02
2.022345294839749954e+02 1.146151354310581212e+02 1.076044011736123593e+02
2.022551478323674701e+02 1.146335711778103246e+02 1.076064535302493965e+02
2.022757661807599447e+02 1.146520069245625280e+02 1.076085058868864337e+02
2.022963845291524194e+02 1.146704426713147313e+02 1.076105582435234851e+02
2.023170028775449225e+02 1.146888784180669347e+02 1.076126106001605223e+02
2.023376212259373972e+02 1.147073141648191381e+02 1.076146629567975737e+02
2.023582395743298719e+02 1.147257499115713415e+02 1.076167153134346108e+02
2.023582395743298719e+02 1.147257499115713415e+02 1.076167153134346108e+02
2.023584631633757738e+02 1.147568833396096863e+02 1.076144050461530810e+02
2.023586867524217041e+02 1.147880167676480454e+02 1.076120947788715512e+02
2.023589103414676060e+02 1.148191501956863902e+02 1.076097845115900213e+02
2.023591339305135079e+02 1.148502836237247493e+02 1.076074742443084773e+02
2.023593575195594099e+02 1.148814170517630942e+02 1.076051639770269475e+02
2.023595811086053402e+02 1.149125504798014390e+02 1.076028537097454176e+02
2.023598046976512421e+02 1.149436839078397981e+02 1.076005434424638878e+02
2.023600282866971440e+02 1.149748173358781429e+02 1.075982331751823580e+02
2.023602518757430744e+02 1.150059507639165020e+02 1.075959229079008281e+02
2.023604754647889763e+02 1.150370841919548468e+02 1.075936126406192841e+02
2.023606990538348782e+02 1.150682176199931916e+02 1.075913023733377543e+02
2.023609226428808086e+02 1.150993510480315507e+02 1.075889921060562244e+02
2.023611462319267105e+02 1.151304844760698955e+02 1.075866818387746946e+02
2.023613698209726124e+02 1.151616179041082546e+02 1.075843715714931648e+02
2.023615934100185427e+02 1.151927513321465995e+02 1.075820613042116349e+02
2.023618169990644446e+02 1.152238847601849443e+02 1.075797510369301051e+02
2.023620405881103466e+02 1.152550181882233034e+02 1.075774407696485611e+02
2.023622641771562485e+02 1.152861516162616482e+02 1.075751305023670312e+02
2.023624877662021788e+02 1.153172850443000073e+02 1.075728202350855014e+02
2.023627113552480807e+02 1.153484184723383521e+02 1.075705099678039716e+02
2.023627113552480807e+02 1.153484184723383521e+02 1.075705099678039716e+02
2.023630259982633390e+02 1.153922306172190417e+02 1.075672588717561240e+02
2.023633406412785973e+02 1.154360427620997314e+02 1.075640077757082622e+02
2.023636552842938272e+02 1.154798549069804068e+02 1.075607566796604146e+02
2.023639699273090855e+02 1.155236670518610964e+02 1.075575055836125671e+02
2.023642845703243438e+02 1.155674791967417860e+02 1.075542544875647053e+02
2.023645992133396021e+02 1.156112913416224757e+02 1.075510033915168577e+02
2.023649138563548604e+02 1.156551034865031653e+02 1.075477522954689960e+02
2.023652284993700903e+02 1.156989156313838407e+02 1.075445011994211484e+02
2.023655431423853486e+02 1.157427277762645303e+02 1.075412501033733008e+02
2.023658577854006069e+02 1.157865399211452200e+02 1.075379990073254390e+02
2.023661724284158652e+02 1.158303520660259096e+02 1.075347479112775915e+02
2.023664870714310950e+02 1.158741642109065850e+02 1.075314968152297439e+02
2.023668017144463533e+02 1.159179763557872747e+02 1.075282457191818821e+02
2.023671163574616116e+02 1.159617885006679643e+02 1.075249946231340346e+02
2.023674310004768699e+02 1.160056006455486539e+02 1.075217435270861728e+02
2.023677456434921282e+02 1.160494127904293435e+02 1.075184924310383252e+02
2.023680602865073581e+02 1.160932249353100190e+02 1.075152413349904776e+02
2.023683749295226164e+02 1.161370370801907086e+02 1.075119902389426159e+02
2.023686895725378747e+02 1.161808492250713982e+02 1.075087391428947683e+02
2.023686895725378747e+02 1.161808492250713982e+02 1.075087391428947683e+02
2.023944240932691514e+02 1.162109424936059980e+02 1.075083431596664525e+02
2.024201586140003997e+02 1.162410357621405979e+02 1.075079471764381367e+02
2.024458931347316764e+02 1.162711290306752119e+02 1.075075511932098209e+02
2.024716276554629530e+02 1.163012222992098117e+02 1.075071552099815051e+02
2.024973621761942297e+02 1.163313155677444115e+02 1.075067592267531893e+02
2.025230966969254780e+02 1.163614088362790113e+02 1.075063632435248735e+02
2.025488312176567547e+02 1.163915021048136111e+02 1.075059672602965435e+02
2.025745657383880314e+02 1.164215953733482252e+02 1.075055712770682277e+02
2.026003002591193081e+02 1.164516886418828250e+02 1.075051752938399119e+02
2.026260347798505563e+02 1.164817819104174248e+02 1.075047793106115961e+02
2.026517693005818330e+02 1.165118751789520246e+02 1.075043833273832803e+02
2.026775038213131097e+02 1.165419684474866244e+02 1.075039873441549645e+02
2.027032383420443580e+02 1.165720617160212385e+02 1.075035913609266487e+02
2.027289728627756347e+02 1.166021549845558383e+02 1.075031953776983329e+02
2.027547073835069114e+02 1.166322482530904381e+02 1.075027993944700171e+02
2.027804419042381880e+02 1.166623415216250379e+02 1.075024034112417013e+02
2.028061764249694363e+02 1.166924347901596377e+02 1.075020074280133855e+02
2.028319109457007130e+02 1.167225280586942375e+02 1.075016114447850697e+02
2.028576454664319897e+02 1.167526213272288516e+02 1.075012154615567539e+02
2.028833799871632664e+02 1.167827145957634514e+02 1.075008194783284239e+02
2.029091145078945146e+02 1.168128078642980512e+02 1.075004234951001081e+02
2.029348490286257913e+02 1.168429011328326510e+02 1.075000275118717923e+02
2.029605835493570680e+02 1.168729944013672508e+02 1.074996315286434765e+02
2.029863180700883447e+02 1.169030876699018648e+02 1.074992355454151607e+02
2.030120525908195930e+02 1.169331809384364647e+02 1.074988395621868449e+02
2.030377871115508697e+02 1.169632742069710645e+02 1.074984435789585291e+02
2.030377871115508697e+02 1.169632742069710645e+02 1.074984435789585291e+02
2.030616240141402216e+02 1.169757322326475162e+02 1.074889129669810899e+02
2.030854609167296019e+02 1.169881902583239537e+02 1.074793823550036649e+02
2.031092978193189538e+02 1.170006482840004054e+02 1.074698517430262257e+02
2.031331347219083057e+02 1.170131063096768429e+02 1.074603211310488007e+02
2.031569716244976576e+02 1.170255643353532946e+02 1.074507905190713615e+02
2.031808085270870379e+02 1.170380223610297321e+02 1.074412599070939365e+02
2.032046454296763898e+02 1.170504803867061838e+02 1.074317292951164973e+02
2.032284823322657417e+02 1.170629384123826213e+02 1.074221986831390723e+02
2.032523192348550936e+02 1.170753964380590730e+02 1.074126680711616331e+02
2.032761561374444739e+02 1.170878544637355105e+02 1.074031374591842081e+02
2.032999930400338258e+02 1.171003124894119622e+02 1.073936068472067689e+02
2.033238299426231777e+02 1.171127705150884140e+02 1.073840762352293297e+02
2.033476668452125580e+02 1.171252285407648515e+02 1.073745456232519047e+02
2.033715037478019099e+02 1.171376865664413032e+02 1.073650150112744655e+02
2.033953406503912618e+02 1.171501445921177407e+02 1.073554843992970405e+02
2.034191775529806137e+02 1.171626026177941924e+02 1.073459537873196012e+02
2.034430144555699940e+02 1.171750606434706299e+02 1.073364231753421763e+02
2.034668513581593459e+02 1.171875186691470816e+02 1.073268925633647370e+02
2.034906882607486978e+02 1.171999766948235191e+02 1.073173619513873120e+02
2.035145251633380497e+02 1.172124347204999708e+02 1.073078313394098728e+02
2.035383620659274300e+02 1.172248927461764083e+02 1.072983007274324478e+02
2.035621989685167819e+02 1.172373507718528600e+02 1.072887701154550086e+02
2.035860358711061338e+02 1.172498087975293117e+02 1.072792395034775694e+02
2.036098727736955141e+02 1.172622668232057492e+02 1.072697088915001444e+02
2.036337096762848660e+02 1.172747248488822009e+02 1.072601782795227052e+02
2.036575465788742179e+02 1.172871828745586384e+02 1.072506476675452802e+02
2.036813834814635698e+02 1.172996409002350902e+02 1.072411170555678410e+02
2.037052203840529501e+02 1.173120989259115277e+02 1.072315864435904160e+02
2.037290572866423020e+02 1.173245569515879794e+02 1.072220558316129768e+02
2.037528941892316539e+02 1.173370149772644169e+02 1.072125252196355518e+02
2.037767310918210057e+02 1.173494730029408686e+02 1.072029946076581126e+02
2.038005679944103861e+02 1.173619310286173061e+02 1.071934639956806876e+02
2.038244048969997380e+02 1.173743890542937578e+02 1.071839333837032484e+02
2.038244048969997380e+02 1.173743890542937578e+02 1.071839333837032484e+02
2.038395515116019112e+02 1.173903710701611800e+02 1.071886628748774655e+02
2.038546981262040845e+02 1.174063530860285880e+02 1.071933923660516967e+02
2.038698447408062577e+02 1.174223351018960102e+02 1.071981218572259138e+02
2.038849913554084310e+02 1.174383171177634324e+02 1.072028513484001309e+02
2.039001379700106042e+02 1.174542991336308546e+02 1.072075808395743479e+02
2.039152845846127775e+02 1.174702811494982626e+02 1.072123103307485792e+02
2.039304311992149508e+02 1.174862631653656848e+02 1.072170398219227962e+02
2.039455778138171240e+02 1.175022451812331070e+02 1.072217693130970133e+02
2.039607244284192973e+02 1.175182271971005150e+02 1.072264988042712304e+02
2.039758710430214705e+02 1.175342092129679372e+02 1.072312282954454616e+02
2.039910176576236438e+02 1.175501912288353594e+02 1.072359577866196787e+02
2.040061642722258171e+02 1.175661732447027674e+02 1.072406872777938958e+02
2.040213108868279903e+02 1.175821552605701896e+02 1.072454167689681128e+02
2.040364575014301636e+02 1.175981372764376118e+02 1.072501462601423441e+02
2.040516041160323368e+02 1.176141192923050198e+02 1.072548757513165611e+02
2.040667507306345101e+02 1.176301013081724420e+02 1.072596052424907782e+02
2.040818973452366833e+02 1.176460833240398642e+02 1.072643347336650095e+02
2.040970439598388566e+02 1.176620653399072864e+02 1.072690642248392265e+02
2.041121905744410299e+02 1.176780473557746944e+02 1.072737937160134436e+02
2.041273371890432031e+02 1.176940293716421166e+02 1.072785232071876607e+02
2.041424838036453764e+02 1.177100113875095388e+02 1.072832526983618919e+02
2.041576304182475496e+02 1.177259934033769468e+02 1.072879821895361090e+02
2.041727770328497229e+02 1.177419754192443690e+02 1.072927116807103260e+02
2.041879236474518962e+02 1.177579574351117913e+02 1.072974411718845431e+02
2.042030702620540694e+02 1.177739394509792135e+02 1.073021706630587744e+02
2.042182168766562427e+02 1.177899214668466215e+02 1.073069001542329914e+02
2.042333634912584159e+02 1.178059034827140437e+02 1.073116296454072085e+02
2.042485101058605892e+02 1.178218854985814659e+02 1.073163591365814256e+02
2.042636567204627625e+02 1.178378675144488739e+02 1.073210886277556568e+02
2.042788033350649357e+02 1.178538495303162961e+02 1.073258181189298739e+02
2.042788033350649357e+02 1.178538495303162961e+02 1.073258181189298739e+02
2.043042925812010253e+02 1.178731025963517709e+02 1.073238338092395310e+02
2.043297818273371433e+02 1.178923556623872457e+02 1.073218494995491881e+02
2.043552710734732329e+02 1.179116087284227063e+02 1.073198651898588594e+02
2.043807603196093510e+02 1.179308617944581812e+02 1.073178808801685165e+02
2.044062495657454406e+02 1.179501148604936560e+02 1.073158965704781735e+02
2.044317388118815586e+02 1.179693679265291308e+02 1.073139122607878306e+02
2.044572280580176482e+02 1.179886209925645915e+02 1.073119279510975019e+02
2.044827173041537662e+02 1.180078740586000663e+02 1.073099436414071590e+02
2.045082065502898558e+02 1.180271271246355411e+02 1.073079593317168161e+02
2.045336957964259739e+02 1.180463801906710160e+02 1.073059750220264732e+02
2.045591850425620635e+02 1.180656332567064766e+02 1.073039907123361445e+02
2.045846742886981815e+02 1.180848863227419514e+02 1.073020064026458016e+02
2.046101635348342711e+02 1.181041393887774262e+02 1.073000220929554587e+02
2.046356527809703891e+02 1.181233924548129011e+02 1.072980377832651158e+02
2.046611420271064787e+02 1.181426455208483617e+02 1.072960534735747871e+02
2.046866312732425968e+02 1.181618985868838365e+02 1.072940691638844442e+02
2.047121205193786864e+02 1.181811516529193113e+02 1.072920848541941012e+02
2.047376097655148044e+02 1.182004047189547862e+02 1.072901005445037583e+02
2.047630990116508940e+02 1.182196577849902468e+02 1.072881162348134296e+02
2.047885882577870120e+02 1.182389108510257216e+02 1.072861319251230867e+02
2.048140775039231016e+02 1.182581639170611965e+02 1.072841476154327438e+02
2.048140775039231016e+02 1.182581639170611965e+02 1.072841476154327438e+02
2.048275521335653764e+02 1.182833608744397225e+02 1.072853487677574265e+02
2.048410267632076227e+02 1.183085578318182485e+02 1.072865499200820949e+02
2.048545013928498975e+02 1.183337547891967745e+02 1.072877510724067776e+02
2.048679760224921722e+02 1.183589517465752863e+02 1.072889522247314460e+02
2.048814506521344185e+02 1.183841487039538123e+02 1.072901533770561286e+02
2.048949252817766933e+02 1.184093456613323383e+02 1.072913545293807971e+02
2.049083999114189680e+02 1.184345426187108643e+02 1.072925556817054797e+02
2.049218745410612144e+02 1.184597395760893903e+02 1.072937568340301624e+02
2.049353491707034891e+02 1.184849365334679163e+02 1.072949579863548308e+02
2.049488238003457639e+02 1.185101334908464423e+02 1.072961591386795135e+02
2.049622984299880102e+02 1.185353304482249541e+02 1.072973602910041819e+02
2.049757730596302849e+02 1.185605274056034801e+02 1.072985614433288646e+02
2.049892476892725597e+02 1.185857243629820061e+02 1.072997625956535330e+02
2.050027223189148060e+02 1.186109213203605321e+02 1.073009637479782157e+02
2.050161969485570808e+02 1.186361182777390582e+02 1.073021649003028983e+02
2.050296715781993555e+02 1.186613152351175842e+02 1.073033660526275668e+02
2.050431462078416018e+02 1.186865121924961102e+02 1.073045672049522494e+02
2.050566208374838766e+02 1.187117091498746220e+02 1.073057683572769179e+02
2.050700954671261513e+02 1.187369061072531480e+02 1.073069695096016005e+02
2.050835700967683977e+02 1.187621030646316740e+02 1.073081706619262690e+02
2.050970447264106724e+02 1.187873000220102000e+02 1.073093718142509516e+02
2.050970447264106724e+02 1.187873000220102000e+02 1.073093718142509516e+02
2.051235021644644405e+02 1.188072844028450987e+02 1.073073121318879970e+02
2.051499596025181802e+02 1.188272687836800117e+02 1.073052524495250282e+02
2.051764170405719483e+02 1.188472531645149104e+02 1.073031927671620736e+02
2.052028744786257164e+02 1.188672375453498091e+02 1.073011330847991189e+02
2.052293319166794845e+02 1.188872219261847079e+02 1.072990734024361643e+02
2.052557893547332242e+02 1.189072063070196208e+02 1.072970137200731955e+02
2.052822467927869923e+02 1.189271906878545195e+02 1.072949540377102409e+02
2.053087042308407604e+02 1.189471750686894183e+02 1.072928943553472863e+02
2.053351616688945285e+02 1.189671594495243170e+02 1.072908346729843316e+02
2.053616191069482682e+02 1.189871438303592299e+02 1.072887749906213628e+02
2.053880765450020363e+02 1.190071282111941287e+02 1.072867153082584082e+02
2.054145339830558044e+02 1.190271125920290274e+02 1.072846556258954536e+02
2.054409914211095725e+02 1.190470969728639261e+02 1.072825959435324989e+02
2.054674488591633121e+02 1.190670813536988391e+02 1.072805362611695301e+02
2.054939062972170802e+02 1.190870657345337378e+02 1.072784765788065755e+02
2.055203637352708483e+02 1.191070501153686365e+02 1.072764168964436209e+02
2.055468211733246164e+02 1.191270344962035352e+02 1.072743572140806663e+02
2.055732786113783561e+02 1.191470188770384482e+02 1.072722975317176974e+02
2.055997360494321242e+02 1.191670032578733469e+02 1.072702378493547428e+02
2.055997360494321242e+02 1.191670032578733469e+02 1.072702378493547428e+02
2.056137598779692155e+02 1.191932271927282585e+02 1.072714879582405132e+02
2.056277837065063068e+02 1.192194511275831559e+02 1.072727380671262694e+02
2.056418075350433980e+02 1.192456750624380675e+02 1.072739881760120397e+02
2.056558313635804893e+02 1.192718989972929791e+02 1.072752382848978101e+02
2.056698551921175806e+02 1.192981229321478764e+02 1.072764883937835663e+02
2.056838790206546719e+02 1.193243468670027880e+02 1.072777385026693366e+02
2.056979028491917632e+02 1.193505708018576996e+02 1.072789886115551070e+02
2.057119266777288544e+02 1.193767947367125970e+02 1.072802387204408632e+02
2.057259505062659457e+02 1.194030186715675086e+02 1.072814888293266335e+02
2.057399743348030370e+02 1.194292426064224060e+02 1.072827389382123897e+02
2.057539981633400998e+02 1.194554665412773176e+02 1.072839890470981601e+02
2.057680219918771911e+02 1.194816904761322292e+02 1.072852391559839305e+02
2.057820458204142824e+02 1.195079144109871265e+02 1.072864892648696866e+02
2.057960696489513737e+02 1.195341383458420381e+02 1.072877393737554570e+02
2.058100934774884649e+02 1.195603622806969497e+02 1.072889894826412274e+02
2.058241173060255562e+02 1.195865862155518471e+02 1.072902395915269835e+02
2.058381411345626475e+02 1.196128101504067587e+02 1.072914897004127539e+02
2.058521649630997388e+02 1.196390340852616703e+02 1.072927398092985243e+02
2.058661887916368300e+02 1.196652580201165676e+02 1.072939899181842804e+02
2.058802126201739213e+02 1.196914819549714792e+02 1.072952400270700508e+02
2.058802126201739213e+02 1.196914819549714792e+02 1.072952400270700508e+02
2.058947455003436460e+02 1.197186577937103351e+02 1.072965355137189221e+02
2.059092783805133990e+02 1.197458336324491910e+02 1.072978310003678075e+02
2.059238112606831237e+02 1.197730094711880469e+02 1.072991264870166788e+02
2.059383441408528768e+02 1.198001853099269027e+02 1.073004219736655642e+02
2.059528770210226014e+02 1.198273611486657586e+02 1.073017174603144355e+02
2.059674099011923261e+02 1.198545369874046145e+02 1.073030129469633209e+02
2.059819427813620791e+02 1.198817128261434704e+02 1.073043084336121922e+02
2.059964756615318038e+02 1.199088886648823262e+02 1.073056039202610776e+02
2.060110085417015284e+02 1.199360645036211963e+02 1.073068994069099489e+02
2.060255414218712815e+02 1.199632403423600522e+02 1.073081948935588201e+02
2.060400743020410061e+02 1.199904161810989081e+02 1.073094903802077056e+02
2.060546071822107592e+02 1.200175920198377639e+02 1.073107858668565768e+02
2.060691400623804839e+02 1.200447678585766198e+02 1.073120813535054623e+02
2.060836729425502085e+02 1.200719436973154757e+02 1.073133768401543335e+02
2.060982058227199616e+02 1.200991195360543315e+02 1.073146723268032190e+02
2.061127387028896862e+02 1.201262953747931874e+02 1.073159678134520902e+02
2.061272715830594393e+02 1.201534712135320433e+02 1.073172633001009757e+02
2.061418044632291640e+02 1.201806470522708992e+02 1.073185587867498469e+02
2.061418044632291640e+02 1.201806470522708992e+02 1.073185587867498469e+02
2.061782129423748984e+02 1.202081478598468181e+02 1.073157244268165016e+02
2.062146214215206612e+02 1.202356486674227369e+02 1.073128900668831562e+02
2.062510299006663956e+02 1.202631494749986558e+02 1.073100557069497967e+02
2.062874383798121585e+02 1.202906502825745747e+02 1.073072213470164513e+02
2.063238468589578929e+02 1.203181510901504936e+02 1.073043869870831060e+02
2.063602553381036557e+02 1.203456518977264125e+02 1.073015526271497606e+02
2.063966638172493901e+02 1.203731527053023314e+02 1.072987182672164153e+02
2.064330722963951530e+02 1.204006535128782502e+02 1.072958839072830699e+02
2.064694807755408874e+02 1.204281543204541549e+02 1.072930495473497103e+02
2.065058892546866502e+02 1.204556551280300738e+02 1.072902151874163650e+02
2.065422977338323847e+02 1.204831559356059927e+02 1.072873808274830196e+02
2.065787062129781475e+02 1.205106567431819116e+02 1.072845464675496743e+02
2.066151146921238819e+02 1.205381575507578304e+02 1.072817121076163289e+02
2.066515231712696448e+02 1.205656583583337493e+02 1.072788777476829836e+02
2.066879316504153792e+02 1.205931591659096682e+02 1.072760433877496240e+02
2.067243401295611420e+02 1.206206599734855871e+02 1.072732090278162786e+02
2.067607486087068764e+02 1.206481607810615060e+02 1.072703746678829333e+02
2.067607486087068764e+02 1.206481607810615060e+02 1.072703746678829333e+02
2.067874792984638077e+02 1.206467322879501438e+02 1.072704282056540421e+02
2.068142099882207390e+02 1.206453037948387816e+02 1.072704817434251510e+02
2.068409406779776702e+02 1.206438753017274195e+02 1.072705352811962456e+02
2.068676713677346015e+02 1.206424468086160573e+02 1.072705888189673544e+02
2.068944020574915328e+02 1.206410183155046951e+02 1.072706423567384633e+02
2.069211327472484641e+02 1.206395898223933330e+02 1.072706958945095721e+02
2.069478634370053669e+02 1.206381613292819708e+02 1.072707494322806809e+02
2.069745941267622982e+02 1.206367328361706086e+02 1.072708029700517756e+02
2.070013248165192294e+02 1.206353043430592464e+02 1.072708565078228844e+02
2.070280555062761607e+02 1.206338758499478843e+02 1.072709100455939932e+02
2.070547861960330920e+02 1.206324473568365221e+02 1.072709635833651021e+02
2.070815168857900233e+02 1.206310188637251599e+02 1.072710171211361967e+02
2.071082475755469545e+02 1.206295903706137835e+02 1.072710706589073055e+02
2.071349782653038858e+02 1.206281618775024214e+02 1.072711241966784144e+02
2.071617089550608171e+02 1.206267333843910592e+02 1.072711777344495232e+02
2.071884396448177483e+02 1.206253048912796970e+02 1.072712312722206320e+02
2.072151703345746796e+02 1.206238763981683348e+02 1.072712848099917267e+02
2.072419010243315824e+02 1.206224479050569727e+02 1.072713383477628355e+02
2.072686317140885137e+02 1.206210194119456105e+02 1.072713918855339443e+02
2.072953624038454450e+02 1.206195909188342483e+02 1.072714454233050532e+02
2.073220930936023763e+02 1.206181624257228862e+02 1.072714989610761620e+02
2.073488237833593075e+02 1.206167339326115240e+02 1.072715524988472566e+02
2.073755544731162388e+02 1.206153054395001618e+02 1.072716060366183655e+02
2.074022851628731701e+02 1.206138769463887996e+02 1.072716595743894743e+02
2.074022851628731701e+02 1.206138769463887996e+02 1.072716595743894743e+02
2.074338154697422567e+02 1.206121919608320781e+02 1.072717227251112604e+02
2.074653457766113434e+02 1.206105069752753565e+02 1.072717858758330465e+02
2.074968760834804584e+02 1.206088219897186349e+02 1.072718490265548326e+02
2.075284063903495451e+02 1.206071370041619133e+02 1.072719121772766329e+02
2.075599366972186317e+02 1.206054520186051917e+02 1.072719753279984189e+02
2.075914670040877184e+02 1.206037670330484701e+02 1.072720384787202050e+02
2.076229973109568050e+02 1.206020820474917485e+02 1.072721016294419911e+02
2.076545276178259201e+02 1.206003970619350270e+02 1.072721647801637772e+02
2.076860579246950067e+02 1.205987120763783054e+02 1.072722279308855633e+02
2.077175882315640933e+02 1.205970270908215696e+02 1.072722910816073636e+02
2.077491185384331800e+02 1.205953421052648480e+02 1.072723542323291497e+02
2.077806488453022666e+02 1.205936571197081264e+02 1.072724173830509358e+02
2.078121791521713817e+02 1.205919721341514048e+02 1.072724805337727219e+02
2.078437094590404683e+02 1.205902871485946832e+02 1.072725436844945079e+02
2.078752397659095550e+02 1.205886021630379616e+02 1.072726068352162940e+02
2.079067700727786416e+02 1.205869171774812401e+02 1.072726699859380801e+02
2.079383003796477283e+02 1.205852321919245185e+02 1.072727331366598804e+02
2.079698306865168433e+02 1.205835472063677969e+02 1.072727962873816665e+02
2.080013609933859300e+02 1.205818622208110753e+02 1.072728594381034526e+02
2.080328913002550166e+02 1.205801772352543537e+02 1.072729225888252387e+02
2.080328913002550166e+02 1.205801772352543537e+02 1.072729225888252387e+02
2.080713771306755007e+02 1.205637448834249881e+02 1.072743462139487463e+02
2.081098629610959563e+02 1.205473125315956224e+02 1.072757698390722396e+02
2.081483487915164119e+02 1.205308801797662426e+02 1.072771934641957330e+02
2.081868346219368959e+02 1.205144478279368769e+02 1.072786170893192406e+02
2.082253204523573800e+02 1.204980154761075113e+02 1.072800407144427481e+02
2.082638062827778356e+02 1.204815831242781314e+02 1.072814643395662415e+02
2.083022921131982912e+02 1.204651507724487658e+02 1.072828879646897349e+02
2.083407779436187752e+02 1.204487184206194001e+02 1.072843115898132424e+02
2.083792637740392593e+02 1.204322860687900345e+02 1.072857352149367500e+02
2.084177496044597149e+02 1.204158537169606689e+02 1.072871588400602434e+02
2.084562354348801705e+02 1.203994213651312890e+02 1.072885824651837368e+02
2.084947212653006545e+02 1.203829890133019234e+02 1.072900060903072443e+02
2.085332070957211386e+02 1.203665566614725577e+02 1.072914297154307519e+02
2.085716929261415942e+02 1.203501243096431779e+02 1.072928533405542453e+02
2.086101787565620498e+02 1.203336919578138122e+02 1.072942769656777386e+02
2.086486645869825338e+02 1.203172596059844466e+02 1.072957005908012462e+02
2.086871504174030179e+02 1.203008272541550809e+02 1.072971242159247538e+02
2.087256362478234735e+02 1.202843949023257153e+02 1.072985478410482472e+02
2.087641220782439291e+02 1.202679625504963354e+02 1.072999714661717405e+02
2.088026079086644131e+02 1.202515301986669698e+02 1.073013950912952481e+02
2.088026079086644131e+02 1.202515301986669698e+02 1.073013950912952481e+02
2.088331431456975622e+02 1.202384925234332513e+02 1.073025246168925264e+02
2.088636783827307397e+02 1.202254548481995329e+02 1.073036541424898047e+02
2.088942136197638888e+02 1.202124171729658144e+02 1.073047836680870830e+02
2.089247488567970379e+02 1.201993794977320960e+02 1.073059131936843613e+02
2.089552840938301870e+02 1.201863418224983775e+02 1.073070427192816396e+02
2.089858193308633645e+02 1.201733041472646590e+02 1.073081722448789179e+02
2.090163545678965136e+02 1.201602664720309406e+02 1.073093017704761962e+02
2.090468898049296627e+02 1.201472287967972221e+02 1.073104312960734745e+02
2.090774250419628117e+02 1.201341911215635037e+02 1.073115608216707528e+02
2.091079602789959893e+02 1.201211534463297852e+02 1.073126903472680311e+02
2.091384955160291383e+02 1.201081157710960667e+02 1.073138198728653094e+02
2.091690307530622874e+02 1.200950780958623483e+02 1.073149493984625877e+02
2.091995659900954365e+02 1.200820404206286298e+02 1.073160789240598803e+02
2.092301012271286140e+02 1.200690027453949256e+02 1.073172084496571586e+02
2.092606364641617631e+02 1.200559650701612071e+02 1.073183379752544369e+02
2.092911717011949122e+02 1.200429273949274886e+02 1.073194675008517152e+02
2.093217069382280897e+02 1.200298897196937702e+02 1.073205970264489935e+02
2.093522421752612388e+02 1.200168520444600517e+02 1.073217265520462718e+02
2.093827774122943879e+02 1.200038143692263333e+02 1.073228560776435501e+02
2.094133126493275370e+02 1.199907766939926148e+02 1.073239856032408284e+02
2.094438478863607145e+02 1.199777390187588963e+02 1.073251151288381067e+02
2.094743831233938636e+02 1.199647013435251779e+02 1.073262446544353850e+02
2.095049183604270127e+02 1.199516636682914594e+02 1.073273741800326633e+02
2.095354535974601617e+02 1.199386259930577410e+02 1.073285037056299416e+02
2.095659888344933393e+02 1.199255883178240225e+02 1.073296332312272199e+02
2.095965240715264883e+02 1.199125506425903041e+02 1.073307627568244982e+02
2.095965240715264883e+02 1.199125506425903041e+02 1.073307627568244982e+02
2.096316562855863310e+02 1.199124697252578642e+02 1.073229151697158841e+02
2.096667884996462021e+02 1.199123888079254385e+02 1.073150675826072700e+02
2.097019207137060448e+02 1.199123078905929987e+02 1.073072199954986559e+02
2.097370529277659159e+02 1.199122269732605588e+02 1.072993724083900560e+02
2.097721851418257586e+02 1.199121460559281189e+02 1.072915248212814419e+02
2.098073173558856013e+02 1.199120651385956933e+02 1.072836772341728278e+02
2.098424495699454724e+02 1.199119842212632534e+02 1.072758296470642136e+02
2.098775817840053151e+02 1.199119033039308135e+02 1.072679820599555995e+02
2.099127139980651862e+02 1.199118223865983879e+02 1.072601344728469854e+02
2.099478462121250288e+02 1.199117414692659480e+02 1.072522868857383713e+02
2.099829784261848715e+02 1.199116605519335081e+02 1.072444392986297714e+02
2.100181106402447426e+02 1.199115796346010825e+02 1.072365917115211573e+02
2.100532428543045853e+02 1.199114987172686426e+02 1.072287441244125432e+02
2.100883750683644564e+02 1.199114177999362028e+02 1.072208965373039291e+02
2.101235072824242991e+02 1.199113368826037629e+02 1.072130489501953150e+02
2.101586394964841702e+02 1.199112559652713372e+02 1.072052013630867009e+02
2.101937717105440129e+02 1.199111750479388974e+02 1.071973537759781010e+02
2.102289039246038556e+02 1.199110941306064575e+02 1.071895061888694869e+02
2.102640361386637267e+02 1.199110132132740318e+02 1.071816586017608728e+02
2.102991683527235693e+02 1.199109322959415920e+02 1.071738110146522587e+02
2.103343005667834404e+02 1.199108513786091521e+02 1.071659634275436446e+02
2.103694327808432831e+02 1.199107704612767265e+02 1.071581158404350305e+02
2.104045649949031258e+02 1.199106895439442866e+02 1.071502682533264164e+02
2.104396972089629969e+02 1.199106086266118467e+02 1.071424206662178165e+02
2.104748294230228396e+02 1.199105277092794068e+02 1.071345730791092024e+02
2.105099616370827107e+02 1.199104467919469812e+02 1.071267254920005882e+02
2.105450938511425534e+02 1.199103658746145413e+02 1.071188779048919741e+02
2.105450938511425534e+02 1.199103658746145413e+02 1.071188779048919741e+02
2.105646008424139950e+02 1.199218656431949199e+02 1.071038091619130199e+02
2.105841078336854366e+02 1.199333654117752985e+02 1.070887404189340657e+02
2.106036148249569067e+02 1.199448651803556771e+02 1.070736716759550973e+02
2.106231218162283483e+02 1.199563649489360415e+02 1.070586029329761431e+02
2.106426288074997899e+02 1.199678647175164201e+02 1.070435341899971888e+02
2.106621357987712315e+02 1.199793644860967987e+02 1.070284654470182346e+02
2.106816427900426731e+02 1.199908642546771773e+02 1.070133967040392662e+02
2.107011497813141432e+02 1.200023640232575559e+02 1.069983279610603120e+02
2.107206567725855848e+02 1.200138637918379345e+02 1.069832592180813577e+02
2.107401637638570264e+02 1.200253635604182989e+02 1.069681904751024035e+02
2.107596707551284680e+02 1.200368633289986775e+02 1.069531217321234493e+02
2.107791777463999097e+02 1.200483630975790561e+02 1.069380529891444809e+02
2.107986847376713797e+02 1.200598628661594347e+02 1.069229842461655267e+02
2.108181917289428213e+02 1.200713626347398133e+02 1.069079155031865724e+02
2.108376987202142629e+02 1.200828624033201919e+02 1.068928467602076182e+02
2.108572057114857046e+02 1.200943621719005563e+02 1.068777780172286498e+02
2.108767127027571462e+02 1.201058619404809349e+02 1.068627092742496956e+02
2.108962196940285878e+02 1.201173617090613135e+02 1.068476405312707413e+02
2.109157266853000579e+02 1.201288614776416921e+02 1.068325717882917871e+02
2.109352336765714995e+02 1.201403612462220707e+02 1.068175030453128187e+02
2.109547406678429411e+02 1.201518610148024493e+02 1.068024343023338645e+02
2.109742476591143827e+02 1.201633607833828137e+02 1.067873655593549103e+02
2.109937546503858243e+02 1.201748605519631923e+02 1.067722968163759560e+02
2.110132616416572944e+02 1.201863603205435709e+02 1.067572280733970018e+02
2.110327686329287360e+02 1.201978600891239495e+02 1.067421593304180334e+02
2.110522756242001776e+02 1.202093598577043281e+02 1.067270905874390792e+02
2.110717826154716192e+02 1.202208596262847067e+02 1.067120218444601250e+02
2.110912896067430609e+02 1.202323593948650711e+02 1.066969531014811707e+02
2.111107965980145309e+02 1.202438591634454497e+02 1.066818843585022023e+02
2.111303035892859725e+02 1.202553589320258283e+02 1.066668156155232481e+02
2.111498105805574141e+02 1.202668587006062069e+02 1.066517468725442939e+02
2.111498105805574141e+02 1.202668587006062069e+02 1.066517468725442939e+02
2.111567226653287719e+02 1.202688815266502758e+02 1.066263730074873735e+02
2.111636347501001296e+02 1.202709043526943304e+02 1.066009991424304530e+02
2.111705468348714589e+02 1.202729271787383993e+02 1.065756252773735326e+02
2.111774589196428167e+02 1.202749500047824540e+02 1.065502514123166122e+02
2.111843710044141744e+02 1.202769728308265229e+02 1.065248775472596918e+02
2.111912830891855322e+02 1.202789956568705776e+02 1.064995036822027714e+02
2.111981951739568615e+02 1.202810184829146465e+02 1.064741298171458510e+02
2.112051072587282192e+02 1.202830413089587012e+02 1.064487559520889306e+02
2.112120193434995770e+02 1.202850641350027701e+02 1.064233820870320102e+02
2.112189314282709347e+02 1.202870869610468247e+02 1.063980082219750898e+02
2.112258435130422924e+02 1.202891097870908936e+02 1.063726343569181694e+02
2.112327555978136218e+02 1.202911326131349483e+02 1.063472604918612490e+02
2.112396676825849795e+02 1.202931554391790172e+02 1.063218866268043286e+02
2.112465797673563372e+02 1.202951782652230719e+02 1.062965127617473939e+02
2.112534918521276950e+02 1.202972010912671408e+02 1.062711388966904735e+02
2.112604039368990243e+02 1.202992239173111955e+02 1.062457650316335531e+02
2.112673160216703820e+02 1.203012467433552644e+02 1.062203911665766327e+02
2.112742281064417398e+02 1.203032695693993190e+02 1.061950173015197123e+02
2.112811401912130975e+02 1.203052923954433879e+02 1.061696434364627919e+02
2.112880522759844553e+02 1.203073152214874426e+02 1.061442695714058715e+02
2.112949643607557846e+02 1.203093380475315115e+02 1.061188957063489511e+02
2.113018764455271423e+02 1.203113608735755662e+02 1.060935218412920307e+02
2.113087885302985001e+02 1.203133836996196351e+02 1.060681479762351103e+02
2.113157006150698578e+02 1.203154065256636898e+02 1.060427741111781899e+02
2.113226126998411871e+02 1.203174293517077587e+02 1.060174002461212694e+02
2.113295247846125449e+02 1.203194521777518133e+02 1.059920263810643490e+02
2.113364368693839026e+02 1.203214750037958822e+02 1.059666525160074286e+02
2.113364368693839026e+02 1.203214750037958822e+02 1.059666525160074286e+02
2.113217957706118000e+02 1.203126501666372832e+02 1.059399711407423013e+02
2.113071546718396974e+02 1.203038253294786841e+02 1.059132897654771881e+02
2.112925135730676232e+02 1.202950004923200709e+02 1.058866083902120607e+02
2.112778724742955205e+02 1.202861756551614718e+02 1.058599270149469476e+02
2.112632313755234179e+02 1.202773508180028728e+02 1.058332456396818202e+02
2.112485902767513153e+02 1.202685259808442737e+02 1.058065642644166928e+02
2.112339491779792127e+02 1.202597011436856604e+02 1.057798828891515797e+02
2.112193080792071100e+02 1.202508763065270614e+02 1.057532015138864523e+02
2.112046669804350358e+02 1.202420514693684623e+02 1.057265201386213391e+02
2.111900258816629332e+02 1.202332266322098633e+02 1.056998387633562118e+02
2.111753847828908306e+02 1.202244017950512500e+02 1.056731573880910844e+02
2.111607436841187280e+02 1.202155769578926510e+02 1.056464760128259712e+02
2.111461025853466253e+02 1.202067521207340519e+02 1.056197946375608439e+02
2.111314614865745511e+02 1.201979272835754529e+02 1.055931132622957307e+02
2.111168203878024485e+02 1.201891024464168538e+02 1.055664318870306033e+02
2.111021792890303459e+02 1.201802776092582405e+02 1.055397505117654902e+02
2.110875381902582433e+02 1.201714527720996415e+02 1.055130691365003628e+02
2.110728970914861407e+02 1.201626279349410424e+02 1.054863877612352354e+02
2.110582559927140380e+02 1.201538030977824434e+02 1.054597063859701223e+02
2.110436148939419638e+02 1.201449782606238301e+02 1.054330250107049949e+02
2.110289737951698612e+02 1.201361534234652311e+02 1.054063436354398817e+02
2.110143326963977586e+02 1.201273285863066320e+02 1.053796622601747544e+02
2.110143326963977586e+02 1.201273285863066320e+02 1.053796622601747544e+02
2.109977356174582894e+02 1.201028356543794899e+02 1.053473046937259738e+02
2.109811385385188203e+02 1.200783427224523479e+02 1.053149471272772075e+02
2.109645414595793511e+02 1.200538497905252058e+02 1.052825895608284270e+02
2.109479443806398820e+02 1.200293568585980779e+02 1.052502319943796465e+02
2.109313473017004128e+02 1.200048639266709358e+02 1.052178744279308802e+02
2.109147502227609436e+02 1.199803709947437937e+02 1.051855168614820997e+02
2.108981531438214745e+02 1.199558780628166517e+02 1.051531592950333334e+02
2.108815560648820053e+02 1.199313851308895096e+02 1.051208017285845528e+02
2.108649589859425362e+02 1.199068921989623675e+02 1.050884441621357723e+02
2.108483619070030670e+02 1.198823992670352254e+02 1.050560865956870060e+02
2.108317648280635979e+02 1.198579063351080833e+02 1.050237290292382255e+02
2.108151677491241287e+02 1.198334134031809555e+02 1.049913714627894450e+02
2.107985706701846595e+02 1.198089204712538134e+02 1.049590138963406787e+02
2.107819735912451904e+02 1.197844275393266713e+02 1.049266563298918982e+02
2.107653765123057212e+02 1.197599346073995292e+02 1.048942987634431177e+02
2.107487794333662521e+02 1.197354416754723871e+02 1.048619411969943513e+02
2.107321823544267829e+02 1.197109487435452451e+02 1.048295836305455708e+02
2.107155852754873138e+02 1.196864558116181030e+02 1.047972260640968045e+02
2.106989881965478446e+02 1.196619628796909751e+02 1.047648684976480240e+02
2.106823911176083755e+02 1.196374699477638330e+02 1.047325109311992435e+02
2.106657940386689063e+02 1.196129770158366910e+02 1.047001533647504772e+02
2.106491969597294371e+02 1.195884840839095489e+02 1.046677957983016967e+02
2.106491969597294371e+02 1.195884840839095489e+02 1.046677957983016967e+02
2.106605131868349474e+02 1.195695007263640832e+02 1.046462539983564852e+02
2.106718294139404293e+02 1.195505173688186034e+02 1.046247121984112596e+02
2.106831456410459396e+02 1.195315340112731377e+02 1.046031703984660481e+02
2.106944618681514498e+02 1.195125506537276721e+02 1.045816285985208367e+02
2.107057780952569601e+02 1.194935672961822064e+02 1.045600867985756111e+02
2.107170943223624420e+02 1.194745839386367265e+02 1.045385449986303996e+02
2.107284105494679523e+02 1.194556005810912609e+02 1.045170031986851882e+02
2.107397267765734625e+02 1.194366172235457952e+02 1.044954613987399625e+02
2.107510430036789444e+02 1.194176338660003296e+02 1.044739195987947511e+02
2.107623592307844547e+02 1.193986505084548497e+02 1.044523777988495397e+02
2.107736754578899649e+02 1.193796671509093841e+02 1.044308359989043140e+02
2.107849916849954752e+02 1.193606837933639184e+02 1.044092941989591026e+02
2.107963079121009571e+02 1.193417004358184528e+02 1.043877523990138911e+02
2.108076241392064674e+02 1.193227170782729729e+02 1.043662105990686655e+02
2.108189403663119776e+02 1.193037337207275073e+02 1.043446687991234541e+02
2.108302565934174595e+02 1.192847503631820416e+02 1.043231269991782426e+02
2.108415728205229698e+02 1.192657670056365760e+02 1.043015851992330312e+02
2.108528890476284801e+02 1.192467836480910961e+02 1.042800433992878055e+02
2.108642052747339619e+02 1.192278002905456304e+02 1.042585015993425941e+02
2.108755215018394722e+02 1.192088169330001648e+02 1.042369597993973827e+02
2.108868377289449825e+02 1.191898335754546991e+02 1.042154179994521570e+02
2.108981539560504928e+02 1.191708502179092193e+02 1.041938761995069456e+02
2.109094701831559746e+02 1.191518668603637536e+02 1.041723343995617341e+02
2.109207864102614849e+02 1.191328835028182880e+02 1.041507925996165085e+02
2.109321026373669952e+02 1.191139001452728223e+02 1.041292507996712970e+02
2.109434188644724770e+02 1.190949167877273425e+02 1.041077089997260856e+02
2.109547350915779873e+02 1.190759334301818768e+02 1.040861671997808600e+02
2.109660513186834976e+02 1.190569500726364112e+02 1.040646253998356485e+02
2.109773675457890079e+02 1.190379667150909455e+02 1.040430835998904371e+02
2.109886837728944897e+02 1.190189833575454657e+02 1.040215417999452114e+02
2.110000000000000000e+02 1.190000000000000000e+02 1.040000000000000000e+02
2.110000000000000000e+02 1.190000000000000000e+02 1.040000000000000000e+02
2.110000000000000000e+02 1.190000000000000000e+02 1.040000000000000000e+02
2.110000000000000000e+02 1.190000000000000000e+02 1.040000000000000000e+02
2.110000000000000000e+02 1.190000000000000000e+02 1.040000000000000000e+02
2.110000000000000000e+02 1.190000000000000000e+02 1.040000000000000000e+02
2.110000000000000000e+02 1.190000000000000000e+02 1.040000000000000000e+02
2.110000000000000000e+02 1.190000000000000000e+02 1.040000000000000000e+02
2.110000000000000000e+02 1.190000000000000000e+02 1.040000000000000000e+02
2.110000000000000000e+02 1.190000000000000000e+02 1.040000000000000000e+02
2.110000000000000000e+02 1.190000000000000000e+02 1.040000000000000000e+02
2.110000000000000000e+02 1.190000000000000000e+02 1.040000000000000000e+02
2.110000000000000000e+02 1.190000000000000000e+02 1.040000000000000000e+02
2.110000000000000000e+02 1.190000000000000000e+02 1.040000000000000000e+02
2.110000000000000000e+02 1.190000000000000000e+02 1.040000000000000000e+02
2.110000000000000000e+02 1.190000000000000000e+02 1.040000000000000000e+02
2.110000000000000000e+02 1.190000000000000000e+02 1.040000000000000000e+02
2.110000000000000000e+02 1.190000000000000000e+02 1.040000000000000000e+02
2.110000000000000000e+02 1.190000000000000000e+02 1.040000000000000000e+02
2.110000000000000000e+02 1.190000000000000000e+02 1.040000000000000000e+02
2.110000000000000000e+02 1.190000000000000000e+02 1.040000000000000000e+02
2.110000000000000000e+02 1.190000000000000000e+02 1.040000000000000000e+02
2.110000000000000000e+02 1.190000000000000000e+02 1.040000000000000000e+02
2.110000000000000000e+02 1.190000000000000000e+02 1.040000000000000000e+02
2.110000000000000000e+02 1.190000000000000000e+02 1.040000000000000000e+02
2.110000000000000000e+02 1.190000000000000000e+02 1.040000000000000000e+02
2.110000000000000000e+02 1.190000000000000000e+02 1.040000000000000000e+02
2.110000000000000000e+02 1.190000000000000000e+02 1.040000000000000000e+02
2.110000000000000000e+02 1.190000000000000000e+02 1.040000000000000000e+02
2.110000000000000000e+02 1.190000000000000000e+02 1.040000000000000000e+02
2.110000000000000000e+02 1.190000000000000000e+02 1.040000000000000000e+02
2.110000000000000000e+02 1.190000000000000000e+02 1.040000000000000000e+02
2.110000000000000000e+02 1.190000000000000000e+02 1.040000000000000000e+02
2.110100386819593155e+02 1.189811236916101507e+02 1.039763369397163331e+02
2.110200773639186309e+02 1.189622473832203013e+02 1.039526738794326803e+02
2.110301160458779179e+02 1.189433710748304520e+02 1.039290108191490134e+02
2.110401547278372334e+02 1.189244947664406027e+02 1.039053477588653607e+02
2.110501934097965488e+02 1.189056184580507534e+02 1.038816846985816937e+02
2.110602320917558643e+02 1.188867421496609040e+02 1.038580216382980410e+02
2.110702707737151798e+02 1.188678658412710547e+02 1.038343585780143741e+02
2.110803094556744668e+02 1.188489895328812054e+02 1.038106955177307071e+02
2.110903481376337822e+02 1.188301132244913560e+02 1.037870324574470544e+02
2.111003868195930977e+02 1.188112369161015067e+02 1.037633693971633875e+02
2.111104255015524132e+02 1.187923606077116574e+02 1.037397063368797347e+02
2.111204641835117286e+02 1.187734842993218081e+02 1.037160432765960678e+02
2.111305028654710156e+02 1.187546079909319587e+02 1.036923802163124151e+02
2.111405415474303311e+02 1.187357316825421094e+02 1.036687171560287481e+02
2.111505802293896465e+02 1.187168553741522601e+02 1.036450540957450812e+02
2.111606189113489620e+02 1.186979790657624250e+02 1.036213910354614285e+02
2.111706575933082775e+02 1.186791027573725756e+02 1.035977279751777616e+02
2.111806962752675645e+02 1.186602264489827263e+02 1.035740649148941088e+02
2.111907349572268799e+02 1.186413501405928770e+02 1.035504018546104419e+02
2.112007736391861954e+02 1.186224738322030277e+02 1.035267387943267892e+02
2.112108123211455109e+02 1.186035975238131783e+02 1.035030757340431222e+02
2.112208510031048263e+02 1.185847212154233290e+02 1.034794126737594695e+02
2.112308896850641133e+02 1.185658449070334797e+02 1.034557496134758026e+02
2.112409283670234288e+02 1.185469685986436303e+02 1.034320865531921356e+02
2.112509670489827442e+02 1.185280922902537810e+02 1.034084234929084829e+02
2.112610057309420597e+02 1.185092159818639317e+02 1.033847604326248160e+02
2.112710444129013752e+02 1.184903396734740824e+02 1.033610973723411632e+02
2.112810830948606622e+02 1.184714633650842330e+02 1.033374343120574963e+02
2.112911217768199776e+02 1.184525870566943837e+02 1.033137712517738436e+02
2.113011604587792931e+02 1.184337107483045344e+02 1.032901081914901766e+02
2.113011604587792931e+02 1.184337107483045344e+02 1.032901081914901766e+02
2.113182718050473738e+02 1.184183396955232439e+02 1.032669173338545789e+02
2.113353831513154546e+02 1.184029686427419392e+02 1.032437264762189670e+02
2.113524944975835638e+02 1.183875975899606487e+02 1.032205356185833693e+02
2.113696058438516445e+02 1.183722265371793583e+02 1.031973447609477574e+02
2.113867171901197253e+02 1.183568554843980678e+02 1.031741539033121597e+02
2.114038285363878060e+02 1.183414844316167631e+02 1.031509630456765478e+02
2.114209398826558868e+02 1.183261133788354726e+02 1.031277721880409501e+02
2.114380512289239675e+02 1.183107423260541822e+02 1.031045813304053382e+02
2.114551625751920483e+02 1.182953712732728775e+02 1.030813904727697405e+02
2.114722739214601575e+02 1.182800002204915870e+02 1.030581996151341428e+02
2.114893852677282382e+02 1.182646291677102965e+02 1.030350087574985309e+02
2.115064966139963190e+02 1.182492581149290061e+02 1.030118178998629332e+02
2.115236079602643997e+02 1.182338870621477014e+02 1.029886270422273213e+02
2.115407193065324805e+02 1.182185160093664109e+02 1.029654361845917236e+02
2.115578306528005896e+02 1.182031449565851204e+02 1.029422453269561117e+02
2.115749419990686704e+02 1.181877739038038300e+02 1.029190544693205140e+02
2.115920533453367511e+02 1.181724028510225253e+02 1.028958636116849021e+02
2.116091646916048319e+02 1.181570317982412348e+02 1.028726727540493044e+02
2.116091646916048319e+02 1.181570317982412348e+02 1.028726727540493044e+02
2.116153241068434454e+02 1.181404178332204395e+02 1.028467074304783040e+02
2.116214835220820589e+02 1.181238038681996301e+02 1.028207421069073035e+02
2.116276429373206724e+02 1.181071899031788348e+02 1.027947767833362889e+02
2.116338023525592860e+02 1.180905759381580253e+02 1.027688114597652884e+02
2.116399617677978711e+02 1.180739619731372301e+02 1.027428461361942880e+02
2.116461211830364846e+02 1.180573480081164348e+02 1.027168808126232875e+02
2.116522805982750981e+02 1.180407340430956253e+02 1.026909154890522871e+02
2.116584400135137116e+02 1.180241200780748301e+02 1.026649501654812866e+02
2.116645994287523251e+02 1.180075061130540206e+02 1.026389848419102719e+02
2.116707588439909387e+02 1.179908921480332253e+02 1.026130195183392715e+02
2.116769182592295522e+02 1.179742781830124301e+02 1.025870541947682710e+02
2.116830776744681657e+02 1.179576642179916206e+02 1.025610888711972706e+02
2.116892370897067508e+02 1.179410502529708253e+02 1.025351235476262701e+02
2.116953965049453643e+02 1.179244362879500159e+02 1.025091582240552555e+02
2.117015559201839778e+02 1.179078223229292206e+02 1.024831929004842550e+02
2.117077153354225914e+02 1.178912083579084253e+02 1.024572275769132546e+02
2.117138747506612049e+02 1.178745943928876159e+02 1.024312622533422541e+02
2.117200341658998184e+02 1.178579804278668206e+02 1.024052969297712536e+02
2.117261935811384319e+02 1.178413664628460253e+02 1.023793316062002532e+02
2.117323529963770454e+02 1.178247524978252159e+02 1.023533662826292385e+02
2.117385124116156305e+02 1.178081385328044206e+02 1.023274009590582381e+02
2.117446718268542440e+02 1.177915245677836111e+02 1.023014356354872376e+02
2.117508312420928576e+02 1.177749106027628159e+02 1.022754703119162372e+02
2.117569906573314711e+02 1.177582966377420206e+02 1.022495049883452367e+02
2.117631500725700846e+02 1.177416826727212111e+02 1.022235396647742220e+02
2.117693094878086981e+02 1.177250687077004159e+02 1.021975743412032216e+02
2.117754689030473116e+02 1.177084547426796064e+02 1.021716090176322211e+02
2.117816283182859252e+02 1.176918407776588111e+02 1.021456436940612207e+02
2.117877877335245103e+02 1.176752268126380159e+02 1.021196783704902202e+02
2.117939471487631238e+02 1.176586128476172064e+02 1.020937130469192198e+02
2.118001065640017373e+02 1.176419988825964111e+02 1.020677477233482051e+02
2.118062659792403508e+02 1.176253849175756017e+02 1.020417823997772047e+02
2.118124253944789643e+02 1.176087709525548064e+02 1.020158170762062042e+02
2.118124253944789643e+02 1.176087709525548064e+02 1.020158170762062042e+02
2.117906384750376390e+02 1.175929724758397015e+02 1.019996909589171423e+02
2.117688515555963136e+02 1.175771739991245823e+02 1.019835648416280662e+02
2.117470646361550166e+02 1.175613755224094632e+02 1.019674387243390044e+02
2.117252777167136912e+02 1.175455770456943583e+02 1.019513126070499425e+02
2.117034907972723659e+02 1.175297785689792534e+02 1.019351864897608664e+02
2.116817038778310405e+02 1.175139800922641342e+02 1.019190603724718045e+02
2.116599169583897151e+02 1.174981816155490151e+02 1.019029342551827426e+02
2.116381300389484181e+02 1.174823831388339102e+02 1.018868081378936807e+02
2.116163431195070928e+02 1.174665846621188052e+02 1.018706820206046046e+02
2.115945562000657674e+02 1.174507861854036861e+02 1.018545559033155428e+02
2.115727692806244420e+02 1.174349877086885670e+02 1.018384297860264809e+02
2.115509823611831166e+02 1.174191892319734620e+02 1.018223036687374048e+02
2.115291954417418196e+02 1.174033907552583571e+02 1.018061775514483429e+02
2.115074085223004943e+02 1.173875922785432380e+02 1.017900514341592810e+02
2.114856216028591689e+02 1.173717938018281188e+02 1.017739253168702049e+02
2.114638346834178435e+02 1.173559953251130139e+02 1.017577991995811431e+02
2.114420477639765181e+02 1.173401968483979090e+02 1.017416730822920812e+02
2.114202608445352212e+02 1.173243983716827898e+02 1.017255469650030193e+02
2.113984739250938958e+02 1.173085998949676707e+02 1.017094208477139432e+02
2.113766870056525704e+02 1.172928014182525658e+02 1.016932947304248813e+02
2.113549000862112450e+02 1.172770029415374609e+02 1.016771686131358194e+02
2.113331131667699196e+02 1.172612044648223417e+02 1.016610424958467433e+02
2.113113262473285943e+02 1.172454059881072226e+02 1.016449163785576815e+02
2.112895393278872973e+02 1.172296075113921177e+02 1.016287902612686196e+02
2.112677524084459719e+02 1.172138090346770127e+02 1.016126641439795435e+02
2.112459654890046465e+02 1.171980105579618936e+02 1.015965380266904816e+02
2.112241785695633212e+02 1.171822120812467745e+02 1.015804119094014197e+02
2.112023916501219958e+02 1.171664136045316695e+02 1.015642857921123436e+02
2.111806047306806988e+02 1.171506151278165646e+02 1.015481596748232818e+02
2.111588178112393734e+02 1.171348166511014455e+02 1.015320335575342199e+02
2.111370308917980481e+02 1.171190181743863263e+02 1.015159074402451580e+02
2.111152439723567227e+02 1.171032196976712214e+02 1.014997813229560819e+02
2.110934570529153973e+02 1.170874212209561165e+02 1.014836552056670200e+02
2.110716701334741003e+02 1.170716227442409973e+02 1.014675290883779581e+02
2.110498832140327750e+02 1.170558242675258782e+02 1.014514029710888821e+02
2.110280962945914496e+02 1.170400257908107733e+02 1.014352768537998202e+02
2.110280962945914496e+02 1.170400257908107733e+02 1.014352768537998202e+02
2.110062128199141398e+02 1.170241572984309215e+02 1.014190792688090283e+02
2.109843293452368584e+02 1.170082888060510697e+02 1.014028816838182223e+02
2.109624458705595487e+02 1.169924203136712180e+02 1.013866840988274305e+02
2.109405623958822673e+02 1.169765518212913662e+02 1.013704865138366245e+02
2.109186789212049575e+02 1.169606833289115144e+02 1.013542889288458326e+02
2.108967954465276478e+02 1.169448148365316626e+02 1.013380913438550408e+02
2.108749119718503664e+02 1.169289463441518109e+02 1.013218937588642348e+02
2.108530284971730566e+02 1.169130778517719449e+02 1.013056961738734429e+02
2.108311450224957468e+02 1.168972093593920931e+02 1.012894985888826511e+02
2.108092615478184655e+02 1.168813408670122413e+02 1.012733010038918451e+02
2.107873780731411557e+02 1.168654723746323896e+02 1.012571034189010533e+02
2.107654945984638744e+02 1.168496038822525378e+02 1.012409058339102472e+02
2.107436111237865646e+02 1.168337353898726860e+02 1.012247082489194554e+02
2.107217276491092548e+02 1.168178668974928343e+02 1.012085106639286636e+02
2.106998441744319734e+02 1.168019984051129825e+02 1.011923130789378575e+02
2.106779606997546637e+02 1.167861299127331307e+02 1.011761154939470657e+02
2.106560772250773539e+02 1.167702614203532789e+02 1.011599179089562739e+02
2.106341937504000725e+02 1.167543929279734272e+02 1.011437203239654679e+02
2.106123102757227628e+02 1.167385244355935754e+02 1.011275227389746760e+02
2.105904268010454814e+02 1.167226559432137236e+02 1.011113251539838700e+02
2.105685433263681716e+02 1.167067874508338718e+02 1.010951275689930782e+02
2.105466598516908618e+02 1.166909189584540059e+02 1.010789299840022863e+02
2.105247763770135805e+02 1.166750504660741541e+02 1.010627323990114803e+02
2.105028929023362707e+02 1.166591819736943023e+02 1.010465348140206885e+02
2.104810094276589609e+02 1.166433134813144505e+02 1.010303372290298967e+02
2.104591259529816796e+02 1.166274449889345988e+02 1.010141396440390906e+02
2.104372424783043698e+02 1.166115764965547470e+02 1.009979420590482988e+02
2.104153590036270884e+02 1.165957080041748952e+02 1.009817444740574928e+02
2.103934755289497787e+02 1.165798395117950434e+02 1.009655468890667009e+02
2.103934755289497787e+02 1.165798395117950434e+02 1.009655468890667009e+02
2.103716792868043512e+02 1.165640342748528013e+02 1.009494138713518794e+02
2.103498830446589238e+02 1.165482290379105592e+02 1.009332808536370578e+02
2.103280868025134964e+02 1.165324238009683171e+02 1.009171478359222505e+02
2.103062905603680406e+02 1.165166185640260892e+02 1.009010148182074289e+02
2.102844943182226132e+02 1.165008133270838471e+02 1.008848818004926073e+02
2.102626980760771858e+02 1.164850080901416050e+02 1.008687487827777858e+02
2.102409018339317583e+02 1.164692028531993628e+02 1.008526157650629784e+02
2.102191055917863309e+02 1.164533976162571207e+02 1.008364827473481569e+02
2.101973093496408751e+02 1.164375923793148786e+02 1.008203497296333353e+02
2.101755131074954477e+02 1.164217871423726365e+02 1.008042167119185137e+02
2.101537168653500203e+02 1.164059819054303944e+02 1.007880836942037064e+02
2.101319206232045929e+02 1.163901766684881665e+02 1.007719506764888848e+02
2.101101243810591654e+02 1.163743714315459243e+02 1.007558176587740633e+02
2.100883281389137380e+02 1.163585661946036822e+02 1.007396846410592417e+02
2.100665318967683106e+02 1.163427609576614401e+02 1.007235516233444343e+02
2.100447356546228548e+02 1.163269557207191980e+02 1.007074186056296128e+02
2.100229394124774274e+02 1.163111504837769559e+02 1.006912855879147912e+02
2.100011431703320000e+02 1.162953452468347137e+02 1.006751525701999697e+02
2.099793469281865725e+02 1.162795400098924858e+02 1.006590195524851481e+02
2.099575506860411451e+02 1.162637347729502437e+02 1.006428865347703407e+02
2.099357544438956893e+02 1.162479295360080016e+02 1.006267535170555192e+02
2.099139582017502619e+02 1.162321242990657595e+02 1.006106204993406976e+02
2.098921619596048345e+02 1.162163190621235174e+02 1.005944874816258761e+02
2.098703657174594071e+02 1.162005138251812753e+02 1.005783544639110687e+02
2.098485694753139796e+02 1.161847085882390331e+02 1.005622214461962471e+02
2.098267732331685522e+02 1.161689033512967910e+02 1.005460884284814256e+02
2.098049769910231248e+02 1.161530981143545631e+02 1.005299554107666040e+02
2.097831807488776690e+02 1.161372928774123210e+02 1.005138223930517967e+02
2.097613845067322416e+02 1.161214876404700789e+02 1.004976893753369751e+02
2.097395882645868141e+02 1.161056824035278368e+02 1.004815563576221535e+02
2.097395882645868141e+02 1.161056824035278368e+02 1.004815563576221535e+02
2.097388674992020015e+02 1.160786885012882976e+02 1.004658825501011279e+02
2.097381467338171603e+02 1.160516945990487727e+02 1.004502087425801164e+02
2.097374259684323476e+02 1.160247006968092336e+02 1.004345349350590908e+02
2.097367052030475065e+02 1.159977067945697087e+02 1.004188611275380794e+02
2.097359844376626938e+02 1.159707128923301696e+02 1.004031873200170537e+02
2.097352636722778527e+02 1.159437189900906446e+02 1.003875135124960281e+02
2.097345429068930400e+02 1.159167250878511055e+02 1.003718397049750166e+02
2.097338221415081989e+02 1.158897311856115806e+02 1.003561658974539910e+02
2.097331013761233862e+02 1.158627372833720415e+02 1.003404920899329653e+02
2.097323806107385451e+02 1.158357433811325166e+02 1.003248182824119539e+02
2.097316598453537324e+02 1.158087494788929774e+02 1.003091444748909282e+02
2.097309390799689197e+02 1.157817555766534383e+02 1.002934706673699168e+02
2.097302183145840786e+02 1.157547616744139134e+02 1.002777968598488911e+02
2.097294975491992659e+02 1.157277677721743743e+02 1.002621230523278655e+02
2.097287767838144248e+02 1.157007738699348494e+02 1.002464492448068540e+02
2.097280560184296121e+02 1.156737799676953102e+02 1.002307754372858284e+02
2.097273352530447710e+02 1.156467860654557853e+02 1.002151016297648169e+02
2.097266144876599583e+02 1.156197921632162462e+02 1.001994278222437913e+02
2.097258937222751172e+02 1.155927982609767213e+02 1.001837540147227656e+02
2.097251729568903045e+02 1.155658043587371822e+02 1.001680802072017542e+02
2.097244521915054918e+02 1.155388104564976430e+02 1.001524063996807286e+02
2.097237314261206507e+02 1.155118165542581181e+02 1.001367325921597171e+02
2.097230106607358380e+02 1.154848226520185790e+02 1.001210587846386915e+02
2.097222898953509969e+02 1.154578287497790541e+02 1.001053849771176658e+02
2.097215691299661842e+02 1.154308348475395150e+02 1.000897111695966544e+02
2.097208483645813430e+02 1.154038409452999900e+02 1.000740373620756287e+02
2.097201275991965304e+02 1.153768470430604509e+02 1.000583635545546031e+02
2.097194068338116892e+02 1.153498531408209260e+02 1.000426897470335916e+02
2.097186860684268765e+02 1.153228592385813869e+02 1.000270159395125660e+02
2.097179653030420354e+02 1.152958653363418620e+02 1.000113421319915545e+02
2.097172445376572227e+02 1.152688714341023228e+02 9.999566832447052889e+01
2.097172445376572227e+02 1.152688714341023228e+02 9.999566832447052889e+01
2.097199708494004824e+02 1.152493305717722194e+02 9.997155040136973980e+01
2.097226971611437421e+02 1.152297897094421302e+02 9.994743247826895072e+01
2.097254234728870017e+02 1.152102488471120267e+02 9.992331455516816163e+01
2.097281497846302614e+02 1.151907079847819375e+02 9.989919663206737255e+01
2.097308760963735210e+02 1.151711671224518341e+02 9.987507870896658346e+01
2.097336024081167807e+02 1.151516262601217448e+02 9.985096078586579438e+01
2.097363287198600119e+02 1.151320853977916414e+02 9.982684286276500529e+01
2.097390550316032716e+02 1.151125445354615522e+02 9.980272493966421621e+01
2.097417813433465312e+02 1.150930036731314487e+02 9.977860701656342712e+01
2.097445076550897909e+02 1.150734628108013453e+02 9.975448909346263804e+01
2.097472339668330505e+02 1.150539219484712561e+02 9.973037117036184895e+01
2.097499602785763102e+02 1.150343810861411527e+02 9.970625324726105987e+01
2.097526865903195699e+02 1.150148402238110634e+02 9.968213532416027078e+01
2.097554129020628295e+02 1.149952993614809600e+02 9.965801740105946749e+01
2.097581392138060892e+02 1.149757584991508708e+02 9.963389947795867840e+01
2.097608655255493488e+02 1.149562176368207673e+02 9.960978155485788932e+01
2.097635918372926085e+02 1.149366767744906781e+02 9.958566363175710023e+01
2.097663181490358681e+02 1.149171359121605747e+02 9.956154570865631115e+01
2.097690444607791278e+02 1.148975950498304712e+02 9.953742778555552206e+01
2.097717707725223875e+02 1.148780541875003820e+02 9.951330986245473298e+01
2.097744970842656187e+02 1.148585133251702786e+02 9.948919193935394389e+01
2.097772233960088784e+02 1.148389724628401893e+02 9.946507401625315481e+01
2.097799497077521380e+02 1.148194316005100859e+02 9.944095609315236572e+01
2.097826760194953977e+02 1.147998907381799967e+02 9.941683817005157664e+01
2.097854023312386573e+02 1.147803498758498932e+02 9.939272024695078755e+01
2.097881286429819170e+02 1.147608090135198040e+02 9.936860232384999847e+01
2.097908549547251766e+02 1.147412681511897006e+02 9.934448440074920939e+01
2.097908549547251766e+02 1.147412681511897006e+02 9.934448440074920939e+01
2.097906277219909725e+02 1.147096273614997131e+02 9.934683231698549832e+01
2.097904004892567400e+02 1.146779865718097255e+02 9.934918023322178726e+01
2.097901732565225359e+02 1.146463457821197380e+02 9.935152814945807620e+01
2.097899460237883034e+02 1.146147049924297363e+02 9.935387606569436514e+01
2.097897187910540993e+02 1.145830642027397488e+02 9.935622398193066829e+01
2.097894915583198951e+02 1.145514234130497613e+02 9.935857189816695723e+01
2.097892643255856626e+02 1.145197826233597738e+02 9.936091981440324616e+01
2.097890370928514585e+02 1.144881418336697863e+02 9.936326773063953510e+01
2.097888098601172544e+02 1.144565010439797987e+02 9.936561564687582404e+01
2.097885826273830219e+02 1.144248602542897970e+02 9.936796356311211298e+01
2.097883553946488178e+02 1.143932194645998095e+02 9.937031147934840192e+01
2.097881281619145852e+02 1.143615786749098220e+02 9.937265939558469086e+01
2.097879009291803811e+02 1.143299378852198345e+02 9.937500731182097979e+01
2.097876736964461770e+02 1.142982970955298470e+02 9.937735522805728294e+01
2.097874464637119445e+02 1.142666563058398594e+02 9.937970314429357188e+01
2.097872192309777404e+02 1.142350155161498719e+02 9.938205106052986082e+01
2.097869919982435079e+02 1.142033747264598702e+02 9.938439897676614976e+01
2.097867647655093037e+02 1.141717339367698827e+02 9.938674689300243870e+01
2.097865375327750996e+02 1.141400931470798952e+02 9.938909480923872763e+01
2.097863103000408671e+02 1.141084523573899077e+02 9.939144272547501657e+01
2.097860830673066630e+02 1.140768115676999201e+02 9.939379064171130551e+01
2.097858558345724589e+02 1.140451707780099326e+02 9.939613855794760866e+01
2.097856286018382264e+02 1.140135299883199309e+02 9.939848647418389760e+01
2.097854013691040223e+02 1.139818891986299434e+02 9.940083439042018654e+01
2.097851741363697897e+02 1.139502484089399559e+02 9.940318230665647548e+01
2.097849469036355856e+02 1.139186076192499684e+02 9.940553022289276441e+01
2.097849469036355856e+02 1.139186076192499684e+02 9.940553022289276441e+01
2.097649398099198379e+02 1.138966545374815240e+02 9.941721175883711226e+01
2.097449327162040618e+02 1.138747014557130797e+02 9.942889329478144589e+01
2.097249256224883140e+02 1.138527483739446353e+02 9.944057483072579373e+01
2.097049185287725379e+02 1.138307952921761910e+02 9.945225636667012736e+01
2.096849114350567902e+02 1.138088422104077466e+02 9.946393790261447521e+01
2.096649043413410141e+02 1.137868891286393023e+02 9.947561943855882305e+01
2.096448972476252663e+02 1.137649360468708579e+02 9.948730097450315668e+01
2.096248901539094902e+02 1.137429829651024136e+02 9.949898251044750452e+01
2.096048830601937425e+02 1.137210298833339692e+02 9.951066404639185237e+01
2.095848759664779664e+02 1.136990768015655249e+02 9.952234558233618600e+01
2.095648688727622186e+02 1.136771237197970805e+02 9.953402711828053384e+01
2.095448617790464709e+02 1.136551706380286362e+02 9.954570865422488168e+01
2.095248546853306948e+02 1.136332175562602060e+02 9.955739019016921532e+01
2.095048475916149471e+02 1.136112644744917617e+02 9.956907172611356316e+01
2.094848404978991709e+02 1.135893113927233173e+02 9.958075326205789679e+01
2.094648334041834232e+02 1.135673583109548730e+02 9.959243479800224463e+01
2.094448263104676471e+02 1.135454052291864286e+02 9.960411633394659248e+01
2.094248192167518994e+02 1.135234521474179843e+02 9.961579786989092611e+01
2.094048121230361232e+02 1.135014990656495399e+02 9.962747940583527395e+01
2.093848050293203755e+02 1.134795459838810956e+02 9.963916094177960758e+01
2.093647979356045994e+02 1.134575929021126512e+02 9.965084247772395543e+01
2.093447908418888517e+02 1.134356398203442069e+02 9.966252401366830327e+01
2.093247837481730755e+02 1.134136867385757625e+02 9.967420554961263690e+01
2.093047766544573278e+02 1.133917336568073182e+02 9.968588708555698474e+01
2.093047766544573278e+02 1.133917336568073182e+02 9.968588708555698474e+01
2.092837658828236158e+02 1.133686792744844354e+02 9.969815463863312743e+01
2.092627551111899038e+02 1.133456248921615526e+02 9.971042219170928433e+01
2.092417443395561918e+02 1.133225705098386555e+02 9.972268974478542702e+01
2.092207335679224798e+02 1.132995161275157727e+02 9.973495729786156971e+01
2.091997227962887678e+02 1.132764617451928899e+02 9.974722485093772661e+01
2.091787120246550558e+02 1.132534073628700071e+02 9.975949240401386930e+01
2.091577012530213437e+02 1.132303529805471243e+02 9.977175995709002621e+01
2.091366904813876317e+02 1.132072985982242415e+02 9.978402751016616890e+01
2.091156797097539481e+02 1.131842442159013444e+02 9.979629506324231158e+01
2.090946689381202361e+02 1.131611898335784616e+02 9.980856261631846849e+01
2.090736581664865241e+02 1.131381354512555788e+02 9.982083016939461118e+01
2.090526473948528121e+02 1.131150810689326960e+02 9.983309772247076808e+01
2.090316366232191001e+02 1.130920266866098132e+02 9.984536527554691077e+01
2.090106258515853881e+02 1.130689723042869161e+02 9.985763282862305346e+01
2.089896150799516761e+02 1.130459179219640333e+02 9.986990038169921036e+01
2.089686043083179641e+02 1.130228635396411505e+02 9.988216793477535305e+01
2.089686043083179641e+02 1.130228635396411505e+02 9.988216793477535305e+01
2.089452527235467301e+02 1.130032746084174562e+02 9.989112686275518627e+01
2.089219011387754961e+02 1.129836856771937619e+02 9.990008579073501949e+01
2.088985495540042621e+02 1.129640967459700676e+02 9.990904471871486692e+01
2.088751979692330565e+02 1.129445078147463875e+02 9.991800364669470014e+01
2.088518463844618225e+02 1.129249188835226931e+02 9.992696257467453336e+01
2.088284947996905885e+02 1.129053299522989988e+02 9.993592150265436658e+01
2.088051432149193545e+02 1.128857410210753045e+02 9.994488043063419980e+01
2.087817916301481205e+02 1.128661520898516102e+02 9.995383935861404723e+01
2.087584400453768865e+02 1.128465631586279159e+02 9.996279828659388045e+01
2.087350884606056809e+02 1.128269742274042358e+02 9.997175721457371367e+01
2.087117368758344469e+02 1.128073852961805414e+02 9.998071614255354689e+01
2.086883852910632129e+02 1.127877963649568471e+02 9.998967507053338011e+01
2.086650337062919789e+02 1.127682074337331528e+02 9.999863399851321333e+01
2.086416821215207449e+02 1.127486185025094585e+02 1.000075929264930608e+02
2.086183305367495109e+02 1.127290295712857642e+02 1.000165518544728940e+02
2.085949789519782769e+02 1.127094406400620699e+02 1.000255107824527272e+02
2.085716273672070713e+02 1.126898517088383898e+02 1.000344697104325604e+02
2.085482757824358373e+02 1.126702627776146954e+02 1.000434286384123936e+02
2.085249241976646033e+02 1.126506738463910011e+02 1.000523875663922411e+02
2.085015726128933693e+02 1.126310849151673068e+02 1.000613464943720743e+02
2.084782210281221353e+02 1.126114959839436125e+02 1.000703054223519075e+02
2.084548694433509013e+02 1.125919070527199182e+02 1.000792643503317407e+02
2.084315178585796957e+02 1.125723181214962381e+02 1.000882232783115739e+02
2.084081662738084617e+02 1.125527291902725437e+02 1.000971822062914214e+02
2.083848146890372277e+02 1.125331402590488494e+02 1.001061411342712546e+02
2.083614631042659937e+02 1.125135513278251551e+02 1.001151000622510878e+02
2.083614631042659937e+02 1.125135513278251551e+02 1.001151000622510878e+02
2.083370204666900065e+02 1.124987418139160980e+02 1.001034314192056627e+02
2.083125778291140193e+02 1.124839323000070408e+02 1.000917627761602375e+02
2.082881351915380037e+02 1.124691227860979694e+02 1.000800941331148124e+02
2.082636925539620165e+02 1.124543132721889123e+02 1.000684254900693873e+02
2.082392499163860293e+02 1.124395037582798551e+02 1.000567568470239621e+02
2.082148072788100421e+02 1.124246942443707979e+02 1.000450882039785370e+02
2.081903646412340265e+02 1.124098847304617266e+02 1.000334195609331118e+02
2.081659220036580393e+02 1.123950752165526694e+02 1.000217509178876867e+02
2.081414793660820521e+02 1.123802657026436123e+02 1.000100822748422615e+02
2.081170367285060649e+02 1.123654561887345551e+02 9.999841363179683640e+01
2.080925940909300493e+02 1.123506466748254837e+02 9.998674498875141126e+01
2.080681514533540621e+02 1.123358371609164266e+02 9.997507634570598611e+01
2.080437088157780749e+02 1.123210276470073694e+02 9.996340770266056097e+01
2.080192661782020878e+02 1.123062181330983123e+02 9.995173905961513583e+01
2.079948235406261006e+02 1.122914086191892551e+02 9.994007041656971069e+01
2.079703809030500850e+02 1.122765991052801837e+02 9.992840177352428555e+01
2.079459382654740978e+02 1.122617895913711266e+02 9.991673313047886040e+01
2.079214956278981106e+02 1.122469800774620694e+02 9.990506448743342105e+01
2.078970529903221234e+02 1.122321705635530122e+02 9.989339584438799591e+01
2.078726103527461078e+02 1.122173610496439409e+02 9.988172720134257077e+01
2.078481677151701206e+02 1.122025515357348837e+02 9.987005855829714562e+01
2.078237250775941334e+02 1.121877420218258266e+02 9.985838991525172048e+01
2.077992824400181462e+02 1.121729325079167694e+02 9.984672127220629534e+01
2.077748398024421590e+02 1.121581229940077122e+02 9.983505262916087020e+01
2.077503971648661434e+02 1.121433134800986409e+02 9.982338398611544505e+01
2.077259545272901562e+02 1.121285039661895837e+02 9.981171534307001991e+01
2.077015118897141690e+02 1.121136944522805265e+02 9.980004670002459477e+01
2.076770692521381818e+02 1.120988849383714694e+02 9.978837805697916963e+01
2.076526266145621662e+02 1.120840754244623980e+02 9.977670941393374449e+01
2.076281839769861790e+02 1.120692659105533409e+02 9.976504077088831934e+01
2.076037413394101918e+02 1.120544563966442837e+02 9.975337212784289420e+01
2.075792987018342046e+02 1.120396468827352265e+02 9.974170348479746906e+01
2.075548560642581890e+02 1.120248373688261552e+02 9.973003484175204392e+01
2.075304134266822018e+02 1.120100278549170980e+02 9.971836619870661877e+01
2.075059707891062146e+02 1.119952183410080409e+02 9.970669755566119363e+01
2.075059707891062146e+02 1.119952183410080409e+02 9.970669755566119363e+01
2.074910508782497800e+02 1.119693195694026997e+02 9.971658264856588971e+01
2.074761309673933454e+02 1.119434207977973443e+02 9.972646774147058579e+01
2.074612110565369392e+02 1.119175220261920032e+02 9.973635283437526766e+01
2.074462911456805045e+02 1.118916232545866478e+02 9.974623792727996374e+01
2.074313712348240699e+02 1.118657244829813067e+02 9.975612302018465982e+01
2.074164513239676353e+02 1.118398257113759513e+02 9.976600811308935590e+01
2.074015314131112007e+02 1.118139269397706101e+02 9.977589320599405198e+01
2.073866115022547660e+02 1.117880281681652690e+02 9.978577829889873385e+01
2.073716915913983598e+02 1.117621293965599136e+02 9.979566339180342993e+01
2.073567716805419252e+02 1.117362306249545725e+02 9.980554848470812601e+01
2.073418517696854906e+02 1.117103318533492171e+02 9.981543357761282209e+01
2.073269318588290560e+02 1.116844330817438760e+02 9.982531867051750396e+01
2.073120119479726213e+02 1.116585343101385348e+02 9.983520376342220004e+01
2.072970920371162151e+02 1.116326355385331794e+02 9.984508885632689612e+01
2.072821721262597805e+02 1.116067367669278383e+02 9.985497394923159220e+01
2.072672522154033459e+02 1.115808379953224829e+02 9.986485904213628828e+01
2.072523323045469112e+02 1.115549392237171418e+02 9.987474413504097015e+01
2.072374123936904766e+02 1.115290404521117864e+02 9.988462922794566623e+01
2.072224924828340704e+02 1.115031416805064453e+02 9.989451432085036231e+01
2.072075725719776358e+02 1.114772429089011041e+02 9.990439941375505839e+01
2.071926526611212012e+02 1.114513441372957487e+02 9.991428450665975447e+01
2.071777327502647665e+02 1.114254453656904076e+02 9.992416959956443634e+01
2.071628128394083319e+02 1.113995465940850522e+02 9.993405469246913242e+01
2.071478929285518973e+02 1.113736478224797111e+02 9.994393978537382850e+01
2.071329730176954911e+02 1.113477490508743557e+02 9.995382487827852458e+01
2.071180531068390565e+02 1.113218502792690145e+02 9.996370997118322066e+01
2.071031331959826218e+02 1.112959515076636734e+02 9.997359506408790253e+01
2.070882132851261872e+02 1.112700527360583180e+02 9.998348015699259861e+01
2.070732933742697526e+02 1.112441539644529769e+02 9.999336524989729469e+01
2.070583734634133464e+02 1.112182551928476215e+02 1.000032503428019908e+02
2.070434535525569117e+02 1.111923564212422804e+02 1.000131354357066726e+02
2.070285336417004771e+02 1.111664576496369392e+02 1.000230205286113687e+02
2.070136137308440425e+02 1.111405588780315838e+02 1.000329056215160648e+02
2.069986938199876079e+02 1.111146601064262427e+02 1.000427907144207609e+02
2.069837739091311732e+02 1.110887613348208873e+02 1.000526758073254570e+02
2.069688539982747670e+02 1.110628625632155462e+02 1.000625609002301388e+02
2.069539340874183324e+02 1.110369637916101908e+02 1.000724459931348349e+02
2.069390141765618978e+02 1.110110650200048497e+02 1.000823310860395310e+02
2.069390141765618978e+02 1.110110650200048497e+02 1.000823310860395310e+02
2.069085568401498278e+02 1.110034281696108422e+02 1.000762543601989591e+02
2.068780995037377295e+02 1.109957913192168490e+02 1.000701776343583873e+02
2.068476421673256596e+02 1.109881544688228416e+02 1.000641009085178297e+02
2.068171848309135896e+02 1.109805176184288484e+02 1.000580241826772578e+02
2.067867274945014913e+02 1.109728807680348410e+02 1.000519474568366860e+02
2.067562701580894213e+02 1.109652439176408336e+02 1.000458707309961142e+02
2.067258128216773514e+02 1.109576070672468404e+02 1.000397940051555565e+02
2.066953554852652530e+02 1.109499702168528330e+02 1.000337172793149847e+02
2.066648981488531831e+02 1.109423333664588398e+02 1.000276405534744129e+02
2.066344408124411132e+02 1.109346965160648324e+02 1.000215638276338410e+02
2.066039834760290148e+02 1.109270596656708250e+02 1.000154871017932834e+02
2.065735261396169449e+02 1.109194228152768318e+02 1.000094103759527115e+02
2.065430688032048749e+02 1.109117859648828244e+02 1.000033336501121397e+02
2.065126114667928050e+02 1.109041491144888312e+02 9.999725692427156787e+01
2.064821541303807066e+02 1.108965122640948238e+02 9.999118019843101024e+01
2.064516967939686367e+02 1.108888754137008164e+02 9.998510347259043840e+01
2.064212394575565668e+02 1.108812385633068232e+02 9.997902674674986656e+01
2.063907821211444684e+02 1.108736017129128157e+02 9.997295002090929472e+01
2.063603247847323985e+02 1.108659648625188225e+02 9.996687329506873709e+01
2.063298674483203285e+02 1.108583280121248151e+02 9.996079656922816525e+01
2.062994101119082302e+02 1.108506911617308077e+02 9.995471984338759341e+01
2.062689527754961603e+02 1.108430543113368145e+02 9.994864311754702157e+01
2.062384954390840903e+02 1.108354174609428071e+02 9.994256639170646395e+01
2.062080381026719920e+02 1.108277806105488139e+02 9.993648966586589211e+01
2.061775807662599220e+02 1.108201437601548065e+02 9.993041294002532027e+01
