2.140000000000000000e+02 2.670000000000000000e+02 1.640000000000000000e+02
2.139682325323422845e+02 2.670016976594924927e+02 1.639999363742730054e+02
2.139364650646845405e+02 2.670033953189849854e+02 1.639998727485459824e+02
2.139046975970268250e+02 2.670050929784774780e+02 1.639998091228189878e+02
2.138729301293691094e+02 2.670067906379699707e+02 1.639997454970919932e+02
2.138411626617113654e+02 2.670084882974624634e+02 1.639996818713649702e+02
2.138093951940536499e+02 2.670101859569549561e+02 1.639996182456379756e+02
2.137776277263959344e+02 2.670118836164474487e+02 1.639995546199109810e+02
2.137458602587381904e+02 2.670135812759399414e+02 1.639994909941839580e+02
2.137140927910804749e+02 2.670152789354324341e+02 1.639994273684569634e+02
2.136823253234227593e+02 2.670169765949249268e+02 1.639993637427299689e+02
2.136505578557650153e+02 2.670186742544174194e+02 1.639993001170029459e+02
2.136187903881072998e+02 2.670203719139099121e+02 1.639992364912759513e+02
2.135870229204495843e+02 2.670220695734024048e+02 1.639991728655489567e+02
2.135552554527918403e+02 2.670237672328948975e+02 1.639991092398219337e+02
2.135234879851341248e+02 2.670254648923873901e+02 1.639990456140949391e+02
2.134917205174764092e+02 2.670271625518798828e+02 1.639989819883679445e+02
2.134599530498186652e+02 2.670288602113723755e+02 1.639989183626409215e+02
2.134281855821609497e+02 2.670305578708648682e+02 1.639988547369139269e+02
2.133964181145032342e+02 2.670322555303573608e+02 1.639987911111869323e+02
2.133646506468454902e+02 2.670339531898498535e+02 1.639987274854599093e+02
2.133328831791877747e+02 2.670356508493423462e+02 1.639986638597329147e+02
2.133011157115300591e+02 2.670373485088348389e+02 1.639986002340059201e+02
2.132693482438723152e+02 2.670390461683273315e+02 1.639985366082788971e+02
2.132375807762145996e+02 2.670407438278198242e+02 1.639984729825519025e+02
2.132375807762145996e+02 2.670407438278198242e+02 1.639984729825519025e+02
2.132082275908726956e+02 2.670532768001922932e+02 1.639973871820749594e+02
2.131788744055307916e+02 2.670658097725648190e+02 1.639963013815980162e+02
2.131495212201888876e+02 2.670783427449372880e+02 1.639952155811210730e+02
2.131201680348469552e+02 2.670908757173098138e+02 1.639941297806441298e+02
2.130908148495050511e+02 2.671034086896822828e+02 1.639930439801671866e+02
2.130614616641631471e+02 2.671159416620548086e+02 1.639919581796902435e+02
2.130321084788212431e+02 2.671284746344272776e+02 1.639908723792132719e+02
2.130027552934793391e+02 2.671410076067998034e+02 1.639897865787363287e+02
2.129734021081374351e+02 2.671535405791722724e+02 1.639887007782593855e+02
2.129440489227955027e+02 2.671660735515447982e+02 1.639876149777824423e+02
2.129146957374535987e+02 2.671786065239172672e+02 1.639865291773054992e+02
2.128853425521116947e+02 2.671911394962897930e+02 1.639854433768285560e+02
2.128559893667697906e+02 2.672036724686622620e+02 1.639843575763516128e+02
2.128266361814278866e+02 2.672162054410347309e+02 1.639832717758746696e+02
2.127972829960859826e+02 2.672287384134072568e+02 1.639821859753977265e+02
2.127679298107440786e+02 2.672412713857797257e+02 1.639811001749207833e+02
2.127385766254021462e+02 2.672538043581522516e+02 1.639800143744438401e+02
2.127092234400602422e+02 2.672663373305247205e+02 1.639789285739668969e+02
2.126798702547183382e+02 2.672788703028972463e+02 1.639778427734899537e+02
2.126505170693764342e+02 2.672914032752697153e+02 1.639767569730129821e+02
2.126211638840345302e+02 2.673039362476422411e+02 1.639756711725360390e+02
2.125918106986926261e+02 2.673164692200147101e+02 1.639745853720590958e+02
2.125624575133506937e+02 2.673290021923872359e+02 1.639734995715821526e+02
2.125331043280087897e+02 2.673415351647597049e+02 1.639724137711052094e+02
2.125037511426668857e+02 2.673540681371322307e+02 1.639713279706282663e+02
2.124743979573249817e+02 2.673666011095046997e+02 1.639702421701513231e+02
2.124743979573249817e+02 2.673666011095046997e+02 1.639702421701513231e+02
2.124460723616860207e+02 2.673786953308365355e+02 1.639691943810321391e+02
2.124177467660470313e+02 2.673907895521684281e+02 1.639681465919129550e+02
2.123894211704080703e+02 2.674028837735002639e+02 1.639670988027937710e+02
2.123610955747691094e+02 2.674149779948320997e+02 1.639660510136745870e+02
2.123327699791301484e+02 2.674270722161639924e+02 1.639650032245554030e+02
2.123044443834911590e+02 2.674391664374958282e+02 1.639639554354362190e+02
2.122761187878521980e+02 2.674512606588277208e+02 1.639629076463170350e+02
2.122477931922132370e+02 2.674633548801595566e+02 1.639618598571978509e+02
2.122194675965742761e+02 2.674754491014913924e+02 1.639608120680786669e+02
2.121911420009352867e+02 2.674875433228232851e+02 1.639597642789594829e+02
2.121628164052963257e+02 2.674996375441551208e+02 1.639587164898402989e+02
2.121344908096573647e+02 2.675117317654869566e+02 1.639576687007211149e+02
2.121061652140183753e+02 2.675238259868188493e+02 1.639566209116019309e+02
2.120778396183794143e+02 2.675359202081506851e+02 1.639555731224827468e+02
2.120495140227404534e+02 2.675480144294825209e+02 1.639545253333635628e+02
2.120211884271014924e+02 2.675601086508144135e+02 1.639534775442443788e+02
2.119928628314625030e+02 2.675722028721462493e+02 1.639524297551251948e+02
2.119645372358235420e+02 2.675842970934781420e+02 1.639513819660060108e+02
2.119362116401845810e+02 2.675963913148099778e+02 1.639503341768868268e+02
2.119078860445456201e+02 2.676084855361418136e+02 1.639492863877676427e+02
2.118795604489066307e+02 2.676205797574737062e+02 1.639482385986484587e+02
2.118512348532676697e+02 2.676326739788055420e+02 1.639471908095292747e+02
2.118512348532676697e+02 2.676326739788055420e+02 1.639471908095292747e+02
2.118258178234100342e+02 2.676508172722089967e+02 1.639477530093641917e+02
2.118004007935523987e+02 2.676689605656124513e+02 1.639483152091991087e+02
2.117749837636947632e+02 2.676871038590158491e+02 1.639488774090339973e+02
2.117495667338371277e+02 2.677052471524193038e+02 1.639494396088689143e+02
2.117241497039794922e+02 2.677233904458227585e+02 1.639500018087038313e+02
2.116987326741218567e+02 2.677415337392262131e+02 1.639505640085387483e+02
2.116733156442642212e+02 2.677596770326296678e+02 1.639511262083736653e+02
2.116478986144065857e+02 2.677778203260330656e+02 1.639516884082085539e+02
2.116224815845489502e+02 2.677959636194365203e+02 1.639522506080434709e+02
2.115970645546913147e+02 2.678141069128399749e+02 1.639528128078783880e+02
2.115716475248336792e+02 2.678322502062434296e+02 1.639533750077133050e+02
2.115462304949760437e+02 2.678503934996468843e+02 1.639539372075482220e+02
2.115208134651184082e+02 2.678685367930503389e+02 1.639544994073831390e+02
2.114953964352607727e+02 2.678866800864537367e+02 1.639550616072180276e+02
2.114699794054031372e+02 2.679048233798571914e+02 1.639556238070529446e+02
2.114445623755455017e+02 2.679229666732606461e+02 1.639561860068878616e+02
2.114191453456878662e+02 2.679411099666641007e+02 1.639567482067227786e+02
2.113937283158302307e+02 2.679592532600675554e+02 1.639573104065576956e+02
2.113683112859725952e+02 2.679773965534709532e+02 1.639578726063925842e+02
2.113428942561149597e+02 2.679955398468744079e+02 1.639584348062275012e+02
2.113174772262573242e+02 2.680136831402778625e+02 1.639589970060624182e+02
2.113174772262573242e+02 2.680136831402778625e+02 1.639589970060624182e+02
2.112845802036198677e+02 2.680154411633583891e+02 1.639589311180011748e+02
2.112516831809824112e+02 2.680171991864388588e+02 1.639588652299399598e+02
2.112187861583449546e+02 2.680189572095193853e+02 1.639587993418787164e+02
2.111858891357074981e+02 2.680207152325998550e+02 1.639587334538175014e+02
2.111529921130700416e+02 2.680224732556803815e+02 1.639586675657562580e+02
2.111200950904326135e+02 2.680242312787608512e+02 1.639586016776950430e+02
2.110871980677951569e+02 2.680259893018413777e+02 1.639585357896337996e+02
2.110543010451577004e+02 2.680277473249218474e+02 1.639584699015725846e+02
2.110214040225202439e+02 2.680295053480023739e+02 1.639584040135113412e+02
2.109885069998827873e+02 2.680312633710828436e+02 1.639583381254501262e+02
2.109556099772453308e+02 2.680330213941633701e+02 1.639582722373888828e+02
2.109227129546078743e+02 2.680347794172438967e+02 1.639582063493276394e+02
2.108898159319704178e+02 2.680365374403243663e+02 1.639581404612664244e+02
2.108569189093329612e+02 2.680382954634048929e+02 1.639580745732051810e+02
2.108240218866955047e+02 2.680400534864853626e+02 1.639580086851439660e+02
2.107911248640580482e+02 2.680418115095658891e+02 1.639579427970827226e+02
2.107582278414206201e+02 2.680435695326463588e+02 1.639578769090215076e+02
2.107253308187831635e+02 2.680453275557268853e+02 1.639578110209602642e+02
2.106924337961457070e+02 2.680470855788073550e+02 1.639577451328990492e+02
2.106595367735082505e+02 2.680488436018878815e+02 1.639576792448378058e+02
2.106266397508707939e+02 2.680506016249683512e+02 1.639576133567765908e+02
2.105937427282333374e+02 2.680523596480488777e+02 1.639575474687153473e+02
2.105937427282333374e+02 2.680523596480488777e+02 1.639575474687153473e+02
2.105710253566503525e+02 2.680257945545017719e+02 1.639578970263246447e+02
2.105483079850673676e+02 2.679992294609546661e+02 1.639582465839339420e+02
2.105255906134843826e+02 2.679726643674075603e+02 1.639585961415432394e+02
2.105028732419013977e+02 2.679460992738604546e+02 1.639589456991525367e+02
2.104801558703184128e+02 2.679195341803133488e+02 1.639592952567618340e+02
2.104574384987354279e+02 2.678929690867662430e+02 1.639596448143711314e+02
2.104347211271524429e+02 2.678664039932191372e+02 1.639599943719804287e+02
2.104120037555694580e+02 2.678398388996720314e+02 1.639603439295897260e+02
2.103892863839864731e+02 2.678132738061249256e+02 1.639606934871990234e+02
2.103665690124034882e+02 2.677867087125778198e+02 1.639610430448083207e+02
2.103438516408205032e+02 2.677601436190307140e+02 1.639613926024176180e+02
2.103211342692375183e+02 2.677335785254836082e+02 1.639617421600269154e+02
2.102984168976545334e+02 2.677070134319365025e+02 1.639620917176362127e+02
2.102756995260715485e+02 2.676804483383893967e+02 1.639624412752455100e+02
2.102529821544885635e+02 2.676538832448422909e+02 1.639627908328548074e+02
2.102302647829055786e+02 2.676273181512951851e+02 1.639631403904641047e+02
2.102075474113225937e+02 2.676007530577480793e+02 1.639634899480734020e+02
2.101848300397396088e+02 2.675741879642009735e+02 1.639638395056826994e+02
2.101621126681566238e+02 2.675476228706538677e+02 1.639641890632919967e+02
2.101393952965736389e+02 2.675210577771067619e+02 1.639645386209012941e+02
2.101166779249906540e+02 2.674944926835596561e+02 1.639648881785105914e+02
2.100939605534076691e+02 2.674679275900125504e+02 1.639652377361198887e+02
2.100712431818246841e+02 2.674413624964654446e+02 1.639655872937291861e+02
2.100485258102416992e+02 2.674147974029183388e+02 1.639659368513384834e+02
2.100258084386587143e+02 2.673882323093712330e+02 1.639662864089477807e+02
2.100030910670757294e+02 2.673616672158241272e+02 1.639666359665570781e+02
2.099803736954927444e+02 2.673351021222770214e+02 1.639669855241663754e+02
2.099576563239097595e+02 2.673085370287299156e+02 1.639673350817756727e+02
2.099349389523267746e+02 2.672819719351828098e+02 1.639676846393849701e+02
2.099122215807437897e+02 2.672554068416357040e+02 1.639680341969942674e+02
2.098895042091608047e+02 2.672288417480885983e+02 1.639683837546035647e+02
2.098667868375778198e+02 2.672022766545414925e+02 1.639687333122128621e+02
2.098667868375778198e+02 2.672022766545414925e+02 1.639687333122128621e+02
2.098512357804510202e+02 2.671731968695918908e+02 1.639673470634992896e+02
2.098356847233242490e+02 2.671441170846422324e+02 1.639659608147857170e+02
2.098201336661974494e+02 2.671150372996926308e+02 1.639645745660721730e+02
2.098045826090706782e+02 2.670859575147430292e+02 1.639631883173586004e+02
2.097890315519438786e+02 2.670568777297933707e+02 1.639618020686450279e+02
2.097734804948171075e+02 2.670277979448437691e+02 1.639604158199314554e+02
2.097579294376903079e+02 2.669987181598941675e+02 1.639590295712179113e+02
2.097423783805635367e+02 2.669696383749445090e+02 1.639576433225043388e+02
2.097268273234367371e+02 2.669405585899949074e+02 1.639562570737907663e+02
2.097112762663099375e+02 2.669114788050453058e+02 1.639548708250771938e+02
2.096957252091831663e+02 2.668823990200956473e+02 1.639534845763636213e+02
2.096801741520563667e+02 2.668533192351460457e+02 1.639520983276500772e+02
2.096646230949295955e+02 2.668242394501964441e+02 1.639507120789365047e+02
2.096490720378027959e+02 2.667951596652467856e+02 1.639493258302229322e+02
2.096335209806760247e+02 2.667660798802971840e+02 1.639479395815093596e+02
2.096179699235492251e+02 2.667370000953475824e+02 1.639465533327958155e+02
2.096024188664224539e+02 2.667079203103979239e+02 1.639451670840822430e+02
2.095868678092956543e+02 2.666788405254483223e+02 1.639437808353686705e+02
2.095713167521688547e+02 2.666497607404987207e+02 1.639423945866550980e+02
2.095557656950420835e+02 2.666206809555490622e+02 1.639410083379415255e+02
2.095402146379152839e+02 2.665916011705994606e+02 1.639396220892279814e+02
2.095246635807885127e+02 2.665625213856498590e+02 1.639382358405144089e+02
2.095091125236617131e+02 2.665334416007002005e+02 1.639368495918008364e+02
2.094935614665349419e+02 2.665043618157505989e+02 1.639354633430872639e+02
2.094780104094081423e+02 2.664752820308009973e+02 1.639340770943737198e+02
2.094624593522813711e+02 2.664462022458513388e+02 1.639326908456601473e+02
2.094469082951545715e+02 2.664171224609017372e+02 1.639313045969465747e+02
2.094313572380277719e+02 2.663880426759521356e+02 1.639299183482330022e+02
2.094158061809010007e+02 2.663589628910024771e+02 1.639285320995194297e+02
2.094002551237742011e+02 2.663298831060528755e+02 1.639271458508058856e+02
2.093847040666474300e+02 2.663008033211032739e+02 1.639257596020923131e+02
2.093691530095206303e+02 2.662717235361536154e+02 1.639243733533787406e+02
2.093536019523938592e+02 2.662426437512040138e+02 1.639229871046651681e+02
2.093380508952670596e+02 2.662135639662544122e+02 1.639216008559516240e+02
2.093224998381402884e+02 2.661844841813047537e+02 1.639202146072380515e+02
2.093069487810134888e+02 2.661554043963551521e+02 1.639188283585244790e+02
2.093069487810134888e+02 2.661554043963551521e+02 1.639188283585244790e+02
2.092927238066350242e+02 2.661407528613363525e+02 1.639401379592468970e+02
2.092784988322565596e+02 2.661261013263175528e+02 1.639614475599692867e+02
2.092642738578780950e+02 2.661114497912987531e+02 1.639827571606917047e+02
2.092500488834996304e+02 2.660967982562799534e+02 1.640040667614140943e+02
2.092358239091211658e+02 2.660821467212611537e+02 1.640253763621365124e+02
2.092215989347427012e+02 2.660674951862423541e+02 1.640466859628589020e+02
2.092073739603642366e+02 2.660528436512235544e+02 1.640679955635813201e+02
2.091931489859858004e+02 2.660381921162047547e+02 1.640893051643037097e+02
2.091789240116073358e+02 2.660235405811859550e+02 1.641106147650261278e+02
2.091646990372288712e+02 2.660088890461671554e+02 1.641319243657485174e+02
2.091504740628504067e+02 2.659942375111483557e+02 1.641532339664709355e+02
2.091362490884719421e+02 2.659795859761295560e+02 1.641745435671933535e+02
2.091220241140934775e+02 2.659649344411107563e+02 1.641958531679157431e+02
2.091077991397150129e+02 2.659502829060919566e+02 1.642171627686381612e+02
2.090935741653365483e+02 2.659356313710731570e+02 1.642384723693605508e+02
2.090793491909580837e+02 2.659209798360544141e+02 1.642597819700829689e+02
2.090651242165796191e+02 2.659063283010356145e+02 1.642810915708053585e+02
2.090508992422011545e+02 2.658916767660168148e+02 1.643024011715277766e+02
2.090366742678226899e+02 2.658770252309980151e+02 1.643237107722501662e+02
2.090224492934442253e+02 2.658623736959792154e+02 1.643450203729725843e+02
2.090082243190657607e+02 2.658477221609604157e+02 1.643663299736950023e+02
2.089939993446872961e+02 2.658330706259416161e+02 1.643876395744173919e+02
2.089797743703088315e+02 2.658184190909228164e+02 1.644089491751398100e+02
2.089655493959303953e+02 2.658037675559040167e+02 1.644302587758621996e+02
2.089513244215519308e+02 2.657891160208852170e+02 1.644515683765846177e+02
2.089370994471734662e+02 2.657744644858664174e+02 1.644728779773070073e+02
2.089228744727950016e+02 2.657598129508476177e+02 1.644941875780294254e+02
2.089086494984165370e+02 2.657451614158288180e+02 1.645154971787518150e+02
2.088944245240380724e+02 2.657305098808100183e+02 1.645368067794742331e+02
2.088801995496596078e+02 2.657158583457912187e+02 1.645581163801966227e+02
2.088659745752811432e+02 2.657012068107724190e+02 1.645794259809190407e+02
2.088659745752811432e+02 2.657012068107724190e+02 1.645794259809190407e+02
2.088521282541751987e+02 2.656869452837109407e+02 1.646001683424645989e+02
2.088382819330692257e+02 2.656726837566495192e+02 1.646209107040101571e+02
2.088244356119632812e+02 2.656584222295880409e+02 1.646416530655557153e+02
2.088105892908573082e+02 2.656441607025265625e+02 1.646623954271013019e+02
2.087967429697513637e+02 2.656298991754650842e+02 1.646831377886468601e+02
2.087828966486453908e+02 2.656156376484036628e+02 1.647038801501924183e+02
2.087690503275394462e+02 2.656013761213421844e+02 1.647246225117379765e+02
2.087552040064334733e+02 2.655871145942807061e+02 1.647453648732835347e+02
2.087413576853275288e+02 2.655728530672192846e+02 1.647661072348290929e+02
2.087275113642215842e+02 2.655585915401578063e+02 1.647868495963746795e+02
2.087136650431156113e+02 2.655443300130963280e+02 1.648075919579202377e+02
2.086998187220096668e+02 2.655300684860348497e+02 1.648283343194657959e+02
2.086859724009036938e+02 2.655158069589734282e+02 1.648490766810113541e+02
2.086721260797977493e+02 2.655015454319119499e+02 1.648698190425569123e+02
2.086582797586917764e+02 2.654872839048504716e+02 1.648905614041024705e+02
2.086444334375858318e+02 2.654730223777889933e+02 1.649113037656480572e+02
2.086305871164798873e+02 2.654587608507275718e+02 1.649320461271936153e+02
2.086167407953739144e+02 2.654444993236660935e+02 1.649527884887391735e+02
2.086028944742679698e+02 2.654302377966046151e+02 1.649735308502847317e+02
2.085890481531619969e+02 2.654159762695431937e+02 1.649942732118302899e+02
2.085752018320560524e+02 2.654017147424817153e+02 1.650150155733758481e+02
2.085613555109500794e+02 2.653874532154202370e+02 1.650357579349214348e+02
2.085475091898441349e+02 2.653731916883587587e+02 1.650565002964669929e+02
2.085336628687381619e+02 2.653589301612973372e+02 1.650772426580125511e+02
2.085198165476322174e+02 2.653446686342358589e+02 1.650979850195581093e+02
2.085198165476322174e+02 2.653446686342358589e+02 1.650979850195581093e+02
2.085142388279465138e+02 2.653462837323207850e+02 1.651281750782879669e+02
2.085086611082608101e+02 2.653478988304057111e+02 1.651583651370178529e+02
2.085030833885751065e+02 2.653495139284905804e+02 1.651885551957477105e+02
2.084975056688894028e+02 2.653511290265755065e+02 1.652187452544775681e+02
2.084919279492036992e+02 2.653527441246604326e+02 1.652489353132074257e+02
2.084863502295179671e+02 2.653543592227453587e+02 1.652791253719373117e+02
2.084807725098322635e+02 2.653559743208302848e+02 1.653093154306671693e+02
2.084751947901465599e+02 2.653575894189152109e+02 1.653395054893970268e+02
2.084696170704608562e+02 2.653592045170000802e+02 1.653696955481268844e+02
2.084640393507751526e+02 2.653608196150850063e+02 1.653998856068567704e+02
2.084584616310894489e+02 2.653624347131699324e+02 1.654300756655866280e+02
2.084528839114037453e+02 2.653640498112548585e+02 1.654602657243164856e+02
2.084473061917180416e+02 2.653656649093397846e+02 1.654904557830463716e+02
2.084417284720323380e+02 2.653672800074246538e+02 1.655206458417762292e+02
2.084361507523466344e+02 2.653688951055095799e+02 1.655508359005060868e+02
2.084305730326609307e+02 2.653705102035945060e+02 1.655810259592359444e+02
2.084249953129751987e+02 2.653721253016794321e+02 1.656112160179658304e+02
2.084194175932894950e+02 2.653737403997643582e+02 1.656414060766956879e+02
2.084138398736037914e+02 2.653753554978492843e+02 1.656715961354255455e+02
2.084082621539180877e+02 2.653769705959341536e+02 1.657017861941554031e+02
2.084026844342323841e+02 2.653785856940190797e+02 1.657319762528852891e+02
2.083971067145466805e+02 2.653802007921040058e+02 1.657621663116151467e+02
2.083971067145466805e+02 2.653802007921040058e+02 1.657621663116151467e+02
2.083769177954111740e+02 2.654040305460138143e+02 1.657768723708411187e+02
2.083567288762756675e+02 2.654278602999235659e+02 1.657915784300670907e+02
2.083365399571401611e+02 2.654516900538333743e+02 1.658062844892930627e+02
2.083163510380046830e+02 2.654755198077431828e+02 1.658209905485190063e+02
2.082961621188691765e+02 2.654993495616529913e+02 1.658356966077449783e+02
2.082759731997336701e+02 2.655231793155627429e+02 1.658504026669709503e+02
2.082557842805981636e+02 2.655470090694725513e+02 1.658651087261969224e+02
2.082355953614626571e+02 2.655708388233823598e+02 1.658798147854228944e+02
2.082154064423271507e+02 2.655946685772921114e+02 1.658945208446488664e+02
2.081952175231916442e+02 2.656184983312019199e+02 1.659092269038748384e+02
2.081750286040561662e+02 2.656423280851117283e+02 1.659239329631007820e+02
2.081548396849206597e+02 2.656661578390215368e+02 1.659386390223267540e+02
2.081346507657851532e+02 2.656899875929312884e+02 1.659533450815527260e+02
2.081144618466496468e+02 2.657138173468410969e+02 1.659680511407786980e+02
2.080942729275141403e+02 2.657376471007509053e+02 1.659827572000046700e+02
2.080740840083786338e+02 2.657614768546606570e+02 1.659974632592306421e+02
2.080538950892431274e+02 2.657853066085704654e+02 1.660121693184566141e+02
2.080337061701076493e+02 2.658091363624802739e+02 1.660268753776825577e+02
2.080135172509721428e+02 2.658329661163900823e+02 1.660415814369085297e+02
2.079933283318366364e+02 2.658567958702998340e+02 1.660562874961345017e+02
2.079731394127011299e+02 2.658806256242096424e+02 1.660709935553604737e+02
2.079529504935656234e+02 2.659044553781194509e+02 1.660856996145864457e+02
2.079327615744301170e+02 2.659282851320292025e+02 1.661004056738124177e+02
2.079125726552946105e+02 2.659521148859390109e+02 1.661151117330383897e+02
2.078923837361591325e+02 2.659759446398488194e+02 1.661298177922643333e+02
2.078721948170236260e+02 2.659997743937586279e+02 1.661445238514903053e+02
2.078520058978881195e+02 2.660236041476683795e+02 1.661592299107162773e+02
2.078318169787526131e+02 2.660474339015781879e+02 1.661739359699422494e+02
2.078318169787526131e+02 2.660474339015781879e+02 1.661739359699422494e+02
2.078155846414821610e+02 2.660701607933002037e+02 1.661929120350329754e+02
2.077993523042116806e+02 2.660928876850221627e+02 1.662118881001237014e+02
2.077831199669412285e+02 2.661156145767441785e+02 1.662308641652144274e+02
2.077668876296707481e+02 2.661383414684661943e+02 1.662498402303051535e+02
2.077506552924002960e+02 2.661610683601881533e+02 1.662688162953958795e+02
2.077344229551298156e+02 2.661837952519101691e+02 1.662877923604866055e+02
2.077181906178593636e+02 2.662065221436321849e+02 1.663067684255773315e+02
2.077019582805889115e+02 2.662292490353541439e+02 1.663257444906680576e+02
2.076857259433184311e+02 2.662519759270761597e+02 1.663447205557587552e+02
2.076694936060479790e+02 2.662747028187981755e+02 1.663636966208494812e+02
2.076532612687774986e+02 2.662974297105201913e+02 1.663826726859402072e+02
2.076370289315070465e+02 2.663201566022421503e+02 1.664016487510309332e+02
2.076207965942365661e+02 2.663428834939641661e+02 1.664206248161216593e+02
2.076045642569661140e+02 2.663656103856861819e+02 1.664396008812123853e+02
2.075883319196956620e+02 2.663883372774081408e+02 1.664585769463031113e+02
2.075720995824251816e+02 2.664110641691301566e+02 1.664775530113938373e+02
2.075558672451547295e+02 2.664337910608521724e+02 1.664965290764845633e+02
2.075396349078842491e+02 2.664565179525741314e+02 1.665155051415752894e+02
2.075234025706137970e+02 2.664792448442961472e+02 1.665344812066660154e+02
2.075071702333433166e+02 2.665019717360181630e+02 1.665534572717567414e+02
2.074909378960728645e+02 2.665246986277401220e+02 1.665724333368474674e+02
2.074747055588024125e+02 2.665474255194621378e+02 1.665914094019381935e+02
2.074584732215319320e+02 2.665701524111841536e+02 1.666103854670289195e+02
2.074422408842614800e+02 2.665928793029061126e+02 1.666293615321196455e+02
2.074260085469909995e+02 2.666156061946281284e+02 1.666483375972103715e+02
2.074097762097205475e+02 2.666383330863501442e+02 1.666673136623010976e+02
2.073935438724500671e+02 2.666610599780721600e+02 1.666862897273917952e+02
2.073773115351796150e+02 2.666837868697941190e+02 1.667052657924825212e+02
2.073610791979091630e+02 2.667065137615161348e+02 1.667242418575732472e+02
2.073448468606386825e+02 2.667292406532381506e+02 1.667432179226639732e+02
2.073286145233682305e+02 2.667519675449601095e+02 1.667621939877546993e+02
2.073123821860977500e+02 2.667746944366821253e+02 1.667811700528454253e+02
2.072961498488272980e+02 2.667974213284041411e+02 1.668001461179361513e+02
2.072799175115568175e+02 2.668201482201261001e+02 1.668191221830268773e+02
2.072636851742863655e+02 2.668428751118481159e+02 1.668380982481176034e+02
2.072636851742863655e+02 2.668428751118481159e+02 1.668380982481176034e+02
2.072634626911797966e+02 2.668529459315041663e+02 1.668653566820158858e+02
2.072632402080731993e+02 2.668630167511602167e+02 1.668926151159141966e+02
2.072630177249666303e+02 2.668730875708162671e+02 1.669198735498124790e+02
2.072627952418600614e+02 2.668831583904723175e+02 1.669471319837107615e+02
2.072625727587534641e+02 2.668932292101283679e+02 1.669743904176090439e+02
2.072623502756468952e+02 2.669033000297844183e+02 1.670016488515073547e+02
2.072621277925403263e+02 2.669133708494404686e+02 1.670289072854056371e+02
2.072619053094337289e+02 2.669234416690965759e+02 1.670561657193039196e+02
2.072616828263271600e+02 2.669335124887526263e+02 1.670834241532022020e+02
2.072614603432205911e+02 2.669435833084086767e+02 1.671106825871005128e+02
2.072612378601139937e+02 2.669536541280647270e+02 1.671379410209987952e+02
2.072610153770074248e+02 2.669637249477207774e+02 1.671651994548970777e+02
2.072607928939008559e+02 2.669737957673768278e+02 1.671924578887953601e+02
2.072605704107942586e+02 2.669838665870328782e+02 1.672197163226936709e+02
2.072603479276876897e+02 2.669939374066889286e+02 1.672469747565919533e+02
2.072601254445811207e+02 2.670040082263449790e+02 1.672742331904902358e+02
2.072599029614745234e+02 2.670140790460010294e+02 1.673014916243885466e+02
2.072596804783679545e+02 2.670241498656570798e+02 1.673287500582868290e+02
2.072594579952613856e+02 2.670342206853131302e+02 1.673560084921851114e+02
2.072592355121547882e+02 2.670442915049691806e+02 1.673832669260833939e+02
2.072590130290482193e+02 2.670543623246252309e+02 1.674105253599817047e+02
2.072587905459416504e+02 2.670644331442812813e+02 1.674377837938799871e+02
2.072585680628350531e+02 2.670745039639373886e+02 1.674650422277782695e+02
2.072583455797284842e+02 2.670845747835934390e+02 1.674923006616765520e+02
2.072581230966219152e+02 2.670946456032494893e+02 1.675195590955748628e+02
2.072579006135153179e+02 2.671047164229055397e+02 1.675468175294731452e+02
2.072576781304087490e+02 2.671147872425615901e+02 1.675740759633714276e+02
2.072574556473021801e+02 2.671248580622176405e+02 1.676013343972697101e+02
2.072572331641955827e+02 2.671349288818736909e+02 1.676285928311680209e+02
2.072570106810890138e+02 2.671449997015297413e+02 1.676558512650663033e+02
2.072570106810890138e+02 2.671449997015297413e+02 1.676558512650663033e+02
2.072664359880478173e+02 2.671566978730261326e+02 1.676828716428385064e+02
2.072758612950066492e+02 2.671683960445225239e+02 1.677098920206106811e+02
2.072852866019654527e+02 2.671800942160189152e+02 1.677369123983828842e+02
2.072947119089242562e+02 2.671917923875153065e+02 1.677639327761550874e+02
2.073041372158830598e+02 2.672034905590116978e+02 1.677909531539272905e+02
2.073135625228418917e+02 2.672151887305080891e+02 1.678179735316994652e+02
2.073229878298006952e+02 2.672268869020044804e+02 1.678449939094716683e+02
2.073324131367594987e+02 2.672385850735008717e+02 1.678720142872438714e+02
2.073418384437183306e+02 2.672502832449972630e+02 1.678990346650160461e+02
2.073512637506771341e+02 2.672619814164936543e+02 1.679260550427882492e+02
2.073606890576359376e+02 2.672736795879900455e+02 1.679530754205604524e+02
2.073701143645947411e+02 2.672853777594864368e+02 1.679800957983326555e+02
2.073795396715535730e+02 2.672970759309828281e+02 1.680071161761048302e+02
2.073889649785123765e+02 2.673087741024792194e+02 1.680341365538770333e+02
2.073983902854711801e+02 2.673204722739756107e+02 1.680611569316492364e+02
2.074078155924300120e+02 2.673321704454720020e+02 1.680881773094214111e+02
2.074172408993888155e+02 2.673438686169683933e+02 1.681151976871936142e+02
2.074266662063476190e+02 2.673555667884647846e+02 1.681422180649658173e+02
2.074360915133064225e+02 2.673672649599611759e+02 1.681692384427380205e+02
2.074455168202652544e+02 2.673789631314575672e+02 1.681962588205101952e+02
2.074549421272240579e+02 2.673906613029539585e+02 1.682232791982823983e+02
2.074643674341828614e+02 2.674023594744503498e+02 1.682502995760546014e+02
2.074737927411416933e+02 2.674140576459467411e+02 1.682773199538267761e+02
2.074832180481004968e+02 2.674257558174431324e+02 1.683043403315989792e+02
2.074926433550593003e+02 2.674374539889395237e+02 1.683313607093711823e+02
2.075020686620181039e+02 2.674491521604359150e+02 1.683583810871433855e+02
2.075114939689769358e+02 2.674608503319323063e+02 1.683854014649155602e+02
2.075209192759357393e+02 2.674725485034286976e+02 1.684124218426877633e+02
2.075209192759357393e+02 2.674725485034286976e+02 1.684124218426877633e+02
2.075215260267902408e+02 2.674934665838686101e+02 1.684340088637635233e+02
2.075221327776447424e+02 2.675143846643085794e+02 1.684555958848392834e+02
2.075227395284992440e+02 2.675353027447484919e+02 1.684771829059150434e+02
2.075233462793537740e+02 2.675562208251884613e+02 1.684987699269908035e+02
2.075239530302082755e+02 2.675771389056283738e+02 1.685203569480665635e+02
2.075245597810627771e+02 2.675980569860682863e+02 1.685419439691423236e+02
2.075251665319172787e+02 2.676189750665082556e+02 1.685635309902181120e+02
2.075257732827717803e+02 2.676398931469481681e+02 1.685851180112938721e+02
2.075263800336262818e+02 2.676608112273880806e+02 1.686067050323696321e+02
2.075269867844808118e+02 2.676817293078280500e+02 1.686282920534453922e+02
2.075275935353353134e+02 2.677026473882679625e+02 1.686498790745211522e+02
2.075282002861898150e+02 2.677235654687079318e+02 1.686714660955969123e+02
2.075288070370443165e+02 2.677444835491478443e+02 1.686930531166726723e+02
2.075294137878988181e+02 2.677654016295877568e+02 1.687146401377484324e+02
2.075300205387533197e+02 2.677863197100277262e+02 1.687362271588241924e+02
2.075306272896078212e+02 2.678072377904676387e+02 1.687578141798999525e+02
2.075312340404623512e+02 2.678281558709076080e+02 1.687794012009757125e+02
2.075318407913168528e+02 2.678490739513475205e+02 1.688009882220514726e+02
2.075324475421713544e+02 2.678699920317874330e+02 1.688225752431272326e+02
2.075330542930258559e+02 2.678909101122274024e+02 1.688441622642030211e+02
2.075336610438803575e+02 2.679118281926673149e+02 1.688657492852787811e+02
2.075342677947348591e+02 2.679327462731072274e+02 1.688873363063545412e+02
2.075348745455893891e+02 2.679536643535471967e+02 1.689089233274303012e+02
2.075354812964438906e+02 2.679745824339871092e+02 1.689305103485060613e+02
2.075360880472983922e+02 2.679955005144270785e+02 1.689520973695818213e+02
2.075366947981528938e+02 2.680164185948669910e+02 1.689736843906575814e+02
2.075366947981528938e+02 2.680164185948669910e+02 1.689736843906575814e+02
2.075253321799449679e+02 2.680354797752201534e+02 1.689953145013982407e+02
2.075139695617370421e+02 2.680545409555733158e+02 1.690169446121389001e+02
2.075026069435290879e+02 2.680736021359264782e+02 1.690385747228795594e+02
2.074912443253211620e+02 2.680926633162796406e+02 1.690602048336202188e+02
2.074798817071132362e+02 2.681117244966328030e+02 1.690818349443608781e+02
2.074685190889053104e+02 2.681307856769859654e+02 1.691034650551015375e+02
2.074571564706973845e+02 2.681498468573391278e+02 1.691250951658422252e+02
2.074457938524894303e+02 2.681689080376922902e+02 1.691467252765828846e+02
2.074344312342815044e+02 2.681879692180454526e+02 1.691683553873235439e+02
2.074230686160735786e+02 2.682070303983986150e+02 1.691899854980642033e+02
2.074117059978656528e+02 2.682260915787517774e+02 1.692116156088048626e+02
2.074003433796577269e+02 2.682451527591049398e+02 1.692332457195455220e+02
2.073889807614497727e+02 2.682642139394581591e+02 1.692548758302861813e+02
2.073776181432418468e+02 2.682832751198113215e+02 1.692765059410268407e+02
2.073662555250339210e+02 2.683023363001644839e+02 1.692981360517675000e+02
2.073548929068259952e+02 2.683213974805176463e+02 1.693197661625081594e+02
2.073435302886180693e+02 2.683404586608708087e+02 1.693413962732488187e+02
2.073321676704101151e+02 2.683595198412239711e+02 1.693630263839894781e+02
2.073208050522021892e+02 2.683785810215771335e+02 1.693846564947301658e+02
2.073094424339942634e+02 2.683976422019302959e+02 1.694062866054708252e+02
2.072980798157863376e+02 2.684167033822834583e+02 1.694279167162114845e+02
2.072867171975784117e+02 2.684357645626366207e+02 1.694495468269521439e+02
2.072753545793704575e+02 2.684548257429897831e+02 1.694711769376928032e+02
2.072639919611625317e+02 2.684738869233429455e+02 1.694928070484334626e+02
2.072526293429546058e+02 2.684929481036961079e+02 1.695144371591741219e+02
2.072526293429546058e+02 2.684929481036961079e+02 1.695144371591741219e+02
2.072414277926172019e+02 2.685117390870370855e+02 1.695357606585285737e+02
2.072302262422797980e+02 2.685305300703780063e+02 1.695570841578830255e+02
2.072190246919423942e+02 2.685493210537189839e+02 1.695784076572374772e+02
2.072078231416049903e+02 2.685681120370599615e+02 1.695997311565919290e+02
2.071966215912675864e+02 2.685869030204008823e+02 1.696210546559463808e+02
2.071854200409302109e+02 2.686056940037418599e+02 1.696423781553008041e+02
2.071742184905928070e+02 2.686244849870827807e+02 1.696637016546552559e+02
2.071630169402554031e+02 2.686432759704237583e+02 1.696850251540097076e+02
2.071518153899179993e+02 2.686620669537647359e+02 1.697063486533641594e+02
2.071406138395805954e+02 2.686808579371056567e+02 1.697276721527186112e+02
2.071294122892431915e+02 2.686996489204466343e+02 1.697489956520730630e+02
2.071182107389057876e+02 2.687184399037876119e+02 1.697703191514275147e+02
2.071070091885683837e+02 2.687372308871285327e+02 1.697916426507819665e+02
2.070958076382309798e+02 2.687560218704695103e+02 1.698129661501364183e+02
2.070846060878935759e+02 2.687748128538104879e+02 1.698342896494908700e+02
2.070734045375561720e+02 2.687936038371514087e+02 1.698556131488453218e+02
2.070622029872187966e+02 2.688123948204923863e+02 1.698769366481997452e+02
2.070510014368813927e+02 2.688311858038333071e+02 1.698982601475541969e+02
2.070397998865439888e+02 2.688499767871742847e+02 1.699195836469086487e+02
2.070285983362065849e+02 2.688687677705152623e+02 1.699409071462631005e+02
2.070173967858691810e+02 2.688875587538561831e+02 1.699622306456175522e+02
2.070061952355317771e+02 2.689063497371971607e+02 1.699835541449720040e+02
2.070061952355317771e+02 2.689063497371971607e+02 1.699835541449720040e+02
2.069941033176956182e+02 2.689362502543498863e+02 1.699847806444867331e+02
2.069820113998594877e+02 2.689661507715025550e+02 1.699860071440014622e+02
2.069699194820233288e+02 2.689960512886552806e+02 1.699872336435162197e+02
2.069578275641871983e+02 2.690259518058079493e+02 1.699884601430309488e+02
2.069457356463510393e+02 2.690558523229606749e+02 1.699896866425456778e+02
2.069336437285148804e+02 2.690857528401134005e+02 1.699909131420604069e+02
2.069215518106787499e+02 2.691156533572660692e+02 1.699921396415751644e+02
2.069094598928425910e+02 2.691455538744187947e+02 1.699933661410898935e+02
2.068973679750064605e+02 2.691754543915714635e+02 1.699945926406046226e+02
2.068852760571703016e+02 2.692053549087241890e+02 1.699958191401193517e+02
2.068731841393341426e+02 2.692352554258769146e+02 1.699970456396340808e+02
2.068610922214980121e+02 2.692651559430295833e+02 1.699982721391488383e+02
2.068490003036618532e+02 2.692950564601823089e+02 1.699994986386635674e+02
2.068369083858256943e+02 2.693249569773350345e+02 1.700007251381782964e+02
2.068248164679895638e+02 2.693548574944877032e+02 1.700019516376930255e+02
2.068127245501534048e+02 2.693847580116404288e+02 1.700031781372077546e+02
2.068006326323172743e+02 2.694146585287930975e+02 1.700044046367225121e+02
2.067885407144811154e+02 2.694445590459458231e+02 1.700056311362372412e+02
2.067764487966449565e+02 2.694744595630985486e+02 1.700068576357519703e+02
2.067643568788088260e+02 2.695043600802512174e+02 1.700080841352666994e+02
2.067522649609726670e+02 2.695342605974039429e+02 1.700093106347814569e+02
2.067401730431365365e+02 2.695641611145566117e+02 1.700105371342961860e+02
2.067280811253003776e+02 2.695940616317093372e+02 1.700117636338109151e+02
2.067280811253003776e+02 2.695940616317093372e+02 1.700117636338109151e+02
2.067036978669393079e+02 2.696169455948357268e+02 1.700095517855370417e+02
2.066793146085782098e+02 2.696398295579621163e+02 1.700073399372631684e+02
2.066549313502171401e+02 2.696627135210885626e+02 1.700051280889892951e+02
2.066305480918560420e+02 2.696855974842149521e+02 1.700029162407154217e+02
2.066061648334949723e+02 2.697084814473413417e+02 1.700007043924415484e+02
2.065817815751338742e+02 2.697313654104677312e+02 1.699984925441676751e+02
2.065573983167728045e+02 2.697542493735941775e+02 1.699962806958938017e+02
2.065330150584117064e+02 2.697771333367205671e+02 1.699940688476199284e+02
2.065086318000506367e+02 2.698000172998469566e+02 1.699918569993460551e+02
2.064842485416895386e+02 2.698229012629733461e+02 1.699896451510721818e+02
2.064598652833284689e+02 2.698457852260997925e+02 1.699874333027983084e+02
2.064354820249673708e+02 2.698686691892261820e+02 1.699852214545244351e+02
2.064110987666063011e+02 2.698915531523525715e+02 1.699830096062505618e+02
2.063867155082452314e+02 2.699144371154789610e+02 1.699807977579766884e+02
2.063623322498841333e+02 2.699373210786053505e+02 1.699785859097028151e+02
2.063379489915230636e+02 2.699602050417317969e+02 1.699763740614289418e+02
2.063135657331619655e+02 2.699830890048581864e+02 1.699741622131550685e+02
2.062891824748008958e+02 2.700059729679845759e+02 1.699719503648811951e+02
2.062647992164397976e+02 2.700288569311109654e+02 1.699697385166073218e+02
2.062404159580787280e+02 2.700517408942374118e+02 1.699675266683334485e+02
2.062160326997176298e+02 2.700746248573638013e+02 1.699653148200595751e+02
2.061916494413565601e+02 2.700975088204901908e+02 1.699631029717857018e+02
2.061672661829954620e+02 2.701203927836165803e+02 1.699608911235118285e+02
2.061428829246343923e+02 2.701432767467430267e+02 1.699586792752379552e+02
2.061184996662732942e+02 2.701661607098694162e+02 1.699564674269640818e+02
2.060941164079122245e+02 2.701890446729958057e+02 1.699542555786902085e+02
2.060941164079122245e+02 2.701890446729958057e+02 1.699542555786902085e+02
2.060682470911325765e+02 2.701899213630419467e+02 1.699723998251675425e+02
2.060423777743529286e+02 2.701907980530880877e+02 1.699905440716449050e+02
2.060165084575732806e+02 2.701916747431342287e+02 1.700086883181222390e+02
2.059906391407936326e+02 2.701925514331803697e+02 1.700268325645996015e+02
2.059647698240139846e+02 2.701934281232265107e+02 1.700449768110769355e+02
2.059389005072343366e+02 2.701943048132726517e+02 1.700631210575542980e+02
2.059130311904546602e+02 2.701951815033188495e+02 1.700812653040316320e+02
2.058871618736750122e+02 2.701960581933649905e+02 1.700994095505089945e+02
2.058612925568953642e+02 2.701969348834111315e+02 1.701175537969863285e+02
2.058354232401157162e+02 2.701978115734572725e+02 1.701356980434636910e+02
2.058095539233360682e+02 2.701986882635034135e+02 1.701538422899410250e+02
2.057836846065564202e+02 2.701995649535495545e+02 1.701719865364183875e+02
2.057578152897767723e+02 2.702004416435956955e+02 1.701901307828957215e+02
2.057319459729971243e+02 2.702013183336418365e+02 1.702082750293730555e+02
2.057060766562174763e+02 2.702021950236879775e+02 1.702264192758504180e+02
2.056802073394378283e+02 2.702030717137341185e+02 1.702445635223277520e+02
2.056543380226581803e+02 2.702039484037802595e+02 1.702627077688051145e+02
2.056284687058785323e+02 2.702048250938264005e+02 1.702808520152824485e+02
2.056025993890988843e+02 2.702057017838725415e+02 1.702989962617598110e+02
2.055767300723192079e+02 2.702065784739187393e+02 1.703171405082371450e+02
2.055508607555395599e+02 2.702074551639648803e+02 1.703352847547145075e+02
2.055249914387599119e+02 2.702083318540110213e+02 1.703534290011918415e+02
2.054991221219802640e+02 2.702092085440571623e+02 1.703715732476692040e+02
2.054732528052006160e+02 2.702100852341033033e+02 1.703897174941465380e+02
2.054473834884209680e+02 2.702109619241494443e+02 1.704078617406239005e+02
2.054215141716413200e+02 2.702118386141955853e+02 1.704260059871012345e+02
2.054215141716413200e+02 2.702118386141955853e+02 1.704260059871012345e+02
2.054007257015014432e+02 2.701875291280448437e+02 1.704263258642391747e+02
2.053799372313615663e+02 2.701632196418941021e+02 1.704266457413770866e+02
2.053591487612217179e+02 2.701389101557433605e+02 1.704269656185150268e+02
2.053383602910818411e+02 2.701146006695926189e+02 1.704272854956529670e+02
2.053175718209419642e+02 2.700902911834418774e+02 1.704276053727908788e+02
2.052967833508020874e+02 2.700659816972911358e+02 1.704279252499288191e+02
2.052759948806622390e+02 2.700416722111403942e+02 1.704282451270667593e+02
2.052552064105223621e+02 2.700173627249896526e+02 1.704285650042046996e+02
2.052344179403824853e+02 2.699930532388389111e+02 1.704288848813426114e+02
2.052136294702426085e+02 2.699687437526881695e+02 1.704292047584805516e+02
2.051928410001027601e+02 2.699444342665374279e+02 1.704295246356184919e+02
2.051720525299628832e+02 2.699201247803866863e+02 1.704298445127564037e+02
2.051512640598230064e+02 2.698958152942359447e+02 1.704301643898943439e+02
2.051304755896831296e+02 2.698715058080852032e+02 1.704304842670322842e+02
2.051096871195432527e+02 2.698471963219344616e+02 1.704308041441701960e+02
2.050888986494034043e+02 2.698228868357837200e+02 1.704311240213081362e+02
2.050681101792635275e+02 2.697985773496329784e+02 1.704314438984460764e+02
2.050473217091236506e+02 2.697742678634822369e+02 1.704317637755839883e+02
2.050265332389837738e+02 2.697499583773314953e+02 1.704320836527219285e+02
2.050057447688439254e+02 2.697256488911807537e+02 1.704324035298598687e+02
2.049849562987040485e+02 2.697013394050300121e+02 1.704327234069978090e+02
2.049641678285641717e+02 2.696770299188792706e+02 1.704330432841357208e+02
2.049433793584242949e+02 2.696527204327285290e+02 1.704333631612736610e+02
2.049225908882844465e+02 2.696284109465777874e+02 1.704336830384116013e+02
2.049018024181445696e+02 2.696041014604270458e+02 1.704340029155495131e+02
2.048810139480046928e+02 2.695797919742763042e+02 1.704343227926874533e+02
2.048810139480046928e+02 2.695797919742763042e+02 1.704343227926874533e+02
2.048589740654063007e+02 2.695540191181484602e+02 1.704346619256013469e+02
2.048369341828079371e+02 2.695282462620206161e+02 1.704350010585152404e+02
2.048148943002095450e+02 2.695024734058928289e+02 1.704353401914291624e+02
2.047928544176111529e+02 2.694767005497649848e+02 1.704356793243430559e+02
2.047708145350127609e+02 2.694509276936371407e+02 1.704360184572569494e+02
2.047487746524143972e+02 2.694251548375092966e+02 1.704363575901708430e+02
2.047267347698160052e+02 2.693993819813815094e+02 1.704366967230847365e+02
2.047046948872176131e+02 2.693736091252536653e+02 1.704370358559986585e+02
2.046826550046192210e+02 2.693478362691258212e+02 1.704373749889125520e+02
2.046606151220208574e+02 2.693220634129979771e+02 1.704377141218264455e+02
2.046385752394224653e+02 2.692962905568701331e+02 1.704380532547403391e+02
2.046165353568240732e+02 2.692705177007423458e+02 1.704383923876542326e+02
2.045944954742256812e+02 2.692447448446145017e+02 1.704387315205681546e+02
2.045724555916273175e+02 2.692189719884866577e+02 1.704390706534820481e+02
2.045504157090289254e+02 2.691931991323588136e+02 1.704394097863959416e+02
2.045283758264305334e+02 2.691674262762310263e+02 1.704397489193098352e+02
2.045063359438321413e+02 2.691416534201031823e+02 1.704400880522237287e+02
2.044842960612337777e+02 2.691158805639753382e+02 1.704404271851376222e+02
2.044622561786353856e+02 2.690901077078474941e+02 1.704407663180515442e+02
2.044402162960369935e+02 2.690643348517197069e+02 1.704411054509654377e+02
2.044181764134386015e+02 2.690385619955918628e+02 1.704414445838793313e+02
2.043961365308402378e+02 2.690127891394640187e+02 1.704417837167932248e+02
2.043740966482418457e+02 2.689870162833361746e+02 1.704421228497071183e+02
2.043520567656434537e+02 2.689612434272083306e+02 1.704424619826210403e+02
2.043300168830450616e+02 2.689354705710805433e+02 1.704428011155349338e+02
2.043079770004466980e+02 2.689096977149526992e+02 1.704431402484488274e+02
2.042859371178483059e+02 2.688839248588248552e+02 1.704434793813627209e+02
2.042638972352499138e+02 2.688581520026970111e+02 1.704438185142766145e+02
2.042418573526515218e+02 2.688323791465692238e+02 1.704441576471905364e+02
2.042198174700531581e+02 2.688066062904413798e+02 1.704444967801044299e+02
2.041977775874547660e+02 2.687808334343135357e+02 1.704448359130183235e+02
2.041977775874547660e+02 2.687808334343135357e+02 1.704448359130183235e+02
2.041883521179411787e+02 2.687529303008882948e+02 1.704350953127201365e+02
2.041789266484275629e+02 2.687250271674631108e+02 1.704253547124219494e+02
2.041695011789139755e+02 2.686971240340378699e+02 1.704156141121237624e+02
2.041600757094003882e+02 2.686692209006126859e+02 1.704058735118255470e+02
2.041506502398867724e+02 2.686413177671874450e+02 1.703961329115273600e+02
2.041412247703731850e+02 2.686134146337622042e+02 1.703863923112291729e+02
2.041317993008595977e+02 2.685855115003370202e+02 1.703766517109309859e+02
2.041223738313459819e+02 2.685576083669117793e+02 1.703669111106327989e+02
2.041129483618323945e+02 2.685297052334865384e+02 1.703571705103346119e+02
2.041035228923188072e+02 2.685018021000613544e+02 1.703474299100364249e+02
2.040940974228051914e+02 2.684738989666361135e+02 1.703376893097382094e+02
2.040846719532916040e+02 2.684459958332109295e+02 1.703279487094400224e+02
2.040752464837780167e+02 2.684180926997856886e+02 1.703182081091418354e+02
2.040658210142644009e+02 2.683901895663604478e+02 1.703084675088436484e+02
2.040563955447508135e+02 2.683622864329352637e+02 1.702987269085454614e+02
2.040469700752371978e+02 2.683343832995100229e+02 1.702889863082472743e+02
2.040375446057236104e+02 2.683064801660847820e+02 1.702792457079490873e+02
2.040281191362100230e+02 2.682785770326595980e+02 1.702695051076509003e+02
2.040186936666964073e+02 2.682506738992343571e+02 1.702597645073526849e+02
2.040092681971828199e+02 2.682227707658091731e+02 1.702500239070544978e+02
2.039998427276692325e+02 2.681948676323839322e+02 1.702402833067563108e+02
2.039904172581556168e+02 2.681669644989586914e+02 1.702305427064581238e+02
2.039809917886420294e+02 2.681390613655335073e+02 1.702208021061599368e+02
2.039715663191284420e+02 2.681111582321082665e+02 1.702110615058617498e+02
2.039621408496148263e+02 2.680832550986830256e+02 1.702013209055635627e+02
2.039527153801012389e+02 2.680553519652578416e+02 1.701915803052653473e+02
2.039432899105876515e+02 2.680274488318326007e+02 1.701818397049671603e+02
2.039338644410740358e+02 2.679995456984074167e+02 1.701720991046689733e+02
2.039244389715604484e+02 2.679716425649821758e+02 1.701623585043707862e+02
2.039244389715604484e+02 2.679716425649821758e+02 1.701623585043707862e+02
2.039034379332164519e+02 2.679567970706393112e+02 1.701741921734216589e+02
2.038824368948724270e+02 2.679419515762963897e+02 1.701860258424725600e+02
2.038614358565284306e+02 2.679271060819535251e+02 1.701978595115234327e+02
2.038404348181844057e+02 2.679122605876106036e+02 1.702096931805743054e+02
2.038194337798404092e+02 2.678974150932677389e+02 1.702215268496251781e+02
2.037984327414963843e+02 2.678825695989248743e+02 1.702333605186760792e+02
2.037774317031523879e+02 2.678677241045819528e+02 1.702451941877269519e+02
2.037564306648083630e+02 2.678528786102390882e+02 1.702570278567778246e+02
2.037354296264643665e+02 2.678380331158961667e+02 1.702688615258286973e+02
2.037144285881203416e+02 2.678231876215533021e+02 1.702806951948795984e+02
2.036934275497763451e+02 2.678083421272104374e+02 1.702925288639304711e+02
2.036724265114323202e+02 2.677934966328675159e+02 1.703043625329813437e+02
2.036514254730883238e+02 2.677786511385246513e+02 1.703161962020322164e+02
2.036304244347442989e+02 2.677638056441817866e+02 1.703280298710831175e+02
2.036094233964003024e+02 2.677489601498388652e+02 1.703398635401339902e+02
2.035884223580562775e+02 2.677341146554960005e+02 1.703516972091848629e+02
2.035674213197122810e+02 2.677192691611530790e+02 1.703635308782357356e+02
2.035464202813682562e+02 2.677044236668102144e+02 1.703753645472866367e+02
2.035254192430242597e+02 2.676895781724673498e+02 1.703871982163375094e+02
2.035044182046802348e+02 2.676747326781244283e+02 1.703990318853883821e+02
2.034834171663362383e+02 2.676598871837815636e+02 1.704108655544392548e+02
2.034624161279922134e+02 2.676450416894386422e+02 1.704226992234901559e+02
2.034414150896482170e+02 2.676301961950957775e+02 1.704345328925410286e+02
2.034414150896482170e+02 2.676301961950957775e+02 1.704345328925410286e+02
2.034103264638053474e+02 2.676318575770339976e+02 1.704344706264409126e+02
2.033792378379624779e+02 2.676335189589722745e+02 1.704344083603407967e+02
2.033481492121195799e+02 2.676351803409104946e+02 1.704343460942406807e+02
2.033170605862767104e+02 2.676368417228487147e+02 1.704342838281405648e+02
2.032859719604338409e+02 2.676385031047869916e+02 1.704342215620404488e+02
2.032548833345909713e+02 2.676401644867252116e+02 1.704341592959403613e+02
2.032237947087481018e+02 2.676418258686634886e+02 1.704340970298402453e+02
2.031927060829052323e+02 2.676434872506017086e+02 1.704340347637401294e+02
2.031616174570623343e+02 2.676451486325399287e+02 1.704339724976400134e+02
2.031305288312194648e+02 2.676468100144782056e+02 1.704339102315398975e+02
2.030994402053765953e+02 2.676484713964164257e+02 1.704338479654397815e+02
2.030683515795337257e+02 2.676501327783546458e+02 1.704337856993396656e+02
2.030372629536908562e+02 2.676517941602929227e+02 1.704337234332395496e+02
2.030061743278479582e+02 2.676534555422311428e+02 1.704336611671394337e+02
2.029750857020050887e+02 2.676551169241693628e+02 1.704335989010393178e+02
2.029439970761622192e+02 2.676567783061076398e+02 1.704335366349392018e+02
2.029129084503193496e+02 2.676584396880458598e+02 1.704334743688391143e+02
2.028818198244764801e+02 2.676601010699841368e+02 1.704334121027389983e+02
2.028507311986336106e+02 2.676617624519223568e+02 1.704333498366388824e+02
2.028196425727907126e+02 2.676634238338605769e+02 1.704332875705387664e+02
2.027885539469478431e+02 2.676650852157988538e+02 1.704332253044386505e+02
2.027574653211049736e+02 2.676667465977370739e+02 1.704331630383385345e+02
2.027574653211049736e+02 2.676667465977370739e+02 1.704331630383385345e+02
2.027410748058796912e+02 2.676842014645891368e+02 1.704534265654594094e+02
2.027246842906544373e+02 2.677016563314412565e+02 1.704736900925802559e+02
2.027082937754291549e+02 2.677191111982933194e+02 1.704939536197011307e+02
2.026919032602038726e+02 2.677365660651453823e+02 1.705142171468219772e+02
2.026755127449785903e+02 2.677540209319974451e+02 1.705344806739428520e+02
2.026591222297533363e+02 2.677714757988495649e+02 1.705547442010636985e+02
2.026427317145280540e+02 2.677889306657016277e+02 1.705750077281845734e+02
2.026263411993027717e+02 2.678063855325536906e+02 1.705952712553054482e+02
2.026099506840775177e+02 2.678238403994058103e+02 1.706155347824262947e+02
2.025935601688522354e+02 2.678412952662578732e+02 1.706357983095471695e+02
2.025771696536269530e+02 2.678587501331099361e+02 1.706560618366680160e+02
2.025607791384016707e+02 2.678762049999619990e+02 1.706763253637888909e+02
2.025443886231764168e+02 2.678936598668141187e+02 1.706965888909097373e+02
2.025279981079511344e+02 2.679111147336661816e+02 1.707168524180306122e+02
2.025116075927258521e+02 2.679285696005182444e+02 1.707371159451514870e+02
2.024952170775005982e+02 2.679460244673703642e+02 1.707573794722723335e+02
2.024788265622753158e+02 2.679634793342224270e+02 1.707776429993932084e+02
2.024624360470500335e+02 2.679809342010744899e+02 1.707979065265140548e+02
2.024460455318247512e+02 2.679983890679265528e+02 1.708181700536349297e+02
2.024296550165994972e+02 2.680158439347786725e+02 1.708384335807557761e+02
2.024132645013742149e+02 2.680332988016307354e+02 1.708586971078766510e+02
2.024132645013742149e+02 2.680332988016307354e+02 1.708586971078766510e+02
2.024064906962264843e+02 2.680255684093817194e+02 1.708875462861155654e+02
2.023997168910787821e+02 2.680178380171327035e+02 1.709163954643544798e+02
2.023929430859310514e+02 2.680101076248836875e+02 1.709452446425933942e+02
2.023861692807833208e+02 2.680023772326347284e+02 1.709740938208323371e+02
2.023793954756355902e+02 2.679946468403857125e+02 1.710029429990712515e+02
2.023726216704878880e+02 2.679869164481366965e+02 1.710317921773101659e+02
2.023658478653401573e+02 2.679791860558876806e+02 1.710606413555490803e+02
2.023590740601924267e+02 2.679714556636386646e+02 1.710894905337879948e+02
2.023523002550446961e+02 2.679637252713896487e+02 1.711183397120269092e+02
2.023455264498969939e+02 2.679559948791406896e+02 1.711471888902658520e+02
2.023387526447492633e+02 2.679482644868916736e+02 1.711760380685047664e+02
2.023319788396015326e+02 2.679405340946426577e+02 1.712048872467436809e+02
2.023252050344538020e+02 2.679328037023936417e+02 1.712337364249825953e+02
2.023184312293060998e+02 2.679250733101446258e+02 1.712625856032215097e+02
2.023116574241583692e+02 2.679173429178956098e+02 1.712914347814604241e+02
2.023048836190106385e+02 2.679096125256466507e+02 1.713202839596993670e+02
2.022981098138629079e+02 2.679018821333976348e+02 1.713491331379382814e+02
2.022913360087152057e+02 2.678941517411486188e+02 1.713779823161771958e+02
2.022845622035674751e+02 2.678864213488996029e+02 1.714068314944161102e+02
2.022845622035674751e+02 2.678864213488996029e+02 1.714068314944161102e+02
2.023008728438200308e+02 2.678962524931591247e+02 1.714365553793837762e+02
2.023171834840725865e+02 2.679060836374186465e+02 1.714662792643514138e+02
2.023334941243251421e+02 2.679159147816781683e+02 1.714960031493190797e+02
2.023498047645776978e+02 2.679257459259376901e+02 1.715257270342867457e+02
2.023661154048302535e+02 2.679355770701972119e+02 1.715554509192543833e+02
2.023824260450828092e+02 2.679454082144567337e+02 1.715851748042220493e+02
2.023987366853353365e+02 2.679552393587163124e+02 1.716148986891897152e+02
2.024150473255878921e+02 2.679650705029758342e+02 1.716446225741573812e+02
2.024313579658404478e+02 2.679749016472353560e+02 1.716743464591250188e+02
2.024476686060930035e+02 2.679847327914948778e+02 1.717040703440926848e+02
2.024639792463455592e+02 2.679945639357543996e+02 1.717337942290603507e+02
2.024802898865981149e+02 2.680043950800139214e+02 1.717635181140279883e+02
2.024966005268506706e+02 2.680142262242734432e+02 1.717932419989956543e+02
2.025129111671032263e+02 2.680240573685329650e+02 1.718229658839633203e+02
2.025292218073557819e+02 2.680338885127924868e+02 1.718526897689309578e+02
2.025455324476083376e+02 2.680437196570520086e+02 1.718824136538986238e+02
2.025618430878608933e+02 2.680535508013115304e+02 1.719121375388662898e+02
2.025781537281134490e+02 2.680633819455710523e+02 1.719418614238339273e+02
2.025944643683660047e+02 2.680732130898305741e+02 1.719715853088015933e+02
2.026107750086185320e+02 2.680830442340901527e+02 1.720013091937692593e+02
2.026270856488710876e+02 2.680928753783496745e+02 1.720310330787369253e+02
2.026433962891236433e+02 2.681027065226091963e+02 1.720607569637045628e+02
2.026597069293761990e+02 2.681125376668687181e+02 1.720904808486722288e+02
2.026760175696287547e+02 2.681223688111282399e+02 1.721202047336398948e+02
2.026923282098813104e+02 2.681321999553877617e+02 1.721499286186075324e+02
2.027086388501338661e+02 2.681420310996472836e+02 1.721796525035751984e+02
2.027086388501338661e+02 2.681420310996472836e+02 1.721796525035751984e+02
2.027394145875117601e+02 2.681546519947868887e+02 1.721858092115388388e+02
2.027701903248896826e+02 2.681672728899265508e+02 1.721919659195024792e+02
2.028009660622675767e+02 2.681798937850661559e+02 1.721981226274661196e+02
2.028317417996454992e+02 2.681925146802058180e+02 1.722042793354297316e+02
2.028625175370233933e+02 2.682051355753454231e+02 1.722104360433933721e+02
2.028932932744012874e+02 2.682177564704850852e+02 1.722165927513570125e+02
2.029240690117792099e+02 2.682303773656246904e+02 1.722227494593206529e+02
2.029548447491571039e+02 2.682429982607643524e+02 1.722289061672842934e+02
2.029856204865349980e+02 2.682556191559039576e+02 1.722350628752479338e+02
2.030163962239129205e+02 2.682682400510436196e+02 1.722412195832115458e+02
2.030471719612908146e+02 2.682808609461832248e+02 1.722473762911751862e+02
2.030779476986687371e+02 2.682934818413228868e+02 1.722535329991388267e+02
2.031087234360466312e+02 2.683061027364624920e+02 1.722596897071024671e+02
2.031394991734245252e+02 2.683187236316021540e+02 1.722658464150661075e+02
2.031702749108024477e+02 2.683313445267417592e+02 1.722720031230297479e+02
2.032010506481803418e+02 2.683439654218814212e+02 1.722781598309933599e+02
2.032318263855582643e+02 2.683565863170210264e+02 1.722843165389570004e+02
2.032626021229361584e+02 2.683692072121606884e+02 1.722904732469206408e+02
2.032933778603140524e+02 2.683818281073002936e+02 1.722966299548842812e+02
2.033241535976919749e+02 2.683944490024399556e+02 1.723027866628479217e+02
2.033549293350698690e+02 2.684070698975795608e+02 1.723089433708115621e+02
2.033857050724477915e+02 2.684196907927192228e+02 1.723151000787751741e+02
2.034164808098256856e+02 2.684323116878588280e+02 1.723212567867388145e+02
2.034472565472035797e+02 2.684449325829984900e+02 1.723274134947024550e+02
2.034780322845815022e+02 2.684575534781380952e+02 1.723335702026660954e+02
2.035088080219593962e+02 2.684701743732777572e+02 1.723397269106297358e+02
2.035395837593372903e+02 2.684827952684173624e+02 1.723458836185933762e+02
2.035703594967152128e+02 2.684954161635570244e+02 1.723520403265569882e+02
2.036011352340931069e+02 2.685080370586966296e+02 1.723581970345206287e+02
2.036319109714710294e+02 2.685206579538362917e+02 1.723643537424842691e+02
2.036626867088489234e+02 2.685332788489758968e+02 1.723705104504479095e+02
