2.387154675998683899e+02 1.576258104321779285e+02 2.240491571211815653e+02
2.386882302785517425e+02 1.576089421812603177e+02 2.240520522567760224e+02
2.386609929572350666e+02 1.575920739303427069e+02 2.240549473923704795e+02
2.386337556359184191e+02 1.575752056794250962e+02 2.240578425279649082e+02
2.386065183146017716e+02 1.575583374285074854e+02 2.240607376635593653e+02
2.385792809932850957e+02 1.575414691775898746e+02 2.240636327991538224e+02
2.385520436719684483e+02 1.575246009266722638e+02 2.240665279347482794e+02
2.385248063506518008e+02 1.575077326757546530e+02 2.240694230703427081e+02
2.384975690293351249e+02 1.574908644248370422e+02 2.240723182059371652e+02
2.384703317080184775e+02 1.574739961739194314e+02 2.240752133415316223e+02
2.384430943867018300e+02 1.574571279230018206e+02 2.240781084771260794e+02
2.384158570653851541e+02 1.574402596720842098e+02 2.240810036127205365e+02
2.383886197440685066e+02 1.574233914211665990e+02 2.240838987483149651e+02
2.383613824227518307e+02 1.574065231702489882e+02 2.240867938839094222e+02
2.383341451014351833e+02 1.573896549193313774e+02 2.240896890195038793e+02
2.383069077801185358e+02 1.573727866684137666e+02 2.240925841550983364e+02
2.382796704588018599e+02 1.573559184174961558e+02 2.240954792906927935e+02
2.382524331374852125e+02 1.573390501665785450e+02 2.240983744262872221e+02
2.382251958161685650e+02 1.573221819156609342e+02 2.241012695618816792e+02
2.381979584948518891e+02 1.573053136647433234e+02 2.241041646974761363e+02
2.381707211735352416e+02 1.572884454138257126e+02 2.241070598330705934e+02
2.381434838522185942e+02 1.572715771629081019e+02 2.241099549686650221e+02
2.381162465309019183e+02 1.572547089119904911e+02 2.241128501042594792e+02
2.380890092095852708e+02 1.572378406610728803e+02 2.241157452398539363e+02
2.380890092095852708e+02 1.572378406610728803e+02 2.241157452398539363e+02
2.380580655473216893e+02 1.572186770490089884e+02 2.241190343334105535e+02
2.380271218850581079e+02 1.571995134369450966e+02 2.241223234269671707e+02
2.379961782227944980e+02 1.571803498248812048e+02 2.241256125205237595e+02
2.379652345605309165e+02 1.571611862128173129e+02 2.241289016140803767e+02
2.379342908982673350e+02 1.571420226007534211e+02 2.241321907076369939e+02
2.379033472360037536e+02 1.571228589886895293e+02 2.241354798011936111e+02
2.378724035737401721e+02 1.571036953766256374e+02 2.241387688947501999e+02
2.378414599114765906e+02 1.570845317645617456e+02 2.241420579883068172e+02
2.378105162492129807e+02 1.570653681524978538e+02 2.241453470818634344e+02
2.377795725869493992e+02 1.570462045404339619e+02 2.241486361754200516e+02
2.377486289246858178e+02 1.570270409283700701e+02 2.241519252689766688e+02
2.377176852624222363e+02 1.570078773163061783e+02 2.241552143625332576e+02
2.376867416001586548e+02 1.569887137042422864e+02 2.241585034560898748e+02
2.376557979378950733e+02 1.569695500921783946e+02 2.241617925496464920e+02
2.376248542756314635e+02 1.569503864801145028e+02 2.241650816432031093e+02
2.375939106133678820e+02 1.569312228680506109e+02 2.241683707367597265e+02
2.375629669511043005e+02 1.569120592559867191e+02 2.241716598303163153e+02
2.375320232888407190e+02 1.568928956439228273e+02 2.241749489238729325e+02
2.375010796265771376e+02 1.568737320318589354e+02 2.241782380174295497e+02
2.374701359643135561e+02 1.568545684197950436e+02 2.241815271109861669e+02
2.374391923020499462e+02 1.568354048077311518e+02 2.241848162045427557e+02
2.374082486397863647e+02 1.568162411956672599e+02 2.241881052980993729e+02
2.373773049775227832e+02 1.567970775836033681e+02 2.241913943916559901e+02
2.373773049775227832e+02 1.567970775836033681e+02 2.241913943916559901e+02
2.373559591039605436e+02 1.567944672021039025e+02 2.241910932936492600e+02
2.373346132303983040e+02 1.567918568206044654e+02 2.241907921956425014e+02
2.373132673568360644e+02 1.567892464391049998e+02 2.241904910976357712e+02
2.372919214832738533e+02 1.567866360576055627e+02 2.241901899996290126e+02
2.372705756097116137e+02 1.567840256761060971e+02 2.241898889016222824e+02
2.372492297361493740e+02 1.567814152946066599e+02 2.241895878036155239e+02
2.372278838625871344e+02 1.567788049131071944e+02 2.241892867056087937e+02
2.372065379890248948e+02 1.567761945316077572e+02 2.241889856076020351e+02
2.371851921154626552e+02 1.567735841501082916e+02 2.241886845095953049e+02
2.371638462419004156e+02 1.567709737686088545e+02 2.241883834115885747e+02
2.371425003683382045e+02 1.567683633871093889e+02 2.241880823135818162e+02
2.371211544947759648e+02 1.567657530056099517e+02 2.241877812155750860e+02
2.370998086212137252e+02 1.567631426241104862e+02 2.241874801175683274e+02
2.370784627476514856e+02 1.567605322426110490e+02 2.241871790195615972e+02
2.370571168740892460e+02 1.567579218611115834e+02 2.241868779215548386e+02
2.370357710005270064e+02 1.567553114796121463e+02 2.241865768235481085e+02
2.370144251269647953e+02 1.567527010981126807e+02 2.241862757255413499e+02
2.369930792534025557e+02 1.567500907166132436e+02 2.241859746275346197e+02
2.369717333798403160e+02 1.567474803351137780e+02 2.241856735295278895e+02
2.369503875062780764e+02 1.567448699536143408e+02 2.241853724315211309e+02
2.369290416327158368e+02 1.567422595721148753e+02 2.241850713335144007e+02
2.369076957591535972e+02 1.567396491906154381e+02 2.241847702355076422e+02
2.368863498855913576e+02 1.567370388091159725e+02 2.241844691375009120e+02
2.368650040120291465e+02 1.567344284276165354e+02 2.241841680394941534e+02
2.368436581384669068e+02 1.567318180461170698e+02 2.241838669414874232e+02
2.368223122649046672e+02 1.567292076646176326e+02 2.241835658434806646e+02
2.368009663913424276e+02 1.567265972831181671e+02 2.241832647454739345e+02
2.368009663913424276e+02 1.567265972831181671e+02 2.241832647454739345e+02
2.367768680766393459e+02 1.567474095501077045e+02 2.241875703331564011e+02
2.367527697619362641e+02 1.567682218170972703e+02 2.241918759208388394e+02
2.367286714472331823e+02 1.567890340840868078e+02 2.241961815085213061e+02
2.367045731325300721e+02 1.568098463510763736e+02 2.242004870962037728e+02
2.366804748178269904e+02 1.568306586180659110e+02 2.242047926838862395e+02
2.366563765031239086e+02 1.568514708850554484e+02 2.242090982715686778e+02
2.366322781884208268e+02 1.568722831520450143e+02 2.242134038592511445e+02
2.366081798737177451e+02 1.568930954190345517e+02 2.242177094469336112e+02
2.365840815590146349e+02 1.569139076860241175e+02 2.242220150346160494e+02
2.365599832443115531e+02 1.569347199530136550e+02 2.242263206222985161e+02
2.365358849296084713e+02 1.569555322200031924e+02 2.242306262099809828e+02
2.365117866149053896e+02 1.569763444869927582e+02 2.242349317976634495e+02
2.364876883002023078e+02 1.569971567539822956e+02 2.242392373853458878e+02
2.364635899854992260e+02 1.570179690209718331e+02 2.242435429730283545e+02
2.364394916707961443e+02 1.570387812879613989e+02 2.242478485607108212e+02
2.364153933560930341e+02 1.570595935549509363e+02 2.242521541483932879e+02
2.363912950413899523e+02 1.570804058219405022e+02 2.242564597360757261e+02
2.363671967266868705e+02 1.571012180889300396e+02 2.242607653237581928e+02
2.363671967266868705e+02 1.571012180889300396e+02 2.242607653237581928e+02
2.363501130239267525e+02 1.571179670900015992e+02 2.242438195628921846e+02
2.363330293211666628e+02 1.571347160910731589e+02 2.242268738020261765e+02
2.363159456184065448e+02 1.571514650921447185e+02 2.242099280411601683e+02
2.362988619156464551e+02 1.571682140932162781e+02 2.241929822802941601e+02
2.362817782128863371e+02 1.571849630942878377e+02 2.241760365194281519e+02
2.362646945101262475e+02 1.572017120953593974e+02 2.241590907585621437e+02
2.362476108073661294e+02 1.572184610964309570e+02 2.241421449976961355e+02
2.362305271046060398e+02 1.572352100975025166e+02 2.241251992368301273e+02
2.362134434018459217e+02 1.572519590985740763e+02 2.241082534759641476e+02
2.361963596990858036e+02 1.572687080996456359e+02 2.240913077150981394e+02
2.361792759963257140e+02 1.572854571007171955e+02 2.240743619542321312e+02
2.361621922935655959e+02 1.573022061017887552e+02 2.240574161933661230e+02
2.361451085908055063e+02 1.573189551028603148e+02 2.240404704325001148e+02
2.361280248880453883e+02 1.573357041039318744e+02 2.240235246716341067e+02
2.361109411852852986e+02 1.573524531050034341e+02 2.240065789107680985e+02
2.360938574825251806e+02 1.573692021060749937e+02 2.239896331499020903e+02
2.360767737797650909e+02 1.573859511071465533e+02 2.239726873890360821e+02
2.360596900770049729e+02 1.574027001082181130e+02 2.239557416281700739e+02
2.360596900770049729e+02 1.574027001082181130e+02 2.239557416281700739e+02
2.360431176320574878e+02 1.574392564748539485e+02 2.239569462935105548e+02
2.360265451871099742e+02 1.574758128414898124e+02 2.239581509588510357e+02
2.360099727421624891e+02 1.575123692081256763e+02 2.239593556241915167e+02
2.359934002972150040e+02 1.575489255747615118e+02 2.239605602895319976e+02
2.359768278522674905e+02 1.575854819413973473e+02 2.239617649548724785e+02
2.359602554073200054e+02 1.576220383080332113e+02 2.239629696202129594e+02
2.359436829623725203e+02 1.576585946746690752e+02 2.239641742855534403e+02
2.359271105174250351e+02 1.576951510413049107e+02 2.239653789508939212e+02
2.359105380724775216e+02 1.577317074079407462e+02 2.239665836162344306e+02
2.358939656275300365e+02 1.577682637745766101e+02 2.239677882815749115e+02
2.358773931825825514e+02 1.578048201412124740e+02 2.239689929469153924e+02
2.358608207376350379e+02 1.578413765078483095e+02 2.239701976122558733e+02
2.358442482926875527e+02 1.578779328744841450e+02 2.239714022775963542e+02
2.358276758477400676e+02 1.579144892411200090e+02 2.239726069429368351e+02
2.358111034027925541e+02 1.579510456077558729e+02 2.239738116082773161e+02
2.357945309578450690e+02 1.579876019743917084e+02 2.239750162736177970e+02
2.357945309578450690e+02 1.579876019743917084e+02 2.239750162736177970e+02
2.358097022872127297e+02 1.580282366425733755e+02 2.239731929365754581e+02
2.358248736165803905e+02 1.580688713107550427e+02 2.239713695995331477e+02
2.358400449459480512e+02 1.581095059789367099e+02 2.239695462624908089e+02
2.358552162753157120e+02 1.581501406471183486e+02 2.239677229254484701e+02
2.358703876046833443e+02 1.581907753153000158e+02 2.239658995884061312e+02
2.358855589340510051e+02 1.582314099834816830e+02 2.239640762513637924e+02
2.359007302634186658e+02 1.582720446516633501e+02 2.239622529143214820e+02
2.359159015927863265e+02 1.583126793198450173e+02 2.239604295772791431e+02
2.359310729221539873e+02 1.583533139880266845e+02 2.239586062402368043e+02
2.359462442515216480e+02 1.583939486562083516e+02 2.239567829031944939e+02
2.359614155808893088e+02 1.584345833243899904e+02 2.239549595661521550e+02
2.359765869102569695e+02 1.584752179925716575e+02 2.239531362291098162e+02
2.359917582396246303e+02 1.585158526607533247e+02 2.239513128920674774e+02
2.360069295689922910e+02 1.585564873289349919e+02 2.239494895550251385e+02
2.360221008983599518e+02 1.585971219971166590e+02 2.239476662179828281e+02
2.360372722277275841e+02 1.586377566652983262e+02 2.239458428809404893e+02
2.360524435570952448e+02 1.586783913334799649e+02 2.239440195438981505e+02
2.360676148864629056e+02 1.587190260016616321e+02 2.239421962068558400e+02
2.360827862158305663e+02 1.587596606698432993e+02 2.239403728698135012e+02
2.360979575451982271e+02 1.588002953380249664e+02 2.239385495327711624e+02
2.360979575451982271e+02 1.588002953380249664e+02 2.239385495327711624e+02
2.361206665469051984e+02 1.588121638819891643e+02 2.239294698848239307e+02
2.361433755486121697e+02 1.588240324259533622e+02 2.239203902368766705e+02
2.361660845503191695e+02 1.588359009699175317e+02 2.239113105889294388e+02
2.361887935520261408e+02 1.588477695138817296e+02 2.239022309409822071e+02
2.362115025537331121e+02 1.588596380578459275e+02 2.238931512930349470e+02
2.362342115554400834e+02 1.588715066018101254e+02 2.238840716450877153e+02
2.362569205571470832e+02 1.588833751457742949e+02 2.238749919971404836e+02
2.362796295588540545e+02 1.588952436897384928e+02 2.238659123491932235e+02
2.363023385605610258e+02 1.589071122337026907e+02 2.238568327012459918e+02
2.363250475622679971e+02 1.589189807776668886e+02 2.238477530532987601e+02
2.363477565639749685e+02 1.589308493216310865e+02 2.238386734053514999e+02
2.363704655656819682e+02 1.589427178655952559e+02 2.238295937574042682e+02
2.363931745673889395e+02 1.589545864095594538e+02 2.238205141094570365e+02
2.364158835690959108e+02 1.589664549535236517e+02 2.238114344615097764e+02
2.364385925708028822e+02 1.589783234974878496e+02 2.238023548135625447e+02
2.364613015725098819e+02 1.589901920414520191e+02 2.237932751656153130e+02
2.364840105742168532e+02 1.590020605854162170e+02 2.237841955176680528e+02
2.365067195759238246e+02 1.590139291293804149e+02 2.237751158697208211e+02
2.365294285776307959e+02 1.590257976733446128e+02 2.237660362217735894e+02
2.365521375793377672e+02 1.590376662173088107e+02 2.237569565738263293e+02
2.365748465810447669e+02 1.590495347612729802e+02 2.237478769258790976e+02
2.365975555827517383e+02 1.590614033052371781e+02 2.237387972779318659e+02
2.366202645844587096e+02 1.590732718492013760e+02 2.237297176299846058e+02
2.366429735861656809e+02 1.590851403931655739e+02 2.237206379820373741e+02
2.366656825878726806e+02 1.590970089371297433e+02 2.237115583340901424e+02
2.366883915895796520e+02 1.591088774810939412e+02 2.237024786861428822e+02
2.367111005912866233e+02 1.591207460250581391e+02 2.236933990381956505e+02
2.367111005912866233e+02 1.591207460250581391e+02 2.236933990381956505e+02
2.367379819901015878e+02 1.591347952143519251e+02 2.236826511576538792e+02
2.367648633889165524e+02 1.591488444036457111e+02 2.236719032771121363e+02
2.367917447877315169e+02 1.591628935929394970e+02 2.236611553965703649e+02
2.368186261865464530e+02 1.591769427822333114e+02 2.236504075160286220e+02
2.368455075853614176e+02 1.591909919715270973e+02 2.236396596354868507e+02
2.368723889841763821e+02 1.592050411608208833e+02 2.236289117549450793e+02
2.368992703829913467e+02 1.592190903501146693e+02 2.236181638744033364e+02
2.369261517818063112e+02 1.592331395394084552e+02 2.236074159938615651e+02
2.369530331806212757e+02 1.592471887287022412e+02 2.235966681133198222e+02
2.369799145794362403e+02 1.592612379179960271e+02 2.235859202327780508e+02
2.370067959782512048e+02 1.592752871072898131e+02 2.235751723522362795e+02
2.370336773770661409e+02 1.592893362965836275e+02 2.235644244716945366e+02
2.370605587758811055e+02 1.593033854858774134e+02 2.235536765911527652e+02
2.370874401746960700e+02 1.593174346751711994e+02 2.235429287106109939e+02
2.371143215735110346e+02 1.593314838644649853e+02 2.235321808300692510e+02
2.371412029723259991e+02 1.593455330537587713e+02 2.235214329495274796e+02
2.371680843711409636e+02 1.593595822430525573e+02 2.235106850689857367e+02
2.371949657699559282e+02 1.593736314323463432e+02 2.234999371884439654e+02
2.372218471687708927e+02 1.593876806216401292e+02 2.234891893079021941e+02
2.372487285675858288e+02 1.594017298109339436e+02 2.234784414273604511e+02
2.372756099664007934e+02 1.594157790002277295e+02 2.234676935468186798e+02
2.373024913652157579e+02 1.594298281895215155e+02 2.234569456662769369e+02
2.373293727640307225e+02 1.594438773788153014e+02 2.234461977857351656e+02
2.373293727640307225e+02 1.594438773788153014e+02 2.234461977857351656e+02
2.373725372563314977e+02 1.594365735444873735e+02 2.234215898906407460e+02
2.374157017486323014e+02 1.594292697101594740e+02 2.233969819955463265e+02
2.374588662409330766e+02 1.594219658758315461e+02 2.233723741004519070e+02
2.375020307332338803e+02 1.594146620415036182e+02 2.233477662053575159e+02
2.375451952255346555e+02 1.594073582071756903e+02 2.233231583102630964e+02
2.375883597178354307e+02 1.594000543728477908e+02 2.232985504151686769e+02
2.376315242101362344e+02 1.593927505385198629e+02 2.232739425200742573e+02
2.376746887024370096e+02 1.593854467041919349e+02 2.232493346249798378e+02
2.377178531947378133e+02 1.593781428698640070e+02 2.232247267298854183e+02
2.377610176870385885e+02 1.593708390355361075e+02 2.232001188347909988e+02
2.378041821793393638e+02 1.593635352012081796e+02 2.231755109396965793e+02
2.378473466716401674e+02 1.593562313668802517e+02 2.231509030446021882e+02
2.378905111639409427e+02 1.593489275325523238e+02 2.231262951495077687e+02
2.379336756562417179e+02 1.593416236982244243e+02 2.231016872544133491e+02
2.379768401485425215e+02 1.593343198638964964e+02 2.230770793593189296e+02
2.380200046408432968e+02 1.593270160295685685e+02 2.230524714642245101e+02
2.380631691331441004e+02 1.593197121952406405e+02 2.230278635691300906e+02
2.381063336254448757e+02 1.593124083609127410e+02 2.230032556740356711e+02
2.381494981177456509e+02 1.593051045265848131e+02 2.229786477789412515e+02
2.381926626100464546e+02 1.592978006922568852e+02 2.229540398838468604e+02
2.382358271023472298e+02 1.592904968579289573e+02 2.229294319887524409e+02
2.382789915946480335e+02 1.592831930236010578e+02 2.229048240936580214e+02
2.383221560869488087e+02 1.592758891892731299e+02 2.228802161985636019e+02
2.383221560869488087e+02 1.592758891892731299e+02 2.228802161985636019e+02
2.383360750876283305e+02 1.592594600616597518e+02 2.228700772883570096e+02
2.383499940883078523e+02 1.592430309340464021e+02 2.228599383781504173e+02
2.383639130889874025e+02 1.592266018064330240e+02 2.228497994679438250e+02
2.383778320896669243e+02 1.592101726788196459e+02 2.228396605577372611e+02
2.383917510903464461e+02 1.591937435512062677e+02 2.228295216475306688e+02
2.384056700910259678e+02 1.591773144235929180e+02 2.228193827373240765e+02
2.384195890917055181e+02 1.591608852959795399e+02 2.228092438271174842e+02
2.384335080923850398e+02 1.591444561683661618e+02 2.227991049169108919e+02
2.384474270930645616e+02 1.591280270407528121e+02 2.227889660067042996e+02
2.384613460937440834e+02 1.591115979131394340e+02 2.227788270964977073e+02
2.384752650944236052e+02 1.590951687855260559e+02 2.227686881862911150e+02
2.384891840951031554e+02 1.590787396579127062e+02 2.227585492760845511e+02
2.385031030957826772e+02 1.590623105302993281e+02 2.227484103658779588e+02
2.385170220964621990e+02 1.590458814026859500e+02 2.227382714556713665e+02
2.385309410971417208e+02 1.590294522750725719e+02 2.227281325454647742e+02
2.385448600978212426e+02 1.590130231474592222e+02 2.227179936352581819e+02
2.385587790985007928e+02 1.589965940198458441e+02 2.227078547250515896e+02
2.385726980991803146e+02 1.589801648922324659e+02 2.226977158148449973e+02
2.385866170998598363e+02 1.589637357646191163e+02 2.226875769046384335e+02
2.386005361005393581e+02 1.589473066370057381e+02 2.226774379944318412e+02
2.386144551012189083e+02 1.589308775093923600e+02 2.226672990842252489e+02
2.386283741018984301e+02 1.589144483817790103e+02 2.226571601740186566e+02
2.386422931025779519e+02 1.588980192541656322e+02 2.226470212638120643e+02
2.386562121032574737e+02 1.588815901265522541e+02 2.226368823536054720e+02
2.386701311039369955e+02 1.588651609989388760e+02 2.226267434433988797e+02
2.386840501046165457e+02 1.588487318713255263e+02 2.226166045331923158e+02
2.386979691052960675e+02 1.588323027437121482e+02 2.226064656229857235e+02
2.387118881059755893e+02 1.588158736160987701e+02 2.225963267127791312e+02
2.387258071066551111e+02 1.587994444884854204e+02 2.225861878025725389e+02
2.387397261073346328e+02 1.587830153608720423e+02 2.225760488923659466e+02
2.387536451080141831e+02 1.587665862332586642e+02 2.225659099821593543e+02
2.387675641086937048e+02 1.587501571056453145e+02 2.225557710719527620e+02
2.387814831093732266e+02 1.587337279780319363e+02 2.225456321617461697e+02
2.387954021100527484e+02 1.587172988504185582e+02 2.225354932515396058e+02
2.388093211107322986e+02 1.587008697228051801e+02 2.225253543413330135e+02
2.388232401114118204e+02 1.586844405951918304e+02 2.225152154311264212e+02
2.388371591120913422e+02 1.586680114675784523e+02 2.225050765209198289e+02
2.388371591120913422e+02 1.586680114675784523e+02 2.225050765209198289e+02
2.388755790626657927e+02 1.586659582981603194e+02 2.225051534706184100e+02
2.389139990132402147e+02 1.586639051287421864e+02 2.225052304203169911e+02
2.389524189638146652e+02 1.586618519593240535e+02 2.225053073700155721e+02
2.389908389143891156e+02 1.586597987899059206e+02 2.225053843197141532e+02
2.390292588649635661e+02 1.586577456204877876e+02 2.225054612694127627e+02
2.390676788155379882e+02 1.586556924510696547e+02 2.225055382191113438e+02
2.391060987661124386e+02 1.586536392816515217e+02 2.225056151688099249e+02
2.391445187166868891e+02 1.586515861122333888e+02 2.225056921185085059e+02
2.391829386672613111e+02 1.586495329428152559e+02 2.225057690682070870e+02
2.392213586178357616e+02 1.586474797733971229e+02 2.225058460179056681e+02
2.392597785684102121e+02 1.586454266039789900e+02 2.225059229676042492e+02
2.392981985189846625e+02 1.586433734345608570e+02 2.225059999173028302e+02
2.393366184695590846e+02 1.586413202651427241e+02 2.225060768670014113e+02
2.393750384201335351e+02 1.586392670957246196e+02 2.225061538167000208e+02
2.394134583707079855e+02 1.586372139263064867e+02 2.225062307663986019e+02
2.394518783212824076e+02 1.586351607568883537e+02 2.225063077160971829e+02
2.394902982718568580e+02 1.586331075874702208e+02 2.225063846657957640e+02
2.395287182224313085e+02 1.586310544180520878e+02 2.225064616154943451e+02
2.395671381730057590e+02 1.586290012486339549e+02 2.225065385651929262e+02
2.396055581235801810e+02 1.586269480792158220e+02 2.225066155148915072e+02
2.396439780741546315e+02 1.586248949097976890e+02 2.225066924645900883e+02
2.396823980247290820e+02 1.586228417403795561e+02 2.225067694142886694e+02
2.397208179753035040e+02 1.586207885709614231e+02 2.225068463639872505e+02
2.397592379258779545e+02 1.586187354015432902e+02 2.225069233136858600e+02
2.397976578764524049e+02 1.586166822321251573e+02 2.225070002633844410e+02
2.398360778270268554e+02 1.586146290627070243e+02 2.225070772130830221e+02
2.398744977776012774e+02 1.586125758932888914e+02 2.225071541627816032e+02
2.399129177281757279e+02 1.586105227238707585e+02 2.225072311124801843e+02
2.399129177281757279e+02 1.586105227238707585e+02 2.225072311124801843e+02
2.399455642778292486e+02 1.586216442254881827e+02 2.225191242208200606e+02
2.399782108274827976e+02 1.586327657271056353e+02 2.225310173291599369e+02
2.400108573771363183e+02 1.586438872287230595e+02 2.225429104374997848e+02
2.400435039267898389e+02 1.586550087303404837e+02 2.225548035458396612e+02
2.400761504764433880e+02 1.586661302319579363e+02 2.225666966541795375e+02
2.401087970260969087e+02 1.586772517335753605e+02 2.225785897625194139e+02
2.401414435757504293e+02 1.586883732351927847e+02 2.225904828708592902e+02
2.401740901254039784e+02 1.586994947368102373e+02 2.226023759791991381e+02
2.402067366750574990e+02 1.587106162384276615e+02 2.226142690875390144e+02
2.402393832247110481e+02 1.587217377400451142e+02 2.226261621958788908e+02
2.402720297743645688e+02 1.587328592416625384e+02 2.226380553042187671e+02
2.403046763240180894e+02 1.587439807432799626e+02 2.226499484125586434e+02
2.403373228736716385e+02 1.587551022448974152e+02 2.226618415208984914e+02
2.403699694233251591e+02 1.587662237465148394e+02 2.226737346292383677e+02
2.404026159729786798e+02 1.587773452481322636e+02 2.226856277375782440e+02
2.404352625226322289e+02 1.587884667497497162e+02 2.226975208459181204e+02
2.404679090722857495e+02 1.587995882513671404e+02 2.227094139542579683e+02
2.405005556219392702e+02 1.588107097529845646e+02 2.227213070625978446e+02
2.405332021715928192e+02 1.588218312546020172e+02 2.227332001709377209e+02
2.405658487212463399e+02 1.588329527562194414e+02 2.227450932792775973e+02
2.405984952708998605e+02 1.588440742578368656e+02 2.227569863876174736e+02
2.406311418205534096e+02 1.588551957594543182e+02 2.227688794959573215e+02
2.406637883702069303e+02 1.588663172610717425e+02 2.227807726042971979e+02
2.406964349198604509e+02 1.588774387626891667e+02 2.227926657126370742e+02
2.407290814695140000e+02 1.588885602643066193e+02 2.228045588209769505e+02
2.407617280191675206e+02 1.588996817659240435e+02 2.228164519293168269e+02
2.407943745688210697e+02 1.589108032675414961e+02 2.228283450376566748e+02
2.408270211184745904e+02 1.589219247691589203e+02 2.228402381459965511e+02
2.408596676681281110e+02 1.589330462707763445e+02 2.228521312543364274e+02
2.408923142177816601e+02 1.589441677723937971e+02 2.228640243626763038e+02
2.409249607674351807e+02 1.589552892740112213e+02 2.228759174710161801e+02
2.409576073170887014e+02 1.589664107756286455e+02 2.228878105793560280e+02
2.409902538667422505e+02 1.589775322772460981e+02 2.228997036876959044e+02
2.410229004163957711e+02 1.589886537788635223e+02 2.229115967960357807e+02
2.410229004163957711e+02 1.589886537788635223e+02 2.229115967960357807e+02
2.410447400307738803e+02 1.590018861508567625e+02 2.229220227847874298e+02
2.410665796451519896e+02 1.590151185228499742e+02 2.229324487735390790e+02
2.410884192595301272e+02 1.590283508948432143e+02 2.229428747622907281e+02
2.411102588739082364e+02 1.590415832668364260e+02 2.229533007510423772e+02
2.411320984882863456e+02 1.590548156388296661e+02 2.229637267397940263e+02
2.411539381026644548e+02 1.590680480108228778e+02 2.229741527285456755e+02
2.411757777170425641e+02 1.590812803828161179e+02 2.229845787172973246e+02
2.411976173314207017e+02 1.590945127548093581e+02 2.229950047060489737e+02
2.412194569457988109e+02 1.591077451268025698e+02 2.230054306948006229e+02
2.412412965601769201e+02 1.591209774987958099e+02 2.230158566835522720e+02
2.412631361745550294e+02 1.591342098707890216e+02 2.230262826723039211e+02
2.412849757889331386e+02 1.591474422427822617e+02 2.230367086610555702e+02
2.413068154033112762e+02 1.591606746147754734e+02 2.230471346498072194e+02
2.413286550176893854e+02 1.591739069867687135e+02 2.230575606385588685e+02
2.413504946320674946e+02 1.591871393587619536e+02 2.230679866273105176e+02
2.413723342464456039e+02 1.592003717307551653e+02 2.230784126160621668e+02
2.413941738608237131e+02 1.592136041027484055e+02 2.230888386048138159e+02
2.414160134752018507e+02 1.592268364747416172e+02 2.230992645935654650e+02
2.414378530895799599e+02 1.592400688467348573e+02 2.231096905823171141e+02
2.414596927039580692e+02 1.592533012187280974e+02 2.231201165710687633e+02
2.414815323183361784e+02 1.592665335907213091e+02 2.231305425598204408e+02
2.415033719327142876e+02 1.592797659627145492e+02 2.231409685485720900e+02
2.415252115470924252e+02 1.592929983347077609e+02 2.231513945373237391e+02
2.415470511614705345e+02 1.593062307067010011e+02 2.231618205260753882e+02
2.415688907758486437e+02 1.593194630786942128e+02 2.231722465148270373e+02
2.415907303902267529e+02 1.593326954506874529e+02 2.231826725035786865e+02
2.416125700046048621e+02 1.593459278226806930e+02 2.231930984923303356e+02
2.416344096189829997e+02 1.593591601946739047e+02 2.232035244810819847e+02
2.416562492333611090e+02 1.593723925666671448e+02 2.232139504698336339e+02
2.416780888477392182e+02 1.593856249386603565e+02 2.232243764585852830e+02
2.416999284621173274e+02 1.593988573106535966e+02 2.232348024473369321e+02
2.417217680764954366e+02 1.594120896826468083e+02 2.232452284360885812e+02
2.417436076908735743e+02 1.594253220546400485e+02 2.232556544248402304e+02
2.417654473052516835e+02 1.594385544266332886e+02 2.232660804135918795e+02
2.417872869196297927e+02 1.594517867986265003e+02 2.232765064023435286e+02
2.418091265340079019e+02 1.594650191706197404e+02 2.232869323910951778e+02
2.418309661483860111e+02 1.594782515426129521e+02 2.232973583798468269e+02
2.418528057627641488e+02 1.594914839146061922e+02 2.233077843685984760e+02
2.418746453771422580e+02 1.595047162865994039e+02 2.233182103573501252e+02
2.418964849915203672e+02 1.595179486585926441e+02 2.233286363461017743e+02
2.418964849915203672e+02 1.595179486585926441e+02 2.233286363461017743e+02
2.418994425631912009e+02 1.595317215540614200e+02 2.233478181647845702e+02
2.419024001348620629e+02 1.595454944495301959e+02 2.233669999834673945e+02
2.419053577065328966e+02 1.595592673449990002e+02 2.233861818021501904e+02
2.419083152782037587e+02 1.595730402404677761e+02 2.234053636208329863e+02
2.419112728498745923e+02 1.595868131359365520e+02 2.234245454395158106e+02
2.419142304215454544e+02 1.596005860314053280e+02 2.234437272581986065e+02
2.419171879932162881e+02 1.596143589268741039e+02 2.234629090768814308e+02
2.419201455648871502e+02 1.596281318223429082e+02 2.234820908955642267e+02
2.419231031365579838e+02 1.596419047178116841e+02 2.235012727142470226e+02
2.419260607082288459e+02 1.596556776132804600e+02 2.235204545329298469e+02
2.419290182798996796e+02 1.596694505087492360e+02 2.235396363516126428e+02
2.419319758515705132e+02 1.596832234042180119e+02 2.235588181702954387e+02
2.419349334232413753e+02 1.596969962996868162e+02 2.235779999889782630e+02
2.419378909949122090e+02 1.597107691951555921e+02 2.235971818076610589e+02
2.419408485665830710e+02 1.597245420906243680e+02 2.236163636263438832e+02
2.419438061382539047e+02 1.597383149860931439e+02 2.236355454450266791e+02
2.419467637099247668e+02 1.597520878815619199e+02 2.236547272637094750e+02
2.419497212815956004e+02 1.597658607770307242e+02 2.236739090823922993e+02
2.419526788532664625e+02 1.597796336724995001e+02 2.236930909010750952e+02
2.419556364249372962e+02 1.597934065679682760e+02 2.237122727197578911e+02
2.419585939966081582e+02 1.598071794634370519e+02 2.237314545384407154e+02
2.419615515682789919e+02 1.598209523589058279e+02 2.237506363571235113e+02
2.419645091399498540e+02 1.598347252543746322e+02 2.237698181758063356e+02
2.419674667116206876e+02 1.598484981498434081e+02 2.237889999944891315e+02
2.419704242832915213e+02 1.598622710453121840e+02 2.238081818131719274e+02
2.419733818549623834e+02 1.598760439407809599e+02 2.238273636318547517e+02
2.419763394266332170e+02 1.598898168362497358e+02 2.238465454505375476e+02
2.419792969983040791e+02 1.599035897317185402e+02 2.238657272692203435e+02
2.419822545699749128e+02 1.599173626271873161e+02 2.238849090879031678e+02
2.419852121416457749e+02 1.599311355226560920e+02 2.239040909065859637e+02
2.419881697133166085e+02 1.599449084181248679e+02 2.239232727252687880e+02
2.419911272849874706e+02 1.599586813135936438e+02 2.239424545439515839e+02
2.419940848566583043e+02 1.599724542090624482e+02 2.239616363626343798e+02
2.419970424283291663e+02 1.599862271045312241e+02 2.239808181813172041e+02
2.420000000000000000e+02 1.600000000000000000e+02 2.240000000000000000e+02
2.420000000000000000e+02 1.600000000000000000e+02 2.240000000000000000e+02
2.420000000000000000e+02 1.600000000000000000e+02 2.240000000000000000e+02
2.420000000000000000e+02 1.600000000000000000e+02 2.240000000000000000e+02
2.420000000000000000e+02 1.600000000000000000e+02 2.240000000000000000e+02
2.420000000000000000e+02 1.600000000000000000e+02 2.240000000000000000e+02
2.420000000000000000e+02 1.600000000000000000e+02 2.240000000000000000e+02
2.420000000000000000e+02 1.600000000000000000e+02 2.240000000000000000e+02
2.420000000000000000e+02 1.600000000000000000e+02 2.240000000000000000e+02
2.420000000000000000e+02 1.600000000000000000e+02 2.240000000000000000e+02
2.420000000000000000e+02 1.600000000000000000e+02 2.240000000000000000e+02
2.420000000000000000e+02 1.600000000000000000e+02 2.240000000000000000e+02
2.420000000000000000e+02 1.600000000000000000e+02 2.240000000000000000e+02
2.420000000000000000e+02 1.600000000000000000e+02 2.240000000000000000e+02
2.420000000000000000e+02 1.600000000000000000e+02 2.240000000000000000e+02
2.420000000000000000e+02 1.600000000000000000e+02 2.240000000000000000e+02
2.420000000000000000e+02 1.600000000000000000e+02 2.240000000000000000e+02
2.420000000000000000e+02 1.600000000000000000e+02 2.240000000000000000e+02
2.420000000000000000e+02 1.600000000000000000e+02 2.240000000000000000e+02
2.420000000000000000e+02 1.600000000000000000e+02 2.240000000000000000e+02
2.420000000000000000e+02 1.600000000000000000e+02 2.240000000000000000e+02
2.420000000000000000e+02 1.600000000000000000e+02 2.240000000000000000e+02
2.420000000000000000e+02 1.600000000000000000e+02 2.240000000000000000e+02
2.420000000000000000e+02 1.600000000000000000e+02 2.240000000000000000e+02
2.420000000000000000e+02 1.600000000000000000e+02 2.240000000000000000e+02
2.420000000000000000e+02 1.600000000000000000e+02 2.240000000000000000e+02
2.420000000000000000e+02 1.600000000000000000e+02 2.240000000000000000e+02
2.420000000000000000e+02 1.600000000000000000e+02 2.240000000000000000e+02
2.420000000000000000e+02 1.600000000000000000e+02 2.240000000000000000e+02
2.420142529209197448e+02 1.600135152587003802e+02 2.240253090898348773e+02
2.420285058418394897e+02 1.600270305174007888e+02 2.240506181796697547e+02
2.420427587627592345e+02 1.600405457761011689e+02 2.240759272695046320e+02
2.420570116836789794e+02 1.600540610348015491e+02 2.241012363593394809e+02
2.420712646045987242e+02 1.600675762935019293e+02 2.241265454491743583e+02
2.420855175255184690e+02 1.600810915522023379e+02 2.241518545390092356e+02
2.420997704464382139e+02 1.600946068109027181e+02 2.241771636288441130e+02
2.421140233673579587e+02 1.601081220696030982e+02 2.242024727186789903e+02
2.421282762882777035e+02 1.601216373283034784e+02 2.242277818085138676e+02
2.421425292091974484e+02 1.601351525870038870e+02 2.242530908983487166e+02
2.421567821301171932e+02 1.601486678457042672e+02 2.242783999881835939e+02
2.421710350510369381e+02 1.601621831044046473e+02 2.243037090780184712e+02
2.421852879719566829e+02 1.601756983631050275e+02 2.243290181678533486e+02
2.421995408928764277e+02 1.601892136218054361e+02 2.243543272576882259e+02
2.422137938137961726e+02 1.602027288805058163e+02 2.243796363475231033e+02
2.422280467347159174e+02 1.602162441392061965e+02 2.244049454373579806e+02
2.422422996556356622e+02 1.602297593979066050e+02 2.244302545271928295e+02
2.422565525765554071e+02 1.602432746566069852e+02 2.244555636170277069e+02
2.422708054974751519e+02 1.602567899153073654e+02 2.244808727068625842e+02
2.422850584183948968e+02 1.602703051740077456e+02 2.245061817966974616e+02
2.422993113393146416e+02 1.602838204327081542e+02 2.245314908865323389e+02
2.423135642602343864e+02 1.602973356914085343e+02 2.245567999763672162e+02
2.423278171811541313e+02 1.603108509501089145e+02 2.245821090662020652e+02
2.423420701020738761e+02 1.603243662088092947e+02 2.246074181560369425e+02
2.423563230229936210e+02 1.603378814675097033e+02 2.246327272458718198e+02
2.423705759439133658e+02 1.603513967262100834e+02 2.246580363357066972e+02
2.423705759439133658e+02 1.603513967262100834e+02 2.246580363357066972e+02
2.423864409045103514e+02 1.603691496446449776e+02 2.246786194476187006e+02
2.424023058651073654e+02 1.603869025630798717e+02 2.246992025595307325e+02
2.424181708257043510e+02 1.604046554815147658e+02 2.247197856714427360e+02
2.424340357863013651e+02 1.604224083999496600e+02 2.247403687833547394e+02
2.424499007468983507e+02 1.604401613183845541e+02 2.247609518952667429e+02
2.424657657074953363e+02 1.604579142368194482e+02 2.247815350071787748e+02
2.424816306680923503e+02 1.604756671552543423e+02 2.248021181190907782e+02
2.424974956286893359e+02 1.604934200736892365e+02 2.248227012310027817e+02
2.425133605892863500e+02 1.605111729921241306e+02 2.248432843429148136e+02
2.425292255498833356e+02 1.605289259105590247e+02 2.248638674548268170e+02
2.425450905104803496e+02 1.605466788289939188e+02 2.248844505667388205e+02
2.425609554710773352e+02 1.605644317474287845e+02 2.249050336786508524e+02
2.425768204316743208e+02 1.605821846658636787e+02 2.249256167905628558e+02
2.425926853922713349e+02 1.605999375842985728e+02 2.249461999024748593e+02
2.426085503528683205e+02 1.606176905027334669e+02 2.249667830143868628e+02
2.426244153134653345e+02 1.606354434211683611e+02 2.249873661262988946e+02
2.426402802740623201e+02 1.606531963396032552e+02 2.250079492382108981e+02
2.426561452346593342e+02 1.606709492580381493e+02 2.250285323501229016e+02
2.426720101952563198e+02 1.606887021764730434e+02 2.250491154620349334e+02
2.426878751558533054e+02 1.607064550949079376e+02 2.250696985739469369e+02
2.427037401164503194e+02 1.607242080133428317e+02 2.250902816858589404e+02
2.427196050770473050e+02 1.607419609317777258e+02 2.251108647977709438e+02
2.427354700376443191e+02 1.607597138502126199e+02 2.251314479096829757e+02
2.427513349982413047e+02 1.607774667686475141e+02 2.251520310215949792e+02
2.427513349982413047e+02 1.607774667686475141e+02 2.251520310215949792e+02
2.427762149406952119e+02 1.607979275743347216e+02 2.251518377420961770e+02
2.428010948831491191e+02 1.608183883800219292e+02 2.251516444625973463e+02
2.428259748256030264e+02 1.608388491857091367e+02 2.251514511830985441e+02
2.428508547680569336e+02 1.608593099913963442e+02 2.251512579035997135e+02
2.428757347105108124e+02 1.608797707970835518e+02 2.251510646241009113e+02
2.429006146529647197e+02 1.609002316027707877e+02 2.251508713446020806e+02
2.429254945954186269e+02 1.609206924084579953e+02 2.251506780651032784e+02
2.429503745378725341e+02 1.609411532141452028e+02 2.251504847856044478e+02
2.429752544803264414e+02 1.609616140198324103e+02 2.251502915061056456e+02
2.430001344227803486e+02 1.609820748255196179e+02 2.251500982266068149e+02
2.430250143652342558e+02 1.610025356312068254e+02 2.251499049471080127e+02
2.430498943076881631e+02 1.610229964368940330e+02 2.251497116676092105e+02
2.430747742501420703e+02 1.610434572425812405e+02 2.251495183881103799e+02
2.430996541925959775e+02 1.610639180482684480e+02 2.251493251086115777e+02
2.431245341350498848e+02 1.610843788539556840e+02 2.251491318291127470e+02
2.431494140775037636e+02 1.611048396596428915e+02 2.251489385496139448e+02
2.431742940199576708e+02 1.611253004653300991e+02 2.251487452701151142e+02
2.431991739624115780e+02 1.611457612710173066e+02 2.251485519906163120e+02
2.432240539048654853e+02 1.611662220767045142e+02 2.251483587111174813e+02
2.432489338473193925e+02 1.611866828823917217e+02 2.251481654316186791e+02
2.432489338473193925e+02 1.611866828823917217e+02 2.251481654316186791e+02
2.432738137897732997e+02 1.612071436880789292e+02 2.251479721521198769e+02
2.432986937322272070e+02 1.612276044937661368e+02 2.251477788726210463e+02
2.433235736746811142e+02 1.612480652994533443e+02 2.251475855931222441e+02
2.433484536171350214e+02 1.612685261051405519e+02 2.251473923136234134e+02
2.433733335595889002e+02 1.612889869108277594e+02 2.251471990341246112e+02
2.433982135020428075e+02 1.613094477165149954e+02 2.251470057546257806e+02
2.434230934444967147e+02 1.613299085222022029e+02 2.251468124751269784e+02
2.434479733869506219e+02 1.613503693278894104e+02 2.251466191956281477e+02
2.434728533294045292e+02 1.613708301335766180e+02 2.251464259161293455e+02
2.434977332718584364e+02 1.613912909392638255e+02 2.251462326366305433e+02
2.435226132143123436e+02 1.614117517449510331e+02 2.251460393571317127e+02
2.435474931567662509e+02 1.614322125506382406e+02 2.251458460776329105e+02
2.435723730992201581e+02 1.614526733563254481e+02 2.251456527981340798e+02
2.435972530416740653e+02 1.614731341620126557e+02 2.251454595186352776e+02
2.436221329841279726e+02 1.614935949676998916e+02 2.251452662391364470e+02
2.436470129265818514e+02 1.615140557733870992e+02 2.251450729596376448e+02
2.436718928690357586e+02 1.615345165790743067e+02 2.251448796801388141e+02
2.436967728114896659e+02 1.615549773847615143e+02 2.251446864006400119e+02
2.437216527539435731e+02 1.615754381904487218e+02 2.251444931211411813e+02
2.437465326963974803e+02 1.615958989961359293e+02 2.251442998416423791e+02
2.437465326963974803e+02 1.615958989961359293e+02 2.251442998416423791e+02
2.437723929997019923e+02 1.616138036669139524e+02 2.251484238130661879e+02
2.437982533030065042e+02 1.616317083376919754e+02 2.251525477844899683e+02
2.438241136063110162e+02 1.616496130084699985e+02 2.251566717559137771e+02
2.438499739096155281e+02 1.616675176792480215e+02 2.251607957273375575e+02
2.438758342129200400e+02 1.616854223500260446e+02 2.251649196987613664e+02
2.439016945162245520e+02 1.617033270208040676e+02 2.251690436701851468e+02
2.439275548195290639e+02 1.617212316915820907e+02 2.251731676416089556e+02
2.439534151228336043e+02 1.617391363623601137e+02 2.251772916130327360e+02
2.439792754261381162e+02 1.617570410331381368e+02 2.251814155844565448e+02
2.440051357294426282e+02 1.617749457039161598e+02 2.251855395558803252e+02
2.440309960327471401e+02 1.617928503746941828e+02 2.251896635273041340e+02
2.440568563360516521e+02 1.618107550454722059e+02 2.251937874987279145e+02
2.440827166393561640e+02 1.618286597162502289e+02 2.251979114701517233e+02
2.441085769426606760e+02 1.618465643870282520e+02 2.252020354415755037e+02
2.441344372459651879e+02 1.618644690578062750e+02 2.252061594129993125e+02
2.441602975492696999e+02 1.618823737285842981e+02 2.252102833844230929e+02
2.441861578525742118e+02 1.619002783993623211e+02 2.252144073558469017e+02
2.442120181558787237e+02 1.619181830701403442e+02 2.252185313272706821e+02
2.442378784591832357e+02 1.619360877409183672e+02 2.252226552986944910e+02
2.442637387624877476e+02 1.619539924116963903e+02 2.252267792701182714e+02
2.442895990657922596e+02 1.619718970824744133e+02 2.252309032415420802e+02
2.443154593690967715e+02 1.619898017532524364e+02 2.252350272129658606e+02
2.443413196724012835e+02 1.620077064240304594e+02 2.252391511843896694e+02
2.443671799757058238e+02 1.620256110948084824e+02 2.252432751558134498e+02
2.443930402790103358e+02 1.620435157655865055e+02 2.252473991272372587e+02
2.444189005823148477e+02 1.620614204363645285e+02 2.252515230986610391e+02
2.444447608856193597e+02 1.620793251071425516e+02 2.252556470700848479e+02
2.444706211889238716e+02 1.620972297779205746e+02 2.252597710415086283e+02
2.444964814922283836e+02 1.621151344486985977e+02 2.252638950129324371e+02
2.445223417955328955e+02 1.621330391194766207e+02 2.252680189843562175e+02
2.445482020988374074e+02 1.621509437902546438e+02 2.252721429557800263e+02
2.445482020988374074e+02 1.621509437902546438e+02 2.252721429557800263e+02
2.445801924197803316e+02 1.621505579742872101e+02 2.252698979634761827e+02
2.446121827407232558e+02 1.621501721583197764e+02 2.252676529711723390e+02
2.446441730616661800e+02 1.621497863423523427e+02 2.252654079788684953e+02
2.446761633826091042e+02 1.621494005263849090e+02 2.252631629865646232e+02
2.447081537035520284e+02 1.621490147104174753e+02 2.252609179942607796e+02
2.447401440244949526e+02 1.621486288944500416e+02 2.252586730019569359e+02
2.447721343454378768e+02 1.621482430784825794e+02 2.252564280096530922e+02
2.448041246663808010e+02 1.621478572625151457e+02 2.252541830173492485e+02
2.448361149873237252e+02 1.621474714465477120e+02 2.252519380250454049e+02
2.448681053082666494e+02 1.621470856305802783e+02 2.252496930327415328e+02
2.449000956292095736e+02 1.621466998146128446e+02 2.252474480404376891e+02
2.449320859501524978e+02 1.621463139986454109e+02 2.252452030481338454e+02
2.449640762710953936e+02 1.621459281826779772e+02 2.252429580558300017e+02
2.449960665920383178e+02 1.621455423667105435e+02 2.252407130635261581e+02
2.450280569129812420e+02 1.621451565507431098e+02 2.252384680712223144e+02
2.450600472339241662e+02 1.621447707347756761e+02 2.252362230789184423e+02
2.450920375548670904e+02 1.621443849188082424e+02 2.252339780866145986e+02
2.451240278758100146e+02 1.621439991028408087e+02 2.252317330943107550e+02
2.451560181967529388e+02 1.621436132868733466e+02 2.252294881020069113e+02
2.451880085176958630e+02 1.621432274709059129e+02 2.252272431097030676e+02
2.452199988386387872e+02 1.621428416549384792e+02 2.252249981173992239e+02
2.452519891595817114e+02 1.621424558389710455e+02 2.252227531250953518e+02
2.452839794805246356e+02 1.621420700230036118e+02 2.252205081327915082e+02
2.453159698014675598e+02 1.621416842070361781e+02 2.252182631404876645e+02
2.453479601224104840e+02 1.621412983910687444e+02 2.252160181481838208e+02
2.453479601224104840e+02 1.621412983910687444e+02 2.252160181481838208e+02
2.453720774761649182e+02 1.621530175549180512e+02 2.251992594103415684e+02
2.453961948299193239e+02 1.621647367187673581e+02 2.251825006724993443e+02
2.454203121836737580e+02 1.621764558826166933e+02 2.251657419346570919e+02
2.454444295374281637e+02 1.621881750464660001e+02 2.251489831968148394e+02
2.454685468911825978e+02 1.621998942103153070e+02 2.251322244589726154e+02
2.454926642449370320e+02 1.622116133741646138e+02 2.251154657211303629e+02
2.455167815986914377e+02 1.622233325380139206e+02 2.250987069832881389e+02
2.455408989524458718e+02 1.622350517018632559e+02 2.250819482454458864e+02
2.455650163062002775e+02 1.622467708657125627e+02 2.250651895076036340e+02
2.455891336599547117e+02 1.622584900295618695e+02 2.250484307697614099e+02
2.456132510137091458e+02 1.622702091934111763e+02 2.250316720319191575e+02
2.456373683674635515e+02 1.622819283572604832e+02 2.250149132940769050e+02
2.456614857212179857e+02 1.622936475211098184e+02 2.249981545562346810e+02
2.456856030749723914e+02 1.623053666849591252e+02 2.249813958183924285e+02
2.457097204287268255e+02 1.623170858488084320e+02 2.249646370805501761e+02
2.457338377824812596e+02 1.623288050126577389e+02 2.249478783427079520e+02
2.457579551362356653e+02 1.623405241765070457e+02 2.249311196048656996e+02
2.457820724899900995e+02 1.623522433403563809e+02 2.249143608670234755e+02
2.458061898437445052e+02 1.623639625042056878e+02 2.248976021291812231e+02
2.458303071974989393e+02 1.623756816680549946e+02 2.248808433913389706e+02
2.458544245512533735e+02 1.623874008319043014e+02 2.248640846534967466e+02
2.458785419050077792e+02 1.623991199957536082e+02 2.248473259156544941e+02
2.459026592587622133e+02 1.624108391596029435e+02 2.248305671778122417e+02
2.459267766125166190e+02 1.624225583234522503e+02 2.248138084399700176e+02
2.459508939662710532e+02 1.624342774873015571e+02 2.247970497021277652e+02
2.459750113200254873e+02 1.624459966511508640e+02 2.247802909642855411e+02
2.459991286737798930e+02 1.624577158150001708e+02 2.247635322264432887e+02
2.460232460275343271e+02 1.624694349788495060e+02 2.247467734886010362e+02
2.460473633812887329e+02 1.624811541426988128e+02 2.247300147507588122e+02
2.460714807350431670e+02 1.624928733065481197e+02 2.247132560129165597e+02
2.460714807350431670e+02 1.624928733065481197e+02 2.247132560129165597e+02
2.460878281457802927e+02 1.625081448731099272e+02 2.246901793832097667e+02
2.461041755565174185e+02 1.625234164396717347e+02 2.246671027535029737e+02
2.461205229672545443e+02 1.625386880062335422e+02 2.246440261237961806e+02
2.461368703779916700e+02 1.625539595727953213e+02 2.246209494940893876e+02
2.461532177887287958e+02 1.625692311393571288e+02 2.245978728643825946e+02
2.461695651994659215e+02 1.625845027059189363e+02 2.245747962346758015e+02
2.461859126102030473e+02 1.625997742724807438e+02 2.245517196049690085e+02
2.462022600209401730e+02 1.626150458390425513e+02 2.245286429752622155e+02
2.462186074316772988e+02 1.626303174056043588e+02 2.245055663455554225e+02
2.462349548424144245e+02 1.626455889721661663e+02 2.244824897158486294e+02
2.462513022531515787e+02 1.626608605387279454e+02 2.244594130861418648e+02
2.462676496638887045e+02 1.626761321052897529e+02 2.244363364564350718e+02
2.462839970746258302e+02 1.626914036718515604e+02 2.244132598267282788e+02
2.463003444853629560e+02 1.627066752384133679e+02 2.243901831970214857e+02
2.463166918961000817e+02 1.627219468049751754e+02 2.243671065673146927e+02
2.463330393068372075e+02 1.627372183715369829e+02 2.243440299376078997e+02
2.463493867175743333e+02 1.627524899380987904e+02 2.243209533079011067e+02
2.463657341283114590e+02 1.627677615046605695e+02 2.242978766781943136e+02
2.463820815390485848e+02 1.627830330712223770e+02 2.242748000484875206e+02
2.463984289497857105e+02 1.627983046377841845e+02 2.242517234187807276e+02
2.464147763605228363e+02 1.628135762043459920e+02 2.242286467890739345e+02
2.464147763605228363e+02 1.628135762043459920e+02 2.242286467890739345e+02
2.464403065908743429e+02 1.628324718744122492e+02 2.242212778722047801e+02
2.464658368212258779e+02 1.628513675444785065e+02 2.242139089553355973e+02
2.464913670515773845e+02 1.628702632145447637e+02 2.242065400384664429e+02
2.465168972819289195e+02 1.628891588846110210e+02 2.241991711215972884e+02
2.465424275122804261e+02 1.629080545546772782e+02 2.241918022047281056e+02
2.465679577426319611e+02 1.629269502247435355e+02 2.241844332878589512e+02
2.465934879729834677e+02 1.629458458948097928e+02 2.241770643709897968e+02
2.466190182033349743e+02 1.629647415648760216e+02 2.241696954541206424e+02
2.466445484336865093e+02 1.629836372349422788e+02 2.241623265372514595e+02
2.466700786640380159e+02 1.630025329050085361e+02 2.241549576203823051e+02
2.466956088943895509e+02 1.630214285750747933e+02 2.241475887035131507e+02
2.467211391247410575e+02 1.630403242451410506e+02 2.241402197866439678e+02
2.467466693550925925e+02 1.630592199152073078e+02 2.241328508697748134e+02
2.467721995854440991e+02 1.630781155852735651e+02 2.241254819529056590e+02
2.467977298157956341e+02 1.630970112553398224e+02 2.241181130360364762e+02
2.468232600461471407e+02 1.631159069254060796e+02 2.241107441191673217e+02
2.468232600461471407e+02 1.631159069254060796e+02 2.241107441191673217e+02
2.468491228581365249e+02 1.631350487488682290e+02 2.241032792076123314e+02
2.468749856701259091e+02 1.631541905723304069e+02 2.240958142960573412e+02
2.469008484821152933e+02 1.631733323957925563e+02 2.240883493845023509e+02
2.469267112941046776e+02 1.631924742192547058e+02 2.240808844729473606e+02
2.469525741060940618e+02 1.632116160427168836e+02 2.240734195613923703e+02
2.469784369180834460e+02 1.632307578661790330e+02 2.240659546498373800e+02
2.470042997300728302e+02 1.632498996896411825e+02 2.240584897382823897e+02
2.470301625420622145e+02 1.632690415131033603e+02 2.240510248267273994e+02
2.470560253540515987e+02 1.632881833365655098e+02 2.240435599151724091e+02
2.470818881660410113e+02 1.633073251600276592e+02 2.240360950036174472e+02
2.471077509780303956e+02 1.633264669834898086e+02 2.240286300920624569e+02
2.471336137900197798e+02 1.633456088069519865e+02 2.240211651805074666e+02
2.471594766020091640e+02 1.633647506304141359e+02 2.240137002689524763e+02
2.471853394139985483e+02 1.633838924538762853e+02 2.240062353573974860e+02
2.472112022259879325e+02 1.634030342773384632e+02 2.239987704458424957e+02
2.472370650379773167e+02 1.634221761008006126e+02 2.239913055342875055e+02
2.472629278499667009e+02 1.634413179242627621e+02 2.239838406227325152e+02
2.472887906619560852e+02 1.634604597477249399e+02 2.239763757111775249e+02
2.473146534739454694e+02 1.634796015711870893e+02 2.239689107996225346e+02
2.473146534739454694e+02 1.634796015711870893e+02 2.239689107996225346e+02
2.473470849452518223e+02 1.634792104347711756e+02 2.239666348486055085e+02
2.473795164165582037e+02 1.634788192983552619e+02 2.239643588975884825e+02
2.474119478878645566e+02 1.634784281619393482e+02 2.239620829465714280e+02
2.474443793591709095e+02 1.634780370255234629e+02 2.239598069955544020e+02
2.474768108304772909e+02 1.634776458891075492e+02 2.239575310445373759e+02
2.475092423017836438e+02 1.634772547526916355e+02 2.239552550935203499e+02
2.475416737730899968e+02 1.634768636162757218e+02 2.239529791425032954e+02
2.475741052443963781e+02 1.634764724798598081e+02 2.239507031914862694e+02
2.476065367157027310e+02 1.634760813434438944e+02 2.239484272404692433e+02
2.476389681870090840e+02 1.634756902070279807e+02 2.239461512894522173e+02
2.476713996583154653e+02 1.634752990706120954e+02 2.239438753384351628e+02
2.477038311296218183e+02 1.634749079341961817e+02 2.239415993874181368e+02
2.477362626009281712e+02 1.634745167977802680e+02 2.239393234364011107e+02
2.477686940722345241e+02 1.634741256613643543e+02 2.239370474853840847e+02
2.478011255435409055e+02 1.634737345249484406e+02 2.239347715343670586e+02
2.478335570148472584e+02 1.634733433885325269e+02 2.239324955833500042e+02
2.478659884861536113e+02 1.634729522521166132e+02 2.239302196323329781e+02
2.478984199574599927e+02 1.634725611157006995e+02 2.239279436813159521e+02
2.479308514287663456e+02 1.634721699792848142e+02 2.239256677302989260e+02
2.479632829000726986e+02 1.634717788428689005e+02 2.239233917792818715e+02
2.479957143713790799e+02 1.634713877064529868e+02 2.239211158282648455e+02
2.480281458426854329e+02 1.634709965700370731e+02 2.239188398772478195e+02
2.480281458426854329e+02 1.634709965700370731e+02 2.239188398772478195e+02
2.480526472231382513e+02 1.634829023410841273e+02 2.239018142858018052e+02
2.480771486035910414e+02 1.634948081121311532e+02 2.238847886943558194e+02
2.481016499840438598e+02 1.635067138831782074e+02 2.238677631029098052e+02
2.481261513644966499e+02 1.635186196542252617e+02 2.238507375114637910e+02
2.481506527449494683e+02 1.635305254252722875e+02 2.238337119200178051e+02
2.481751541254022584e+02 1.635424311963193418e+02 2.238166863285717909e+02
2.481996555058550769e+02 1.635543369673663960e+02 2.237996607371257767e+02
2.482241568863078669e+02 1.635662427384134503e+02 2.237826351456797624e+02
2.482486582667606854e+02 1.635781485094604761e+02 2.237656095542337766e+02
2.482731596472134754e+02 1.635900542805075304e+02 2.237485839627877624e+02
2.482976610276662939e+02 1.636019600515545847e+02 2.237315583713417482e+02
2.483221624081190839e+02 1.636138658226016105e+02 2.237145327798957624e+02
2.483466637885719024e+02 1.636257715936486647e+02 2.236975071884497481e+02
2.483711651690246924e+02 1.636376773646957190e+02 2.236804815970037339e+02
2.483956665494775109e+02 1.636495831357427448e+02 2.236634560055577481e+02
2.484201679299303009e+02 1.636614889067897991e+02 2.236464304141117339e+02
2.484446693103831194e+02 1.636733946778368534e+02 2.236294048226657196e+02
2.484691706908359095e+02 1.636853004488839076e+02 2.236123792312197054e+02
2.484936720712887279e+02 1.636972062199309335e+02 2.235953536397737196e+02
2.485181734517415180e+02 1.637091119909779877e+02 2.235783280483277053e+02
2.485426748321943364e+02 1.637210177620250420e+02 2.235613024568816911e+02
2.485671762126471265e+02 1.637329235330720678e+02 2.235442768654357053e+02
2.485916775930999449e+02 1.637448293041191221e+02 2.235272512739896911e+02
2.485916775930999449e+02 1.637448293041191221e+02 2.235272512739896911e+02
2.486212507269887624e+02 1.637454064434359680e+02 2.235133237496264087e+02
2.486508238608775798e+02 1.637459835827528138e+02 2.234993962252630979e+02
2.486803969947663973e+02 1.637465607220696882e+02 2.234854687008998155e+02
2.487099701286552147e+02 1.637471378613865340e+02 2.234715411765365047e+02
2.487395432625440037e+02 1.637477150007033799e+02 2.234576136521732224e+02
2.487691163964328211e+02 1.637482921400202258e+02 2.234436861278099400e+02
2.487986895303216386e+02 1.637488692793370717e+02 2.234297586034466292e+02
2.488282626642104560e+02 1.637494464186539176e+02 2.234158310790833468e+02
2.488578357980992735e+02 1.637500235579707919e+02 2.234019035547200360e+02
2.488874089319880909e+02 1.637506006972876378e+02 2.233879760303567537e+02
2.489169820658769083e+02 1.637511778366044837e+02 2.233740485059934429e+02
2.489465551997657258e+02 1.637517549759213296e+02 2.233601209816301605e+02
2.489761283336545148e+02 1.637523321152381754e+02 2.233461934572668781e+02
2.490057014675433322e+02 1.637529092545550213e+02 2.233322659329035673e+02
2.490352746014321497e+02 1.637534863938718956e+02 2.233183384085402849e+02
2.490648477353209671e+02 1.637540635331887415e+02 2.233044108841769742e+02
2.490944208692097845e+02 1.637546406725055874e+02 2.232904833598136918e+02
2.490944208692097845e+02 1.637546406725055874e+02 2.232904833598136918e+02
2.491161232175540476e+02 1.637779921512269823e+02 2.232929775363838019e+02
2.491378255658983107e+02 1.638013436299483772e+02 2.232954717129539119e+02
2.491595279142425454e+02 1.638246951086697436e+02 2.232979658895240220e+02
2.491812302625868085e+02 1.638480465873911385e+02 2.233004600660941321e+02
2.492029326109310716e+02 1.638713980661125333e+02 2.233029542426642138e+02
2.492246349592753347e+02 1.638947495448339282e+02 2.233054484192343239e+02
2.492463373076195694e+02 1.639181010235553231e+02 2.233079425958044339e+02
2.492680396559638325e+02 1.639414525022767180e+02 2.233104367723745440e+02
2.492897420043080956e+02 1.639648039809980844e+02 2.233129309489446541e+02
2.493114443526523587e+02 1.639881554597194793e+02 2.233154251255147642e+02
2.493331467009965934e+02 1.640115069384408741e+02 2.233179193020848743e+02
2.493548490493408565e+02 1.640348584171622690e+02 2.233204134786549844e+02
2.493765513976851196e+02 1.640582098958836639e+02 2.233229076552250660e+02
2.493982537460293827e+02 1.640815613746050587e+02 2.233254018317951761e+02
2.494199560943736174e+02 1.641049128533264252e+02 2.233278960083652862e+02
2.494416584427178805e+02 1.641282643320478201e+02 2.233303901849353963e+02
2.494633607910621436e+02 1.641516158107692149e+02 2.233328843615055064e+02
2.494633607910621436e+02 1.641516158107692149e+02 2.233328843615055064e+02
2.494805990760530392e+02 1.641677196220016697e+02 2.233085501396576547e+02
2.494978373610439633e+02 1.641838234332340960e+02 2.232842159178098029e+02
2.495150756460348589e+02 1.641999272444665507e+02 2.232598816959619512e+02
2.495323139310257545e+02 1.642160310556989771e+02 2.232355474741140995e+02
2.495495522160166502e+02 1.642321348669314318e+02 2.232112132522662478e+02
2.495667905010075742e+02 1.642482386781638866e+02 2.231868790304183960e+02
2.495840287859984699e+02 1.642643424893963129e+02 2.231625448085705443e+02
2.496012670709893655e+02 1.642804463006287676e+02 2.231382105867226926e+02
2.496185053559802611e+02 1.642965501118611940e+02 2.231138763648748409e+02
2.496357436409711852e+02 1.643126539230936487e+02 2.230895421430269892e+02
2.496529819259620808e+02 1.643287577343261034e+02 2.230652079211791374e+02
2.496702202109529765e+02 1.643448615455585298e+02 2.230408736993312857e+02
2.496874584959438721e+02 1.643609653567909845e+02 2.230165394774834340e+02
2.497046967809347962e+02 1.643770691680234108e+02 2.229922052556355823e+02
2.497219350659256918e+02 1.643931729792558656e+02 2.229678710337877305e+02
2.497219350659256918e+02 1.643931729792558656e+02 2.229678710337877305e+02
2.497389221642720827e+02 1.643779135378774754e+02 2.229448485682715102e+02
2.497559092626184736e+02 1.643626540964990568e+02 2.229218261027552899e+02
2.497728963609648645e+02 1.643473946551206666e+02 2.228988036372390695e+02
2.497898834593112554e+02 1.643321352137422480e+02 2.228757811717228492e+02
2.498068705576576463e+02 1.643168757723638578e+02 2.228527587062066289e+02
2.498238576560040087e+02 1.643016163309854676e+02 2.228297362406904085e+02
2.498408447543503996e+02 1.642863568896070490e+02 2.228067137751741882e+02
2.498578318526967905e+02 1.642710974482286588e+02 2.227836913096579678e+02
2.498748189510431814e+02 1.642558380068502402e+02 2.227606688441417475e+02
2.498918060493895723e+02 1.642405785654718500e+02 2.227376463786255272e+02
2.499087931477359632e+02 1.642253191240934598e+02 2.227146239131093068e+02
2.499257802460823541e+02 1.642100596827150412e+02 2.226916014475930865e+02
2.499427673444287450e+02 1.641948002413366510e+02 2.226685789820768662e+02
2.499597544427751359e+02 1.641795407999582324e+02 2.226455565165606458e+02
2.499767415411215268e+02 1.641642813585798422e+02 2.226225340510444255e+02
2.499937286394679177e+02 1.641490219172014235e+02 2.225995115855282052e+02
2.500107157378142801e+02 1.641337624758230334e+02 2.225764891200119848e+02
2.500277028361606710e+02 1.641185030344446432e+02 2.225534666544957645e+02
2.500446899345070619e+02 1.641032435930662245e+02 2.225304441889795442e+02
2.500616770328534528e+02 1.640879841516878344e+02 2.225074217234633238e+02
2.500786641311998437e+02 1.640727247103094157e+02 2.224843992579471035e+02
2.500956512295462346e+02 1.640574652689310255e+02 2.224613767924308831e+02
2.500956512295462346e+02 1.640574652689310255e+02 2.224613767924308831e+02
2.501126854573167861e+02 1.640421634913825244e+02 2.224382904528191318e+02
2.501297196850873377e+02 1.640268617138339948e+02 2.224152041132073805e+02
2.501467539128578892e+02 1.640115599362854937e+02 2.223921177735956292e+02
2.501637881406284407e+02 1.639962581587369925e+02 2.223690314339838494e+02
2.501808223683989922e+02 1.639809563811884630e+02 2.223459450943720981e+02
2.501978565961695438e+02 1.639656546036399618e+02 2.223228587547603468e+02
2.502148908239400953e+02 1.639503528260914607e+02 2.222997724151485954e+02
2.502319250517106468e+02 1.639350510485429311e+02 2.222766860755368441e+02
2.502489592794811983e+02 1.639197492709944299e+02 2.222535997359250928e+02
2.502659935072517783e+02 1.639044474934459288e+02 2.222305133963133130e+02
2.502830277350223298e+02 1.638891457158974276e+02 2.222074270567015617e+02
2.503000619627928813e+02 1.638738439383488981e+02 2.221843407170898104e+02
2.503170961905634329e+02 1.638585421608003969e+02 2.221612543774780590e+02
2.503341304183339844e+02 1.638432403832518958e+02 2.221381680378663077e+02
2.503511646461045359e+02 1.638279386057033662e+02 2.221150816982545564e+02
2.503681988738750874e+02 1.638126368281548650e+02 2.220919953586427766e+02
2.503852331016456390e+02 1.637973350506063639e+02 2.220689090190310253e+02
2.504022673294161905e+02 1.637820332730578343e+02 2.220458226794192740e+02
2.504193015571867420e+02 1.637667314955093332e+02 2.220227363398075227e+02
2.504193015571867420e+02 1.637667314955093332e+02 2.220227363398075227e+02
2.504255513805743192e+02 1.637498736700299560e+02 2.219963898961544260e+02
2.504318012039618964e+02 1.637330158445506072e+02 2.219700434525013009e+02
2.504380510273494735e+02 1.637161580190712300e+02 2.219436970088482042e+02
2.504443008507370507e+02 1.636993001935918812e+02 2.219173505651951075e+02
2.504505506741246279e+02 1.636824423681125040e+02 2.218910041215419824e+02
2.504568004975122051e+02 1.636655845426331553e+02 2.218646576778888857e+02
2.504630503208998107e+02 1.636487267171537781e+02 2.218383112342357890e+02
2.504693001442873879e+02 1.636318688916744009e+02 2.218119647905826639e+02
2.504755499676749650e+02 1.636150110661950521e+02 2.217856183469295672e+02
2.504817997910625422e+02 1.635981532407156749e+02 2.217592719032764421e+02
2.504880496144501194e+02 1.635812954152363261e+02 2.217329254596233454e+02
2.504942994378376966e+02 1.635644375897569489e+02 2.217065790159702487e+02
2.505005492612252738e+02 1.635475797642776001e+02 2.216802325723171236e+02
2.505067990846128509e+02 1.635307219387982229e+02 2.216538861286640270e+02
2.505130489080004281e+02 1.635138641133188457e+02 2.216275396850109303e+02
2.505192987313880053e+02 1.634970062878394970e+02 2.216011932413578052e+02
2.505255485547755825e+02 1.634801484623601198e+02 2.215748467977047085e+02
2.505317983781631597e+02 1.634632906368807710e+02 2.215485003540516118e+02
2.505380482015507368e+02 1.634464328114013938e+02 2.215221539103984867e+02
2.505442980249383140e+02 1.634295749859220450e+02 2.214958074667453900e+02
2.505505478483258912e+02 1.634127171604426678e+02 2.214694610230922649e+02
2.505567976717134968e+02 1.633958593349632906e+02 2.214431145794391682e+02
2.505630474951010740e+02 1.633790015094839418e+02 2.214167681357860715e+02
2.505692973184886512e+02 1.633621436840045646e+02 2.213904216921329464e+02
2.505755471418762284e+02 1.633452858585252159e+02 2.213640752484798497e+02
2.505817969652638055e+02 1.633284280330458387e+02 2.213377288048267530e+02
2.505880467886513827e+02 1.633115702075664899e+02 2.213113823611736279e+02
2.505942966120389599e+02 1.632947123820871127e+02 2.212850359175205313e+02
2.505942966120389599e+02 1.632947123820871127e+02 2.212850359175205313e+02
2.506106765050536751e+02 1.632799983907893875e+02 2.212628363920688628e+02
2.506270563980683903e+02 1.632652843994916623e+02 2.212406368666172227e+02
2.506434362910830771e+02 1.632505704081939371e+02 2.212184373411655542e+02
2.506598161840977923e+02 1.632358564168961834e+02 2.211962378157138858e+02
2.506761960771125075e+02 1.632211424255984582e+02 2.211740382902622173e+02
2.506925759701272227e+02 1.632064284343007330e+02 2.211518387648105772e+02
2.507089558631419095e+02 1.631917144430030078e+02 2.211296392393589088e+02
2.507253357561566247e+02 1.631770004517052826e+02 2.211074397139072403e+02
2.507417156491713399e+02 1.631622864604075573e+02 2.210852401884556002e+02
2.507580955421860551e+02 1.631475724691098037e+02 2.210630406630039317e+02
2.507744754352007419e+02 1.631328584778120785e+02 2.210408411375522633e+02
2.507908553282154571e+02 1.631181444865143533e+02 2.210186416121005948e+02
2.508072352212301723e+02 1.631034304952166281e+02 2.209964420866489547e+02
2.508236151142448875e+02 1.630887165039189028e+02 2.209742425611972862e+02
2.508399950072595743e+02 1.630740025126211776e+02 2.209520430357456178e+02
2.508563749002742895e+02 1.630592885213234240e+02 2.209298435102939493e+02
2.508727547932890047e+02 1.630445745300256988e+02 2.209076439848423092e+02
2.508891346863037199e+02 1.630298605387279736e+02 2.208854444593906408e+02
2.509055145793184067e+02 1.630151465474302483e+02 2.208632449339389723e+02
2.509218944723331219e+02 1.630004325561325231e+02 2.208410454084873322e+02
2.509382743653478371e+02 1.629857185648347979e+02 2.208188458830356637e+02
2.509546542583625524e+02 1.629710045735370443e+02 2.207966463575839953e+02
2.509710341513772391e+02 1.629562905822393191e+02 2.207744468321323268e+02
2.509874140443919543e+02 1.629415765909415938e+02 2.207522473066806867e+02
2.510037939374066696e+02 1.629268625996438686e+02 2.207300477812290183e+02
2.510037939374066696e+02 1.629268625996438686e+02 2.207300477812290183e+02
2.509912619340903461e+02 1.629171571118824886e+02 2.207020787300268694e+02
2.509787299307740511e+02 1.629074516241211086e+02 2.206741096788247489e+02
2.509661979274577277e+02 1.628977461363597286e+02 2.206461406276226001e+02
2.509536659241414327e+02 1.628880406485983485e+02 2.206181715764204512e+02
2.509411339208251093e+02 1.628783351608369685e+02 2.205902025252183307e+02
2.509286019175088143e+02 1.628686296730755885e+02 2.205622334740161818e+02
2.509160699141924908e+02 1.628589241853141800e+02 2.205342644228140614e+02
2.509035379108761958e+02 1.628492186975528000e+02 2.205062953716119125e+02
2.508910059075598724e+02 1.628395132097914200e+02 2.204783263204097636e+02
2.508784739042435490e+02 1.628298077220300399e+02 2.204503572692076432e+02
2.508659419009272540e+02 1.628201022342686599e+02 2.204223882180054943e+02
2.508534098976109306e+02 1.628103967465072799e+02 2.203944191668033454e+02
2.508408778942946356e+02 1.628006912587458999e+02 2.203664501156012250e+02
2.508283458909783121e+02 1.627909857709845198e+02 2.203384810643990761e+02
2.508158138876620171e+02 1.627812802832231398e+02 2.203105120131969556e+02
2.508032818843456937e+02 1.627715747954617598e+02 2.202825429619948068e+02
2.507907498810293987e+02 1.627618693077003797e+02 2.202545739107926579e+02
2.507782178777130753e+02 1.627521638199389997e+02 2.202266048595905374e+02
2.507656858743967518e+02 1.627424583321776197e+02 2.201986358083883886e+02
2.507531538710804568e+02 1.627327528444162397e+02 2.201706667571862397e+02
2.507406218677641334e+02 1.627230473566548312e+02 2.201426977059841192e+02
2.507280898644478384e+02 1.627133418688934512e+02 2.201147286547819704e+02
2.507155578611315150e+02 1.627036363811320712e+02 2.200867596035798499e+02
2.507030258578152200e+02 1.626939308933706911e+02 2.200587905523777010e+02
2.506904938544988966e+02 1.626842254056093111e+02 2.200308215011755522e+02
2.506779618511826015e+02 1.626745199178479311e+02 2.200028524499734317e+02
2.506654298478662781e+02 1.626648144300865511e+02 2.199748833987712828e+02
2.506654298478662781e+02 1.626648144300865511e+02 2.199748833987712828e+02
2.506749548921680741e+02 1.626627203758166615e+02 2.199452120091426082e+02
2.506844799364698702e+02 1.626606263215467436e+02 2.199155406195139335e+02
2.506940049807716662e+02 1.626585322672768541e+02 2.198858692298852588e+02
2.507035300250734622e+02 1.626564382130069362e+02 2.198561978402565558e+02
2.507130550693752582e+02 1.626543441587370467e+02 2.198265264506278811e+02
2.507225801136770542e+02 1.626522501044671571e+02 2.197968550609992064e+02
2.507321051579788787e+02 1.626501560501972392e+02 2.197671836713705318e+02
2.507416302022806747e+02 1.626480619959273497e+02 2.197375122817418571e+02
2.507511552465824707e+02 1.626459679416574318e+02 2.197078408921131825e+02
2.507606802908842667e+02 1.626438738873875423e+02 2.196781695024844794e+02
2.507702053351860627e+02 1.626417798331176243e+02 2.196484981128558047e+02
2.507797303794878587e+02 1.626396857788477348e+02 2.196188267232271301e+02
2.507892554237896547e+02 1.626375917245778453e+02 2.195891553335984554e+02
2.507987804680914508e+02 1.626354976703079274e+02 2.195594839439697807e+02
2.508083055123932468e+02 1.626334036160380379e+02 2.195298125543411061e+02
2.508178305566950428e+02 1.626313095617681199e+02 2.195001411647124314e+02
2.508273556009968388e+02 1.626292155074982304e+02 2.194704697750837283e+02
2.508368806452986348e+02 1.626271214532283409e+02 2.194407983854550537e+02
2.508464056896004308e+02 1.626250273989584230e+02 2.194111269958263790e+02
2.508559307339022553e+02 1.626229333446885335e+02 2.193814556061977044e+02
2.508654557782040513e+02 1.626208392904186155e+02 2.193517842165690297e+02
2.508749808225058473e+02 1.626187452361487260e+02 2.193221128269403550e+02
2.508845058668076433e+02 1.626166511818788365e+02 2.192924414373116520e+02
2.508940309111094393e+02 1.626145571276089186e+02 2.192627700476829773e+02
2.509035559554112353e+02 1.626124630733390291e+02 2.192330986580543026e+02
2.509130809997130314e+02 1.626103690190691111e+02 2.192034272684256280e+02
2.509226060440148274e+02 1.626082749647992216e+02 2.191737558787969533e+02
2.509321310883166234e+02 1.626061809105293321e+02 2.191440844891682787e+02
2.509416561326184194e+02 1.626040868562594142e+02 2.191144130995396040e+02
2.509511811769202154e+02 1.626019928019895247e+02 2.190847417099109009e+02
2.509607062212220114e+02 1.625998987477196067e+02 2.190550703202822262e+02
2.509702312655238075e+02 1.625978046934497172e+02 2.190253989306535516e+02
2.509797563098256319e+02 1.625957106391797993e+02 2.189957275410248769e+02
2.509892813541274279e+02 1.625936165849099098e+02 2.189660561513962023e+02
2.509988063984292239e+02 1.625915225306400202e+02 2.189363847617675276e+02
2.510083314427310199e+02 1.625894284763701023e+02 2.189067133721388245e+02
2.510178564870328159e+02 1.625873344221002128e+02 2.188770419825101499e+02
2.510273815313346120e+02 1.625852403678302949e+02 2.188473705928814752e+02
2.510369065756364080e+02 1.625831463135604054e+02 2.188176992032528005e+02
2.510369065756364080e+02 1.625831463135604054e+02 2.188176992032528005e+02
2.510531842283377557e+02 1.625983527129527033e+02 2.187947210466550700e+02
2.510694618810391319e+02 1.626135591123450013e+02 2.187717428900573680e+02
2.510857395337404796e+02 1.626287655117372992e+02 2.187487647334596375e+02
2.511020171864418273e+02 1.626439719111295972e+02 2.187257865768619354e+02
2.511182948391431751e+02 1.626591783105218951e+02 2.187028084202642049e+02
2.511345724918445512e+02 1.626743847099141647e+02 2.186798302636665028e+02
2.511508501445458990e+02 1.626895911093064626e+02 2.186568521070687723e+02
2.511671277972472467e+02 1.627047975086987606e+02 2.186338739504710418e+02
2.511834054499485944e+02 1.627200039080910585e+02 2.186108957938733397e+02
2.511996831026499706e+02 1.627352103074833565e+02 2.185879176372756092e+02
2.512159607553513183e+02 1.627504167068756544e+02 2.185649394806779071e+02
2.512322384080526660e+02 1.627656231062679524e+02 2.185419613240801766e+02
2.512485160607540138e+02 1.627808295056602503e+02 2.185189831674824745e+02
2.512647937134553899e+02 1.627960359050525483e+02 2.184960050108847440e+02
2.512810713661567377e+02 1.628112423044448462e+02 2.184730268542870419e+02
2.512973490188580854e+02 1.628264487038371442e+02 2.184500486976893114e+02
2.513136266715594331e+02 1.628416551032294421e+02 2.184270705410915809e+02
2.513299043242608093e+02 1.628568615026217117e+02 2.184040923844938789e+02
2.513461819769621570e+02 1.628720679020140096e+02 2.183811142278961483e+02
2.513624596296635048e+02 1.628872743014063076e+02 2.183581360712984463e+02
2.513787372823648525e+02 1.629024807007986055e+02 2.183351579147007158e+02
2.513950149350662286e+02 1.629176871001909035e+02 2.183121797581030137e+02
2.514112925877675764e+02 1.629328934995832014e+02 2.182892016015052832e+02
2.514112925877675764e+02 1.629328934995832014e+02 2.182892016015052832e+02
2.514305537172111258e+02 1.629528238508825098e+02 2.182732845889616158e+02
2.514498148466547036e+02 1.629727542021818181e+02 2.182573675764179200e+02
2.514690759760982530e+02 1.629926845534811264e+02 2.182414505638742526e+02
2.514883371055418024e+02 1.630126149047804347e+02 2.182255335513305567e+02
2.515075982349853518e+02 1.630325452560797714e+02 2.182096165387868894e+02
2.515268593644289297e+02 1.630524756073790797e+02 2.181936995262432220e+02
2.515461204938724791e+02 1.630724059586783881e+02 2.181777825136995261e+02
2.515653816233160285e+02 1.630923363099776964e+02 2.181618655011558587e+02
2.515846427527596063e+02 1.631122666612770047e+02 2.181459484886121629e+02
2.516039038822031557e+02 1.631321970125763130e+02 2.181300314760684955e+02
2.516231650116467051e+02 1.631521273638756213e+02 2.181141144635248281e+02
2.516424261410902545e+02 1.631720577151749296e+02 2.180981974509811323e+02
2.516616872705338324e+02 1.631919880664742664e+02 2.180822804384374649e+02
2.516809483999773818e+02 1.632119184177735747e+02 2.180663634258937691e+02
2.517002095294209312e+02 1.632318487690728830e+02 2.180504464133501017e+02
2.517194706588644806e+02 1.632517791203721913e+02 2.180345294008064343e+02
2.517387317883080584e+02 1.632717094716714996e+02 2.180186123882627385e+02
2.517579929177516078e+02 1.632916398229708079e+02 2.180026953757190711e+02
2.517772540471951572e+02 1.633115701742701162e+02 2.179867783631753753e+02
2.517965151766387351e+02 1.633315005255694246e+02 2.179708613506317079e+02
2.518157763060822845e+02 1.633514308768687613e+02 2.179549443380880405e+02
2.518350374355258339e+02 1.633713612281680696e+02 2.179390273255443446e+02
2.518542985649693833e+02 1.633912915794673779e+02 2.179231103130006773e+02
2.518735596944129611e+02 1.634112219307666862e+02 2.179071933004569814e+02
2.518928208238565105e+02 1.634311522820659945e+02 2.178912762879133140e+02
2.518928208238565105e+02 1.634311522820659945e+02 2.178912762879133140e+02
2.519151152618943570e+02 1.634506986438574643e+02 2.178797622046041340e+02
2.519374096999321750e+02 1.634702450056489624e+02 2.178682481212949540e+02
2.519597041379700215e+02 1.634897913674404322e+02 2.178567340379858024e+02
2.519819985760078680e+02 1.635093377292319303e+02 2.178452199546766224e+02
2.520042930140456860e+02 1.635288840910234001e+02 2.178337058713674423e+02
2.520265874520835325e+02 1.635484304528148982e+02 2.178221917880582623e+02
2.520488818901213790e+02 1.635679768146063680e+02 2.178106777047491107e+02
2.520711763281591971e+02 1.635875231763978661e+02 2.177991636214399307e+02
2.520934707661970435e+02 1.636070695381893358e+02 2.177876495381307507e+02
2.521157652042348900e+02 1.636266158999808056e+02 2.177761354548215706e+02
2.521380596422727081e+02 1.636461622617723037e+02 2.177646213715124190e+02
2.521603540803105545e+02 1.636657086235637735e+02 2.177531072882032390e+02
2.521826485183484010e+02 1.636852549853552716e+02 2.177415932048940590e+02
2.522049429563862475e+02 1.637048013471467414e+02 2.177300791215848790e+02
2.522272373944240655e+02 1.637243477089382395e+02 2.177185650382757274e+02
2.522495318324619120e+02 1.637438940707297093e+02 2.177070509549665474e+02
2.522718262704997585e+02 1.637634404325211790e+02 2.176955368716573673e+02
2.522941207085375765e+02 1.637829867943126771e+02 2.176840227883481873e+02
2.523164151465754230e+02 1.638025331561041469e+02 2.176725087050390357e+02
2.523387095846132695e+02 1.638220795178956450e+02 2.176609946217298557e+02
2.523610040226510876e+02 1.638416258796871148e+02 2.176494805384206757e+02
2.523832984606889340e+02 1.638611722414786129e+02 2.176379664551114956e+02
2.524055928987267805e+02 1.638807186032700827e+02 2.176264523718023440e+02
2.524278873367645986e+02 1.639002649650615808e+02 2.176149382884931640e+02
2.524501817748024450e+02 1.639198113268530506e+02 2.176034242051839840e+02
2.524501817748024450e+02 1.639198113268530506e+02 2.176034242051839840e+02
2.524644352943911372e+02 1.639458506173803016e+02 2.175930467754006372e+02
2.524786888139798293e+02 1.639718899079075811e+02 2.175826693456172904e+02
2.524929423335685499e+02 1.639979291984348322e+02 2.175722919158339437e+02
2.525071958531572420e+02 1.640239684889621117e+02 2.175619144860505969e+02
2.525214493727459342e+02 1.640500077794893627e+02 2.175515370562672501e+02
2.525357028923346263e+02 1.640760470700166138e+02 2.175411596264839318e+02
2.525499564119233469e+02 1.641020863605438933e+02 2.175307821967005850e+02
2.525642099315120390e+02 1.641281256510711444e+02 2.175204047669172382e+02
2.525784634511007312e+02 1.641541649415984239e+02 2.175100273371338915e+02
2.525927169706894233e+02 1.641802042321256749e+02 2.174996499073505447e+02
2.526069704902781439e+02 1.642062435226529260e+02 2.174892724775671979e+02
2.526212240098668360e+02 1.642322828131802055e+02 2.174788950477838512e+02
2.526354775294555282e+02 1.642583221037074566e+02 2.174685176180005044e+02
2.526497310490442203e+02 1.642843613942347361e+02 2.174581401882171576e+02
2.526639845686329409e+02 1.643104006847619871e+02 2.174477627584338393e+02
2.526782380882216330e+02 1.643364399752892382e+02 2.174373853286504925e+02
2.526924916078103251e+02 1.643624792658165177e+02 2.174270078988671457e+02
2.527067451273990173e+02 1.643885185563437688e+02 2.174166304690837990e+02
2.527209986469877094e+02 1.644145578468710482e+02 2.174062530393004522e+02
2.527352521665764300e+02 1.644405971373982993e+02 2.173958756095171054e+02
2.527495056861651221e+02 1.644666364279255504e+02 2.173854981797337587e+02
2.527637592057538143e+02 1.644926757184528299e+02 2.173751207499504119e+02
2.527780127253425064e+02 1.645187150089800809e+02 2.173647433201670651e+02
2.527922662449312270e+02 1.645447542995073604e+02 2.173543658903837184e+02
2.528065197645199191e+02 1.645707935900346115e+02 2.173439884606003716e+02
2.528207732841086113e+02 1.645968328805618626e+02 2.173336110308170532e+02
2.528350268036973034e+02 1.646228721710891421e+02 2.173232336010337065e+02
2.528492803232860240e+02 1.646489114616163931e+02 2.173128561712503597e+02
2.528635338428747161e+02 1.646749507521436726e+02 2.173024787414670129e+02
2.528777873624634083e+02 1.647009900426709237e+02 2.172921013116836662e+02
2.528777873624634083e+02 1.647009900426709237e+02 2.172921013116836662e+02
2.528919492507646112e+02 1.647268619349846119e+02 2.172817905950546447e+02
2.529061111390658425e+02 1.647527338272983002e+02 2.172714798784256232e+02
2.529202730273670454e+02 1.647786057196119884e+02 2.172611691617965732e+02
2.529344349156682483e+02 1.648044776119256767e+02 2.172508584451675517e+02
2.529485968039694512e+02 1.648303495042393649e+02 2.172405477285385302e+02
2.529627586922706826e+02 1.648562213965530532e+02 2.172302370119095087e+02
2.529769205805718855e+02 1.648820932888667414e+02 2.172199262952804588e+02
2.529910824688730884e+02 1.649079651811804297e+02 2.172096155786514373e+02
2.530052443571742913e+02 1.649338370734941179e+02 2.171993048620224158e+02
2.530194062454755226e+02 1.649597089658078062e+02 2.171889941453933943e+02
2.530335681337767255e+02 1.649855808581214944e+02 2.171786834287643444e+02
2.530477300220779284e+02 1.650114527504351827e+02 2.171683727121353229e+02
2.530618919103791598e+02 1.650373246427488709e+02 2.171580619955063014e+02
2.530760537986803627e+02 1.650631965350625592e+02 2.171477512788772799e+02
2.530902156869815656e+02 1.650890684273762474e+02 2.171374405622482300e+02
2.531043775752827685e+02 1.651149403196899357e+02 2.171271298456192085e+02
2.531185394635839998e+02 1.651408122120036239e+02 2.171168191289901870e+02
2.531327013518852027e+02 1.651666841043173122e+02 2.171065084123611655e+02
2.531468632401864056e+02 1.651925559966310004e+02 2.170961976957321156e+02
2.531610251284876085e+02 1.652184278889446887e+02 2.170858869791030941e+02
2.531751870167888399e+02 1.652442997812583769e+02 2.170755762624740726e+02
2.531893489050900428e+02 1.652701716735720652e+02 2.170652655458450511e+02
2.532035107933912457e+02 1.652960435658857534e+02 2.170549548292160011e+02
2.532176726816924770e+02 1.653219154581994417e+02 2.170446441125869796e+02
2.532318345699936799e+02 1.653477873505131299e+02 2.170343333959579581e+02
2.532459964582948828e+02 1.653736592428268182e+02 2.170240226793289366e+02
2.532601583465960857e+02 1.653995311351405064e+02 2.170137119626998867e+02
2.532743202348973171e+02 1.654254030274541947e+02 2.170034012460708652e+02
2.532884821231985200e+02 1.654512749197678829e+02 2.169930905294418437e+02
2.533026440114997229e+02 1.654771468120815712e+02 2.169827798128128222e+02
2.533168058998009258e+02 1.655030187043952594e+02 2.169724690961837723e+02
2.533309677881021571e+02 1.655288905967089477e+02 2.169621583795547508e+02
2.533451296764033600e+02 1.655547624890226359e+02 2.169518476629257293e+02
2.533451296764033600e+02 1.655547624890226359e+02 2.169518476629257293e+02
2.533614402134379873e+02 1.655699996085878354e+02 2.169288230855464974e+02
2.533777507504726145e+02 1.655852367281530348e+02 2.169057985081672655e+02
2.533940612875072418e+02 1.656004738477182343e+02 2.168827739307880620e+02
2.534103718245418690e+02 1.656157109672834338e+02 2.168597493534088301e+02
2.534266823615764963e+02 1.656309480868486332e+02 2.168367247760295982e+02
2.534429928986111236e+02 1.656461852064138327e+02 2.168137001986503662e+02
2.534593034356457508e+02 1.656614223259790322e+02 2.167906756212711343e+02
2.534756139726803781e+02 1.656766594455442316e+02 2.167676510438919024e+02
2.534919245097150053e+02 1.656918965651094311e+02 2.167446264665126989e+02
2.535082350467496326e+02 1.657071336846746306e+02 2.167216018891334670e+02
2.535245455837842599e+02 1.657223708042398300e+02 2.166985773117542351e+02
2.535408561208188587e+02 1.657376079238050579e+02 2.166755527343750032e+02
2.535571666578534860e+02 1.657528450433702574e+02 2.166525281569957713e+02
2.535734771948881132e+02 1.657680821629354568e+02 2.166295035796165394e+02
2.535897877319227405e+02 1.657833192825006563e+02 2.166064790022373359e+02
2.536060982689573677e+02 1.657985564020658558e+02 2.165834544248581039e+02
2.536224088059919950e+02 1.658137935216310552e+02 2.165604298474788720e+02
2.536387193430266223e+02 1.658290306411962547e+02 2.165374052700996401e+02
2.536550298800612495e+02 1.658442677607614542e+02 2.165143806927204082e+02
2.536713404170958768e+02 1.658595048803266536e+02 2.164913561153411763e+02
2.536876509541305040e+02 1.658747419998918531e+02 2.164683315379619728e+02
2.537039614911651313e+02 1.658899791194570525e+02 2.164453069605827409e+02
2.537202720281997586e+02 1.659052162390222520e+02 2.164222823832035090e+02
2.537202720281997586e+02 1.659052162390222520e+02 2.164222823832035090e+02
2.537369340087787748e+02 1.659207816731791070e+02 2.163987616946867547e+02
2.537535959893577626e+02 1.659363471073359619e+02 2.163752410061700004e+02
2.537702579699367789e+02 1.659519125414927885e+02 2.163517203176532462e+02
2.537869199505157667e+02 1.659674779756496434e+02 2.163281996291364919e+02
2.538035819310947829e+02 1.659830434098064984e+02 2.163046789406197377e+02
2.538202439116737708e+02 1.659986088439633534e+02 2.162811582521029834e+02
2.538369058922527870e+02 1.660141742781201799e+02 2.162576375635862291e+02
2.538535678728317748e+02 1.660297397122770349e+02 2.162341168750694749e+02
2.538702298534107911e+02 1.660453051464338898e+02 2.162105961865527206e+02
2.538868918339897789e+02 1.660608705805907448e+02 2.161870754980359663e+02
2.539035538145687951e+02 1.660764360147475713e+02 2.161635548095192405e+02
2.539202157951477830e+02 1.660920014489044263e+02 2.161400341210024862e+02
2.539368777757267992e+02 1.661075668830612813e+02 2.161165134324857320e+02
2.539535397563057870e+02 1.661231323172181362e+02 2.160929927439689777e+02
2.539702017368848033e+02 1.661386977513749628e+02 2.160694720554522235e+02
2.539868637174637911e+02 1.661542631855318177e+02 2.160459513669354692e+02
2.540035256980428073e+02 1.661698286196886727e+02 2.160224306784187149e+02
2.540201876786217952e+02 1.661853940538455277e+02 2.159989099899019607e+02
2.540368496592008114e+02 1.662009594880023542e+02 2.159753893013852064e+02
2.540535116397797992e+02 1.662165249221592092e+02 2.159518686128684521e+02
2.540701736203588155e+02 1.662320903563160641e+02 2.159283479243516979e+02
