1.843966804321093207e+02 1.415754652835486809e+02 2.312385501164197876e+02
1.844242795310589713e+02 1.415557643768525224e+02 2.312379396513476877e+02
1.844518786300086504e+02 1.415360634701563924e+02 2.312373291862755877e+02
1.844794777289583010e+02 1.415163625634602340e+02 2.312367187212034878e+02
1.845070768279079800e+02 1.414966616567641040e+02 2.312361082561314163e+02
1.845346759268576307e+02 1.414769607500679456e+02 2.312354977910593163e+02
1.845622750258072813e+02 1.414572598433717872e+02 2.312348873259872164e+02
1.845898741247569603e+02 1.414375589366756572e+02 2.312342768609151165e+02
1.846174732237066110e+02 1.414178580299794987e+02 2.312336663958430165e+02
1.846450723226562900e+02 1.413981571232833687e+02 2.312330559307709166e+02
1.846726714216059406e+02 1.413784562165872103e+02 2.312324454656988451e+02
1.847002705205555912e+02 1.413587553098910519e+02 2.312318350006267451e+02
1.847278696195052703e+02 1.413390544031949219e+02 2.312312245355546452e+02
1.847554687184549209e+02 1.413193534964987634e+02 2.312306140704825452e+02
1.847830678174046000e+02 1.412996525898026334e+02 2.312300036054104453e+02
1.848106669163542506e+02 1.412799516831064750e+02 2.312293931403383453e+02
1.848382660153039296e+02 1.412602507764103166e+02 2.312287826752662454e+02
1.848658651142535803e+02 1.412405498697141866e+02 2.312281722101941739e+02
1.848934642132032309e+02 1.412208489630180281e+02 2.312275617451220739e+02
1.849210633121529099e+02 1.412011480563218981e+02 2.312269512800499740e+02
1.849486624111025606e+02 1.411814471496257397e+02 2.312263408149778741e+02
1.849762615100522396e+02 1.411617462429296097e+02 2.312257303499057741e+02
1.850038606090018902e+02 1.411420453362334513e+02 2.312251198848336742e+02
1.850314597079515408e+02 1.411223444295372929e+02 2.312245094197616027e+02
1.850590588069012199e+02 1.411026435228411628e+02 2.312238989546895027e+02
1.850866579058508705e+02 1.410829426161450044e+02 2.312232884896174028e+02
1.851142570048005496e+02 1.410632417094488744e+02 2.312226780245453028e+02
1.851418561037502002e+02 1.410435408027527160e+02 2.312220675594732029e+02
1.851694552026998508e+02 1.410238398960565576e+02 2.312214570944011029e+02
1.851970543016495299e+02 1.410041389893604276e+02 2.312208466293290314e+02
1.852246534005991805e+02 1.409844380826642691e+02 2.312202361642569315e+02
1.852522524995488595e+02 1.409647371759681391e+02 2.312196256991848315e+02
1.852798515984985102e+02 1.409450362692719807e+02 2.312190152341127316e+02
1.852798515984985102e+02 1.409450362692719807e+02 2.312190152341127316e+02
1.852955904723328047e+02 1.409453071615142505e+02 2.311984556821891204e+02
1.853113293461670708e+02 1.409455780537565488e+02 2.311778961302655091e+02
1.853270682200013653e+02 1.409458489459988186e+02 2.311573365783418978e+02
1.853428070938356598e+02 1.409461198382411169e+02 2.311367770264182582e+02
1.853585459676699543e+02 1.409463907304833867e+02 2.311162174744946469e+02
1.853742848415042204e+02 1.409466616227256850e+02 2.310956579225710357e+02
1.853900237153385149e+02 1.409469325149679548e+02 2.310750983706474244e+02
1.854057625891728094e+02 1.409472034072102531e+02 2.310545388187238132e+02
1.854215014630071039e+02 1.409474742994525229e+02 2.310339792668002019e+02
1.854372403368413700e+02 1.409477451916948212e+02 2.310134197148765907e+02
1.854529792106756645e+02 1.409480160839370910e+02 2.309928601629529510e+02
1.854687180845099590e+02 1.409482869761793893e+02 2.309723006110293397e+02
1.854844569583442535e+02 1.409485578684216591e+02 2.309517410591057285e+02
1.855001958321785196e+02 1.409488287606639574e+02 2.309311815071821172e+02
1.855159347060128141e+02 1.409490996529062272e+02 2.309106219552585060e+02
1.855316735798471086e+02 1.409493705451485255e+02 2.308900624033348947e+02
1.855474124536814031e+02 1.409496414373907953e+02 2.308695028514112835e+02
1.855631513275156692e+02 1.409499123296330936e+02 2.308489432994876438e+02
1.855788902013499637e+02 1.409501832218753634e+02 2.308283837475640325e+02
1.855946290751842582e+02 1.409504541141176617e+02 2.308078241956404213e+02
1.856103679490185527e+02 1.409507250063599315e+02 2.307872646437168100e+02
1.856261068228528188e+02 1.409509958986022298e+02 2.307667050917931988e+02
1.856418456966871133e+02 1.409512667908444996e+02 2.307461455398695875e+02
1.856575845705214078e+02 1.409515376830867979e+02 2.307255859879459763e+02
1.856733234443557023e+02 1.409518085753290677e+02 2.307050264360223366e+02
1.856890623181899684e+02 1.409520794675713660e+02 2.306844668840987254e+02
1.857048011920242629e+02 1.409523503598136358e+02 2.306639073321751141e+02
1.857205400658585575e+02 1.409526212520559341e+02 2.306433477802515029e+02
1.857362789396928520e+02 1.409528921442982039e+02 2.306227882283278916e+02
1.857520178135271181e+02 1.409531630365405022e+02 2.306022286764042803e+02
1.857677566873614126e+02 1.409534339287827720e+02 2.305816691244806691e+02
1.857834955611957071e+02 1.409537048210250703e+02 2.305611095725570294e+02
1.857992344350300016e+02 1.409539757132673401e+02 2.305405500206334182e+02
1.858149733088642677e+02 1.409542466055096384e+02 2.305199904687098069e+02
1.858307121826985622e+02 1.409545174977519082e+02 2.304994309167861957e+02
1.858307121826985622e+02 1.409545174977519082e+02 2.304994309167861957e+02
1.858455787490485420e+02 1.409547733761289692e+02 2.304800108524273128e+02
1.858604453153984934e+02 1.409550292545060302e+02 2.304605907880684299e+02
1.858753118817484733e+02 1.409552851328831196e+02 2.304411707237095754e+02
1.858901784480984531e+02 1.409555410112601805e+02 2.304217506593506926e+02
1.859050450144484046e+02 1.409557968896372415e+02 2.304023305949918097e+02
1.859199115807983844e+02 1.409560527680143025e+02 2.303829105306329268e+02
1.859347781471483643e+02 1.409563086463913919e+02 2.303634904662740723e+02
1.859496447134983157e+02 1.409565645247684529e+02 2.303440704019151894e+02
1.859645112798482955e+02 1.409568204031455139e+02 2.303246503375563066e+02
1.859793778461982754e+02 1.409570762815225748e+02 2.303052302731974237e+02
1.859942444125482268e+02 1.409573321598996642e+02 2.302858102088385692e+02
1.860091109788982067e+02 1.409575880382767252e+02 2.302663901444796863e+02
1.860239775452481865e+02 1.409578439166537862e+02 2.302469700801208035e+02
1.860388441115981379e+02 1.409580997950308472e+02 2.302275500157619206e+02
1.860537106779481178e+02 1.409583556734079366e+02 2.302081299514030661e+02
1.860685772442980692e+02 1.409586115517849976e+02 2.301887098870441832e+02
1.860834438106480491e+02 1.409588674301620586e+02 2.301692898226853004e+02
1.860983103769980289e+02 1.409591233085391195e+02 2.301498697583264175e+02
1.861131769433479803e+02 1.409593791869162089e+02 2.301304496939675630e+02
1.861280435096979602e+02 1.409596350652932699e+02 2.301110296296086801e+02
1.861429100760479400e+02 1.409598909436703309e+02 2.300916095652497972e+02
1.861577766423978915e+02 1.409601468220473919e+02 2.300721895008909144e+02
1.861726432087478713e+02 1.409604027004244813e+02 2.300527694365320599e+02
1.861875097750978512e+02 1.409606585788015423e+02 2.300333493721731770e+02
1.862023763414478026e+02 1.409609144571786032e+02 2.300139293078142941e+02
1.862172429077977824e+02 1.409611703355556642e+02 2.299945092434554113e+02
1.862321094741477623e+02 1.409614262139327536e+02 2.299750891790965568e+02
1.862469760404977137e+02 1.409616820923098146e+02 2.299556691147376739e+02
1.862618426068476936e+02 1.409619379706868756e+02 2.299362490503787910e+02
1.862618426068476936e+02 1.409619379706868756e+02 2.299362490503787910e+02
1.862811358686537346e+02 1.409622700398683719e+02 2.299110464328310570e+02
1.863004291304598041e+02 1.409626021090498398e+02 2.298858438152833230e+02
1.863197223922658736e+02 1.409629341782313077e+02 2.298606411977356174e+02
1.863390156540719147e+02 1.409632662474128040e+02 2.298354385801878834e+02
1.863583089158779558e+02 1.409635983165943003e+02 2.298102359626401494e+02
1.863776021776840253e+02 1.409639303857757682e+02 2.297850333450924154e+02
1.863968954394900948e+02 1.409642624549572361e+02 2.297598307275446814e+02
1.864161887012961358e+02 1.409645945241387324e+02 2.297346281099969474e+02
1.864354819631021769e+02 1.409649265933202287e+02 2.297094254924492418e+02
1.864547752249082464e+02 1.409652586625016966e+02 2.296842228749015078e+02
1.864740684867143159e+02 1.409655907316831644e+02 2.296590202573537738e+02
1.864933617485203570e+02 1.409659228008646608e+02 2.296338176398060398e+02
1.865126550103263980e+02 1.409662548700461571e+02 2.296086150222583058e+02
1.865319482721324675e+02 1.409665869392276250e+02 2.295834124047106002e+02
1.865512415339385370e+02 1.409669190084090928e+02 2.295582097871628662e+02
1.865705347957445781e+02 1.409672510775905891e+02 2.295330071696151322e+02
1.865898280575506192e+02 1.409675831467720855e+02 2.295078045520673982e+02
1.866091213193566887e+02 1.409679152159535533e+02 2.294826019345196642e+02
1.866284145811627582e+02 1.409682472851350212e+02 2.294573993169719301e+02
1.866477078429687992e+02 1.409685793543165175e+02 2.294321966994242246e+02
1.866670011047748403e+02 1.409689114234980138e+02 2.294069940818764906e+02
1.866862943665809098e+02 1.409692434926794817e+02 2.293817914643287565e+02
1.866862943665809098e+02 1.409692434926794817e+02 2.293817914643287565e+02
1.867074301444609148e+02 1.409910130637804286e+02 2.293501291945305525e+02
1.867285659223409482e+02 1.410127826348813471e+02 2.293184669247323768e+02
1.867497017002209532e+02 1.410345522059822940e+02 2.292868046549341727e+02
1.867708374781009582e+02 1.410563217770832125e+02 2.292551423851359971e+02
1.867919732559809631e+02 1.410780913481841594e+02 2.292234801153377930e+02
1.868131090338609965e+02 1.410998609192851063e+02 2.291918178455395889e+02
1.868342448117410015e+02 1.411216304903860248e+02 2.291601555757414133e+02
1.868553805896210065e+02 1.411434000614869717e+02 2.291284933059432092e+02
1.868765163675010115e+02 1.411651696325878902e+02 2.290968310361450335e+02
1.868976521453810449e+02 1.411869392036888371e+02 2.290651687663468294e+02
1.869187879232610499e+02 1.412087087747897840e+02 2.290335064965486254e+02
1.869399237011410548e+02 1.412304783458907025e+02 2.290018442267504497e+02
1.869610594790210882e+02 1.412522479169916494e+02 2.289701819569522456e+02
1.869821952569010932e+02 1.412740174880925679e+02 2.289385196871540700e+02
1.870033310347810982e+02 1.412957870591935148e+02 2.289068574173558659e+02
1.870244668126611032e+02 1.413175566302944333e+02 2.288751951475576902e+02
1.870456025905411366e+02 1.413393262013953802e+02 2.288435328777594862e+02
1.870667383684211416e+02 1.413610957724963271e+02 2.288118706079612821e+02
1.870878741463011465e+02 1.413828653435972456e+02 2.287802083381631064e+02
1.871090099241811515e+02 1.414046349146981925e+02 2.287485460683649023e+02
1.871301457020611849e+02 1.414264044857991109e+02 2.287168837985667267e+02
1.871512814799411899e+02 1.414481740569000578e+02 2.286852215287685226e+02
1.871512814799411899e+02 1.414481740569000578e+02 2.286852215287685226e+02
1.871594734684749994e+02 1.414402978351194804e+02 2.286655405802149801e+02
1.871676654570087805e+02 1.414324216133388745e+02 2.286458596316614376e+02
1.871758574455425901e+02 1.414245453915582971e+02 2.286261786831078950e+02
1.871840494340763996e+02 1.414166691697776912e+02 2.286064977345543241e+02
1.871922414226101807e+02 1.414087929479971137e+02 2.285868167860007816e+02
1.872004334111439903e+02 1.414009167262165079e+02 2.285671358374472391e+02
1.872086253996777998e+02 1.413930405044359304e+02 2.285474548888936965e+02
1.872168173882115809e+02 1.413851642826553245e+02 2.285277739403401540e+02
1.872250093767453905e+02 1.413772880608747471e+02 2.285080929917866115e+02
1.872332013652792000e+02 1.413694118390941412e+02 2.284884120432330405e+02
1.872413933538129811e+02 1.413615356173135638e+02 2.284687310946794980e+02
1.872495853423467906e+02 1.413536593955329579e+02 2.284490501461259555e+02
1.872577773308806002e+02 1.413457831737523804e+02 2.284293691975724130e+02
1.872659693194143813e+02 1.413379069519717746e+02 2.284096882490188705e+02
1.872741613079481908e+02 1.413300307301911971e+02 2.283900073004653279e+02
1.872823532964820004e+02 1.413221545084105912e+02 2.283703263519117570e+02
1.872905452850158099e+02 1.413142782866300138e+02 2.283506454033582145e+02
1.872987372735495910e+02 1.413064020648494079e+02 2.283309644548046720e+02
1.873069292620834005e+02 1.412985258430688305e+02 2.283112835062511294e+02
1.873151212506172101e+02 1.412906496212882246e+02 2.282916025576975869e+02
1.873233132391509912e+02 1.412827733995076471e+02 2.282719216091440444e+02
1.873315052276848007e+02 1.412748971777270413e+02 2.282522406605904735e+02
1.873396972162186103e+02 1.412670209559464638e+02 2.282325597120369309e+02
1.873478892047523914e+02 1.412591447341658579e+02 2.282128787634833884e+02
1.873560811932862009e+02 1.412512685123852805e+02 2.281931978149298459e+02
1.873642731818200104e+02 1.412433922906046746e+02 2.281735168663763034e+02
1.873724651703537916e+02 1.412355160688240971e+02 2.281538359178227608e+02
1.873806571588876011e+02 1.412276398470434913e+02 2.281341549692691899e+02
1.873888491474214106e+02 1.412197636252629138e+02 2.281144740207156474e+02
1.873970411359551917e+02 1.412118874034823079e+02 2.280947930721621049e+02
1.874052331244890013e+02 1.412040111817017305e+02 2.280751121236085623e+02
1.874052331244890013e+02 1.412040111817017305e+02 2.280751121236085623e+02
1.874243525446703131e+02 1.412043402587792116e+02 2.280501365938403069e+02
1.874434719648516250e+02 1.412046693358566642e+02 2.280251610640720514e+02
1.874625913850329084e+02 1.412049984129341453e+02 2.280001855343038244e+02
1.874817108052142203e+02 1.412053274900116264e+02 2.279752100045355689e+02
1.875008302253955321e+02 1.412056565670890791e+02 2.279502344747673135e+02
1.875199496455768440e+02 1.412059856441665602e+02 2.279252589449990580e+02
1.875390690657581274e+02 1.412063147212440128e+02 2.279002834152308026e+02
1.875581884859394393e+02 1.412066437983214939e+02 2.278753078854625471e+02
1.875773079061207511e+02 1.412069728753989750e+02 2.278503323556943201e+02
1.875964273263020630e+02 1.412073019524764277e+02 2.278253568259260646e+02
1.876155467464833464e+02 1.412076310295539088e+02 2.278003812961578092e+02
1.876346661666646582e+02 1.412079601066313899e+02 2.277754057663895537e+02
1.876537855868459701e+02 1.412082891837088425e+02 2.277504302366212983e+02
1.876729050070272820e+02 1.412086182607863236e+02 2.277254547068530712e+02
1.876920244272085938e+02 1.412089473378638047e+02 2.277004791770848158e+02
1.877111438473898772e+02 1.412092764149412574e+02 2.276755036473165603e+02
1.877302632675711891e+02 1.412096054920187385e+02 2.276505281175483049e+02
1.877493826877525009e+02 1.412099345690961911e+02 2.276255525877800494e+02
1.877685021079338128e+02 1.412102636461736722e+02 2.276005770580117940e+02
1.877876215281150962e+02 1.412105927232511533e+02 2.275756015282435669e+02
1.878067409482964081e+02 1.412109218003286060e+02 2.275506259984753115e+02
1.878258603684777199e+02 1.412112508774060871e+02 2.275256504687070560e+02
1.878258603684777199e+02 1.412112508774060871e+02 2.275256504687070560e+02
1.878399704533431986e+02 1.412257840778145521e+02 2.275045129777463728e+02
1.878540805382086489e+02 1.412403172782230172e+02 2.274833754867856896e+02
1.878681906230741276e+02 1.412548504786314822e+02 2.274622379958250065e+02
1.878823007079395779e+02 1.412693836790399473e+02 2.274411005048643233e+02
1.878964107928050566e+02 1.412839168794484124e+02 2.274199630139036401e+02
1.879105208776705354e+02 1.412984500798568774e+02 2.273988255229429569e+02
1.879246309625359856e+02 1.413129832802653425e+02 2.273776880319822737e+02
1.879387410474014644e+02 1.413275164806738076e+02 2.273565505410215906e+02
1.879528511322669146e+02 1.413420496810822726e+02 2.273354130500609074e+02
1.879669612171323934e+02 1.413565828814907377e+02 2.273142755591002242e+02
1.879810713019978721e+02 1.413711160818992028e+02 2.272931380681395126e+02
1.879951813868633224e+02 1.413856492823076678e+02 2.272720005771788294e+02
1.880092914717288011e+02 1.414001824827161329e+02 2.272508630862181462e+02
1.880234015565942514e+02 1.414147156831245979e+02 2.272297255952574631e+02
1.880375116414597301e+02 1.414292488835330630e+02 2.272085881042967799e+02
1.880516217263251804e+02 1.414437820839415281e+02 2.271874506133360967e+02
1.880657318111906591e+02 1.414583152843499931e+02 2.271663131223754135e+02
1.880798418960561378e+02 1.414728484847584582e+02 2.271451756314147303e+02
1.880939519809215881e+02 1.414873816851669233e+02 2.271240381404540472e+02
1.881080620657870668e+02 1.415019148855753883e+02 2.271029006494933640e+02
1.881221721506525171e+02 1.415164480859838534e+02 2.270817631585326808e+02
1.881362822355179958e+02 1.415309812863923185e+02 2.270606256675719976e+02
1.881362822355179958e+02 1.415309812863923185e+02 2.270606256675719976e+02
1.881718983585085709e+02 1.415510517357720630e+02 2.270615252874850967e+02
1.882075144814991745e+02 1.415711221851518360e+02 2.270624249073981957e+02
1.882431306044897497e+02 1.415911926345315806e+02 2.270633245273112948e+02
1.882787467274803532e+02 1.416112630839113535e+02 2.270642241472243938e+02
1.883143628504709284e+02 1.416313335332910981e+02 2.270651237671374929e+02
1.883499789734615035e+02 1.416514039826708427e+02 2.270660233870506204e+02
1.883855950964521071e+02 1.416714744320506156e+02 2.270669230069637194e+02
1.884212112194426822e+02 1.416915448814303602e+02 2.270678226268768185e+02
1.884568273424332858e+02 1.417116153308101332e+02 2.270687222467899176e+02
1.884924434654238610e+02 1.417316857801898777e+02 2.270696218667030166e+02
1.885280595884144361e+02 1.417517562295696223e+02 2.270705214866161157e+02
1.885636757114050397e+02 1.417718266789493953e+02 2.270714211065292147e+02
1.885992918343956148e+02 1.417918971283291398e+02 2.270723207264423138e+02
1.886349079573862184e+02 1.418119675777089128e+02 2.270732203463554129e+02
1.886705240803767936e+02 1.418320380270886574e+02 2.270741199662685403e+02
1.887061402033673687e+02 1.418521084764684019e+02 2.270750195861816394e+02
1.887417563263579723e+02 1.418721789258481749e+02 2.270759192060947385e+02
1.887773724493485474e+02 1.418922493752279195e+02 2.270768188260078375e+02
1.888129885723391510e+02 1.419123198246076925e+02 2.270777184459209366e+02
1.888486046953297262e+02 1.419323902739874370e+02 2.270786180658340356e+02
1.888486046953297262e+02 1.419323902739874370e+02 2.270786180658340356e+02
1.888612871587513951e+02 1.419454530432292643e+02 2.270596192108667708e+02
1.888739696221730640e+02 1.419585158124710915e+02 2.270406203558995060e+02
1.888866520855947329e+02 1.419715785817129188e+02 2.270216215009322411e+02
1.888993345490164018e+02 1.419846413509547460e+02 2.270026226459649763e+02
1.889120170124380707e+02 1.419977041201965733e+02 2.269836237909977115e+02
1.889246994758597396e+02 1.420107668894384005e+02 2.269646249360304466e+02
1.889373819392814369e+02 1.420238296586802278e+02 2.269456260810631818e+02
1.889500644027031058e+02 1.420368924279220550e+02 2.269266272260959170e+02
1.889627468661247747e+02 1.420499551971638823e+02 2.269076283711286521e+02
1.889754293295464436e+02 1.420630179664057096e+02 2.268886295161613873e+02
1.889881117929681125e+02 1.420760807356475368e+02 2.268696306611941225e+02
1.890007942563897814e+02 1.420891435048893641e+02 2.268506318062268576e+02
1.890134767198114503e+02 1.421022062741311629e+02 2.268316329512596212e+02
1.890261591832331192e+02 1.421152690433729902e+02 2.268126340962923564e+02
1.890388416466547881e+02 1.421283318126148174e+02 2.267936352413250916e+02
1.890515241100764570e+02 1.421413945818566447e+02 2.267746363863578267e+02
1.890642065734981259e+02 1.421544573510984719e+02 2.267556375313905619e+02
1.890768890369197948e+02 1.421675201203402992e+02 2.267366386764232971e+02
1.890895715003414637e+02 1.421805828895821264e+02 2.267176398214560322e+02
1.891022539637631610e+02 1.421936456588239537e+02 2.266986409664887674e+02
1.891149364271848299e+02 1.422067084280657809e+02 2.266796421115215026e+02
1.891276188906064988e+02 1.422197711973076082e+02 2.266606432565542377e+02
1.891403013540281677e+02 1.422328339665494354e+02 2.266416444015869729e+02
1.891529838174498366e+02 1.422458967357912627e+02 2.266226455466197081e+02
1.891656662808715055e+02 1.422589595050330900e+02 2.266036466916524432e+02
1.891783487442931744e+02 1.422720222742749172e+02 2.265846478366851784e+02
1.891783487442931744e+02 1.422720222742749172e+02 2.265846478366851784e+02
1.891896479129153477e+02 1.422836602682062619e+02 2.265677212145640738e+02
1.892009470815375209e+02 1.422952982621376066e+02 2.265507945924429691e+02
1.892122462501596942e+02 1.423069362560689513e+02 2.265338679703218645e+02
1.892235454187818959e+02 1.423185742500003244e+02 2.265169413482007599e+02
1.892348445874040692e+02 1.423302122439316690e+02 2.265000147260796552e+02
1.892461437560262425e+02 1.423418502378630137e+02 2.264830881039585222e+02
1.892574429246484158e+02 1.423534882317943584e+02 2.264661614818374176e+02
1.892687420932705891e+02 1.423651262257257031e+02 2.264492348597163129e+02
1.892800412618927623e+02 1.423767642196570478e+02 2.264323082375952083e+02
1.892913404305149356e+02 1.423884022135883924e+02 2.264153816154741037e+02
1.893026395991371373e+02 1.424000402075197655e+02 2.263984549933529991e+02
1.893139387677593106e+02 1.424116782014511102e+02 2.263815283712318944e+02
1.893252379363814839e+02 1.424233161953824549e+02 2.263646017491107898e+02
1.893365371050036572e+02 1.424349541893137996e+02 2.263476751269896852e+02
1.893478362736258305e+02 1.424465921832451443e+02 2.263307485048685805e+02
1.893591354422480038e+02 1.424582301771764890e+02 2.263138218827474475e+02
1.893704346108701770e+02 1.424698681711078336e+02 2.262968952606263429e+02
1.893817337794923787e+02 1.424815061650392067e+02 2.262799686385052382e+02
1.893930329481145520e+02 1.424931441589705514e+02 2.262630420163841336e+02
1.894043321167367253e+02 1.425047821529018961e+02 2.262461153942630290e+02
1.894156312853588986e+02 1.425164201468332408e+02 2.262291887721419243e+02
1.894156312853588986e+02 1.425164201468332408e+02 2.262291887721419243e+02
1.894360156402177324e+02 1.425353752466507444e+02 2.262130320277213968e+02
1.894563999950765378e+02 1.425543303464682481e+02 2.261968752833008693e+02
1.894767843499353717e+02 1.425732854462857517e+02 2.261807185388803418e+02
1.894971687047941771e+02 1.425922405461032554e+02 2.261645617944598143e+02
1.895175530596530109e+02 1.426111956459207590e+02 2.261484050500392868e+02
1.895379374145118163e+02 1.426301507457382627e+02 2.261322483056187593e+02
1.895583217693706501e+02 1.426491058455557663e+02 2.261160915611982318e+02
1.895787061242294556e+02 1.426680609453732984e+02 2.260999348167777043e+02
1.895990904790882894e+02 1.426870160451908021e+02 2.260837780723571768e+02
1.896194748339470948e+02 1.427059711450083057e+02 2.260676213279366493e+02
1.896398591888059286e+02 1.427249262448258094e+02 2.260514645835161218e+02
1.896602435436647340e+02 1.427438813446433130e+02 2.260353078390955943e+02
1.896806278985235679e+02 1.427628364444608167e+02 2.260191510946750668e+02
1.897010122533823733e+02 1.427817915442783203e+02 2.260029943502545393e+02
1.897213966082412071e+02 1.428007466440958240e+02 2.259868376058340118e+02
1.897213966082412071e+02 1.428007466440958240e+02 2.259868376058340118e+02
1.897712208196108463e+02 1.427980840288259685e+02 2.259869373966455441e+02
1.898210450309804855e+02 1.427954214135561131e+02 2.259870371874570765e+02
1.898708692423501248e+02 1.427927587982862576e+02 2.259871369782686372e+02
1.899206934537197640e+02 1.427900961830164022e+02 2.259872367690801696e+02
1.899705176650894032e+02 1.427874335677465467e+02 2.259873365598917019e+02
1.900203418764590424e+02 1.427847709524766913e+02 2.259874363507032342e+02
1.900701660878286816e+02 1.427821083372068358e+02 2.259875361415147665e+02
1.901199902991983208e+02 1.427794457219369519e+02 2.259876359323263273e+02
1.901698145105679600e+02 1.427767831066670965e+02 2.259877357231378596e+02
1.902196387219375993e+02 1.427741204913972410e+02 2.259878355139493920e+02
1.902694629333072385e+02 1.427714578761273856e+02 2.259879353047609243e+02
1.903192871446768777e+02 1.427687952608575301e+02 2.259880350955724566e+02
1.903691113560465169e+02 1.427661326455876747e+02 2.259881348863840174e+02
1.904189355674161561e+02 1.427634700303178192e+02 2.259882346771955497e+02
1.904687597787857953e+02 1.427608074150479638e+02 2.259883344680070820e+02
1.904687597787857953e+02 1.427608074150479638e+02 2.259883344680070820e+02
1.905022585492063456e+02 1.427939899558188586e+02 2.259813758078295223e+02
1.905357573196268959e+02 1.428271724965897533e+02 2.259744171476519625e+02
1.905692560900474177e+02 1.428603550373606481e+02 2.259674584874744028e+02
1.906027548604679680e+02 1.428935375781315429e+02 2.259604998272968430e+02
1.906362536308885183e+02 1.429267201189024377e+02 2.259535411671192833e+02
1.906697524013090685e+02 1.429599026596733609e+02 2.259465825069416951e+02
1.907032511717295904e+02 1.429930852004442556e+02 2.259396238467641354e+02
1.907367499421501407e+02 1.430262677412151504e+02 2.259326651865865756e+02
1.907702487125706909e+02 1.430594502819860452e+02 2.259257065264090159e+02
1.908037474829912412e+02 1.430926328227569400e+02 2.259187478662314561e+02
1.908372462534117915e+02 1.431258153635278347e+02 2.259117892060538964e+02
1.908707450238323133e+02 1.431589979042987295e+02 2.259048305458763366e+02
1.909042437942528636e+02 1.431921804450696243e+02 2.258978718856987769e+02
1.909377425646734139e+02 1.432253629858405191e+02 2.258909132255212171e+02
1.909712413350939642e+02 1.432585455266114138e+02 2.258839545653436574e+02
1.910047401055145144e+02 1.432917280673823086e+02 2.258769959051660976e+02
1.910382388759350363e+02 1.433249106081532034e+02 2.258700372449885379e+02
1.910717376463555865e+02 1.433580931489241266e+02 2.258630785848109497e+02
1.911052364167761368e+02 1.433912756896950214e+02 2.258561199246333899e+02
1.911387351871966871e+02 1.434244582304659161e+02 2.258491612644558302e+02
1.911722339576172089e+02 1.434576407712368109e+02 2.258422026042782704e+02
1.912057327280377592e+02 1.434908233120077057e+02 2.258352439441007107e+02
1.912392314984583095e+02 1.435240058527786005e+02 2.258282852839231509e+02
1.912392314984583095e+02 1.435240058527786005e+02 2.258282852839231509e+02
1.912540976195263056e+02 1.435242617234916338e+02 2.258088658012322014e+02
1.912689637405942733e+02 1.435245175942046387e+02 2.257894463185412519e+02
1.912838298616622694e+02 1.435247734649176721e+02 2.257700268358503024e+02
1.912986959827302371e+02 1.435250293356307054e+02 2.257506073531593529e+02
1.913135621037982332e+02 1.435252852063437103e+02 2.257311878704684034e+02
1.913284282248662009e+02 1.435255410770567437e+02 2.257117683877774823e+02
1.913432943459341971e+02 1.435257969477697486e+02 2.256923489050865328e+02
1.913581604670021648e+02 1.435260528184827820e+02 2.256729294223955833e+02
1.913730265880701609e+02 1.435263086891958153e+02 2.256535099397046338e+02
1.913878927091381286e+02 1.435265645599088202e+02 2.256340904570136843e+02
1.914027588302061247e+02 1.435268204306218536e+02 2.256146709743227348e+02
1.914176249512741208e+02 1.435270763013348869e+02 2.255952514916317853e+02
1.914324910723420885e+02 1.435273321720478918e+02 2.255758320089408357e+02
1.914473571934100846e+02 1.435275880427609252e+02 2.255564125262498862e+02
1.914622233144780523e+02 1.435278439134739301e+02 2.255369930435589367e+02
1.914770894355460484e+02 1.435280997841869635e+02 2.255175735608679872e+02
1.914919555566140161e+02 1.435283556548999968e+02 2.254981540781770377e+02
1.915068216776820123e+02 1.435286115256130017e+02 2.254787345954861166e+02
1.915216877987499799e+02 1.435288673963260351e+02 2.254593151127951671e+02
1.915365539198179761e+02 1.435291232670390684e+02 2.254398956301042176e+02
1.915514200408859438e+02 1.435293791377520733e+02 2.254204761474132681e+02
1.915662861619539399e+02 1.435296350084651067e+02 2.254010566647223186e+02
1.915811522830219076e+02 1.435298908791781116e+02 2.253816371820313691e+02
1.915960184040899037e+02 1.435301467498911450e+02 2.253622176993404196e+02
1.916108845251578998e+02 1.435304026206041783e+02 2.253427982166494701e+02
1.916257506462258675e+02 1.435306584913171832e+02 2.253233787339585206e+02
1.916406167672938636e+02 1.435309143620302166e+02 2.253039592512675711e+02
1.916554828883618313e+02 1.435311702327432499e+02 2.252845397685766216e+02
1.916703490094298274e+02 1.435314261034562549e+02 2.252651202858856720e+02
1.916852151304977951e+02 1.435316819741692882e+02 2.252457008031947510e+02
1.917000812515657913e+02 1.435319378448822931e+02 2.252262813205038015e+02
1.917149473726337590e+02 1.435321937155953265e+02 2.252068618378128519e+02
1.917298134937017551e+02 1.435324495863083598e+02 2.251874423551219024e+02
1.917446796147697228e+02 1.435327054570213647e+02 2.251680228724309529e+02
1.917595457358377189e+02 1.435329613277343981e+02 2.251486033897400034e+02
1.917595457358377189e+02 1.435329613277343981e+02 2.251486033897400034e+02
1.917789155302677102e+02 1.435332947141698412e+02 2.251233007983013579e+02
1.917982853246977299e+02 1.435336281006053127e+02 2.250979982068627123e+02
1.918176551191277213e+02 1.435339614870407559e+02 2.250726956154240668e+02
1.918370249135577126e+02 1.435342948734762274e+02 2.250473930239854212e+02
1.918563947079877323e+02 1.435346282599116705e+02 2.250220904325467757e+02
1.918757645024177236e+02 1.435349616463471421e+02 2.249967878411081301e+02
1.918951342968477434e+02 1.435352950327825852e+02 2.249714852496694846e+02
1.919145040912777347e+02 1.435356284192180567e+02 2.249461826582308390e+02
1.919338738857077260e+02 1.435359618056534998e+02 2.249208800667921935e+02
1.919532436801377457e+02 1.435362951920889714e+02 2.248955774753535479e+02
1.919726134745677371e+02 1.435366285785244145e+02 2.248702748839149024e+02
1.919919832689977284e+02 1.435369619649598860e+02 2.248449722924762568e+02
1.920113530634277481e+02 1.435372953513953291e+02 2.248196697010376113e+02
1.920307228578577394e+02 1.435376287378308007e+02 2.247943671095989373e+02
1.920500926522877592e+02 1.435379621242662438e+02 2.247690645181602918e+02
1.920694624467177505e+02 1.435382955107017153e+02 2.247437619267216462e+02
1.920888322411477418e+02 1.435386288971371584e+02 2.247184593352830007e+02
1.921082020355777615e+02 1.435389622835726300e+02 2.246931567438443551e+02
1.921275718300077529e+02 1.435392956700080731e+02 2.246678541524057096e+02
1.921469416244377442e+02 1.435396290564435446e+02 2.246425515609670640e+02
1.921663114188677639e+02 1.435399624428789878e+02 2.246172489695284185e+02
1.921856812132977552e+02 1.435402958293144593e+02 2.245919463780897729e+02
1.922050510077277750e+02 1.435406292157499024e+02 2.245666437866511274e+02
1.922244208021577663e+02 1.435409626021853740e+02 2.245413411952124818e+02
1.922437905965877576e+02 1.435412959886208171e+02 2.245160386037738363e+02
1.922631603910177773e+02 1.435416293750562886e+02 2.244907360123351907e+02
1.922825301854477686e+02 1.435419627614917317e+02 2.244654334208965452e+02
1.922825301854477686e+02 1.435419627614917317e+02 2.244654334208965452e+02
1.922882406624295015e+02 1.435523382366113481e+02 2.244423165137944522e+02
1.922939511394112060e+02 1.435627137117309360e+02 2.244191996066923593e+02
1.922996616163929389e+02 1.435730891868505523e+02 2.243960826995902664e+02
1.923053720933746433e+02 1.435834646619701687e+02 2.243729657924881735e+02
1.923110825703563762e+02 1.435938401370897566e+02 2.243498488853860806e+02
1.923167930473380807e+02 1.436042156122093729e+02 2.243267319782839877e+02
1.923225035243198136e+02 1.436145910873289893e+02 2.243036150711819232e+02
1.923282140013015180e+02 1.436249665624485772e+02 2.242804981640798303e+02
1.923339244782832509e+02 1.436353420375681935e+02 2.242573812569777374e+02
1.923396349552649838e+02 1.436457175126878099e+02 2.242342643498756445e+02
1.923453454322466882e+02 1.436560929878073978e+02 2.242111474427735516e+02
1.923510559092284211e+02 1.436664684629270141e+02 2.241880305356714587e+02
1.923567663862101256e+02 1.436768439380466305e+02 2.241649136285693658e+02
1.923624768631918585e+02 1.436872194131662184e+02 2.241417967214672728e+02
1.923681873401735629e+02 1.436975948882858347e+02 2.241186798143651799e+02
1.923738978171552958e+02 1.437079703634054511e+02 2.240955629072630870e+02
1.923796082941370003e+02 1.437183458385250390e+02 2.240724460001609941e+02
1.923853187711187331e+02 1.437287213136446553e+02 2.240493290930589012e+02
1.923910292481004660e+02 1.437390967887642717e+02 2.240262121859568083e+02
1.923967397250821705e+02 1.437494722638838596e+02 2.240030952788547154e+02
1.924024502020639034e+02 1.437598477390034759e+02 2.239799783717526509e+02
1.924081606790456078e+02 1.437702232141230922e+02 2.239568614646505580e+02
1.924138711560273407e+02 1.437805986892426802e+02 2.239337445575484651e+02
1.924195816330090452e+02 1.437909741643622965e+02 2.239106276504463722e+02
1.924252921099907780e+02 1.438013496394819128e+02 2.238875107433442793e+02
1.924310025869724825e+02 1.438117251146015008e+02 2.238643938362421864e+02
1.924367130639542154e+02 1.438221005897211171e+02 2.238412769291400934e+02
1.924367130639542154e+02 1.438221005897211171e+02 2.238412769291400934e+02
1.924301787428608179e+02 1.438168576914700054e+02 2.238207279537699605e+02
1.924236444217674489e+02 1.438116147932189222e+02 2.238001789783997992e+02
1.924171101006740514e+02 1.438063718949678105e+02 2.237796300030296379e+02
1.924105757795806824e+02 1.438011289967167272e+02 2.237590810276595050e+02
1.924040414584872849e+02 1.437958860984656155e+02 2.237385320522893721e+02
1.923975071373939159e+02 1.437906432002145323e+02 2.237179830769192108e+02
1.923909728163005184e+02 1.437854003019634206e+02 2.236974341015490495e+02
1.923844384952071493e+02 1.437801574037123373e+02 2.236768851261789166e+02
1.923779041741137519e+02 1.437749145054612256e+02 2.236563361508087837e+02
1.923713698530203828e+02 1.437696716072101424e+02 2.236357871754386224e+02
1.923648355319269854e+02 1.437644287089590307e+02 2.236152382000684611e+02
1.923583012108335879e+02 1.437591858107079190e+02 2.235946892246983282e+02
1.923517668897402189e+02 1.437539429124568358e+02 2.235741402493281953e+02
1.923452325686468214e+02 1.437487000142057241e+02 2.235535912739580340e+02
1.923386982475534523e+02 1.437434571159546408e+02 2.235330422985878727e+02
1.923321639264600549e+02 1.437382142177035291e+02 2.235124933232177398e+02
1.923256296053666858e+02 1.437329713194524459e+02 2.234919443478476069e+02
1.923190952842732884e+02 1.437277284212013342e+02 2.234713953724774456e+02
1.923125609631799193e+02 1.437224855229502509e+02 2.234508463971072842e+02
1.923060266420865219e+02 1.437172426246991392e+02 2.234302974217371514e+02
1.922994923209931528e+02 1.437119997264480560e+02 2.234097484463670185e+02
1.922929579998997554e+02 1.437067568281969443e+02 2.233891994709968571e+02
1.922929579998997554e+02 1.437067568281969443e+02 2.233891994709968571e+02
1.923157328753680702e+02 1.436825030215596541e+02 2.233610429869969778e+02
1.923385077508363850e+02 1.436582492149223640e+02 2.233328865029970700e+02
1.923612826263047282e+02 1.436339954082850738e+02 2.233047300189971907e+02
1.923840575017730430e+02 1.436097416016477837e+02 2.232765735349973113e+02
1.924068323772413578e+02 1.435854877950104935e+02 2.232484170509974035e+02
1.924296072527096726e+02 1.435612339883732034e+02 2.232202605669975242e+02
1.924523821281779874e+02 1.435369801817359132e+02 2.231921040829976448e+02
1.924751570036463306e+02 1.435127263750985946e+02 2.231639475989977370e+02
1.924979318791146454e+02 1.434884725684613045e+02 2.231357911149978577e+02
1.925207067545829602e+02 1.434642187618240143e+02 2.231076346309979783e+02
1.925434816300512750e+02 1.434399649551867242e+02 2.230794781469980705e+02
1.925662565055195898e+02 1.434157111485494340e+02 2.230513216629981912e+02
1.925890313809879331e+02 1.433914573419121439e+02 2.230231651789983118e+02
1.926118062564562479e+02 1.433672035352748537e+02 2.229950086949984041e+02
1.926345811319245627e+02 1.433429497286375636e+02 2.229668522109985247e+02
1.926345811319245627e+02 1.433429497286375636e+02 2.229668522109985247e+02
1.926528520753283260e+02 1.433258022422056968e+02 2.229685096004486127e+02
1.926711230187321178e+02 1.433086547557738015e+02 2.229701669898986722e+02
1.926893939621358811e+02 1.432915072693419347e+02 2.229718243793487318e+02
1.927076649055396445e+02 1.432743597829100395e+02 2.229734817687988198e+02
1.927259358489434362e+02 1.432572122964781727e+02 2.229751391582489077e+02
1.927442067923471996e+02 1.432400648100463059e+02 2.229767965476989673e+02
1.927624777357509629e+02 1.432229173236144106e+02 2.229784539371490268e+02
1.927807486791547262e+02 1.432057698371825438e+02 2.229801113265991148e+02
1.927990196225585180e+02 1.431886223507506486e+02 2.229817687160492028e+02
1.928172905659622813e+02 1.431714748643187818e+02 2.229834261054992623e+02
1.928355615093660447e+02 1.431543273778869150e+02 2.229850834949493219e+02
1.928538324527698364e+02 1.431371798914550197e+02 2.229867408843994099e+02
1.928721033961735998e+02 1.431200324050231529e+02 2.229883982738494979e+02
1.928903743395773631e+02 1.431028849185912577e+02 2.229900556632995574e+02
1.929086452829811265e+02 1.430857374321593909e+02 2.229917130527496170e+02
1.929269162263849182e+02 1.430685899457275241e+02 2.229933704421997049e+02
1.929451871697886816e+02 1.430514424592956289e+02 2.229950278316497929e+02
1.929634581131924449e+02 1.430342949728637620e+02 2.229966852210998525e+02
1.929817290565962367e+02 1.430171474864318668e+02 2.229983426105499120e+02
1.930000000000000000e+02 1.430000000000000000e+02 2.230000000000000000e+02
1.930000000000000000e+02 1.430000000000000000e+02 2.230000000000000000e+02
1.930000000000000000e+02 1.430000000000000000e+02 2.230000000000000000e+02
1.930000000000000000e+02 1.430000000000000000e+02 2.230000000000000000e+02
1.930000000000000000e+02 1.430000000000000000e+02 2.230000000000000000e+02
1.930000000000000000e+02 1.430000000000000000e+02 2.230000000000000000e+02
1.930000000000000000e+02 1.430000000000000000e+02 2.230000000000000000e+02
1.930000000000000000e+02 1.430000000000000000e+02 2.230000000000000000e+02
1.930000000000000000e+02 1.430000000000000000e+02 2.230000000000000000e+02
1.930000000000000000e+02 1.430000000000000000e+02 2.230000000000000000e+02
1.930000000000000000e+02 1.430000000000000000e+02 2.230000000000000000e+02
1.930000000000000000e+02 1.430000000000000000e+02 2.230000000000000000e+02
1.930000000000000000e+02 1.430000000000000000e+02 2.230000000000000000e+02
1.930000000000000000e+02 1.430000000000000000e+02 2.230000000000000000e+02
1.930000000000000000e+02 1.430000000000000000e+02 2.230000000000000000e+02
1.930000000000000000e+02 1.430000000000000000e+02 2.230000000000000000e+02
1.930000000000000000e+02 1.430000000000000000e+02 2.230000000000000000e+02
1.930000000000000000e+02 1.430000000000000000e+02 2.230000000000000000e+02
1.930234468684091667e+02 1.429760975860017140e+02 2.230000669652303031e+02
1.930468937368183049e+02 1.429521951720034565e+02 2.230001339304606063e+02
1.930703406052274715e+02 1.429282927580051705e+02 2.230002008956909094e+02
1.930937874736366382e+02 1.429043903440068846e+02 2.230002678609212410e+02
1.931172343420458049e+02 1.428804879300085986e+02 2.230003348261515441e+02
1.931406812104549431e+02 1.428565855160103411e+02 2.230004017913818473e+02
1.931641280788641097e+02 1.428326831020120551e+02 2.230004687566121504e+02
1.931875749472732764e+02 1.428087806880137691e+02 2.230005357218424535e+02
1.932110218156824430e+02 1.427848782740154832e+02 2.230006026870727567e+02
1.932344686840915813e+02 1.427609758600172256e+02 2.230006696523030598e+02
1.932579155525007479e+02 1.427370734460189396e+02 2.230007366175333630e+02
1.932813624209099146e+02 1.427131710320206537e+02 2.230008035827636945e+02
1.933048092893190812e+02 1.426892686180223677e+02 2.230008705479939977e+02
1.933282561577282195e+02 1.426653662040241102e+02 2.230009375132243008e+02
1.933517030261373861e+02 1.426414637900258242e+02 2.230010044784546039e+02
1.933517030261373861e+02 1.426414637900258242e+02 2.230010044784546039e+02
1.933664971608897076e+02 1.426160864135006250e+02 2.230142090072433234e+02
1.933812912956420575e+02 1.425907090369753973e+02 2.230274135360320429e+02
1.933960854303943790e+02 1.425653316604501981e+02 2.230406180648207908e+02
1.934108795651467290e+02 1.425399542839249989e+02 2.230538225936095102e+02
1.934256736998990505e+02 1.425145769073997712e+02 2.230670271223982297e+02
1.934404678346513720e+02 1.424891995308745720e+02 2.230802316511869492e+02
1.934552619694037219e+02 1.424638221543493728e+02 2.230934361799756687e+02
1.934700561041560434e+02 1.424384447778241451e+02 2.231066407087644166e+02
1.934848502389083933e+02 1.424130674012989459e+02 2.231198452375531360e+02
1.934996443736607148e+02 1.423876900247737467e+02 2.231330497663418555e+02
1.935144385084130363e+02 1.423623126482485191e+02 2.231462542951305750e+02
1.935292326431653862e+02 1.423369352717233198e+02 2.231594588239192944e+02
1.935440267779177077e+02 1.423115578951981206e+02 2.231726633527080423e+02
1.935588209126700576e+02 1.422861805186728930e+02 2.231858678814967618e+02
1.935736150474223791e+02 1.422608031421476937e+02 2.231990724102854813e+02
1.935736150474223791e+02 1.422608031421476937e+02 2.231990724102854813e+02
1.935884091821747006e+02 1.422354257656224945e+02 2.232122769390742008e+02
1.936032033169270505e+02 1.422100483890972669e+02 2.232254814678629202e+02
1.936179974516793720e+02 1.421846710125720676e+02 2.232386859966516681e+02
1.936327915864317220e+02 1.421592936360468684e+02 2.232518905254403876e+02
1.936475857211840435e+02 1.421339162595216408e+02 2.232650950542291071e+02
1.936623798559363649e+02 1.421085388829964415e+02 2.232782995830178265e+02
1.936771739906887149e+02 1.420831615064712423e+02 2.232915041118065460e+02
1.936919681254410364e+02 1.420577841299460147e+02 2.233047086405952939e+02
1.937067622601933863e+02 1.420324067534208154e+02 2.233179131693840134e+02
1.937215563949457078e+02 1.420070293768956162e+02 2.233311176981727328e+02
1.937363505296980293e+02 1.419816520003703886e+02 2.233443222269614523e+02
1.937511446644503792e+02 1.419562746238451894e+02 2.233575267557501718e+02
1.937659387992027007e+02 1.419308972473199901e+02 2.233707312845389197e+02
1.937807329339550506e+02 1.419055198707947625e+02 2.233839358133276392e+02
1.937955270687073721e+02 1.418801424942695633e+02 2.233971403421163586e+02
1.937955270687073721e+02 1.418801424942695633e+02 2.233971403421163586e+02
1.938021610418552143e+02 1.418488988485148639e+02 2.233978431961536444e+02
1.938087950150030849e+02 1.418176552027601645e+02 2.233985460501909301e+02
1.938154289881509271e+02 1.417864115570054651e+02 2.233992489042282159e+02
1.938220629612987977e+02 1.417551679112507657e+02 2.233999517582655017e+02
1.938286969344466399e+02 1.417239242654960663e+02 2.234006546123027874e+02
1.938353309075944821e+02 1.416926806197413669e+02 2.234013574663400732e+02
1.938419648807423528e+02 1.416614369739866675e+02 2.234020603203773589e+02
1.938485988538901950e+02 1.416301933282319681e+02 2.234027631744146447e+02
1.938552328270380656e+02 1.415989496824772402e+02 2.234034660284519020e+02
1.938618668001859078e+02 1.415677060367225408e+02 2.234041688824891878e+02
1.938685007733337784e+02 1.415364623909678414e+02 2.234048717365264736e+02
1.938751347464816206e+02 1.415052187452131420e+02 2.234055745905637593e+02
1.938817687196294628e+02 1.414739750994584426e+02 2.234062774446010451e+02
1.938884026927773334e+02 1.414427314537037432e+02 2.234069802986383309e+02
1.938950366659251756e+02 1.414114878079490438e+02 2.234076831526756166e+02
1.939016706390730462e+02 1.413802441621943444e+02 2.234083860067129024e+02
1.939083046122208884e+02 1.413490005164396450e+02 2.234090888607501881e+02
1.939083046122208884e+02 1.413490005164396450e+02 2.234090888607501881e+02
1.939075675021310303e+02 1.413213944769091199e+02 2.233930596202876586e+02
1.939068303920411438e+02 1.412937884373785948e+02 2.233770303798251575e+02
1.939060932819512857e+02 1.412661823978480697e+02 2.233610011393626564e+02
1.939053561718613992e+02 1.412385763583175446e+02 2.233449718989001269e+02
1.939046190617715411e+02 1.412109703187870196e+02 2.233289426584375974e+02
1.939038819516816545e+02 1.411833642792564945e+02 2.233129134179750963e+02
1.939031448415917964e+02 1.411557582397259694e+02 2.232968841775125952e+02
1.939024077315019099e+02 1.411281522001954443e+02 2.232808549370500657e+02
1.939016706214120518e+02 1.411005461606649192e+02 2.232648256965875362e+02
1.939009335113221937e+02 1.410729401211344225e+02 2.232487964561250351e+02
1.939001964012323072e+02 1.410453340816038974e+02 2.232327672156625340e+02
1.938994592911424490e+02 1.410177280420733723e+02 2.232167379752000045e+02
1.938987221810525625e+02 1.409901220025428472e+02 2.232007087347374750e+02
1.938979850709627044e+02 1.409625159630123221e+02 2.231846794942749739e+02
1.938972479608728179e+02 1.409349099234817970e+02 2.231686502538124728e+02
1.938965108507829598e+02 1.409073038839512719e+02 2.231526210133499433e+02
1.938957737406930733e+02 1.408796978444207468e+02 2.231365917728874138e+02
1.938950366306032151e+02 1.408520918048902217e+02 2.231205625324249127e+02
1.938950366306032151e+02 1.408520918048902217e+02 2.231205625324249127e+02
1.938978357390477925e+02 1.408320291715916426e+02 2.230958006238192297e+02
1.939006348474923698e+02 1.408119665382930634e+02 2.230710387152135183e+02
1.939034339559369471e+02 1.407919039049945127e+02 2.230462768066078354e+02
1.939062330643815244e+02 1.407718412716959335e+02 2.230215148980021240e+02
1.939090321728261301e+02 1.407517786383973544e+02 2.229967529893964411e+02
1.939118312812707074e+02 1.407317160050987752e+02 2.229719910807907297e+02
1.939146303897152848e+02 1.407116533718001961e+02 2.229472291721850468e+02
1.939174294981598621e+02 1.406915907385016453e+02 2.229224672635793354e+02
1.939202286066044394e+02 1.406715281052030662e+02 2.228977053549736524e+02
1.939230277150490167e+02 1.406514654719044870e+02 2.228729434463679695e+02
1.939258268234935940e+02 1.406314028386059078e+02 2.228481815377622581e+02
1.939286259319381998e+02 1.406113402053073287e+02 2.228234196291565752e+02
1.939314250403827771e+02 1.405912775720087495e+02 2.227986577205508638e+02
1.939342241488273544e+02 1.405712149387101988e+02 2.227738958119451809e+02
1.939370232572719317e+02 1.405511523054116196e+02 2.227491339033394695e+02
1.939398223657165090e+02 1.405310896721130405e+02 2.227243719947337866e+02
1.939398223657165090e+02 1.405310896721130405e+02 2.227243719947337866e+02
1.939395906492379993e+02 1.404988245480329567e+02 2.227267662399291623e+02
1.939393589327594611e+02 1.404665594239528730e+02 2.227291604851245665e+02
1.939391272162809514e+02 1.404342942998727892e+02 2.227315547303199423e+02
1.939388954998024417e+02 1.404020291757927055e+02 2.227339489755153465e+02
1.939386637833239320e+02 1.403697640517125933e+02 2.227363432207107223e+02
1.939384320668453938e+02 1.403374989276325095e+02 2.227387374659061265e+02
1.939382003503668841e+02 1.403052338035524258e+02 2.227411317111015023e+02
1.939379686338883744e+02 1.402729686794723420e+02 2.227435259562969065e+02
1.939377369174098362e+02 1.402407035553922583e+02 2.227459202014922823e+02
1.939375052009313265e+02 1.402084384313121745e+02 2.227483144466876865e+02
1.939372734844528168e+02 1.401761733072320908e+02 2.227507086918830623e+02
1.939370417679742786e+02 1.401439081831520070e+02 2.227531029370784381e+02
1.939368100514957689e+02 1.401116430590719233e+02 2.227554971822738423e+02
1.939365783350172592e+02 1.400793779349918395e+02 2.227578914274692181e+02
1.939363466185387210e+02 1.400471128109117274e+02 2.227602856726646223e+02
1.939361149020602113e+02 1.400148476868316436e+02 2.227626799178599981e+02
1.939358831855817016e+02 1.399825825627515599e+02 2.227650741630554023e+02
1.939356514691031919e+02 1.399503174386714761e+02 2.227674684082507781e+02
1.939354197526246537e+02 1.399180523145913924e+02 2.227698626534461823e+02
1.939351880361461440e+02 1.398857871905113086e+02 2.227722568986415581e+02
1.939351880361461440e+02 1.398857871905113086e+02 2.227722568986415581e+02
1.939582855393217926e+02 1.398622409295097668e+02 2.227723228660702546e+02
1.939813830424974128e+02 1.398386946685082535e+02 2.227723888334989226e+02
1.940044805456730614e+02 1.398151484075067117e+02 2.227724548009276191e+02
1.940275780488486816e+02 1.397916021465051983e+02 2.227725207683562871e+02
1.940506755520243303e+02 1.397680558855036566e+02 2.227725867357849836e+02
1.940737730551999789e+02 1.397445096245021148e+02 2.227726527032136516e+02
1.940968705583755991e+02 1.397209633635006014e+02 2.227727186706423481e+02
1.941199680615512477e+02 1.396974171024990596e+02 2.227727846380710162e+02
1.941430655647268679e+02 1.396738708414975463e+02 2.227728506054997126e+02
1.941661630679025166e+02 1.396503245804960045e+02 2.227729165729284091e+02
1.941892605710781652e+02 1.396267783194944627e+02 2.227729825403570771e+02
1.942123580742537854e+02 1.396032320584929494e+02 2.227730485077857736e+02
1.942354555774294340e+02 1.395796857974914076e+02 2.227731144752144417e+02
1.942585530806050542e+02 1.395561395364898942e+02 2.227731804426431381e+02
1.942816505837807028e+02 1.395325932754883524e+02 2.227732464100718062e+02
1.943047480869563515e+02 1.395090470144868107e+02 2.227733123775005026e+02
1.943278455901319717e+02 1.394855007534852973e+02 2.227733783449291707e+02
1.943509430933076203e+02 1.394619544924837555e+02 2.227734443123578671e+02
1.943740405964832405e+02 1.394384082314822422e+02 2.227735102797865352e+02
1.943971380996588891e+02 1.394148619704807004e+02 2.227735762472152317e+02
1.943971380996588891e+02 1.394148619704807004e+02 2.227735762472152317e+02
1.944137007053078037e+02 1.393999838491665457e+02 2.227511290929317056e+02
1.944302633109567182e+02 1.393851057278523911e+02 2.227286819386481795e+02
1.944468259166056043e+02 1.393702276065382364e+02 2.227062347843646535e+02
1.944633885222545189e+02 1.393553494852240533e+02 2.226837876300811274e+02
1.944799511279034334e+02 1.393404713639098986e+02 2.226613404757976014e+02
1.944965137335523480e+02 1.393255932425957440e+02 2.226388933215141037e+02
1.945130763392012625e+02 1.393107151212815893e+02 2.226164461672305777e+02
1.945296389448501486e+02 1.392958369999674346e+02 2.225939990129470516e+02
1.945462015504990632e+02 1.392809588786532800e+02 2.225715518586635255e+02
1.945627641561479777e+02 1.392660807573391253e+02 2.225491047043799995e+02
1.945793267617968922e+02 1.392512026360249422e+02 2.225266575500964734e+02
1.945958893674458068e+02 1.392363245147107875e+02 2.225042103958129474e+02
1.946124519730946929e+02 1.392214463933966329e+02 2.224817632415294213e+02
1.946290145787436074e+02 1.392065682720824782e+02 2.224593160872458952e+02
1.946455771843925220e+02 1.391916901507683235e+02 2.224368689329623976e+02
1.946621397900414365e+02 1.391768120294541689e+02 2.224144217786788715e+02
1.946787023956903511e+02 1.391619339081399858e+02 2.223919746243953455e+02
1.946952650013392372e+02 1.391470557868258311e+02 2.223695274701118194e+02
1.947118276069881517e+02 1.391321776655116764e+02 2.223470803158282934e+02
1.947283902126370663e+02 1.391172995441975218e+02 2.223246331615447673e+02
1.947283902126370663e+02 1.391172995441975218e+02 2.223246331615447673e+02
1.947284683484575680e+02 1.391012826414740005e+02 2.222978782224654708e+02
1.947285464842780982e+02 1.390852657387504792e+02 2.222711232833862027e+02
1.947286246200986000e+02 1.390692488360269863e+02 2.222443683443069062e+02
1.947287027559191301e+02 1.390532319333034650e+02 2.222176134052276382e+02
1.947287808917396319e+02 1.390372150305799437e+02 2.221908584661483417e+02
1.947288590275601337e+02 1.390211981278564224e+02 2.221641035270690736e+02
1.947289371633806638e+02 1.390051812251329295e+02 2.221373485879897771e+02
1.947290152992011656e+02 1.389891643224094082e+02 2.221105936489104806e+02
1.947290934350216673e+02 1.389731474196858869e+02 2.220838387098312126e+02
1.947291715708421975e+02 1.389571305169623656e+02 2.220570837707519161e+02
1.947292497066626993e+02 1.389411136142388727e+02 2.220303288316726480e+02
1.947293278424832295e+02 1.389250967115153514e+02 2.220035738925933515e+02
1.947294059783037312e+02 1.389090798087918301e+02 2.219768189535140550e+02
1.947294841141242330e+02 1.388930629060683088e+02 2.219500640144347869e+02
1.947295622499447632e+02 1.388770460033447876e+02 2.219233090753554904e+02
1.947296403857652649e+02 1.388610291006212947e+02 2.218965541362762224e+02
1.947297185215857951e+02 1.388450121978977734e+02 2.218697991971969259e+02
1.947297966574062968e+02 1.388289952951742521e+02 2.218430442581176578e+02
1.947298747932267986e+02 1.388129783924507308e+02 2.218162893190383613e+02
1.947299529290473288e+02 1.387969614897272379e+02 2.217895343799590648e+02
1.947300310648678305e+02 1.387809445870037166e+02 2.217627794408797968e+02
1.947301092006883323e+02 1.387649276842801953e+02 2.217360245018005003e+02
1.947301873365088625e+02 1.387489107815566740e+02 2.217092695627212322e+02
1.947302654723293642e+02 1.387328938788331811e+02 2.216825146236419357e+02
1.947303436081498944e+02 1.387168769761096598e+02 2.216557596845626676e+02
1.947304217439703962e+02 1.387008600733861385e+02 2.216290047454833712e+02
1.947304217439703962e+02 1.387008600733861385e+02 2.216290047454833712e+02
1.947471189354708940e+02 1.386858610541486883e+02 2.216063751881746668e+02
1.947638161269713919e+02 1.386708620349112380e+02 2.215837456308659910e+02
1.947805133184719182e+02 1.386558630156737877e+02 2.215611160735572867e+02
1.947972105099724160e+02 1.386408639964363658e+02 2.215384865162485823e+02
1.948139077014729139e+02 1.386258649771989155e+02 2.215158569589398780e+02
1.948306048929734118e+02 1.386108659579614653e+02 2.214932274016312022e+02
1.948473020844739096e+02 1.385958669387240150e+02 2.214705978443224978e+02
1.948639992759744359e+02 1.385808679194865647e+02 2.214479682870137935e+02
1.948806964674749338e+02 1.385658689002491144e+02 2.214253387297051177e+02
1.948973936589754317e+02 1.385508698810116641e+02 2.214027091723964134e+02
1.949140908504759295e+02 1.385358708617742423e+02 2.213800796150877090e+02
1.949307880419764274e+02 1.385208718425367920e+02 2.213574500577790047e+02
1.949474852334769253e+02 1.385058728232993417e+02 2.213348205004703289e+02
1.949641824249774515e+02 1.384908738040618914e+02 2.213121909431616245e+02
1.949808796164779494e+02 1.384758747848244411e+02 2.212895613858529202e+02
1.949975768079784473e+02 1.384608757655869908e+02 2.212669318285442444e+02
1.950142739994789451e+02 1.384458767463495406e+02 2.212443022712355400e+02
1.950309711909794430e+02 1.384308777271121187e+02 2.212216727139268357e+02
1.950476683824799693e+02 1.384158787078746684e+02 2.211990431566181314e+02
1.950643655739804672e+02 1.384008796886372181e+02 2.211764135993094555e+02
1.950810627654809650e+02 1.383858806693997678e+02 2.211537840420007512e+02
1.950810627654809650e+02 1.383858806693997678e+02 2.211537840420007512e+02
1.951130539663447223e+02 1.383854948428201510e+02 2.211515389879464806e+02
1.951450451672084796e+02 1.383851090162405058e+02 2.211492939338922383e+02
1.951770363680722369e+02 1.383847231896608889e+02 2.211470488798379677e+02
1.952090275689359942e+02 1.383843373630812437e+02 2.211448038257836970e+02
1.952410187697997515e+02 1.383839515365016268e+02 2.211425587717294547e+02
1.952730099706635087e+02 1.383835657099219816e+02 2.211403137176751841e+02
1.953050011715272660e+02 1.383831798833423647e+02 2.211380686636209418e+02
1.953369923723910233e+02 1.383827940567627195e+02 2.211358236095666712e+02
1.953689835732547806e+02 1.383824082301831027e+02 2.211335785555124005e+02
1.954009747741185379e+02 1.383820224036034574e+02 2.211313335014581583e+02
1.954329659749822952e+02 1.383816365770238406e+02 2.211290884474038876e+02
1.954649571758460525e+02 1.383812507504441953e+02 2.211268433933496169e+02
1.954969483767097813e+02 1.383808649238645785e+02 2.211245983392953747e+02
1.955289395775735386e+02 1.383804790972849332e+02 2.211223532852411040e+02
1.955609307784372959e+02 1.383800932707053164e+02 2.211201082311868333e+02
1.955929219793010532e+02 1.383797074441256711e+02 2.211178631771325911e+02
1.956249131801648105e+02 1.383793216175460543e+02 2.211156181230783204e+02
1.956569043810285677e+02 1.383789357909664091e+02 2.211133730690240498e+02
1.956888955818923250e+02 1.383785499643867922e+02 2.211111280149698075e+02
1.957208867827560823e+02 1.383781641378071470e+02 2.211088829609155368e+02
1.957528779836198396e+02 1.383777783112275301e+02 2.211066379068612946e+02
1.957848691844835969e+02 1.383773924846478849e+02 2.211043928528070239e+02
1.958168603853473542e+02 1.383770066580682681e+02 2.211021477987527533e+02
1.958488515862111115e+02 1.383766208314886228e+02 2.210999027446985110e+02
1.958808427870748687e+02 1.383762350049090060e+02 2.210976576906442403e+02
1.958808427870748687e+02 1.383762350049090060e+02 2.210976576906442403e+02
1.959021533740103109e+02 1.383991649528330470e+02 2.211001068434173078e+02
1.959234639609457531e+02 1.384220949007571164e+02 2.211025559961904037e+02
1.959447745478811953e+02 1.384450248486811574e+02 2.211050051489634711e+02
1.959660851348166659e+02 1.384679547966051985e+02 2.211074543017365386e+02
1.959873957217521081e+02 1.384908847445292679e+02 2.211099034545096345e+02
1.960087063086875503e+02 1.385138146924533089e+02 2.211123526072827019e+02
1.960300168956229925e+02 1.385367446403773499e+02 2.211148017600557694e+02
1.960513274825584347e+02 1.385596745883013909e+02 2.211172509128288652e+02
1.960726380694938769e+02 1.385826045362254604e+02 2.211197000656019327e+02
1.960939486564293475e+02 1.386055344841495014e+02 2.211221492183750001e+02
1.961152592433647897e+02 1.386284644320735424e+02 2.211245983711480960e+02
1.961365698303002318e+02 1.386513943799976118e+02 2.211270475239211635e+02
1.961578804172356740e+02 1.386743243279216529e+02 2.211294966766942309e+02
1.961791910041711162e+02 1.386972542758456939e+02 2.211319458294673268e+02
1.962005015911065584e+02 1.387201842237697633e+02 2.211343949822403943e+02
1.962218121780420006e+02 1.387431141716938043e+02 2.211368441350134617e+02
1.962431227649774712e+02 1.387660441196178454e+02 2.211392932877865576e+02
1.962644333519129134e+02 1.387889740675418864e+02 2.211417424405596250e+02
1.962857439388483556e+02 1.388119040154659558e+02 2.211441915933326925e+02
1.963070545257837978e+02 1.388348339633899968e+02 2.211466407461057884e+02
1.963283651127192400e+02 1.388577639113140378e+02 2.211490898988788558e+02
1.963496756996546821e+02 1.388806938592381073e+02 2.211515390516519233e+02
1.963709862865901243e+02 1.389036238071621483e+02 2.211539882044250191e+02
1.963922968735255949e+02 1.389265537550861893e+02 2.211564373571980866e+02
1.964136074604610371e+02 1.389494837030102588e+02 2.211588865099711541e+02
1.964349180473964793e+02 1.389724136509342998e+02 2.211613356627442499e+02
1.964562286343319215e+02 1.389953435988583408e+02 2.211637848155173174e+02
1.964775392212673637e+02 1.390182735467823818e+02 2.211662339682903848e+02
1.964988498082028059e+02 1.390412034947064512e+02 2.211686831210634807e+02
1.965201603951382765e+02 1.390641334426304923e+02 2.211711322738365482e+02
1.965414709820737187e+02 1.390870633905545333e+02 2.211735814266096156e+02
1.965627815690091609e+02 1.391099933384786027e+02 2.211760305793827115e+02
1.965840921559446031e+02 1.391329232864026437e+02 2.211784797321557789e+02
1.965840921559446031e+02 1.391329232864026437e+02 2.211784797321557789e+02
1.965922749909734080e+02 1.391563900672001068e+02 2.211597429750627839e+02
1.966004578260022129e+02 1.391798568479975700e+02 2.211410062179697604e+02
1.966086406610310178e+02 1.392033236287950331e+02 2.211222694608767654e+02
1.966168234960598511e+02 1.392267904095924962e+02 2.211035327037837419e+02
1.966250063310886560e+02 1.392502571903899593e+02 2.210847959466907469e+02
1.966331891661174609e+02 1.392737239711873940e+02 2.210660591895977518e+02
1.966413720011462658e+02 1.392971907519848571e+02 2.210473224325047283e+02
1.966495548361750707e+02 1.393206575327823202e+02 2.210285856754117333e+02
1.966577376712039040e+02 1.393441243135797833e+02 2.210098489183187098e+02
1.966659205062327089e+02 1.393675910943772465e+02 2.209911121612257148e+02
1.966741033412615138e+02 1.393910578751747096e+02 2.209723754041327197e+02
1.966822861762903187e+02 1.394145246559721727e+02 2.209536386470396963e+02
1.966904690113191236e+02 1.394379914367696358e+02 2.209349018899467012e+02
1.966986518463479285e+02 1.394614582175670989e+02 2.209161651328537062e+02
1.967068346813767619e+02 1.394849249983645620e+02 2.208974283757606827e+02
1.967150175164055668e+02 1.395083917791620252e+02 2.208786916186676876e+02
1.967232003514343717e+02 1.395318585599594883e+02 2.208599548615746642e+02
1.967313831864631766e+02 1.395553253407569514e+02 2.208412181044816691e+02
1.967395660214919815e+02 1.395787921215543861e+02 2.208224813473886741e+02
1.967477488565207864e+02 1.396022589023518492e+02 2.208037445902956506e+02
1.967559316915496197e+02 1.396257256831493123e+02 2.207850078332026555e+02
1.967641145265784246e+02 1.396491924639467754e+02 2.207662710761096321e+02
1.967722973616072295e+02 1.396726592447442385e+02 2.207475343190166370e+02
1.967804801966360344e+02 1.396961260255417017e+02 2.207287975619236420e+02
1.967886630316648393e+02 1.397195928063391648e+02 2.207100608048306185e+02
1.967968458666936442e+02 1.397430595871366279e+02 2.206913240477376235e+02
1.968050287017224775e+02 1.397665263679340910e+02 2.206725872906446284e+02
1.968132115367512824e+02 1.397899931487315541e+02 2.206538505335516049e+02
1.968213943717800873e+02 1.398134599295290172e+02 2.206351137764586099e+02
1.968295772068088922e+02 1.398369267103264519e+02 2.206163770193655864e+02
1.968377600418376971e+02 1.398603934911239151e+02 2.205976402622725914e+02
1.968459428768665020e+02 1.398838602719213782e+02 2.205789035051795963e+02
1.968541257118953354e+02 1.399073270527188413e+02 2.205601667480865729e+02
1.968623085469241403e+02 1.399307938335163044e+02 2.205414299909935778e+02
1.968704913819529452e+02 1.399542606143137675e+02 2.205226932339005543e+02
1.968786742169817501e+02 1.399777273951112306e+02 2.205039564768075593e+02
1.968786742169817501e+02 1.399777273951112306e+02 2.205039564768075593e+02
1.968852473363502327e+02 1.399891983648552412e+02 2.204756582040947421e+02
1.968918204557186868e+02 1.400006693345992517e+02 2.204473599313819250e+02
1.968983935750871694e+02 1.400121403043432338e+02 2.204190616586691362e+02
1.969049666944556236e+02 1.400236112740872443e+02 2.203907633859563191e+02
1.969115398138241062e+02 1.400350822438312548e+02 2.203624651132435019e+02
1.969181129331925604e+02 1.400465532135752653e+02 2.203341668405306848e+02
1.969246860525610430e+02 1.400580241833192758e+02 2.203058685678178961e+02
1.969312591719295256e+02 1.400694951530632579e+02 2.202775702951050789e+02
1.969378322912979797e+02 1.400809661228072684e+02 2.202492720223922618e+02
1.969444054106664623e+02 1.400924370925512790e+02 2.202209737496794446e+02
1.969509785300349165e+02 1.401039080622952895e+02 2.201926754769666559e+02
1.969575516494033991e+02 1.401153790320393000e+02 2.201643772042538387e+02
1.969641247687718533e+02 1.401268500017833105e+02 2.201360789315410216e+02
1.969706978881403359e+02 1.401383209715272926e+02 2.201077806588282044e+02
1.969772710075088185e+02 1.401497919412713031e+02 2.200794823861154157e+02
1.969838441268772726e+02 1.401612629110153136e+02 2.200511841134025985e+02
1.969904172462457552e+02 1.401727338807593242e+02 2.200228858406897814e+02
1.969969903656142094e+02 1.401842048505033347e+02 2.199945875679769642e+02
1.970035634849826920e+02 1.401956758202473168e+02 2.199662892952641755e+02
1.970101366043511462e+02 1.402071467899913273e+02 2.199379910225513584e+02
1.970167097237196288e+02 1.402186177597353378e+02 2.199096927498385412e+02
1.970232828430880829e+02 1.402300887294793483e+02 2.198813944771257241e+02
1.970298559624565655e+02 1.402415596992233588e+02 2.198530962044129353e+02
1.970364290818250481e+02 1.402530306689673409e+02 2.198247979317001182e+02
1.970430022011935023e+02 1.402645016387113515e+02 2.197964996589873010e+02
1.970495753205619849e+02 1.402759726084553620e+02 2.197682013862744839e+02
1.970561484399304391e+02 1.402874435781993725e+02 2.197399031135616951e+02
1.970627215592989216e+02 1.402989145479433830e+02 2.197116048408488780e+02
1.970692946786673758e+02 1.403103855176873935e+02 2.196833065681360608e+02
1.970758677980358584e+02 1.403218564874313756e+02 2.196550082954232437e+02
1.970824409174043410e+02 1.403333274571753861e+02 2.196267100227104550e+02
1.970890140367727952e+02 1.403447984269193967e+02 2.195984117499976378e+02
1.970955871561412778e+02 1.403562693966634072e+02 2.195701134772848206e+02
1.971021602755097319e+02 1.403677403664074177e+02 2.195418152045720035e+02
1.971087333948782145e+02 1.403792113361513998e+02 2.195135169318592148e+02
1.971153065142466687e+02 1.403906823058954103e+02 2.194852186591463976e+02
1.971218796336151513e+02 1.404021532756394208e+02 2.194569203864335805e+02
1.971218796336151513e+02 1.404021532756394208e+02 2.194569203864335805e+02
1.971286003854506816e+02 1.404138818837234624e+02 2.194279865336285411e+02
1.971353211372862404e+02 1.404256104918075039e+02 2.193990526808235302e+02
1.971420418891217707e+02 1.404373390998915454e+02 2.193701188280184908e+02
1.971487626409573011e+02 1.404490677079756153e+02 2.193411849752134515e+02
1.971554833927928598e+02 1.404607963160596569e+02 2.193122511224084121e+02
1.971622041446283902e+02 1.404725249241436984e+02 2.192833172696034012e+02
1.971689248964639205e+02 1.404842535322277399e+02 2.192543834167983618e+02
1.971756456482994793e+02 1.404959821403117814e+02 2.192254495639933225e+02
1.971823664001350096e+02 1.405077107483958230e+02 2.191965157111882831e+02
1.971890871519705399e+02 1.405194393564798645e+02 2.191675818583832722e+02
1.971958079038060987e+02 1.405311679645639344e+02 2.191386480055782329e+02
1.972025286556416290e+02 1.405428965726479760e+02 2.191097141527731935e+02
1.972092494074771594e+02 1.405546251807320175e+02 2.190807802999681542e+02
1.972159701593127181e+02 1.405663537888160590e+02 2.190518464471631432e+02
1.972226909111482485e+02 1.405780823969001005e+02 2.190229125943581039e+02
1.972294116629837788e+02 1.405898110049841421e+02 2.189939787415530645e+02
1.972361324148193376e+02 1.406015396130682120e+02 2.189650448887480252e+02
1.972428531666548679e+02 1.406132682211522535e+02 2.189361110359430143e+02
1.972495739184903982e+02 1.406249968292362951e+02 2.189071771831379749e+02
1.972562946703259570e+02 1.406367254373203366e+02 2.188782433303329356e+02
1.972630154221614873e+02 1.406484540454043781e+02 2.188493094775278962e+02
1.972697361739970177e+02 1.406601826534884196e+02 2.188203756247228853e+02
1.972764569258325764e+02 1.406719112615724612e+02 2.187914417719178459e+02
1.972831776776681068e+02 1.406836398696565311e+02 2.187625079191128066e+02
1.972898984295036371e+02 1.406953684777405726e+02 2.187335740663077672e+02
1.972966191813391958e+02 1.407070970858246142e+02 2.187046402135027563e+02
1.973033399331747262e+02 1.407188256939086557e+02 2.186757063606977169e+02
1.973033399331747262e+02 1.407188256939086557e+02 2.186757063606977169e+02
1.973027906203837460e+02 1.407307050894621341e+02 2.186465371189368057e+02
1.973022413075927943e+02 1.407425844850156125e+02 2.186173678771758944e+02
1.973016919948018142e+02 1.407544638805690624e+02 2.185881986354150115e+02
1.973011426820108625e+02 1.407663432761225408e+02 2.185590293936541002e+02
1.973005933692198823e+02 1.407782226716760192e+02 2.185298601518931889e+02
1.973000440564289306e+02 1.407901020672294976e+02 2.185006909101322776e+02
1.972994947436379505e+02 1.408019814627829760e+02 2.184715216683713663e+02
1.972989454308469988e+02 1.408138608583364260e+02 2.184423524266104550e+02
1.972983961180560186e+02 1.408257402538899044e+02 2.184131831848495722e+02
1.972978468052650669e+02 1.408376196494433827e+02 2.183840139430886609e+02
1.972972974924740868e+02 1.408494990449968611e+02 2.183548447013277496e+02
1.972967481796831350e+02 1.408613784405503111e+02 2.183256754595668383e+02
1.972961988668921549e+02 1.408732578361037895e+02 2.182965062178059270e+02
1.972956495541012032e+02 1.408851372316572679e+02 2.182673369760450441e+02
1.972951002413102231e+02 1.408970166272107463e+02 2.182381677342841328e+02
1.972945509285192713e+02 1.409088960227642247e+02 2.182089984925232216e+02
1.972940016157282912e+02 1.409207754183176746e+02 2.181798292507623103e+02
1.972934523029373395e+02 1.409326548138711530e+02 2.181506600090013990e+02
1.972929029901463593e+02 1.409445342094246314e+02 2.181214907672405161e+02
1.972923536773553792e+02 1.409564136049781098e+02 2.180923215254796048e+02
1.972918043645644275e+02 1.409682930005315882e+02 2.180631522837186935e+02
1.972912550517734473e+02 1.409801723960850381e+02 2.180339830419577822e+02
1.972907057389824956e+02 1.409920517916385165e+02 2.180048138001968709e+02
1.972901564261915155e+02 1.410039311871919949e+02 2.179756445584359597e+02
1.972896071134005638e+02 1.410158105827454733e+02 2.179464753166750768e+02
1.972890578006095836e+02 1.410276899782989517e+02 2.179173060749141655e+02
1.972885084878186319e+02 1.410395693738524017e+02 2.178881368331532542e+02
1.972879591750276518e+02 1.410514487694058801e+02 2.178589675913923429e+02
1.972874098622367001e+02 1.410633281649593584e+02 2.178297983496314316e+02
1.972868605494457199e+02 1.410752075605128368e+02 2.178006291078705488e+02
1.972863112366547682e+02 1.410870869560662868e+02 2.177714598661096375e+02
1.972857619238637881e+02 1.410989663516197652e+02 2.177422906243487262e+02
1.972852126110728364e+02 1.411108457471732436e+02 2.177131213825878149e+02
1.972846632982818562e+02 1.411227251427267220e+02 2.176839521408269036e+02
1.972841139854909045e+02 1.411346045382802004e+02 2.176547828990659923e+02
1.972835646726999244e+02 1.411464839338336503e+02 2.176256136573051094e+02
1.972830153599089726e+02 1.411583633293871287e+02 2.175964444155441981e+02
1.972824660471179925e+02 1.411702427249406071e+02 2.175672751737832868e+02
