2.537219499110116203e+02 1.326838041557554959e+02 1.593872490116358165e+02
2.537074303528515600e+02 1.326980392486154301e+02 1.593728466912538977e+02
2.536929107946914712e+02 1.327122743414753643e+02 1.593584443708719789e+02
2.536783912365314109e+02 1.327265094343352985e+02 1.593440420504900601e+02
2.536638716783713505e+02 1.327407445271952042e+02 1.593296397301081129e+02
2.536493521202112902e+02 1.327549796200551384e+02 1.593152374097261941e+02
2.536348325620512014e+02 1.327692147129150726e+02 1.593008350893442753e+02
2.536203130038911411e+02 1.327834498057750068e+02 1.592864327689623565e+02
2.536057934457310807e+02 1.327976848986349410e+02 1.592720304485804377e+02
2.535912738875710204e+02 1.328119199914948751e+02 1.592576281281985189e+02
2.535767543294109316e+02 1.328261550843547809e+02 1.592432258078166001e+02
2.535622347712508713e+02 1.328403901772147151e+02 1.592288234874346813e+02
2.535477152130908109e+02 1.328546252700746493e+02 1.592144211670527341e+02
2.535331956549307506e+02 1.328688603629345835e+02 1.592000188466708153e+02
2.535186760967706618e+02 1.328830954557945176e+02 1.591856165262888965e+02
2.535041565386106015e+02 1.328973305486544518e+02 1.591712142059069777e+02
2.534896369804505412e+02 1.329115656415143860e+02 1.591568118855250589e+02
2.534751174222904808e+02 1.329258007343742918e+02 1.591424095651431401e+02
2.534605978641303921e+02 1.329400358272342260e+02 1.591280072447612213e+02
2.534460783059703317e+02 1.329542709200941601e+02 1.591136049243793025e+02
2.534315587478102714e+02 1.329685060129540943e+02 1.590992026039973553e+02
2.534170391896502110e+02 1.329827411058140285e+02 1.590848002836154365e+02
2.534025196314901223e+02 1.329969761986739627e+02 1.590703979632335177e+02
2.533880000733300619e+02 1.330112112915338685e+02 1.590559956428515989e+02
2.533734805151700016e+02 1.330254463843938026e+02 1.590415933224696801e+02
2.533589609570099412e+02 1.330396814772537368e+02 1.590271910020877613e+02
2.533444413988498525e+02 1.330539165701136710e+02 1.590127886817058425e+02
2.533299218406897921e+02 1.330681516629736052e+02 1.589983863613239237e+02
2.533154022825297318e+02 1.330823867558335394e+02 1.589839840409419764e+02
2.533008827243696715e+02 1.330966218486934736e+02 1.589695817205600576e+02
2.532863631662095827e+02 1.331108569415533793e+02 1.589551794001781388e+02
2.532718436080495223e+02 1.331250920344133135e+02 1.589407770797962201e+02
2.532573240498894620e+02 1.331393271272732477e+02 1.589263747594143013e+02
2.532428044917294017e+02 1.331535622201331819e+02 1.589119724390323825e+02
2.532282849335693129e+02 1.331677973129931161e+02 1.588975701186504637e+02
2.532137653754092526e+02 1.331820324058530502e+02 1.588831677982685449e+02
2.531992458172491922e+02 1.331962674987129560e+02 1.588687654778865976e+02
2.531847262590891319e+02 1.332105025915728902e+02 1.588543631575046788e+02
2.531702067009290431e+02 1.332247376844328244e+02 1.588399608371227600e+02
2.531556871427689828e+02 1.332389727772927586e+02 1.588255585167408412e+02
2.531556871427689828e+02 1.332389727772927586e+02 1.588255585167408412e+02
2.531402598393904668e+02 1.332540978309445450e+02 1.588102557807046082e+02
2.531248325360119793e+02 1.332692228845963314e+02 1.587949530446683752e+02
2.531094052326334634e+02 1.332843479382481178e+02 1.587796503086321138e+02
2.530939779292549758e+02 1.332994729918999326e+02 1.587643475725958808e+02
2.530785506258764599e+02 1.333145980455517190e+02 1.587490448365596478e+02
2.530631233224979439e+02 1.333297230992035054e+02 1.587337421005234148e+02
2.530476960191194564e+02 1.333448481528552918e+02 1.587184393644871534e+02
2.530322687157409405e+02 1.333599732065070782e+02 1.587031366284509204e+02
2.530168414123624245e+02 1.333750982601588646e+02 1.586878338924146874e+02
2.530014141089839370e+02 1.333902233138106794e+02 1.586725311563784544e+02
2.529859868056054211e+02 1.334053483674624658e+02 1.586572284203422214e+02
2.529705595022269335e+02 1.334204734211142522e+02 1.586419256843059600e+02
2.529551321988484176e+02 1.334355984747660386e+02 1.586266229482697270e+02
2.529397048954699017e+02 1.334507235284178250e+02 1.586113202122334940e+02
2.529242775920914141e+02 1.334658485820696114e+02 1.585960174761972610e+02
2.529088502887128982e+02 1.334809736357214263e+02 1.585807147401609996e+02
2.528934229853344107e+02 1.334960986893732127e+02 1.585654120041247666e+02
2.528779956819558947e+02 1.335112237430249991e+02 1.585501092680885336e+02
2.528625683785773788e+02 1.335263487966767855e+02 1.585348065320523006e+02
2.528471410751988913e+02 1.335414738503285719e+02 1.585195037960160391e+02
2.528317137718203753e+02 1.335565989039803583e+02 1.585042010599798061e+02
2.528162864684418878e+02 1.335717239576321731e+02 1.584888983239435731e+02
2.528008591650633718e+02 1.335868490112839595e+02 1.584735955879073401e+02
2.527854318616848559e+02 1.336019740649357459e+02 1.584582928518711071e+02
2.527700045583063684e+02 1.336170991185875323e+02 1.584429901158348457e+02
2.527545772549278524e+02 1.336322241722393187e+02 1.584276873797986127e+02
2.527391499515493365e+02 1.336473492258911051e+02 1.584123846437623797e+02
2.527237226481708490e+02 1.336624742795429199e+02 1.583970819077261467e+02
2.527082953447923330e+02 1.336775993331947063e+02 1.583817791716898853e+02
2.526928680414138455e+02 1.336927243868464927e+02 1.583664764356536523e+02
2.526774407380353296e+02 1.337078494404982791e+02 1.583511736996174193e+02
2.526774407380353296e+02 1.337078494404982791e+02 1.583511736996174193e+02
2.526571884554080043e+02 1.337277049430313127e+02 1.583310849434963075e+02
2.526369361727806790e+02 1.337475604455643179e+02 1.583109961873751672e+02
2.526166838901533538e+02 1.337674159480973515e+02 1.582909074312540554e+02
2.525964316075260001e+02 1.337872714506303566e+02 1.582708186751329436e+02
2.525761793248986748e+02 1.338071269531633902e+02 1.582507299190118033e+02
2.525559270422713496e+02 1.338269824556963954e+02 1.582306411628906915e+02
2.525356747596440243e+02 1.338468379582294290e+02 1.582105524067695796e+02
2.525154224770166991e+02 1.338666934607624626e+02 1.581904636506484394e+02
2.524951701943893738e+02 1.338865489632954677e+02 1.581703748945273276e+02
2.524749179117620201e+02 1.339064044658285013e+02 1.581502861384062157e+02
2.524546656291346949e+02 1.339262599683615065e+02 1.581301973822850755e+02
2.524344133465073696e+02 1.339461154708945401e+02 1.581101086261639637e+02
2.524141610638800444e+02 1.339659709734275452e+02 1.580900198700428518e+02
2.523939087812527191e+02 1.339858264759605788e+02 1.580699311139217116e+02
2.523736564986253939e+02 1.340056819784936124e+02 1.580498423578005998e+02
2.523534042159980686e+02 1.340255374810266176e+02 1.580297536016794595e+02
2.523331519333707149e+02 1.340453929835596512e+02 1.580096648455583477e+02
2.523128996507433897e+02 1.340652484860926563e+02 1.579895760894372359e+02
2.522926473681160644e+02 1.340851039886256899e+02 1.579694873333160956e+02
2.522723950854887391e+02 1.341049594911587235e+02 1.579493985771949838e+02
2.522521428028614139e+02 1.341248149936917287e+02 1.579293098210738719e+02
2.522318905202340886e+02 1.341446704962247622e+02 1.579092210649527317e+02
2.522116382376067349e+02 1.341645259987577674e+02 1.578891323088316199e+02
2.521913859549794097e+02 1.341843815012908010e+02 1.578690435527105080e+02
2.521711336723520844e+02 1.342042370038238062e+02 1.578489547965893678e+02
2.521508813897247592e+02 1.342240925063568397e+02 1.578288660404682560e+02
2.521508813897247592e+02 1.342240925063568397e+02 1.578288660404682560e+02
2.521424457189978341e+02 1.342638215046540608e+02 1.578279723007597113e+02
2.521340100482709374e+02 1.343035505029513104e+02 1.578270785610511666e+02
2.521255743775440123e+02 1.343432795012485315e+02 1.578261848213426504e+02
2.521171387068171157e+02 1.343830084995457810e+02 1.578252910816341057e+02
2.521087030360901906e+02 1.344227374978430021e+02 1.578243973419255610e+02
2.521002673653632939e+02 1.344624664961402516e+02 1.578235036022170164e+02
2.520918316946363689e+02 1.345021954944374727e+02 1.578226098625084717e+02
2.520833960239094722e+02 1.345419244927347222e+02 1.578217161227999554e+02
2.520749603531825471e+02 1.345816534910319433e+02 1.578208223830914108e+02
2.520665246824556220e+02 1.346213824893291644e+02 1.578199286433828661e+02
2.520580890117287254e+02 1.346611114876264139e+02 1.578190349036743214e+02
2.520496533410018003e+02 1.347008404859236350e+02 1.578181411639657767e+02
2.520412176702749036e+02 1.347405694842208845e+02 1.578172474242572605e+02
2.520327819995479786e+02 1.347802984825181056e+02 1.578163536845487158e+02
2.520243463288210819e+02 1.348200274808153551e+02 1.578154599448401711e+02
2.520159106580941568e+02 1.348597564791125762e+02 1.578145662051316265e+02
2.520074749873672602e+02 1.348994854774098258e+02 1.578136724654231102e+02
2.519990393166403351e+02 1.349392144757070469e+02 1.578127787257145656e+02
2.519906036459134384e+02 1.349789434740042964e+02 1.578118849860060209e+02
2.519821679751865133e+02 1.350186724723015175e+02 1.578109912462974762e+02
2.519737323044595882e+02 1.350584014705987386e+02 1.578100975065889315e+02
2.519652966337326916e+02 1.350981304688959881e+02 1.578092037668804153e+02
2.519568609630057665e+02 1.351378594671932092e+02 1.578083100271718706e+02
2.519484252922788698e+02 1.351775884654904587e+02 1.578074162874633259e+02
2.519399896215519448e+02 1.352173174637876798e+02 1.578065225477547813e+02
2.519315539508250481e+02 1.352570464620849293e+02 1.578056288080462366e+02
2.519231182800981230e+02 1.352967754603821504e+02 1.578047350683377203e+02
2.519146826093712264e+02 1.353365044586793999e+02 1.578038413286291757e+02
2.519062469386443013e+02 1.353762334569766210e+02 1.578029475889206310e+02
2.519062469386443013e+02 1.353762334569766210e+02 1.578029475889206310e+02
2.519009359610086562e+02 1.354012462660672611e+02 1.578023849031831389e+02
2.518956249833729828e+02 1.354262590751578728e+02 1.578018222174456753e+02
2.518903140057373378e+02 1.354512718842485128e+02 1.578012595317081832e+02
2.518850030281016643e+02 1.354762846933391529e+02 1.578006968459706911e+02
2.518796920504660193e+02 1.355012975024297646e+02 1.578001341602331991e+02
2.518743810728303458e+02 1.355263103115204046e+02 1.577995714744957354e+02
2.518690700951947008e+02 1.355513231206110447e+02 1.577990087887582433e+02
2.518637591175590273e+02 1.355763359297016564e+02 1.577984461030207513e+02
2.518584481399233823e+02 1.356013487387922964e+02 1.577978834172832592e+02
2.518531371622877373e+02 1.356263615478829365e+02 1.577973207315457955e+02
2.518478261846520638e+02 1.356513743569735482e+02 1.577967580458083035e+02
2.518425152070164188e+02 1.356763871660641882e+02 1.577961953600708114e+02
2.518372042293807453e+02 1.357013999751548283e+02 1.577956326743333193e+02
2.518318932517451003e+02 1.357264127842454400e+02 1.577950699885958556e+02
2.518265822741094269e+02 1.357514255933360801e+02 1.577945073028583636e+02
2.518212712964737818e+02 1.357764384024267201e+02 1.577939446171208715e+02
2.518159603188381084e+02 1.358014512115173318e+02 1.577933819313833794e+02
2.518106493412024633e+02 1.358264640206079719e+02 1.577928192456459158e+02
2.518053383635668183e+02 1.358514768296985835e+02 1.577922565599084237e+02
2.518000273859311449e+02 1.358764896387892236e+02 1.577916938741709316e+02
2.517947164082954998e+02 1.359015024478798637e+02 1.577911311884334680e+02
2.517894054306598264e+02 1.359265152569704753e+02 1.577905685026959759e+02
2.517840944530241813e+02 1.359515280660611154e+02 1.577900058169584838e+02
2.517787834753885079e+02 1.359765408751517555e+02 1.577894431312209917e+02
2.517734724977528629e+02 1.360015536842423671e+02 1.577888804454835281e+02
2.517681615201171894e+02 1.360265664933330072e+02 1.577883177597460360e+02
2.517628505424815444e+02 1.360515793024236473e+02 1.577877550740085439e+02
2.517575395648458709e+02 1.360765921115142589e+02 1.577871923882710519e+02
2.517522285872102259e+02 1.361016049206048990e+02 1.577866297025335882e+02
2.517469176095745809e+02 1.361266177296955391e+02 1.577860670167960961e+02
2.517416066319389074e+02 1.361516305387861507e+02 1.577855043310586041e+02
2.517362956543032624e+02 1.361766433478767908e+02 1.577849416453211120e+02
2.517309846766675889e+02 1.362016561569674309e+02 1.577843789595836483e+02
2.517256736990319439e+02 1.362266689660580425e+02 1.577838162738461563e+02
2.517203627213962704e+02 1.362516817751486826e+02 1.577832535881086642e+02
2.517150517437606254e+02 1.362766945842393227e+02 1.577826909023711721e+02
2.517097407661249520e+02 1.363017073933299343e+02 1.577821282166337085e+02
2.517044297884893069e+02 1.363267202024205744e+02 1.577815655308962164e+02
2.517044297884893069e+02 1.363267202024205744e+02 1.577815655308962164e+02
2.516831374631685492e+02 1.363484262130451725e+02 1.577815047191304814e+02
2.516618451378478198e+02 1.363701322236697422e+02 1.577814439073647463e+02
2.516405528125270621e+02 1.363918382342943403e+02 1.577813830955990113e+02
2.516192604872063043e+02 1.364135442449189384e+02 1.577813222838332763e+02
2.515979681618855750e+02 1.364352502555435080e+02 1.577812614720675413e+02
2.515766758365648172e+02 1.364569562661681061e+02 1.577812006603018347e+02
2.515553835112440595e+02 1.364786622767927042e+02 1.577811398485360996e+02
2.515340911859233302e+02 1.365003682874172739e+02 1.577810790367703646e+02
2.515127988606025724e+02 1.365220742980418720e+02 1.577810182250046296e+02
2.514915065352818146e+02 1.365437803086664417e+02 1.577809574132388946e+02
2.514702142099610853e+02 1.365654863192910398e+02 1.577808966014731595e+02
2.514489218846403276e+02 1.365871923299156379e+02 1.577808357897074245e+02
2.514276295593195698e+02 1.366088983405402075e+02 1.577807749779416895e+02
2.514063372339988405e+02 1.366306043511648056e+02 1.577807141661759545e+02
2.513850449086780827e+02 1.366523103617894037e+02 1.577806533544102194e+02
2.513637525833573250e+02 1.366740163724139734e+02 1.577805925426445128e+02
2.513424602580365672e+02 1.366957223830385715e+02 1.577805317308787778e+02
2.513211679327158379e+02 1.367174283936631696e+02 1.577804709191130428e+02
2.512998756073950801e+02 1.367391344042877392e+02 1.577804101073473078e+02
2.512785832820743224e+02 1.367608404149123373e+02 1.577803492955815727e+02
2.512572909567535930e+02 1.367825464255369354e+02 1.577802884838158377e+02
2.512359986314328353e+02 1.368042524361615051e+02 1.577802276720501027e+02
2.512147063061120775e+02 1.368259584467861032e+02 1.577801668602843677e+02
2.511934139807913482e+02 1.368476644574106729e+02 1.577801060485186326e+02
2.511721216554705904e+02 1.368693704680352710e+02 1.577800452367528976e+02
2.511508293301498327e+02 1.368910764786598691e+02 1.577799844249871910e+02
2.511295370048291034e+02 1.369127824892844387e+02 1.577799236132214560e+02
2.511082446795083456e+02 1.369344884999090368e+02 1.577798628014557210e+02
2.510869523541875878e+02 1.369561945105336349e+02 1.577798019896899859e+02
2.510656600288668585e+02 1.369779005211582046e+02 1.577797411779242509e+02
2.510443677035461008e+02 1.369996065317828027e+02 1.577796803661585159e+02
2.510443677035461008e+02 1.369996065317828027e+02 1.577796803661585159e+02
2.510286889331279383e+02 1.370265013834936383e+02 1.577656862543821603e+02
2.510130101627097474e+02 1.370533962352045023e+02 1.577516921426058047e+02
2.509973313922915850e+02 1.370802910869153379e+02 1.577376980308294492e+02
2.509816526218734225e+02 1.371071859386261735e+02 1.577237039190531220e+02
2.509659738514552316e+02 1.371340807903370091e+02 1.577097098072767665e+02
2.509502950810370692e+02 1.371609756420478732e+02 1.576957156955004109e+02
2.509346163106189067e+02 1.371878704937587088e+02 1.576817215837240553e+02
2.509189375402007158e+02 1.372147653454695444e+02 1.576677274719476998e+02
2.509032587697825534e+02 1.372416601971804084e+02 1.576537333601713442e+02
2.508875799993643909e+02 1.372685550488912440e+02 1.576397392483949886e+02
2.508719012289462000e+02 1.372954499006020797e+02 1.576257451366186331e+02
2.508562224585280376e+02 1.373223447523129437e+02 1.576117510248423059e+02
2.508405436881098751e+02 1.373492396040237793e+02 1.575977569130659504e+02
2.508248649176916842e+02 1.373761344557346149e+02 1.575837628012895948e+02
2.508091861472735218e+02 1.374030293074454789e+02 1.575697686895132392e+02
2.507935073768553593e+02 1.374299241591563145e+02 1.575557745777368837e+02
2.507778286064371684e+02 1.374568190108671502e+02 1.575417804659605281e+02
2.507621498360190060e+02 1.374837138625779858e+02 1.575277863541841725e+02
2.507464710656008435e+02 1.375106087142888498e+02 1.575137922424078454e+02
2.507307922951826527e+02 1.375375035659996854e+02 1.574997981306314898e+02
2.507151135247644902e+02 1.375643984177105210e+02 1.574858040188551342e+02
2.506994347543463277e+02 1.375912932694213850e+02 1.574718099070787787e+02
2.506837559839281369e+02 1.376181881211322207e+02 1.574578157953024231e+02
2.506680772135099744e+02 1.376450829728430563e+02 1.574438216835260675e+02
2.506523984430918119e+02 1.376719778245538919e+02 1.574298275717497120e+02
2.506367196726736211e+02 1.376988726762647559e+02 1.574158334599733564e+02
2.506210409022554586e+02 1.377257675279755915e+02 1.574018393481970293e+02
2.506053621318372961e+02 1.377526623796864271e+02 1.573878452364206737e+02
2.505896833614191053e+02 1.377795572313972912e+02 1.573738511246443181e+02
2.505740045910009428e+02 1.378064520831081268e+02 1.573598570128679626e+02
2.505740045910009428e+02 1.378064520831081268e+02 1.573598570128679626e+02
2.505624460922390995e+02 1.378257407116676347e+02 1.573736187820976795e+02
2.505508875934772561e+02 1.378450293402271427e+02 1.573873805513273965e+02
2.505393290947154412e+02 1.378643179687866507e+02 1.574011423205571134e+02
2.505277705959535979e+02 1.378836065973461587e+02 1.574149040897868304e+02
2.505162120971917545e+02 1.379028952259056666e+02 1.574286658590165473e+02
2.505046535984299112e+02 1.379221838544651746e+02 1.574424276282462642e+02
2.504930950996680963e+02 1.379414724830246826e+02 1.574561893974759812e+02
2.504815366009062529e+02 1.379607611115841905e+02 1.574699511667056981e+02
2.504699781021444096e+02 1.379800497401436985e+02 1.574837129359353867e+02
2.504584196033825663e+02 1.379993383687032065e+02 1.574974747051651036e+02
2.504468611046207513e+02 1.380186269972627144e+02 1.575112364743948206e+02
2.504353026058589080e+02 1.380379156258222224e+02 1.575249982436245375e+02
2.504237441070970647e+02 1.380572042543817304e+02 1.575387600128542545e+02
2.504121856083352213e+02 1.380764928829412383e+02 1.575525217820839714e+02
2.504006271095734064e+02 1.380957815115007463e+02 1.575662835513136883e+02
2.503890686108115631e+02 1.381150701400602543e+02 1.575800453205434053e+02
2.503775101120497197e+02 1.381343587686197907e+02 1.575938070897731222e+02
2.503659516132878764e+02 1.381536473971792987e+02 1.576075688590028392e+02
2.503543931145260615e+02 1.381729360257388066e+02 1.576213306282325561e+02
2.503428346157642181e+02 1.381922246542983146e+02 1.576350923974622731e+02
2.503312761170023748e+02 1.382115132828578226e+02 1.576488541666919900e+02
2.503197176182405315e+02 1.382308019114173305e+02 1.576626159359217070e+02
2.503081591194787165e+02 1.382500905399768385e+02 1.576763777051514239e+02
2.502966006207168732e+02 1.382693791685363465e+02 1.576901394743811409e+02
2.502850421219550299e+02 1.382886677970958544e+02 1.577039012436108294e+02
2.502734836231931865e+02 1.383079564256553624e+02 1.577176630128405463e+02
2.502619251244313716e+02 1.383272450542148704e+02 1.577314247820702633e+02
2.502503666256695283e+02 1.383465336827743783e+02 1.577451865512999802e+02
2.502388081269076849e+02 1.383658223113338863e+02 1.577589483205296972e+02
2.502272496281458416e+02 1.383851109398933943e+02 1.577727100897594141e+02
2.502156911293840267e+02 1.384043995684529023e+02 1.577864718589891311e+02
2.502041326306221833e+02 1.384236881970124102e+02 1.578002336282188480e+02
2.501925741318603400e+02 1.384429768255719182e+02 1.578139953974485650e+02
2.501925741318603400e+02 1.384429768255719182e+02 1.578139953974485650e+02
2.501928331435675545e+02 1.384790426458590389e+02 1.578113191202172914e+02
2.501930921552747975e+02 1.385151084661461596e+02 1.578086428429859893e+02
2.501933511669820120e+02 1.385511742864332803e+02 1.578059665657547157e+02
2.501936101786892266e+02 1.385872401067204009e+02 1.578032902885234137e+02
2.501938691903964695e+02 1.386233059270075216e+02 1.578006140112921400e+02
2.501941282021036841e+02 1.386593717472946423e+02 1.577979377340608380e+02
2.501943872138108986e+02 1.386954375675817346e+02 1.577952614568295644e+02
2.501946462255181416e+02 1.387315033878688553e+02 1.577925851795982624e+02
2.501949052372253561e+02 1.387675692081559760e+02 1.577899089023669887e+02
2.501951642489325707e+02 1.388036350284430966e+02 1.577872326251356867e+02
2.501954232606398136e+02 1.388397008487302173e+02 1.577845563479044131e+02
2.501956822723470282e+02 1.388757666690173380e+02 1.577818800706731110e+02
2.501959412840542427e+02 1.389118324893044587e+02 1.577792037934418374e+02
2.501962002957614857e+02 1.389478983095915794e+02 1.577765275162105354e+02
2.501964593074687002e+02 1.389839641298787001e+02 1.577738512389792618e+02
2.501967183191759148e+02 1.390200299501658208e+02 1.577711749617479597e+02
2.501969773308831577e+02 1.390560957704529415e+02 1.577684986845166861e+02
2.501972363425903723e+02 1.390921615907400621e+02 1.577658224072853841e+02
2.501974953542975868e+02 1.391282274110271828e+02 1.577631461300541105e+02
2.501977543660048298e+02 1.391642932313143035e+02 1.577604698528228084e+02
2.501980133777120443e+02 1.392003590516013958e+02 1.577577935755915348e+02
2.501982723894192588e+02 1.392364248718885165e+02 1.577551172983602328e+02
2.501985314011265018e+02 1.392724906921756372e+02 1.577524410211289592e+02
2.501987904128337163e+02 1.393085565124627578e+02 1.577497647438976571e+02
2.501990494245409309e+02 1.393446223327498785e+02 1.577470884666663835e+02
2.501993084362481738e+02 1.393806881530369992e+02 1.577444121894350815e+02
2.501995674479553884e+02 1.394167539733241199e+02 1.577417359122038079e+02
2.501995674479553884e+02 1.394167539733241199e+02 1.577417359122038079e+02
2.501849099172505362e+02 1.394430638381905396e+02 1.577468057250438278e+02
2.501702523865457124e+02 1.394693737030569878e+02 1.577518755378838762e+02
2.501555948558408602e+02 1.394956835679234075e+02 1.577569453507238961e+02
2.501409373251360364e+02 1.395219934327898272e+02 1.577620151635639445e+02
2.501262797944311842e+02 1.395483032976562470e+02 1.577670849764039644e+02
2.501116222637263604e+02 1.395746131625226951e+02 1.577721547892439844e+02
2.500969647330215082e+02 1.396009230273891148e+02 1.577772246020840328e+02
2.500823072023166844e+02 1.396272328922555346e+02 1.577822944149240527e+02
2.500676496716118322e+02 1.396535427571219543e+02 1.577873642277640727e+02
2.500529921409070084e+02 1.396798526219884025e+02 1.577924340406041210e+02
2.500383346102021562e+02 1.397061624868548222e+02 1.577975038534441410e+02
2.500236770794973324e+02 1.397324723517212419e+02 1.578025736662841894e+02
2.500090195487924802e+02 1.397587822165876617e+02 1.578076434791242093e+02
2.499943620180876565e+02 1.397850920814541098e+02 1.578127132919642293e+02
2.499797044873828042e+02 1.398114019463205295e+02 1.578177831048042776e+02
2.499650469566779805e+02 1.398377118111869493e+02 1.578228529176442976e+02
2.499503894259731283e+02 1.398640216760533690e+02 1.578279227304843459e+02
2.499357318952683045e+02 1.398903315409198171e+02 1.578329925433243659e+02
2.499210743645634523e+02 1.399166414057862369e+02 1.578380623561643858e+02
2.499064168338586285e+02 1.399429512706526566e+02 1.578431321690044342e+02
2.498917593031537763e+02 1.399692611355190763e+02 1.578482019818444542e+02
2.498771017724489525e+02 1.399955710003855245e+02 1.578532717946845025e+02
2.498624442417441003e+02 1.400218808652519442e+02 1.578583416075245225e+02
2.498477867110392765e+02 1.400481907301183639e+02 1.578634114203645424e+02
2.498331291803344243e+02 1.400745005949847837e+02 1.578684812332045908e+02
2.498184716496296005e+02 1.401008104598512318e+02 1.578735510460446108e+02
2.498038141189247483e+02 1.401271203247176516e+02 1.578786208588846307e+02
2.497891565882199245e+02 1.401534301895840713e+02 1.578836906717246791e+02
2.497744990575150723e+02 1.401797400544504910e+02 1.578887604845646990e+02
2.497598415268102485e+02 1.402060499193169392e+02 1.578938302974047474e+02
2.497451839961053963e+02 1.402323597841833589e+02 1.578989001102447673e+02
2.497451839961053963e+02 1.402323597841833589e+02 1.578989001102447673e+02
2.497126019486167650e+02 1.402327527366077788e+02 1.579011866282820904e+02
2.496800199011281052e+02 1.402331456890322272e+02 1.579034731463194134e+02
2.496474378536394738e+02 1.402335386414566472e+02 1.579057596643567365e+02
2.496148558061508140e+02 1.402339315938810955e+02 1.579080461823940311e+02
2.495822737586621827e+02 1.402343245463055155e+02 1.579103327004313542e+02
2.495496917111735229e+02 1.402347174987299638e+02 1.579126192184686772e+02
2.495171096636848915e+02 1.402351104511543838e+02 1.579149057365060003e+02
2.494845276161962602e+02 1.402355034035788037e+02 1.579171922545433233e+02
2.494519455687076004e+02 1.402358963560032521e+02 1.579194787725806464e+02
2.494193635212189690e+02 1.402362893084276720e+02 1.579217652906179694e+02
2.493867814737303092e+02 1.402366822608521204e+02 1.579240518086552925e+02
2.493541994262416779e+02 1.402370752132765404e+02 1.579263383266925871e+02
2.493216173787530181e+02 1.402374681657009887e+02 1.579286248447299101e+02
2.492890353312643867e+02 1.402378611181254087e+02 1.579309113627672332e+02
2.492564532837757270e+02 1.402382540705498286e+02 1.579331978808045562e+02
2.492238712362870956e+02 1.402386470229742770e+02 1.579354843988418793e+02
2.491912891887984642e+02 1.402390399753986969e+02 1.579377709168792023e+02
2.491587071413098045e+02 1.402394329278231453e+02 1.579400574349165254e+02
2.491261250938211731e+02 1.402398258802475652e+02 1.579423439529538200e+02
2.490935430463325133e+02 1.402402188326720136e+02 1.579446304709911431e+02
2.490609609988438820e+02 1.402406117850964336e+02 1.579469169890284661e+02
2.490283789513552222e+02 1.402410047375208819e+02 1.579492035070657892e+02
2.489957969038665908e+02 1.402413976899453019e+02 1.579514900251031122e+02
2.489632148563779594e+02 1.402417906423697218e+02 1.579537765431404353e+02
2.489306328088892997e+02 1.402421835947941702e+02 1.579560630611777583e+02
2.488980507614006683e+02 1.402425765472185901e+02 1.579583495792150813e+02
2.488654687139120085e+02 1.402429694996430385e+02 1.579606360972523760e+02
2.488328866664233772e+02 1.402433624520674584e+02 1.579629226152896990e+02
2.488003046189347174e+02 1.402437554044919068e+02 1.579652091333270221e+02
2.487677225714460860e+02 1.402441483569163267e+02 1.579674956513643451e+02
2.487677225714460860e+02 1.402441483569163267e+02 1.579674956513643451e+02
2.487387132213684424e+02 1.402444982211919751e+02 1.579695314473721339e+02
2.487097038712908272e+02 1.402448480854676518e+02 1.579715672433799512e+02
2.486806945212131836e+02 1.402451979497433001e+02 1.579736030393877400e+02
2.486516851711355685e+02 1.402455478140189769e+02 1.579756388353955572e+02
2.486226758210579248e+02 1.402458976782946252e+02 1.579776746314033460e+02
2.485936664709803097e+02 1.402462475425703019e+02 1.579797104274111632e+02
2.485646571209026661e+02 1.402465974068459502e+02 1.579817462234189520e+02
2.485356477708250509e+02 1.402469472711216270e+02 1.579837820194267692e+02
2.485066384207474073e+02 1.402472971353972753e+02 1.579858178154345580e+02
2.484776290706697921e+02 1.402476469996729520e+02 1.579878536114423753e+02
2.484486197205921485e+02 1.402479968639486003e+02 1.579898894074501641e+02
2.484196103705145049e+02 1.402483467282242771e+02 1.579919252034579813e+02
2.483906010204368897e+02 1.402486965924999254e+02 1.579939609994657701e+02
2.483615916703592461e+02 1.402490464567756021e+02 1.579959967954735873e+02
2.483325823202816309e+02 1.402493963210512504e+02 1.579980325914813761e+02
2.483035729702039873e+02 1.402497461853269272e+02 1.580000683874891934e+02
2.482745636201263721e+02 1.402500960496025755e+02 1.580021041834969822e+02
2.482455542700487285e+02 1.402504459138782522e+02 1.580041399795047994e+02
2.482165449199711134e+02 1.402507957781539005e+02 1.580061757755125882e+02
2.481875355698934698e+02 1.402511456424295773e+02 1.580082115715204054e+02
2.481585262198158262e+02 1.402514955067052256e+02 1.580102473675281942e+02
2.481295168697382110e+02 1.402518453709809023e+02 1.580122831635360114e+02
2.481005075196605674e+02 1.402521952352565506e+02 1.580143189595438002e+02
2.480714981695829522e+02 1.402525450995322274e+02 1.580163547555516175e+02
2.480424888195053086e+02 1.402528949638078757e+02 1.580183905515594063e+02
2.480134794694276934e+02 1.402532448280835524e+02 1.580204263475672235e+02
2.479844701193500498e+02 1.402535946923592007e+02 1.580224621435750123e+02
2.479554607692724346e+02 1.402539445566348775e+02 1.580244979395828295e+02
2.479264514191947910e+02 1.402542944209105258e+02 1.580265337355906183e+02
2.478974420691171758e+02 1.402546442851862025e+02 1.580285695315984356e+02
2.478684327190395322e+02 1.402549941494618508e+02 1.580306053276062244e+02
2.478684327190395322e+02 1.402549941494618508e+02 1.580306053276062244e+02
2.478360100515502893e+02 1.402625332015726940e+02 1.580312046021346646e+02
2.478035873840610179e+02 1.402700722536835656e+02 1.580318038766631048e+02
2.477711647165717750e+02 1.402776113057944087e+02 1.580324031511915450e+02
2.477387420490825320e+02 1.402851503579052803e+02 1.580330024257199852e+02
2.477063193815932891e+02 1.402926894100161235e+02 1.580336017002483970e+02
2.476738967141040177e+02 1.403002284621269951e+02 1.580342009747768373e+02
2.476414740466147748e+02 1.403077675142378382e+02 1.580348002493052775e+02
2.476090513791255319e+02 1.403153065663487098e+02 1.580353995238337177e+02
2.475766287116362889e+02 1.403228456184595530e+02 1.580359987983621579e+02
2.475442060441470176e+02 1.403303846705703961e+02 1.580365980728905981e+02
2.475117833766577746e+02 1.403379237226812677e+02 1.580371973474190384e+02
2.474793607091685317e+02 1.403454627747921108e+02 1.580377966219474786e+02
2.474469380416792603e+02 1.403530018269029824e+02 1.580383958964759188e+02
2.474145153741900174e+02 1.403605408790138256e+02 1.580389951710043590e+02
2.473820927067007744e+02 1.403680799311246972e+02 1.580395944455327708e+02
2.473496700392115315e+02 1.403756189832355403e+02 1.580401937200612110e+02
2.473172473717222601e+02 1.403831580353464119e+02 1.580407929945896512e+02
2.472848247042330172e+02 1.403906970874572551e+02 1.580413922691180915e+02
2.472524020367437743e+02 1.403982361395681266e+02 1.580419915436465317e+02
2.472199793692545029e+02 1.404057751916789698e+02 1.580425908181749719e+02
2.471875567017652600e+02 1.404133142437898130e+02 1.580431900927034121e+02
2.471551340342760170e+02 1.404208532959006845e+02 1.580437893672318523e+02
2.471227113667867741e+02 1.404283923480115277e+02 1.580443886417602926e+02
2.470902886992975027e+02 1.404359314001223993e+02 1.580449879162887328e+02
2.470578660318082598e+02 1.404434704522332424e+02 1.580455871908171446e+02
2.470254433643190168e+02 1.404510095043441140e+02 1.580461864653455848e+02
2.469930206968297739e+02 1.404585485564549572e+02 1.580467857398740250e+02
2.469605980293405025e+02 1.404660876085658288e+02 1.580473850144024652e+02
2.469281753618512596e+02 1.404736266606766719e+02 1.580479842889309054e+02
2.469281753618512596e+02 1.404736266606766719e+02 1.580479842889309054e+02
2.468982342211463674e+02 1.404583483812999987e+02 1.580464364086428191e+02
2.468682930804415037e+02 1.404430701019233254e+02 1.580448885283547042e+02
2.468383519397366115e+02 1.404277918225466806e+02 1.580433406480666179e+02
2.468084107990317477e+02 1.404125135431700073e+02 1.580417927677785315e+02
2.467784696583268556e+02 1.403972352637933341e+02 1.580402448874904451e+02
2.467485285176219918e+02 1.403819569844166608e+02 1.580386970072023303e+02
2.467185873769170996e+02 1.403666787050400160e+02 1.580371491269142439e+02
2.466886462362122359e+02 1.403514004256633427e+02 1.580356012466261575e+02
2.466587050955073437e+02 1.403361221462866695e+02 1.580340533663380711e+02
2.466287639548024799e+02 1.403208438669099962e+02 1.580325054860499563e+02
2.465988228140975878e+02 1.403055655875333230e+02 1.580309576057618699e+02
2.465688816733926956e+02 1.402902873081566781e+02 1.580294097254737835e+02
2.465389405326878318e+02 1.402750090287800049e+02 1.580278618451856971e+02
2.465089993919829396e+02 1.402597307494033316e+02 1.580263139648975823e+02
2.464790582512780759e+02 1.402444524700266584e+02 1.580247660846094959e+02
2.464491171105731837e+02 1.402291741906500135e+02 1.580232182043214095e+02
2.464191759698683200e+02 1.402138959112733403e+02 1.580216703240333231e+02
2.463892348291634278e+02 1.401986176318966670e+02 1.580201224437452083e+02
2.463592936884585640e+02 1.401833393525199938e+02 1.580185745634571219e+02
2.463293525477536718e+02 1.401680610731433489e+02 1.580170266831690356e+02
2.462994114070487797e+02 1.401527827937666757e+02 1.580154788028809492e+02
2.462694702663439159e+02 1.401375045143900024e+02 1.580139309225928343e+02
2.462395291256390237e+02 1.401222262350133292e+02 1.580123830423047480e+02
2.462095879849341600e+02 1.401069479556366559e+02 1.580108351620166616e+02
2.461796468442292678e+02 1.400916696762600111e+02 1.580092872817285752e+02
2.461497057035244040e+02 1.400763913968833378e+02 1.580077394014404604e+02
2.461197645628195119e+02 1.400611131175066646e+02 1.580061915211523740e+02
2.460898234221146481e+02 1.400458348381299913e+02 1.580046436408642876e+02
2.460598822814097559e+02 1.400305565587533465e+02 1.580030957605762012e+02
2.460299411407048922e+02 1.400152782793766733e+02 1.580015478802880864e+02
2.460000000000000000e+02 1.400000000000000000e+02 1.580000000000000000e+02
2.460000000000000000e+02 1.400000000000000000e+02 1.580000000000000000e+02
2.460000000000000000e+02 1.400000000000000000e+02 1.580000000000000000e+02
2.460000000000000000e+02 1.400000000000000000e+02 1.580000000000000000e+02
2.460000000000000000e+02 1.400000000000000000e+02 1.580000000000000000e+02
2.460000000000000000e+02 1.400000000000000000e+02 1.580000000000000000e+02
2.460000000000000000e+02 1.400000000000000000e+02 1.580000000000000000e+02
2.460000000000000000e+02 1.400000000000000000e+02 1.580000000000000000e+02
2.460000000000000000e+02 1.400000000000000000e+02 1.580000000000000000e+02
2.460000000000000000e+02 1.400000000000000000e+02 1.580000000000000000e+02
2.460000000000000000e+02 1.400000000000000000e+02 1.580000000000000000e+02
2.460000000000000000e+02 1.400000000000000000e+02 1.580000000000000000e+02
2.460000000000000000e+02 1.400000000000000000e+02 1.580000000000000000e+02
2.460000000000000000e+02 1.400000000000000000e+02 1.580000000000000000e+02
2.460000000000000000e+02 1.400000000000000000e+02 1.580000000000000000e+02
2.460000000000000000e+02 1.400000000000000000e+02 1.580000000000000000e+02
2.460000000000000000e+02 1.400000000000000000e+02 1.580000000000000000e+02
2.460000000000000000e+02 1.400000000000000000e+02 1.580000000000000000e+02
2.460000000000000000e+02 1.400000000000000000e+02 1.580000000000000000e+02
2.460000000000000000e+02 1.400000000000000000e+02 1.580000000000000000e+02
2.460000000000000000e+02 1.400000000000000000e+02 1.580000000000000000e+02
2.460000000000000000e+02 1.400000000000000000e+02 1.580000000000000000e+02
2.460000000000000000e+02 1.400000000000000000e+02 1.580000000000000000e+02
2.460000000000000000e+02 1.400000000000000000e+02 1.580000000000000000e+02
2.460000000000000000e+02 1.400000000000000000e+02 1.580000000000000000e+02
2.460000000000000000e+02 1.400000000000000000e+02 1.580000000000000000e+02
2.460000000000000000e+02 1.400000000000000000e+02 1.580000000000000000e+02
2.460000000000000000e+02 1.400000000000000000e+02 1.580000000000000000e+02
2.460000000000000000e+02 1.400000000000000000e+02 1.580000000000000000e+02
2.460000000000000000e+02 1.400000000000000000e+02 1.580000000000000000e+02
2.460000000000000000e+02 1.400000000000000000e+02 1.580000000000000000e+02
2.460000000000000000e+02 1.400000000000000000e+02 1.580000000000000000e+02
2.460000000000000000e+02 1.400000000000000000e+02 1.580000000000000000e+02
2.460000000000000000e+02 1.400000000000000000e+02 1.580000000000000000e+02
2.460000000000000000e+02 1.400000000000000000e+02 1.580000000000000000e+02
2.460000000000000000e+02 1.400000000000000000e+02 1.580000000000000000e+02
2.459850189445003252e+02 1.399739950902839496e+02 1.580099256039027011e+02
2.459700378890006789e+02 1.399479901805679276e+02 1.580198512078054023e+02
2.459550568335010041e+02 1.399219852708518772e+02 1.580297768117081034e+02
2.459400757780013578e+02 1.398959803611358552e+02 1.580397024156108046e+02
2.459250947225016830e+02 1.398699754514198048e+02 1.580496280195135057e+02
2.459101136670020367e+02 1.398439705417037828e+02 1.580595536234162068e+02
2.458951326115023619e+02 1.398179656319877324e+02 1.580694792273189080e+02
2.458801515560026871e+02 1.397919607222716820e+02 1.580794048312216091e+02
2.458651705005030408e+02 1.397659558125556600e+02 1.580893304351243103e+02
2.458501894450033660e+02 1.397399509028396096e+02 1.580992560390270114e+02
2.458352083895037197e+02 1.397139459931235876e+02 1.581091816429297126e+02
2.458202273340040449e+02 1.396879410834075372e+02 1.581191072468324137e+02
2.458052462785043986e+02 1.396619361736915153e+02 1.581290328507351148e+02
2.457902652230047238e+02 1.396359312639754648e+02 1.581389584546378160e+02
2.457752841675050490e+02 1.396099263542594144e+02 1.581488840585405171e+02
2.457603031120054027e+02 1.395839214445433925e+02 1.581588096624432183e+02
2.457453220565057279e+02 1.395579165348273420e+02 1.581687352663459194e+02
2.457303410010060816e+02 1.395319116251113201e+02 1.581786608702486205e+02
2.457153599455064068e+02 1.395059067153952697e+02 1.581885864741513217e+02
2.457003788900067320e+02 1.394799018056792193e+02 1.581985120780540228e+02
2.456853978345070857e+02 1.394538968959631973e+02 1.582084376819567240e+02
2.456704167790074109e+02 1.394278919862471469e+02 1.582183632858594251e+02
2.456554357235077646e+02 1.394018870765311249e+02 1.582282888897621262e+02
2.456404546680080898e+02 1.393758821668150745e+02 1.582382144936648274e+02
2.456254736125084435e+02 1.393498772570990525e+02 1.582481400975675285e+02
2.456104925570087687e+02 1.393238723473830021e+02 1.582580657014702297e+02
2.455955115015090939e+02 1.392978674376669517e+02 1.582679913053729308e+02
2.455805304460094476e+02 1.392718625279509297e+02 1.582779169092756320e+02
2.455655493905097728e+02 1.392458576182348793e+02 1.582878425131783331e+02
2.455505683350101265e+02 1.392198527085188573e+02 1.582977681170810342e+02
2.455355872795104517e+02 1.391938477988028069e+02 1.583076937209837354e+02
2.455206062240108054e+02 1.391678428890867849e+02 1.583176193248864365e+02
2.455056251685111306e+02 1.391418379793707345e+02 1.583275449287891377e+02
2.455056251685111306e+02 1.391418379793707345e+02 1.583275449287891377e+02
2.454744789841529098e+02 1.391419097159868556e+02 1.583345021445921361e+02
2.454433327997947174e+02 1.391419814526030052e+02 1.583414593603951630e+02
2.454121866154364966e+02 1.391420531892191264e+02 1.583484165761981615e+02
2.453810404310782758e+02 1.391421249258352475e+02 1.583553737920011883e+02
2.453498942467200834e+02 1.391421966624513971e+02 1.583623310078041868e+02
2.453187480623618626e+02 1.391422683990675182e+02 1.583692882236072137e+02
2.452876018780036418e+02 1.391423401356836393e+02 1.583762454394102122e+02
2.452564556936454494e+02 1.391424118722997889e+02 1.583832026552132106e+02
2.452253095092872286e+02 1.391424836089159101e+02 1.583901598710162375e+02
2.451941633249290078e+02 1.391425553455320312e+02 1.583971170868192360e+02
2.451630171405708154e+02 1.391426270821481808e+02 1.584040743026222628e+02
2.451318709562125946e+02 1.391426988187643019e+02 1.584110315184252613e+02
2.451007247718543738e+02 1.391427705553804230e+02 1.584179887342282882e+02
2.450695785874961814e+02 1.391428422919965726e+02 1.584249459500312867e+02
2.450384324031379606e+02 1.391429140286126938e+02 1.584319031658342851e+02
2.450072862187797398e+02 1.391429857652288149e+02 1.584388603816373120e+02
2.449761400344215474e+02 1.391430575018449645e+02 1.584458175974403105e+02
2.449449938500633266e+02 1.391431292384610856e+02 1.584527748132433373e+02
2.449138476657051058e+02 1.391432009750772067e+02 1.584597320290463358e+02
2.448827014813469134e+02 1.391432727116933563e+02 1.584666892448493627e+02
2.448515552969886926e+02 1.391433444483094775e+02 1.584736464606523612e+02
2.448515552969886926e+02 1.391433444483094775e+02 1.584736464606523612e+02
2.448227369347349907e+02 1.391556490669840684e+02 1.584725804437813679e+02
2.447939185724812887e+02 1.391679536856586594e+02 1.584715144269103746e+02
2.447651002102275868e+02 1.391802583043332788e+02 1.584704484100393813e+02
2.447362818479738849e+02 1.391925629230078698e+02 1.584693823931683880e+02
2.447074634857201829e+02 1.392048675416824608e+02 1.584683163762973948e+02
2.446786451234664810e+02 1.392171721603570518e+02 1.584672503594263731e+02
2.446498267612127790e+02 1.392294767790316712e+02 1.584661843425553798e+02
2.446210083989590771e+02 1.392417813977062622e+02 1.584651183256843865e+02
2.445921900367053752e+02 1.392540860163808532e+02 1.584640523088133932e+02
2.445633716744516732e+02 1.392663906350554441e+02 1.584629862919423999e+02
2.445345533121979713e+02 1.392786952537300351e+02 1.584619202750714066e+02
2.445057349499442410e+02 1.392909998724046545e+02 1.584608542582004134e+02
2.444769165876905390e+02 1.393033044910792455e+02 1.584597882413294201e+02
2.444480982254368371e+02 1.393156091097538365e+02 1.584587222244584268e+02
2.444192798631831351e+02 1.393279137284284275e+02 1.584576562075874335e+02
2.443904615009294332e+02 1.393402183471030185e+02 1.584565901907164402e+02
2.443616431386757313e+02 1.393525229657776379e+02 1.584555241738454470e+02
2.443328247764220293e+02 1.393648275844522288e+02 1.584544581569744253e+02
2.443040064141683274e+02 1.393771322031268198e+02 1.584533921401034320e+02
2.442751880519146255e+02 1.393894368218014108e+02 1.584523261232324387e+02
2.442463696896609235e+02 1.394017414404760302e+02 1.584512601063614454e+02
2.442175513274072216e+02 1.394140460591506212e+02 1.584501940894904521e+02
2.441887329651535197e+02 1.394263506778252122e+02 1.584491280726194589e+02
2.441887329651535197e+02 1.394263506778252122e+02 1.584491280726194589e+02
2.441554562332911757e+02 1.394281289926635736e+02 1.584490614240567083e+02
2.441221795014288034e+02 1.394299073075019066e+02 1.584489947754939578e+02
2.440889027695664595e+02 1.394316856223402681e+02 1.584489281269312073e+02
2.440556260377040871e+02 1.394334639371786011e+02 1.584488614783684568e+02
2.440223493058417432e+02 1.394352422520169625e+02 1.584487948298057063e+02
2.439890725739793709e+02 1.394370205668552956e+02 1.584487281812429558e+02
2.439557958421170270e+02 1.394387988816936570e+02 1.584486615326802053e+02
2.439225191102546546e+02 1.394405771965319900e+02 1.584485948841174547e+02
2.438892423783923107e+02 1.394423555113703515e+02 1.584485282355547042e+02
2.438559656465299668e+02 1.394441338262087129e+02 1.584484615869919821e+02
2.438226889146675944e+02 1.394459121410470459e+02 1.584483949384292316e+02
2.437894121828052505e+02 1.394476904558854073e+02 1.584483282898664811e+02
2.437561354509428782e+02 1.394494687707237404e+02 1.584482616413037306e+02
2.437228587190805342e+02 1.394512470855621018e+02 1.584481949927409801e+02
2.436895819872181619e+02 1.394530254004004348e+02 1.584481283441782296e+02
2.436563052553558180e+02 1.394548037152387963e+02 1.584480616956154790e+02
2.436230285234934456e+02 1.394565820300771293e+02 1.584479950470527285e+02
2.435897517916311017e+02 1.394583603449154907e+02 1.584479283984899780e+02
2.435897517916311017e+02 1.394583603449154907e+02 1.584479283984899780e+02
2.435725629095464626e+02 1.394766654207422221e+02 1.584691789420578516e+02
2.435553740274617951e+02 1.394949704965689818e+02 1.584904294856257252e+02
2.435381851453771560e+02 1.395132755723957132e+02 1.585116800291935988e+02
2.435209962632925169e+02 1.395315806482224730e+02 1.585329305727614440e+02
2.435038073812078494e+02 1.395498857240492043e+02 1.585541811163293175e+02
2.434866184991232103e+02 1.395681907998759641e+02 1.585754316598971911e+02
2.434694296170385712e+02 1.395864958757026955e+02 1.585966822034650647e+02
2.434522407349539037e+02 1.396048009515294552e+02 1.586179327470329383e+02
2.434350518528692646e+02 1.396231060273561866e+02 1.586391832906007835e+02
2.434178629707846255e+02 1.396414111031829179e+02 1.586604338341686571e+02
2.434006740886999580e+02 1.396597161790096777e+02 1.586816843777365307e+02
2.433834852066153189e+02 1.396780212548364091e+02 1.587029349213044043e+02
2.433662963245306798e+02 1.396963263306631688e+02 1.587241854648722779e+02
2.433491074424460123e+02 1.397146314064899002e+02 1.587454360084401515e+02
2.433319185603613732e+02 1.397329364823166600e+02 1.587666865520080250e+02
2.433147296782767341e+02 1.397512415581433913e+02 1.587879370955758702e+02
2.432975407961920666e+02 1.397695466339701511e+02 1.588091876391437438e+02
2.432803519141074275e+02 1.397878517097968825e+02 1.588304381827116174e+02
2.432803519141074275e+02 1.397878517097968825e+02 1.588304381827116174e+02
2.432607140676812492e+02 1.397875137097399545e+02 1.588560909281060844e+02
2.432410762212550992e+02 1.397871757096830265e+02 1.588817436735005799e+02
2.432214383748289208e+02 1.397868377096260986e+02 1.589073964188950470e+02
2.432018005284027424e+02 1.397864997095691706e+02 1.589330491642895424e+02
2.431821626819765925e+02 1.397861617095122426e+02 1.589587019096840095e+02
2.431625248355504141e+02 1.397858237094553147e+02 1.589843546550785049e+02
2.431428869891242357e+02 1.397854857093983867e+02 1.590100074004729720e+02
2.431232491426980857e+02 1.397851477093414587e+02 1.590356601458674390e+02
2.431036112962719073e+02 1.397848097092845308e+02 1.590613128912619345e+02
2.430839734498457290e+02 1.397844717092276028e+02 1.590869656366564016e+02
2.430643356034195790e+02 1.397841337091706464e+02 1.591126183820508970e+02
2.430446977569934006e+02 1.397837957091137184e+02 1.591382711274453641e+02
2.430250599105672222e+02 1.397834577090567905e+02 1.591639238728398595e+02
2.430054220641410723e+02 1.397831197089998625e+02 1.591895766182343266e+02
2.429857842177148939e+02 1.397827817089429345e+02 1.592152293636287936e+02
2.429661463712887155e+02 1.397824437088860066e+02 1.592408821090232891e+02
2.429465085248625655e+02 1.397821057088290786e+02 1.592665348544177562e+02
2.429268706784363872e+02 1.397817677087721506e+02 1.592921875998122516e+02
2.429072328320102088e+02 1.397814297087152227e+02 1.593178403452067187e+02
2.428875949855840588e+02 1.397810917086582947e+02 1.593434930906012141e+02
2.428679571391578804e+02 1.397807537086013667e+02 1.593691458359956812e+02
2.428679571391578804e+02 1.397807537086013667e+02 1.593691458359956812e+02
2.428483023067314264e+02 1.397804154161870827e+02 1.593948207700523483e+02
2.428286474743049723e+02 1.397800771237727702e+02 1.594204957041090154e+02
2.428089926418785183e+02 1.397797388313584861e+02 1.594461706381657109e+02
2.427893378094520642e+02 1.397794005389441736e+02 1.594718455722223780e+02
2.427696829770256102e+02 1.397790622465298895e+02 1.594975205062790451e+02
2.427500281445991561e+02 1.397787239541156055e+02 1.595231954403357122e+02
2.427303733121727021e+02 1.397783856617012930e+02 1.595488703743923793e+02
2.427107184797462480e+02 1.397780473692870089e+02 1.595745453084490464e+02
2.426910636473197940e+02 1.397777090768726964e+02 1.596002202425057419e+02
2.426714088148933399e+02 1.397773707844584123e+02 1.596258951765624090e+02
2.426517539824669143e+02 1.397770324920441283e+02 1.596515701106190761e+02
2.426320991500404602e+02 1.397766941996298158e+02 1.596772450446757432e+02
2.426124443176140062e+02 1.397763559072155317e+02 1.597029199787324103e+02
2.425927894851875521e+02 1.397760176148012192e+02 1.597285949127891058e+02
2.425731346527610981e+02 1.397756793223869352e+02 1.597542698468457729e+02
2.425534798203346440e+02 1.397753410299726227e+02 1.597799447809024400e+02
2.425338249879081900e+02 1.397750027375583386e+02 1.598056197149591071e+02
2.425141701554817359e+02 1.397746644451440545e+02 1.598312946490157742e+02
2.424945153230552819e+02 1.397743261527297420e+02 1.598569695830724413e+02
2.424748604906288278e+02 1.397739878603154580e+02 1.598826445171291368e+02
2.424552056582023738e+02 1.397736495679011455e+02 1.599083194511858039e+02
2.424355508257759197e+02 1.397733112754868614e+02 1.599339943852424710e+02
2.424355508257759197e+02 1.397733112754868614e+02 1.599339943852424710e+02
2.424233551223445602e+02 1.397937699846129078e+02 1.599572103741988656e+02
2.424111594189132290e+02 1.398142286937389827e+02 1.599804263631552601e+02
2.423989637154818695e+02 1.398346874028650291e+02 1.600036423521116546e+02
2.423867680120505099e+02 1.398551461119910755e+02 1.600268583410680208e+02
2.423745723086191788e+02 1.398756048211171503e+02 1.600500743300244153e+02
2.423623766051878192e+02 1.398960635302431967e+02 1.600732903189808098e+02
2.423501809017564597e+02 1.399165222393692432e+02 1.600965063079372044e+02
2.423379851983251001e+02 1.399369809484953180e+02 1.601197222968935989e+02
2.423257894948937690e+02 1.399574396576213644e+02 1.601429382858499935e+02
2.423135937914624094e+02 1.399778983667474108e+02 1.601661542748063880e+02
2.423013980880310498e+02 1.399983570758734572e+02 1.601893702637627825e+02
2.422892023845997187e+02 1.400188157849995321e+02 1.602125862527191771e+02
2.422770066811683591e+02 1.400392744941255785e+02 1.602358022416755432e+02
2.422648109777369996e+02 1.400597332032516249e+02 1.602590182306319377e+02
2.422526152743056684e+02 1.400801919123776997e+02 1.602822342195883323e+02
2.422404195708743089e+02 1.401006506215037462e+02 1.603054502085447268e+02
2.422404195708743089e+02 1.401006506215037462e+02 1.603054502085447268e+02
2.422410660608728961e+02 1.401229387291015485e+02 1.603284510712830979e+02
2.422417125508714832e+02 1.401452268366993223e+02 1.603514519340214406e+02
2.422423590408700704e+02 1.401675149442971247e+02 1.603744527967598117e+02
2.422430055308686576e+02 1.401898030518948985e+02 1.603974536594981544e+02
2.422436520208672448e+02 1.402120911594927009e+02 1.604204545222365255e+02
2.422442985108658320e+02 1.402343792670905032e+02 1.604434553849748966e+02
2.422449450008644192e+02 1.402566673746882771e+02 1.604664562477132392e+02
2.422455914908630064e+02 1.402789554822860794e+02 1.604894571104516103e+02
2.422462379808615935e+02 1.403012435898838532e+02 1.605124579731899530e+02
2.422468844708601807e+02 1.403235316974816556e+02 1.605354588359283241e+02
2.422475309608587679e+02 1.403458198050794579e+02 1.605584596986666952e+02
2.422481774508573267e+02 1.403681079126772318e+02 1.605814605614050379e+02
2.422488239408559139e+02 1.403903960202750341e+02 1.606044614241434090e+02
2.422494704308545010e+02 1.404126841278728364e+02 1.606274622868817801e+02
2.422501169208530882e+02 1.404349722354706103e+02 1.606504631496201227e+02
2.422507634108516754e+02 1.404572603430684126e+02 1.606734640123584938e+02
2.422514099008502626e+02 1.404795484506661865e+02 1.606964648750968365e+02
2.422520563908488498e+02 1.405018365582639888e+02 1.607194657378352076e+02
2.422527028808474370e+02 1.405241246658617911e+02 1.607424666005735787e+02
2.422533493708460242e+02 1.405464127734595650e+02 1.607654674633119214e+02
2.422539958608446113e+02 1.405687008810573673e+02 1.607884683260502925e+02
2.422546423508431985e+02 1.405909889886551412e+02 1.608114691887886352e+02
2.422552888408417857e+02 1.406132770962529435e+02 1.608344700515270063e+02
2.422552888408417857e+02 1.406132770962529435e+02 1.608344700515270063e+02
2.422355090303111922e+02 1.406129366527572415e+02 1.608603082433776308e+02
2.422157292197805987e+02 1.406125962092615396e+02 1.608861464352282553e+02
2.421959494092500051e+02 1.406122557657658376e+02 1.609119846270788514e+02
2.421761695987194116e+02 1.406119153222701357e+02 1.609378228189294759e+02
2.421563897881888181e+02 1.406115748787744337e+02 1.609636610107801005e+02
2.421366099776582246e+02 1.406112344352787318e+02 1.609894992026307250e+02
2.421168301671276311e+02 1.406108939917830298e+02 1.610153373944813495e+02
2.420970503565970375e+02 1.406105535482873279e+02 1.610411755863319740e+02
2.420772705460664440e+02 1.406102131047916259e+02 1.610670137781825701e+02
2.420574907355358505e+02 1.406098726612959240e+02 1.610928519700331947e+02
2.420377109250052854e+02 1.406095322178002220e+02 1.611186901618838192e+02
2.420179311144746919e+02 1.406091917743044917e+02 1.611445283537344437e+02
2.419981513039440983e+02 1.406088513308087897e+02 1.611703665455850683e+02
2.419783714934135048e+02 1.406085108873130878e+02 1.611962047374356644e+02
2.419585916828829113e+02 1.406081704438173858e+02 1.612220429292862889e+02
2.419388118723523178e+02 1.406078300003216839e+02 1.612478811211369134e+02
2.419190320618217243e+02 1.406074895568259819e+02 1.612737193129875379e+02
2.418992522512911307e+02 1.406071491133302800e+02 1.612995575048381625e+02
2.418794724407605372e+02 1.406068086698345780e+02 1.613253956966887870e+02
2.418596926302299437e+02 1.406064682263388761e+02 1.613512338885393831e+02
2.418399128196993502e+02 1.406061277828431741e+02 1.613770720803900076e+02
2.418201330091687566e+02 1.406057873393474722e+02 1.614029102722406321e+02
2.418201330091687566e+02 1.406057873393474722e+02 1.614029102722406321e+02
2.418282499798065146e+02 1.405973105517516899e+02 1.614335919080495785e+02
2.418363669504443010e+02 1.405888337641559360e+02 1.614642735438585248e+02
2.418444839210820589e+02 1.405803569765601537e+02 1.614949551796674712e+02
2.418526008917198169e+02 1.405718801889643714e+02 1.615256368154764175e+02
2.418607178623576033e+02 1.405634034013685891e+02 1.615563184512853638e+02
2.418688348329953612e+02 1.405549266137728068e+02 1.615870000870943102e+02
2.418769518036331192e+02 1.405464498261770530e+02 1.616176817229032565e+02
2.418850687742709056e+02 1.405379730385812707e+02 1.616483633587122029e+02
2.418931857449086635e+02 1.405294962509854884e+02 1.616790449945211492e+02
2.419013027155464215e+02 1.405210194633897345e+02 1.617097266303300671e+02
2.419094196861842079e+02 1.405125426757939522e+02 1.617404082661390134e+02
2.419175366568219658e+02 1.405040658881981699e+02 1.617710899019479598e+02
2.419256536274597522e+02 1.404955891006023876e+02 1.618017715377569061e+02
2.419337705980975102e+02 1.404871123130066053e+02 1.618324531735658525e+02
2.419418875687352681e+02 1.404786355254108514e+02 1.618631348093747988e+02
2.419500045393730545e+02 1.404701587378150691e+02 1.618938164451837451e+02
2.419581215100108125e+02 1.404616819502192868e+02 1.619244980809926915e+02
2.419662384806485704e+02 1.404532051626235329e+02 1.619551797168016378e+02
2.419743554512863568e+02 1.404447283750277506e+02 1.619858613526105842e+02
2.419824724219241148e+02 1.404362515874319683e+02 1.620165429884195305e+02
2.419824724219241148e+02 1.404362515874319683e+02 1.620165429884195305e+02
2.419994657553438628e+02 1.404552671570133100e+02 1.620385900449752796e+02
2.420164590887636109e+02 1.404742827265946801e+02 1.620606371015310287e+02
2.420334524221833306e+02 1.404932982961760217e+02 1.620826841580867779e+02
2.420504457556030786e+02 1.405123138657573918e+02 1.621047312146425270e+02
2.420674390890228267e+02 1.405313294353387334e+02 1.621267782711982761e+02
2.420844324224425748e+02 1.405503450049201035e+02 1.621488253277540252e+02
2.421014257558623228e+02 1.405693605745014452e+02 1.621708723843097744e+02
2.421184190892820425e+02 1.405883761440828152e+02 1.621929194408654951e+02
2.421354124227017905e+02 1.406073917136641569e+02 1.622149664974212442e+02
2.421524057561215386e+02 1.406264072832455270e+02 1.622370135539769933e+02
2.421693990895412867e+02 1.406454228528268686e+02 1.622590606105327424e+02
2.421863924229610348e+02 1.406644384224082387e+02 1.622811076670884916e+02
2.422033857563807544e+02 1.406834539919895803e+02 1.623031547236442407e+02
2.422203790898005025e+02 1.407024695615709504e+02 1.623252017801999898e+02
2.422373724232202505e+02 1.407214851311522921e+02 1.623472488367557389e+02
2.422373724232202505e+02 1.407214851311522921e+02 1.623472488367557389e+02
2.422240828744996861e+02 1.407466136679603608e+02 1.623627183274163031e+02
2.422107933257791501e+02 1.407717422047684579e+02 1.623781878180768672e+02
2.421975037770585857e+02 1.407968707415765266e+02 1.623936573087374313e+02
2.421842142283380213e+02 1.408219992783845953e+02 1.624091267993979955e+02
2.421709246796174853e+02 1.408471278151926640e+02 1.624245962900585312e+02
2.421576351308969208e+02 1.408722563520007611e+02 1.624400657807190953e+02
2.421443455821763564e+02 1.408973848888088298e+02 1.624555352713796594e+02
2.421310560334558204e+02 1.409225134256168985e+02 1.624710047620402236e+02
2.421177664847352560e+02 1.409476419624249957e+02 1.624864742527007877e+02
2.421044769360146915e+02 1.409727704992330644e+02 1.625019437433613518e+02
2.420911873872941555e+02 1.409978990360411331e+02 1.625174132340219160e+02
2.420778978385735911e+02 1.410230275728492018e+02 1.625328827246824801e+02
2.420646082898530267e+02 1.410481561096572989e+02 1.625483522153430442e+02
2.420513187411324907e+02 1.410732846464653676e+02 1.625638217060035799e+02
2.420380291924119263e+02 1.410984131832734363e+02 1.625792911966641441e+02
2.420247396436913618e+02 1.411235417200815050e+02 1.625947606873247082e+02
2.420114500949708258e+02 1.411486702568896021e+02 1.626102301779852723e+02
2.419981605462502614e+02 1.411737987936976708e+02 1.626256996686458365e+02
