2.420000000000000000e+02 2.310000000000000000e+02 1.510000000000000000e+02
2.420021755097966150e+02 2.310271072132246957e+02 1.510156171087707833e+02
2.420043510195932299e+02 2.310542144264493629e+02 1.510312342175415665e+02
2.420065265293898449e+02 2.310813216396740586e+02 1.510468513263123498e+02
2.420087020391864314e+02 2.311084288528987258e+02 1.510624684350831046e+02
2.420108775489830464e+02 2.311355360661234215e+02 1.510780855438538879e+02
2.420130530587796613e+02 2.311626432793480888e+02 1.510937026526246711e+02
2.420152285685762763e+02 2.311897504925727844e+02 1.511093197613954544e+02
2.420174040783728913e+02 2.312168577057974801e+02 1.511249368701662377e+02
2.420195795881695062e+02 2.312439649190221473e+02 1.511405539789370209e+02
2.420217550979661212e+02 2.312710721322468430e+02 1.511561710877078042e+02
2.420239306077627077e+02 2.312981793454715103e+02 1.511717881964785590e+02
2.420261061175593227e+02 2.313252865586962059e+02 1.511874053052493423e+02
2.420282816273559376e+02 2.313523937719208732e+02 1.512030224140201256e+02
2.420304571371525526e+02 2.313795009851455688e+02 1.512186395227909088e+02
2.420326326469491676e+02 2.314066081983702645e+02 1.512342566315616921e+02
2.420348081567457825e+02 2.314337154115949318e+02 1.512498737403324753e+02
2.420369836665423975e+02 2.314608226248196274e+02 1.512654908491032586e+02
2.420391591763389840e+02 2.314879298380442947e+02 1.512811079578740134e+02
2.420413346861355990e+02 2.315150370512689904e+02 1.512967250666447967e+02
2.420435101959322139e+02 2.315421442644936576e+02 1.513123421754155800e+02
2.420456857057288289e+02 2.315692514777183533e+02 1.513279592841863632e+02
2.420478612155254439e+02 2.315963586909430489e+02 1.513435763929571465e+02
2.420500367253220588e+02 2.316234659041677162e+02 1.513591935017279297e+02
2.420522122351186738e+02 2.316505731173924119e+02 1.513748106104987130e+02
2.420543877449152603e+02 2.316776803306170791e+02 1.513904277192694678e+02
2.420565632547118753e+02 2.317047875438417748e+02 1.514060448280402511e+02
2.420587387645084902e+02 2.317318947570664420e+02 1.514216619368110344e+02
2.420609142743051052e+02 2.317590019702911377e+02 1.514372790455818176e+02
2.420609142743051052e+02 2.317590019702911377e+02 1.514372790455818176e+02
2.420698276826691142e+02 2.317813735835013915e+02 1.514599840314157575e+02
2.420787410910331516e+02 2.318037451967116453e+02 1.514826890172496974e+02
2.420876544993971606e+02 2.318261168099218708e+02 1.515053940030836372e+02
2.420965679077611696e+02 2.318484884231321246e+02 1.515280989889175771e+02
2.421054813161252071e+02 2.318708600363423784e+02 1.515508039747515170e+02
2.421143947244892161e+02 2.318932316495526322e+02 1.515735089605854284e+02
2.421233081328532251e+02 2.319156032627628576e+02 1.515962139464193683e+02
2.421322215412172625e+02 2.319379748759731115e+02 1.516189189322533082e+02
2.421411349495812715e+02 2.319603464891833653e+02 1.516416239180872481e+02
2.421500483579453089e+02 2.319827181023936191e+02 1.516643289039211879e+02
2.421589617663093179e+02 2.320050897156038729e+02 1.516870338897551278e+02
2.421678751746733269e+02 2.320274613288140984e+02 1.517097388755890677e+02
2.421767885830373643e+02 2.320498329420243522e+02 1.517324438614230075e+02
2.421857019914013733e+02 2.320722045552346060e+02 1.517551488472569474e+02
2.421946153997653823e+02 2.320945761684448598e+02 1.517778538330908873e+02
2.422035288081294198e+02 2.321169477816550852e+02 1.518005588189247987e+02
2.422124422164934288e+02 2.321393193948653391e+02 1.518232638047587386e+02
2.422213556248574378e+02 2.321616910080755929e+02 1.518459687905926785e+02
2.422302690332214752e+02 2.321840626212858467e+02 1.518686737764266184e+02
2.422391824415854842e+02 2.322064342344960721e+02 1.518913787622605582e+02
2.422480958499494932e+02 2.322288058477063259e+02 1.519140837480944981e+02
2.422570092583135306e+02 2.322511774609165798e+02 1.519367887339284380e+02
2.422659226666775396e+02 2.322735490741268336e+02 1.519594937197623779e+02
2.422748360750415770e+02 2.322959206873370874e+02 1.519821987055963177e+02
2.422837494834055860e+02 2.323182923005473128e+02 1.520049036914302576e+02
2.422926628917695950e+02 2.323406639137575667e+02 1.520276086772641690e+02
2.423015763001336325e+02 2.323630355269678205e+02 1.520503136630981089e+02
2.423104897084976415e+02 2.323854071401780743e+02 1.520730186489320488e+02
2.423194031168616505e+02 2.324077787533882997e+02 1.520957236347659887e+02
2.423283165252256879e+02 2.324301503665985535e+02 1.521184286205999285e+02
2.423372299335896969e+02 2.324525219798088074e+02 1.521411336064338684e+02
2.423372299335896969e+02 2.324525219798088074e+02 1.521411336064338684e+02
2.423421513279899955e+02 2.324721721597015858e+02 1.521655801367014647e+02
2.423470727223902941e+02 2.324918223395943642e+02 1.521900266669690609e+02
2.423519941167905927e+02 2.325114725194871426e+02 1.522144731972366571e+02
2.423569155111908913e+02 2.325311226993799210e+02 1.522389197275042534e+02
2.423618369055911899e+02 2.325507728792726994e+02 1.522633662577718496e+02
2.423667582999914885e+02 2.325704230591654778e+02 1.522878127880394459e+02
2.423716796943917871e+02 2.325900732390582561e+02 1.523122593183070421e+02
2.423766010887920856e+02 2.326097234189510345e+02 1.523367058485746384e+02
2.423815224831923842e+02 2.326293735988438129e+02 1.523611523788422346e+02
2.423864438775926828e+02 2.326490237787365913e+02 1.523855989091098309e+02
2.423913652719929814e+02 2.326686739586293697e+02 1.524100454393774271e+02
2.423962866663932800e+02 2.326883241385221481e+02 1.524344919696450233e+02
2.424012080607935786e+02 2.327079743184149265e+02 1.524589384999126196e+02
2.424061294551938772e+02 2.327276244983077049e+02 1.524833850301802158e+02
2.424110508495941758e+02 2.327472746782004833e+02 1.525078315604478121e+02
2.424159722439944744e+02 2.327669248580932617e+02 1.525322780907154083e+02
2.424208936383947730e+02 2.327865750379860401e+02 1.525567246209830046e+02
2.424258150327950716e+02 2.328062252178788185e+02 1.525811711512506008e+02
2.424307364271953702e+02 2.328258753977715969e+02 1.526056176815181971e+02
2.424356578215956688e+02 2.328455255776643753e+02 1.526300642117857933e+02
2.424405792159959674e+02 2.328651757575571537e+02 1.526545107420533895e+02
2.424455006103962660e+02 2.328848259374499321e+02 1.526789572723209858e+02
2.424504220047965646e+02 2.329044761173427105e+02 1.527034038025885820e+02
2.424553433991968632e+02 2.329241262972354889e+02 1.527278503328561783e+02
2.424602647935971618e+02 2.329437764771282673e+02 1.527522968631237745e+02
2.424651861879974604e+02 2.329634266570210457e+02 1.527767433933913708e+02
2.424701075823977590e+02 2.329830768369138241e+02 1.528011899236589670e+02
2.424750289767980576e+02 2.330027270168066025e+02 1.528256364539265633e+02
2.424799503711983562e+02 2.330223771966993809e+02 1.528500829841941595e+02
2.424848717655986547e+02 2.330420273765921593e+02 1.528745295144617558e+02
2.424897931599989533e+02 2.330616775564849377e+02 1.528989760447293520e+02
2.424947145543992519e+02 2.330813277363777161e+02 1.529234225749969482e+02
2.424947145543992519e+02 2.330813277363777161e+02 1.529234225749969482e+02
2.424953380947117694e+02 2.331028246413916349e+02 1.529456069339066744e+02
2.424959616350242868e+02 2.331243215464055538e+02 1.529677912928164005e+02
2.424965851753368042e+02 2.331458184514194727e+02 1.529899756517261267e+02
2.424972087156493217e+02 2.331673153564333916e+02 1.530121600106358528e+02
2.424978322559618391e+02 2.331888122614473104e+02 1.530343443695455790e+02
2.424984557962743565e+02 2.332103091664612293e+02 1.530565287284553051e+02
2.424990793365868740e+02 2.332318060714751482e+02 1.530787130873650312e+02
2.424997028768993914e+02 2.332533029764890671e+02 1.531008974462747574e+02
2.425003264172119088e+02 2.332747998815029860e+02 1.531230818051844835e+02
2.425009499575244263e+02 2.332962967865169048e+02 1.531452661640942097e+02
2.425015734978369437e+02 2.333177936915308237e+02 1.531674505230039358e+02
2.425021970381494612e+02 2.333392905965447426e+02 1.531896348819136620e+02
2.425028205784619786e+02 2.333607875015586615e+02 1.532118192408233881e+02
2.425034441187744960e+02 2.333822844065725803e+02 1.532340035997331142e+02
2.425040676590870135e+02 2.334037813115864992e+02 1.532561879586428404e+02
2.425046911993995309e+02 2.334252782166004181e+02 1.532783723175525665e+02
2.425053147397120483e+02 2.334467751216143370e+02 1.533005566764622927e+02
2.425059382800245658e+02 2.334682720266282558e+02 1.533227410353720188e+02
2.425065618203370832e+02 2.334897689316421747e+02 1.533449253942817450e+02
2.425071853606496006e+02 2.335112658366560936e+02 1.533671097531914711e+02
2.425078089009621181e+02 2.335327627416700125e+02 1.533892941121011972e+02
2.425084324412746355e+02 2.335542596466839314e+02 1.534114784710109234e+02
2.425090559815871529e+02 2.335757565516978502e+02 1.534336628299206495e+02
2.425096795218996704e+02 2.335972534567117691e+02 1.534558471888303757e+02
2.425103030622121878e+02 2.336187503617256880e+02 1.534780315477401018e+02
2.425109266025247052e+02 2.336402472667396069e+02 1.535002159066498280e+02
2.425115501428372227e+02 2.336617441717535257e+02 1.535224002655595541e+02
2.425121736831497401e+02 2.336832410767674446e+02 1.535445846244692802e+02
2.425127972234622575e+02 2.337047379817813635e+02 1.535667689833790064e+02
2.425134207637747750e+02 2.337262348867952824e+02 1.535889533422887325e+02
2.425140443040872924e+02 2.337477317918092012e+02 1.536111377011984587e+02
2.425146678443998098e+02 2.337692286968231201e+02 1.536333220601081848e+02
2.425146678443998098e+02 2.337692286968231201e+02 1.536333220601081848e+02
2.425337692014873028e+02 2.337775009982287884e+02 1.536575124487280846e+02
2.425528705585747957e+02 2.337857732996344566e+02 1.536817028373479843e+02
2.425719719156622887e+02 2.337940456010401249e+02 1.537058932259678841e+02
2.425910732727497816e+02 2.338023179024457932e+02 1.537300836145877838e+02
2.426101746298372746e+02 2.338105902038514614e+02 1.537542740032076836e+02
2.426292759869247675e+02 2.338188625052571297e+02 1.537784643918275833e+02
2.426483773440122604e+02 2.338271348066627979e+02 1.538026547804474831e+02
2.426674787010997534e+02 2.338354071080684662e+02 1.538268451690673828e+02
2.426865800581872463e+02 2.338436794094741344e+02 1.538510355576872826e+02
2.427056814152747393e+02 2.338519517108798027e+02 1.538752259463071823e+02
2.427247827723622322e+02 2.338602240122854710e+02 1.538994163349270821e+02
2.427438841294497252e+02 2.338684963136911392e+02 1.539236067235469818e+02
2.427629854865372181e+02 2.338767686150968075e+02 1.539477971121668816e+02
2.427820868436247110e+02 2.338850409165024757e+02 1.539719875007867813e+02
2.428011882007122040e+02 2.338933132179081440e+02 1.539961778894066811e+02
2.428202895577996969e+02 2.339015855193138123e+02 1.540203682780265808e+02
2.428393909148871899e+02 2.339098578207194805e+02 1.540445586666464806e+02
2.428584922719746828e+02 2.339181301221251488e+02 1.540687490552663803e+02
2.428775936290621758e+02 2.339264024235308170e+02 1.540929394438862801e+02
2.428966949861496687e+02 2.339346747249364853e+02 1.541171298325061798e+02
2.429157963432371616e+02 2.339429470263421535e+02 1.541413202211260796e+02
2.429348977003246546e+02 2.339512193277478218e+02 1.541655106097459793e+02
2.429539990574121475e+02 2.339594916291534901e+02 1.541897009983658791e+02
2.429731004144996405e+02 2.339677639305591583e+02 1.542138913869857788e+02
2.429922017715871334e+02 2.339760362319648266e+02 1.542380817756056786e+02
2.430113031286746264e+02 2.339843085333704948e+02 1.542622721642255783e+02
2.430304044857621193e+02 2.339925808347761631e+02 1.542864625528454781e+02
2.430495058428496122e+02 2.340008531361818314e+02 1.543106529414653778e+02
2.430686071999371052e+02 2.340091254375874996e+02 1.543348433300852776e+02
2.430877085570245981e+02 2.340173977389931679e+02 1.543590337187051773e+02
2.431068099141120911e+02 2.340256700403988361e+02 1.543832241073250771e+02
2.431259112711995840e+02 2.340339423418045044e+02 1.544074144959449768e+02
2.431259112711995840e+02 2.340339423418045044e+02 1.544074144959449768e+02
2.431426516479502027e+02 2.340623566011587684e+02 1.544082722383447788e+02
2.431593920247008498e+02 2.340907708605130608e+02 1.544091299807445807e+02
2.431761324014514685e+02 2.341191851198673248e+02 1.544099877231443827e+02
2.431928727782020871e+02 2.341475993792215888e+02 1.544108454655441847e+02
2.432096131549527342e+02 2.341760136385758813e+02 1.544117032079440150e+02
2.432263535317033529e+02 2.342044278979301453e+02 1.544125609503438170e+02
2.432430939084539716e+02 2.342328421572844093e+02 1.544134186927436190e+02
2.432598342852046187e+02 2.342612564166387017e+02 1.544142764351434209e+02
2.432765746619552374e+02 2.342896706759929657e+02 1.544151341775432229e+02
2.432933150387058561e+02 2.343180849353472297e+02 1.544159919199430249e+02
2.433100554154565032e+02 2.343464991947015221e+02 1.544168496623428268e+02
2.433267957922071218e+02 2.343749134540557861e+02 1.544177074047426288e+02
2.433435361689577405e+02 2.344033277134100501e+02 1.544185651471424308e+02
2.433602765457083876e+02 2.344317419727643426e+02 1.544194228895422611e+02
2.433770169224590063e+02 2.344601562321186066e+02 1.544202806319420631e+02
2.433937572992096250e+02 2.344885704914728706e+02 1.544211383743418651e+02
2.434104976759602721e+02 2.345169847508271630e+02 1.544219961167416670e+02
2.434272380527108908e+02 2.345453990101814270e+02 1.544228538591414690e+02
2.434439784294615094e+02 2.345738132695356910e+02 1.544237116015412710e+02
2.434607188062121566e+02 2.346022275288899834e+02 1.544245693439410729e+02
2.434774591829627752e+02 2.346306417882442474e+02 1.544254270863408749e+02
2.434941995597133939e+02 2.346590560475985114e+02 1.544262848287406769e+02
2.435109399364640410e+02 2.346874703069528039e+02 1.544271425711405072e+02
2.435276803132146597e+02 2.347158845663070679e+02 1.544280003135403092e+02
2.435444206899652784e+02 2.347442988256613319e+02 1.544288580559401112e+02
2.435611610667159255e+02 2.347727130850156243e+02 1.544297157983399131e+02
2.435779014434665442e+02 2.348011273443698883e+02 1.544305735407397151e+02
2.435946418202171628e+02 2.348295416037241523e+02 1.544314312831395171e+02
2.436113821969678099e+02 2.348579558630784447e+02 1.544322890255393190e+02
2.436281225737184286e+02 2.348863701224327087e+02 1.544331467679391210e+02
2.436448629504690473e+02 2.349147843817869727e+02 1.544340045103389230e+02
2.436616033272196944e+02 2.349431986411412652e+02 1.544348622527387533e+02
2.436783437039703131e+02 2.349716129004955292e+02 1.544357199951385553e+02
2.436950840807209318e+02 2.350000271598497932e+02 1.544365777375383573e+02
2.437118244574715789e+02 2.350284414192040856e+02 1.544374354799381592e+02
2.437285648342221975e+02 2.350568556785583496e+02 1.544382932223379612e+02
2.437285648342221975e+02 2.350568556785583496e+02 1.544382932223379612e+02
2.437543523727177615e+02 2.350700144695824463e+02 1.544396263720660443e+02
2.437801399112133254e+02 2.350831732606065714e+02 1.544409595217941273e+02
2.438059274497088609e+02 2.350963320516306680e+02 1.544422926715221820e+02
2.438317149882044248e+02 2.351094908426547931e+02 1.544436258212502651e+02
2.438575025266999887e+02 2.351226496336788898e+02 1.544449589709783481e+02
2.438832900651955526e+02 2.351358084247030149e+02 1.544462921207064312e+02
2.439090776036910881e+02 2.351489672157271116e+02 1.544476252704344859e+02
2.439348651421866521e+02 2.351621260067512367e+02 1.544489584201625689e+02
2.439606526806822160e+02 2.351752847977753333e+02 1.544502915698906520e+02
2.439864402191777799e+02 2.351884435887994300e+02 1.544516247196187351e+02
2.440122277576733154e+02 2.352016023798235551e+02 1.544529578693467897e+02
2.440380152961688793e+02 2.352147611708476518e+02 1.544542910190748728e+02
2.440638028346644433e+02 2.352279199618717769e+02 1.544556241688029559e+02
2.440895903731600072e+02 2.352410787528958735e+02 1.544569573185310389e+02
2.441153779116555427e+02 2.352542375439199986e+02 1.544582904682590936e+02
2.441411654501511066e+02 2.352673963349440953e+02 1.544596236179871767e+02
2.441669529886466705e+02 2.352805551259682204e+02 1.544609567677152597e+02
2.441927405271422344e+02 2.352937139169923171e+02 1.544622899174433428e+02
2.442185280656377699e+02 2.353068727080164422e+02 1.544636230671713975e+02
2.442443156041333339e+02 2.353200314990405388e+02 1.544649562168994805e+02
2.442701031426288978e+02 2.353331902900646355e+02 1.544662893666275636e+02
2.442958906811244617e+02 2.353463490810887606e+02 1.544676225163556467e+02
2.443216782196199972e+02 2.353595078721128573e+02 1.544689556660837013e+02
2.443474657581155611e+02 2.353726666631369824e+02 1.544702888158117844e+02
2.443732532966111251e+02 2.353858254541610791e+02 1.544716219655398675e+02
2.443990408351066890e+02 2.353989842451852041e+02 1.544729551152679505e+02
2.444248283736022245e+02 2.354121430362093008e+02 1.544742882649960052e+02
2.444506159120977884e+02 2.354253018272334259e+02 1.544756214147240883e+02
2.444764034505933523e+02 2.354384606182575226e+02 1.544769545644521713e+02
2.444764034505933523e+02 2.354384606182575226e+02 1.544769545644521713e+02
2.445033424460830531e+02 2.354522069715536645e+02 1.544783472414486596e+02
2.445302814415727539e+02 2.354659533248497780e+02 1.544797399184451763e+02
2.445572204370624831e+02 2.354796996781459200e+02 1.544811325954416645e+02
2.445841594325521839e+02 2.354934460314420619e+02 1.544825252724381528e+02
2.446110984280418847e+02 2.355071923847381754e+02 1.544839179494346695e+02
2.446380374235315855e+02 2.355209387380343173e+02 1.544853106264311577e+02
2.446649764190213148e+02 2.355346850913304593e+02 1.544867033034276460e+02
2.446919154145110156e+02 2.355484314446266012e+02 1.544880959804241343e+02
2.447188544100007164e+02 2.355621777979227147e+02 1.544894886574206510e+02
2.447457934054904172e+02 2.355759241512188567e+02 1.544908813344171392e+02
2.447727324009801464e+02 2.355896705045149986e+02 1.544922740114136275e+02
2.447996713964698472e+02 2.356034168578111121e+02 1.544936666884101442e+02
2.448266103919595480e+02 2.356171632111072540e+02 1.544950593654066324e+02
2.448535493874492488e+02 2.356309095644033960e+02 1.544964520424031207e+02
2.448804883829389496e+02 2.356446559176995095e+02 1.544978447193996374e+02
2.449074273784286788e+02 2.356584022709956514e+02 1.544992373963961256e+02
2.449343663739183796e+02 2.356721486242917933e+02 1.545006300733926139e+02
2.449613053694080804e+02 2.356858949775879069e+02 1.545020227503891306e+02
2.449882443648977812e+02 2.356996413308840488e+02 1.545034154273856188e+02
2.450151833603875104e+02 2.357133876841801907e+02 1.545048081043821071e+02
2.450421223558772112e+02 2.357271340374763327e+02 1.545062007813785954e+02
2.450690613513669120e+02 2.357408803907724462e+02 1.545075934583751120e+02
2.450960003468566129e+02 2.357546267440685881e+02 1.545089861353716003e+02
2.451229393423463421e+02 2.357683730973647300e+02 1.545103788123680886e+02
2.451498783378360429e+02 2.357821194506608435e+02 1.545117714893646053e+02
2.451768173333257437e+02 2.357958658039569855e+02 1.545131641663610935e+02
2.451768173333257437e+02 2.357958658039569855e+02 1.545131641663610935e+02
2.451994143436448041e+02 2.358156774433759608e+02 1.545014938176251462e+02
2.452220113539638362e+02 2.358354890827949362e+02 1.544898234688891705e+02
2.452446083642828967e+02 2.358553007222138831e+02 1.544781531201532232e+02
2.452672053746019287e+02 2.358751123616328584e+02 1.544664827714172759e+02
2.452898023849209892e+02 2.358949240010518338e+02 1.544548124226813002e+02
2.453123993952400497e+02 2.359147356404708091e+02 1.544431420739453529e+02
2.453349964055590817e+02 2.359345472798897561e+02 1.544314717252094056e+02
2.453575934158781422e+02 2.359543589193087314e+02 1.544198013764734583e+02
2.453801904261972027e+02 2.359741705587277067e+02 1.544081310277374826e+02
2.454027874365162347e+02 2.359939821981466821e+02 1.543964606790015353e+02
2.454253844468352952e+02 2.360137938375656290e+02 1.543847903302655880e+02
2.454479814571543272e+02 2.360336054769846044e+02 1.543731199815296122e+02
2.454705784674733877e+02 2.360534171164035797e+02 1.543614496327936649e+02
2.454931754777924482e+02 2.360732287558225551e+02 1.543497792840577176e+02
2.455157724881114802e+02 2.360930403952415304e+02 1.543381089353217419e+02
2.455383694984305407e+02 2.361128520346604773e+02 1.543264385865857946e+02
2.455609665087495728e+02 2.361326636740794527e+02 1.543147682378498473e+02
2.455835635190686332e+02 2.361524753134984280e+02 1.543030978891138716e+02
2.456061605293876937e+02 2.361722869529174034e+02 1.542914275403779243e+02
2.456287575397067258e+02 2.361920985923363503e+02 1.542797571916419770e+02
2.456513545500257862e+02 2.362119102317553256e+02 1.542680868429060297e+02
2.456739515603448467e+02 2.362317218711743010e+02 1.542564164941700540e+02
2.456965485706638788e+02 2.362515335105932763e+02 1.542447461454341067e+02
2.457191455809829392e+02 2.362713451500122233e+02 1.542330757966981594e+02
2.457417425913019713e+02 2.362911567894311986e+02 1.542214054479621836e+02
2.457643396016210318e+02 2.363109684288501740e+02 1.542097350992262363e+02
2.457643396016210318e+02 2.363109684288501740e+02 1.542097350992262363e+02
2.457867014982772105e+02 2.363305739351996806e+02 1.541981861761046844e+02
2.458090633949333892e+02 2.363501794415491588e+02 1.541866372529831324e+02
2.458314252915895679e+02 2.363697849478986655e+02 1.541750883298615520e+02
2.458537871882457466e+02 2.363893904542481437e+02 1.541635394067400000e+02
2.458761490849019253e+02 2.364089959605976503e+02 1.541519904836184480e+02
2.458985109815581040e+02 2.364286014669471285e+02 1.541404415604968960e+02
2.459208728782142828e+02 2.364482069732966352e+02 1.541288926373753156e+02
2.459432347748704615e+02 2.364678124796461134e+02 1.541173437142537637e+02
2.459655966715266402e+02 2.364874179859956200e+02 1.541057947911322117e+02
2.459879585681828189e+02 2.365070234923450982e+02 1.540942458680106597e+02
2.460103204648389976e+02 2.365266289986946049e+02 1.540826969448891077e+02
2.460326823614951763e+02 2.365462345050440831e+02 1.540711480217675273e+02
2.460550442581513551e+02 2.365658400113935897e+02 1.540595990986459753e+02
2.460774061548075053e+02 2.365854455177430680e+02 1.540480501755244234e+02
2.460997680514636841e+02 2.366050510240925746e+02 1.540365012524028714e+02
2.461221299481198628e+02 2.366246565304420528e+02 1.540249523292812910e+02
2.461444918447760415e+02 2.366442620367915595e+02 1.540134034061597390e+02
2.461668537414322202e+02 2.366638675431410377e+02 1.540018544830381870e+02
2.461892156380883989e+02 2.366834730494905443e+02 1.539903055599166350e+02
2.462115775347445776e+02 2.367030785558400225e+02 1.539787566367950831e+02
2.462339394314007563e+02 2.367226840621895292e+02 1.539672077136735027e+02
2.462563013280569351e+02 2.367422895685390074e+02 1.539556587905519507e+02
2.462786632247131138e+02 2.367618950748885140e+02 1.539441098674303987e+02
2.463010251213692925e+02 2.367815005812379923e+02 1.539325609443088467e+02
2.463233870180254712e+02 2.368011060875874989e+02 1.539210120211872663e+02
2.463457489146816499e+02 2.368207115939369771e+02 1.539094630980657143e+02
2.463681108113378286e+02 2.368403171002864838e+02 1.538979141749441624e+02
2.463681108113378286e+02 2.368403171002864838e+02 1.538979141749441624e+02
2.463902350797283418e+02 2.368597142685342760e+02 1.538864879766824174e+02
2.464123593481188550e+02 2.368791114367820683e+02 1.538750617784206440e+02
2.464344836165093682e+02 2.368985086050298605e+02 1.538636355801588991e+02
2.464566078848998814e+02 2.369179057732776243e+02 1.538522093818971541e+02
2.464787321532903945e+02 2.369373029415254166e+02 1.538407831836353807e+02
2.465008564216809077e+02 2.369567001097732089e+02 1.538293569853736358e+02
2.465229806900714209e+02 2.369760972780210011e+02 1.538179307871118624e+02
2.465451049584619341e+02 2.369954944462687934e+02 1.538065045888501174e+02
2.465672292268524473e+02 2.370148916145165856e+02 1.537950783905883725e+02
2.465893534952429604e+02 2.370342887827643779e+02 1.537836521923265991e+02
2.466114777636334736e+02 2.370536859510121417e+02 1.537722259940648541e+02
2.466336020320239868e+02 2.370730831192599339e+02 1.537607997958031092e+02
2.466557263004145000e+02 2.370924802875077262e+02 1.537493735975413358e+02
2.466778505688050416e+02 2.371118774557555184e+02 1.537379473992795909e+02
2.466999748371955548e+02 2.371312746240033107e+02 1.537265212010178175e+02
2.467220991055860679e+02 2.371506717922511029e+02 1.537150950027560725e+02
2.467442233739765811e+02 2.371700689604988668e+02 1.537036688044943276e+02
2.467663476423670943e+02 2.371894661287466590e+02 1.536922426062325542e+02
2.467884719107576075e+02 2.372088632969944513e+02 1.536808164079708092e+02
2.468105961791481207e+02 2.372282604652422435e+02 1.536693902097090643e+02
2.468327204475386338e+02 2.372476576334900358e+02 1.536579640114472909e+02
2.468548447159291470e+02 2.372670548017378280e+02 1.536465378131855459e+02
2.468769689843196602e+02 2.372864519699856203e+02 1.536351116149237725e+02
2.468990932527101734e+02 2.373058491382333841e+02 1.536236854166620276e+02
2.469212175211006866e+02 2.373252463064811764e+02 1.536122592184002826e+02
2.469433417894911997e+02 2.373446434747289686e+02 1.536008330201385093e+02
2.469654660578817129e+02 2.373640406429767609e+02 1.535894068218767643e+02
2.469654660578817129e+02 2.373640406429767609e+02 1.535894068218767643e+02
2.469861846920102835e+02 2.373854791399310500e+02 1.535722853561096315e+02
2.470069033261388540e+02 2.374069176368853675e+02 1.535551638903424987e+02
2.470276219602674246e+02 2.374283561338396566e+02 1.535380424245753659e+02
2.470483405943959951e+02 2.374497946307939742e+02 1.535209209588082331e+02
2.470690592285245657e+02 2.374712331277482633e+02 1.535037994930411003e+02
2.470897778626531363e+02 2.374926716247025524e+02 1.534866780272739675e+02
2.471104964967817068e+02 2.375141101216568700e+02 1.534695565615068347e+02
2.471312151309102774e+02 2.375355486186111591e+02 1.534524350957397019e+02
2.471519337650388479e+02 2.375569871155654766e+02 1.534353136299725975e+02
2.471726523991674185e+02 2.375784256125197658e+02 1.534181921642054647e+02
2.471933710332959890e+02 2.375998641094740833e+02 1.534010706984383319e+02
2.472140896674245596e+02 2.376213026064283724e+02 1.533839492326711991e+02
2.472348083015531301e+02 2.376427411033826615e+02 1.533668277669040663e+02
2.472555269356817007e+02 2.376641796003369791e+02 1.533497063011369335e+02
2.472762455698102713e+02 2.376856180972912682e+02 1.533325848353698007e+02
2.472969642039388418e+02 2.377070565942455858e+02 1.533154633696026679e+02
2.473176828380674124e+02 2.377284950911998749e+02 1.532983419038355350e+02
2.473384014721959829e+02 2.377499335881541640e+02 1.532812204380684022e+02
2.473591201063245535e+02 2.377713720851084815e+02 1.532640989723012694e+02
2.473798387404531240e+02 2.377928105820627707e+02 1.532469775065341366e+02
2.474005573745816946e+02 2.378142490790170882e+02 1.532298560407670038e+02
2.474212760087102652e+02 2.378356875759713773e+02 1.532127345749998710e+02
2.474419946428388357e+02 2.378571260729256664e+02 1.531956131092327382e+02
2.474627132769674063e+02 2.378785645698799840e+02 1.531784916434656054e+02
2.474834319110959768e+02 2.379000030668342731e+02 1.531613701776984726e+02
2.475041505452245474e+02 2.379214415637885907e+02 1.531442487119313682e+02
2.475248691793531179e+02 2.379428800607428798e+02 1.531271272461642354e+02
2.475455878134816885e+02 2.379643185576971973e+02 1.531100057803971026e+02
2.475663064476102591e+02 2.379857570546514864e+02 1.530928843146299698e+02
2.475870250817388296e+02 2.380071955516057756e+02 1.530757628488628370e+02
2.476077437158674002e+02 2.380286340485600931e+02 1.530586413830957042e+02
2.476284623499959707e+02 2.380500725455143822e+02 1.530415199173285714e+02
2.476491809841245413e+02 2.380715110424686998e+02 1.530243984515614386e+02
2.476698996182531118e+02 2.380929495394229889e+02 1.530072769857943058e+02
2.476698996182531118e+02 2.380929495394229889e+02 1.530072769857943058e+02
2.476840601721512485e+02 2.381188189940793052e+02 1.529969672402100969e+02
2.476982207260493851e+02 2.381446884487356499e+02 1.529866574946258879e+02
2.477123812799474933e+02 2.381705579033919662e+02 1.529763477490416506e+02
2.477265418338456300e+02 2.381964273580483109e+02 1.529660380034574416e+02
2.477407023877437666e+02 2.382222968127046272e+02 1.529557282578732327e+02
2.477548629416419033e+02 2.382481662673609719e+02 1.529454185122890237e+02
2.477690234955400115e+02 2.382740357220172882e+02 1.529351087667047864e+02
2.477831840494381481e+02 2.382999051766736045e+02 1.529247990211205774e+02
2.477973446033362848e+02 2.383257746313299492e+02 1.529144892755363685e+02
2.478115051572344214e+02 2.383516440859862655e+02 1.529041795299521596e+02
2.478256657111325296e+02 2.383775135406426102e+02 1.528938697843679222e+02
2.478398262650306663e+02 2.384033829952989265e+02 1.528835600387837133e+02
2.478539868189288029e+02 2.384292524499552712e+02 1.528732502931995043e+02
2.478681473728269395e+02 2.384551219046115875e+02 1.528629405476152954e+02
2.478823079267250762e+02 2.384809913592679038e+02 1.528526308020310864e+02
2.478964684806231844e+02 2.385068608139242485e+02 1.528423210564468491e+02
2.479106290345213210e+02 2.385327302685805648e+02 1.528320113108626401e+02
2.479247895884194577e+02 2.385585997232369095e+02 1.528217015652784312e+02
2.479389501423175943e+02 2.385844691778932258e+02 1.528113918196942222e+02
2.479531106962157025e+02 2.386103386325495705e+02 1.528010820741099849e+02
2.479672712501138392e+02 2.386362080872058868e+02 1.527907723285257759e+02
2.479814318040119758e+02 2.386620775418622031e+02 1.527804625829415670e+02
2.479955923579101125e+02 2.386879469965185478e+02 1.527701528373573581e+02
2.480097529118082491e+02 2.387138164511748641e+02 1.527598430917731491e+02
2.480239134657063573e+02 2.387396859058312089e+02 1.527495333461889118e+02
2.480380740196044940e+02 2.387655553604875251e+02 1.527392236006047028e+02
2.480522345735026306e+02 2.387914248151438699e+02 1.527289138550204939e+02
2.480663951274007673e+02 2.388172942698001862e+02 1.527186041094362849e+02
2.480805556812988755e+02 2.388431637244565025e+02 1.527082943638520476e+02
2.480947162351970121e+02 2.388690331791128472e+02 1.526979846182678386e+02
2.481088767890951488e+02 2.388949026337691635e+02 1.526876748726836297e+02
2.481230373429932854e+02 2.389207720884255082e+02 1.526773651270994208e+02
2.481371978968913936e+02 2.389466415430818245e+02 1.526670553815151834e+02
2.481513584507895303e+02 2.389725109977381692e+02 1.526567456359309745e+02
2.481655190046876669e+02 2.389983804523944855e+02 1.526464358903467655e+02
2.481655190046876669e+02 2.389983804523944855e+02 1.526464358903467655e+02
2.481819107562465376e+02 2.390171741739563345e+02 1.526392186897928411e+02
2.481983025078054368e+02 2.390359678955181835e+02 1.526320014892388883e+02
2.482146942593643075e+02 2.390547616170800325e+02 1.526247842886849639e+02
2.482310860109232067e+02 2.390735553386418815e+02 1.526175670881310111e+02
2.482474777624820774e+02 2.390923490602037305e+02 1.526103498875770867e+02
2.482638695140409766e+02 2.391111427817655510e+02 1.526031326870231624e+02
2.482802612655998473e+02 2.391299365033274000e+02 1.525959154864692096e+02
2.482966530171587465e+02 2.391487302248892490e+02 1.525886982859152852e+02
2.483130447687176172e+02 2.391675239464510980e+02 1.525814810853613324e+02
2.483294365202765164e+02 2.391863176680129470e+02 1.525742638848074080e+02
2.483458282718353871e+02 2.392051113895747960e+02 1.525670466842534836e+02
2.483622200233942863e+02 2.392239051111366450e+02 1.525598294836995308e+02
2.483786117749531570e+02 2.392426988326984940e+02 1.525526122831456064e+02
2.483950035265120562e+02 2.392614925542603430e+02 1.525453950825916820e+02
2.484113952780709269e+02 2.392802862758221920e+02 1.525381778820377292e+02
2.484277870296298261e+02 2.392990799973840410e+02 1.525309606814838048e+02
2.484441787811886968e+02 2.393178737189458900e+02 1.525237434809298520e+02
2.484605705327475960e+02 2.393366674405077106e+02 1.525165262803759276e+02
2.484769622843064667e+02 2.393554611620695596e+02 1.525093090798220032e+02
2.484933540358653659e+02 2.393742548836314086e+02 1.525020918792680504e+02
2.485097457874242366e+02 2.393930486051932576e+02 1.524948746787141260e+02
2.485261375389831358e+02 2.394118423267551066e+02 1.524876574781601732e+02
2.485425292905420065e+02 2.394306360483169556e+02 1.524804402776062489e+02
2.485425292905420065e+02 2.394306360483169556e+02 1.524804402776062489e+02
2.485636515303289968e+02 2.394548534422085311e+02 1.524711402686762369e+02
2.485847737701160156e+02 2.394790708361000782e+02 1.524618402597462250e+02
2.486058960099030060e+02 2.395032882299916537e+02 1.524525402508162131e+02
2.486270182496900247e+02 2.395275056238832008e+02 1.524432402418862011e+02
2.486481404894770151e+02 2.395517230177747763e+02 1.524339402329562176e+02
2.486692627292640339e+02 2.395759404116663518e+02 1.524246402240262057e+02
2.486903849690510242e+02 2.396001578055578989e+02 1.524153402150961938e+02
2.487115072088380430e+02 2.396243751994494744e+02 1.524060402061661819e+02
2.487326294486250333e+02 2.396485925933410499e+02 1.523967401972361699e+02
2.487537516884120237e+02 2.396728099872325970e+02 1.523874401883061580e+02
2.487748739281990424e+02 2.396970273811241725e+02 1.523781401793761461e+02
2.487959961679860328e+02 2.397212447750157196e+02 1.523688401704461342e+02
2.488171184077730516e+02 2.397454621689072951e+02 1.523595401615161222e+02
2.488382406475600419e+02 2.397696795627988706e+02 1.523502401525861103e+02
2.488593628873470607e+02 2.397938969566904177e+02 1.523409401436561268e+02
2.488804851271340510e+02 2.398181143505819932e+02 1.523316401347261149e+02
2.489016073669210698e+02 2.398423317444735687e+02 1.523223401257961029e+02
2.489227296067080601e+02 2.398665491383651158e+02 1.523130401168660910e+02
2.489438518464950789e+02 2.398907665322566913e+02 1.523037401079360791e+02
2.489649740862820693e+02 2.399149839261482384e+02 1.522944400990060672e+02
2.489860963260690596e+02 2.399392013200398139e+02 1.522851400900760552e+02
2.490072185658560784e+02 2.399634187139313894e+02 1.522758400811460433e+02
2.490283408056430687e+02 2.399876361078229365e+02 1.522665400722160314e+02
2.490494630454300875e+02 2.400118535017145120e+02 1.522572400632860194e+02
2.490705852852170779e+02 2.400360708956060876e+02 1.522479400543560359e+02
2.490917075250040966e+02 2.400602882894976347e+02 1.522386400454260240e+02
2.491128297647910870e+02 2.400845056833892102e+02 1.522293400364960121e+02
2.491339520045781057e+02 2.401087230772807573e+02 1.522200400275660002e+02
2.491550742443650961e+02 2.401329404711723328e+02 1.522107400186359882e+02
2.491550742443650961e+02 2.401329404711723328e+02 1.522107400186359882e+02
2.491812082339516508e+02 2.401544325825045973e+02 1.522105369970805100e+02
2.492073422235382054e+02 2.401759246938368904e+02 1.522103339755250317e+02
2.492334762131247317e+02 2.401974168051691549e+02 1.522101309539695535e+02
2.492596102027112863e+02 2.402189089165014479e+02 1.522099279324140753e+02
2.492857441922978410e+02 2.402404010278337125e+02 1.522097249108585686e+02
2.493118781818843956e+02 2.402618931391659771e+02 1.522095218893030903e+02
2.493380121714709503e+02 2.402833852504982701e+02 1.522093188677476121e+02
2.493641461610575050e+02 2.403048773618305347e+02 1.522091158461921339e+02
2.493902801506440312e+02 2.403263694731628277e+02 1.522089128246366556e+02
2.494164141402305859e+02 2.403478615844950923e+02 1.522087098030811774e+02
2.494425481298171405e+02 2.403693536958273853e+02 1.522085067815256991e+02
2.494686821194036952e+02 2.403908458071596499e+02 1.522083037599702209e+02
2.494948161089902499e+02 2.404123379184919145e+02 1.522081007384147142e+02
2.495209500985768045e+02 2.404338300298242075e+02 1.522078977168592360e+02
2.495470840881633308e+02 2.404553221411564721e+02 1.522076946953037577e+02
2.495732180777498854e+02 2.404768142524887651e+02 1.522074916737482795e+02
2.495993520673364401e+02 2.404983063638210297e+02 1.522072886521928012e+02
2.496254860569229947e+02 2.405197984751532942e+02 1.522070856306373230e+02
2.496516200465095494e+02 2.405412905864855873e+02 1.522068826090818447e+02
2.496777540360960757e+02 2.405627826978178518e+02 1.522066795875263665e+02
2.497038880256826303e+02 2.405842748091501448e+02 1.522064765659708883e+02
2.497300220152691850e+02 2.406057669204824094e+02 1.522062735444153816e+02
2.497561560048557396e+02 2.406272590318146740e+02 1.522060705228599033e+02
2.497822899944422943e+02 2.406487511431469670e+02 1.522058675013044251e+02
2.498084239840288490e+02 2.406702432544792316e+02 1.522056644797489469e+02
2.498345579736153752e+02 2.406917353658115246e+02 1.522054614581934686e+02
2.498606919632019299e+02 2.407132274771437892e+02 1.522052584366379904e+02
2.498868259527884845e+02 2.407347195884760822e+02 1.522050554150825121e+02
2.499129599423750392e+02 2.407562116998083468e+02 1.522048523935270339e+02
2.499390939319615939e+02 2.407777038111406114e+02 1.522046493719715272e+02
2.499652279215481485e+02 2.407991959224729044e+02 1.522044463504160490e+02
2.499913619111346748e+02 2.408206880338051690e+02 1.522042433288605707e+02
2.500174959007212294e+02 2.408421801451374620e+02 1.522040403073050925e+02
2.500436298903077841e+02 2.408636722564697266e+02 1.522038372857496142e+02
2.500436298903077841e+02 2.408636722564697266e+02 1.522038372857496142e+02
2.500636018789062973e+02 2.408851618885993844e+02 1.522061325980350261e+02
2.500835738675047821e+02 2.409066515207290706e+02 1.522084279103204665e+02
2.501035458561032954e+02 2.409281411528587284e+02 1.522107232226058784e+02
2.501235178447018086e+02 2.409496307849884147e+02 1.522130185348913187e+02
2.501434898333003218e+02 2.409711204171180725e+02 1.522153138471767306e+02
2.501634618218988066e+02 2.409926100492477303e+02 1.522176091594621425e+02
2.501834338104973199e+02 2.410140996813774166e+02 1.522199044717475829e+02
2.502034057990958331e+02 2.410355893135070744e+02 1.522221997840329948e+02
2.502233777876943464e+02 2.410570789456367606e+02 1.522244950963184351e+02
2.502433497762928312e+02 2.410785685777664185e+02 1.522267904086038470e+02
2.502633217648913444e+02 2.411000582098960763e+02 1.522290857208892589e+02
2.502832937534898576e+02 2.411215478420257625e+02 1.522313810331746993e+02
2.503032657420883709e+02 2.411430374741554203e+02 1.522336763454601112e+02
2.503232377306868557e+02 2.411645271062851066e+02 1.522359716577455515e+02
2.503432097192853689e+02 2.411860167384147644e+02 1.522382669700309634e+02
2.503631817078838822e+02 2.412075063705444222e+02 1.522405622823163753e+02
2.503831536964823670e+02 2.412289960026741085e+02 1.522428575946018157e+02
2.504031256850808802e+02 2.412504856348037663e+02 1.522451529068872276e+02
2.504230976736793934e+02 2.412719752669334525e+02 1.522474482191726679e+02
2.504430696622779067e+02 2.412934648990631104e+02 1.522497435314580798e+02
2.504630416508763915e+02 2.413149545311927682e+02 1.522520388437434917e+02
2.504830136394749047e+02 2.413364441633224544e+02 1.522543341560289321e+02
2.505029856280734180e+02 2.413579337954521122e+02 1.522566294683143440e+02
2.505229576166719312e+02 2.413794234275817985e+02 1.522589247805997843e+02
2.505429296052704160e+02 2.414009130597114563e+02 1.522612200928851962e+02
2.505629015938689292e+02 2.414224026918411141e+02 1.522635154051706081e+02
2.505828735824674425e+02 2.414438923239708004e+02 1.522658107174560485e+02
2.506028455710659557e+02 2.414653819561004582e+02 1.522681060297414604e+02
2.506228175596644405e+02 2.414868715882301444e+02 1.522704013420269007e+02
2.506427895482629538e+02 2.415083612203598022e+02 1.522726966543123126e+02
2.506427895482629538e+02 2.415083612203598022e+02 1.522726966543123126e+02
2.506681559448263386e+02 2.415292220762797797e+02 1.522724995957953524e+02
2.506935223413897518e+02 2.415500829321997571e+02 1.522723025372783923e+02
2.507188887379531366e+02 2.415709437881197346e+02 1.522721054787614605e+02
2.507442551345165214e+02 2.415918046440397120e+02 1.522719084202445003e+02
2.507696215310799346e+02 2.416126654999596610e+02 1.522717113617275402e+02
2.507949879276433194e+02 2.416335263558796385e+02 1.522715143032105800e+02
2.508203543242067042e+02 2.416543872117996159e+02 1.522713172446936483e+02
2.508457207207701174e+02 2.416752480677195933e+02 1.522711201861766881e+02
2.508710871173335022e+02 2.416961089236395708e+02 1.522709231276597279e+02
2.508964535138968870e+02 2.417169697795595482e+02 1.522707260691427678e+02
2.509218199104602718e+02 2.417378306354795257e+02 1.522705290106258360e+02
2.509471863070236850e+02 2.417586914913995031e+02 1.522703319521088758e+02
2.509725527035870698e+02 2.417795523473194805e+02 1.522701348935919157e+02
2.509979191001504546e+02 2.418004132032394295e+02 1.522699378350749555e+02
2.510232854967138678e+02 2.418212740591594070e+02 1.522697407765579953e+02
2.510486518932772526e+02 2.418421349150793844e+02 1.522695437180410636e+02
2.510740182898406374e+02 2.418629957709993619e+02 1.522693466595241034e+02
2.510993846864040506e+02 2.418838566269193393e+02 1.522691496010071432e+02
2.511247510829674354e+02 2.419047174828393167e+02 1.522689525424901831e+02
2.511501174795308202e+02 2.419255783387592942e+02 1.522687554839732513e+02
2.511754838760942334e+02 2.419464391946792716e+02 1.522685584254562912e+02
2.512008502726576182e+02 2.419673000505992206e+02 1.522683613669393310e+02
2.512262166692210030e+02 2.419881609065191981e+02 1.522681643084223708e+02
2.512515830657844162e+02 2.420090217624391755e+02 1.522679672499054107e+02
2.512769494623478010e+02 2.420298826183591530e+02 1.522677701913884789e+02
2.513023158589111858e+02 2.420507434742791304e+02 1.522675731328715187e+02
2.513276822554745706e+02 2.420716043301991078e+02 1.522673760743545586e+02
2.513530486520379839e+02 2.420924651861190853e+02 1.522671790158375984e+02
2.513784150486013687e+02 2.421133260420390627e+02 1.522669819573206667e+02
2.514037814451647534e+02 2.421341868979590402e+02 1.522667848988037065e+02
2.514291478417281667e+02 2.421550477538789892e+02 1.522665878402867463e+02
2.514545142382915515e+02 2.421759086097989666e+02 1.522663907817697861e+02
2.514798806348549363e+02 2.421967694657189440e+02 1.522661937232528544e+02
2.515052470314183495e+02 2.422176303216389215e+02 1.522659966647358942e+02
2.515306134279817343e+02 2.422384911775588989e+02 1.522657996062189341e+02
2.515306134279817343e+02 2.422384911775588989e+02 1.522657996062189341e+02
2.515501443595674402e+02 2.422469495166289164e+02 1.522905340185879197e+02
2.515696752911531746e+02 2.422554078556989339e+02 1.523152684309568770e+02
2.515892062227388806e+02 2.422638661947689513e+02 1.523400028433258626e+02
2.516087371543245865e+02 2.422723245338389688e+02 1.523647372556948483e+02
2.516282680859102925e+02 2.422807828729089863e+02 1.523894716680638055e+02
2.516477990174960269e+02 2.422892412119790038e+02 1.524142060804327912e+02
2.516673299490817328e+02 2.422976995510490212e+02 1.524389404928017484e+02
2.516868608806674388e+02 2.423061578901190387e+02 1.524636749051707341e+02
2.517063918122531447e+02 2.423146162291890562e+02 1.524884093175397197e+02
2.517259227438388791e+02 2.423230745682591021e+02 1.525131437299086770e+02
2.517454536754245851e+02 2.423315329073291196e+02 1.525378781422776626e+02
2.517649846070102910e+02 2.423399912463991370e+02 1.525626125546466483e+02
2.517845155385959970e+02 2.423484495854691545e+02 1.525873469670156055e+02
2.518040464701817314e+02 2.423569079245391720e+02 1.526120813793845912e+02
2.518235774017674373e+02 2.423653662636091894e+02 1.526368157917535484e+02
2.518431083333531433e+02 2.423738246026792069e+02 1.526615502041225341e+02
2.518626392649388492e+02 2.423822829417492244e+02 1.526862846164915197e+02
2.518821701965245836e+02 2.423907412808192419e+02 1.527110190288604770e+02
2.519017011281102896e+02 2.423991996198892593e+02 1.527357534412294626e+02
2.519212320596959955e+02 2.424076579589592768e+02 1.527604878535984483e+02
2.519407629912817299e+02 2.424161162980292943e+02 1.527852222659674055e+02
2.519602939228674359e+02 2.424245746370993118e+02 1.528099566783363912e+02
2.519798248544531418e+02 2.424330329761693292e+02 1.528346910907053768e+02
2.519993557860388478e+02 2.424414913152393467e+02 1.528594255030743341e+02
2.520188867176245822e+02 2.424499496543093642e+02 1.528841599154433197e+02
2.520384176492102881e+02 2.424584079933793817e+02 1.529088943278122770e+02
2.520579485807959941e+02 2.424668663324493991e+02 1.529336287401812626e+02
2.520774795123817000e+02 2.424753246715194166e+02 1.529583631525502483e+02
2.520970104439674344e+02 2.424837830105894625e+02 1.529830975649192055e+02
2.521165413755531404e+02 2.424922413496594800e+02 1.530078319772881912e+02
2.521360723071388463e+02 2.425006996887294974e+02 1.530325663896571768e+02
2.521556032387245523e+02 2.425091580277995149e+02 1.530573008020261341e+02
2.521751341703102867e+02 2.425176163668695324e+02 1.530820352143951197e+02
2.521946651018959926e+02 2.425260747059395499e+02 1.531067696267640770e+02
2.522141960334816986e+02 2.425345330450095673e+02 1.531315040391330626e+02
2.522337269650674045e+02 2.425429913840795848e+02 1.531562384515020483e+02
2.522532578966531389e+02 2.425514497231496023e+02 1.531809728638710055e+02
2.522727888282388449e+02 2.425599080622196198e+02 1.532057072762399912e+02
2.522727888282388449e+02 2.425599080622196198e+02 1.532057072762399912e+02
2.522890913297828206e+02 2.425535047138348546e+02 1.532317710699847737e+02
2.523053938313267963e+02 2.425471013654500894e+02 1.532578348637295846e+02
2.523216963328707720e+02 2.425406980170653526e+02 1.532838986574743672e+02
2.523379988344147478e+02 2.425342946686805874e+02 1.533099624512191781e+02
2.523543013359587235e+02 2.425278913202958222e+02 1.533360262449639606e+02
2.523706038375026992e+02 2.425214879719110570e+02 1.533620900387087715e+02
2.523869063390466749e+02 2.425150846235262918e+02 1.533881538324535541e+02
2.524032088405906507e+02 2.425086812751415550e+02 1.534142176261983650e+02
2.524195113421346264e+02 2.425022779267567898e+02 1.534402814199431475e+02
2.524358138436785737e+02 2.424958745783720246e+02 1.534663452136879584e+02
2.524521163452225494e+02 2.424894712299872594e+02 1.534924090074327410e+02
2.524684188467665251e+02 2.424830678816024943e+02 1.535184728011775519e+02
2.524847213483105008e+02 2.424766645332177575e+02 1.535445365949223344e+02
2.525010238498544766e+02 2.424702611848329923e+02 1.535706003886671454e+02
2.525173263513984523e+02 2.424638578364482271e+02 1.535966641824119279e+02
2.525336288529424280e+02 2.424574544880634619e+02 1.536227279761567388e+02
2.525499313544864037e+02 2.424510511396786967e+02 1.536487917699015213e+02
2.525662338560303795e+02 2.424446477912939599e+02 1.536748555636463323e+02
2.525825363575743552e+02 2.424382444429091947e+02 1.537009193573911148e+02
2.525988388591183309e+02 2.424318410945244295e+02 1.537269831511359257e+02
2.526151413606623066e+02 2.424254377461396643e+02 1.537530469448807082e+02
2.526314438622062823e+02 2.424190343977549276e+02 1.537791107386255192e+02
2.526477463637502581e+02 2.424126310493701624e+02 1.538051745323703017e+02
2.526640488652942338e+02 2.424062277009853972e+02 1.538312383261151126e+02
2.526803513668382095e+02 2.423998243526006320e+02 1.538573021198598951e+02
2.526966538683821852e+02 2.423934210042158668e+02 1.538833659136047061e+02
2.527129563699261610e+02 2.423870176558311300e+02 1.539094297073494886e+02
2.527292588714701367e+02 2.423806143074463648e+02 1.539354935010942995e+02
2.527455613730141124e+02 2.423742109590615996e+02 1.539615572948390820e+02
2.527618638745580597e+02 2.423678076106768344e+02 1.539876210885838930e+02
2.527781663761020354e+02 2.423614042622920692e+02 1.540136848823286755e+02
2.527944688776460112e+02 2.423550009139073325e+02 1.540397486760734864e+02
2.528107713791899869e+02 2.423485975655225673e+02 1.540658124698182689e+02
2.528270738807339626e+02 2.423421942171378021e+02 1.540918762635630799e+02
2.528433763822779383e+02 2.423357908687530369e+02 1.541179400573078624e+02
2.528596788838219140e+02 2.423293875203682717e+02 1.541440038510526733e+02
2.528759813853658898e+02 2.423229841719835349e+02 1.541700676447974558e+02
2.528922838869098655e+02 2.423165808235987697e+02 1.541961314385422668e+02
2.529085863884538412e+02 2.423101774752140045e+02 1.542221952322870493e+02
2.529085863884538412e+02 2.423101774752140045e+02 1.542221952322870493e+02
2.529343579340952033e+02 2.422978910894104843e+02 1.542231665089387889e+02
2.529601294797365370e+02 2.422856047036069924e+02 1.542241377855905000e+02
2.529859010253778990e+02 2.422733183178034722e+02 1.542251090622422396e+02
2.530116725710192327e+02 2.422610319319999519e+02 1.542260803388939792e+02
2.530374441166605948e+02 2.422487455461964601e+02 1.542270516155456903e+02
2.530632156623019284e+02 2.422364591603929398e+02 1.542280228921974299e+02
2.530889872079432905e+02 2.422241727745894195e+02 1.542289941688491410e+02
2.531147587535846526e+02 2.422118863887858993e+02 1.542299654455008806e+02
2.531405302992259863e+02 2.421996000029824074e+02 1.542309367221526202e+02
2.531663018448673483e+02 2.421873136171788872e+02 1.542319079988043313e+02
2.531920733905086820e+02 2.421750272313753669e+02 1.542328792754560709e+02
2.532178449361500441e+02 2.421627408455718751e+02 1.542338505521078105e+02
2.532436164817913777e+02 2.421504544597683548e+02 1.542348218287595216e+02
2.532693880274327398e+02 2.421381680739648345e+02 1.542357931054112612e+02
2.532951595730741019e+02 2.421258816881613427e+02 1.542367643820630008e+02
2.533209311187154356e+02 2.421135953023578224e+02 1.542377356587147119e+02
2.533467026643567976e+02 2.421013089165543022e+02 1.542387069353664515e+02
2.533724742099981313e+02 2.420890225307507819e+02 1.542396782120181626e+02
2.533982457556394934e+02 2.420767361449472901e+02 1.542406494886699022e+02
2.534240173012808555e+02 2.420644497591437698e+02 1.542416207653216418e+02
2.534497888469221891e+02 2.420521633733402496e+02 1.542425920419733529e+02
2.534755603925635512e+02 2.420398769875367577e+02 1.542435633186250925e+02
2.535013319382048849e+02 2.420275906017332375e+02 1.542445345952768321e+02
2.535271034838462469e+02 2.420153042159297172e+02 1.542455058719285432e+02
2.535528750294875806e+02 2.420030178301262254e+02 1.542464771485802828e+02
2.535786465751289427e+02 2.419907314443227051e+02 1.542474484252320224e+02
2.536044181207703048e+02 2.419784450585191848e+02 1.542484197018837335e+02
2.536301896664116384e+02 2.419661586727156646e+02 1.542493909785354731e+02
2.536559612120530005e+02 2.419538722869121727e+02 1.542503622551871842e+02
2.536817327576943342e+02 2.419415859011086525e+02 1.542513335318389238e+02
2.537075043033356962e+02 2.419292995153051322e+02 1.542523048084906634e+02
2.537332758489770299e+02 2.419170131295016404e+02 1.542532760851423745e+02
2.537590473946183920e+02 2.419047267436981201e+02 1.542542473617941141e+02
2.537590473946183920e+02 2.419047267436981201e+02 1.542542473617941141e+02
2.537862523452689345e+02 2.418917569935321694e+02 1.542552726605907196e+02
2.538134572959194486e+02 2.418787872433662471e+02 1.542562979593872967e+02
2.538406622465699911e+02 2.418658174932002964e+02 1.542573232581839022e+02
2.538678671972205336e+02 2.418528477430343742e+02 1.542583485569804793e+02
2.538950721478710477e+02 2.418398779928684235e+02 1.542593738557770848e+02
2.539222770985215902e+02 2.418269082427024728e+02 1.542603991545736903e+02
2.539494820491721327e+02 2.418139384925365505e+02 1.542614244533702674e+02
2.539766869998226468e+02 2.418009687423705998e+02 1.542624497521668729e+02
2.540038919504731894e+02 2.417879989922046775e+02 1.542634750509634500e+02
2.540310969011237319e+02 2.417750292420387268e+02 1.542645003497600555e+02
2.540583018517742460e+02 2.417620594918727761e+02 1.542655256485566611e+02
2.540855068024247885e+02 2.417490897417068538e+02 1.542665509473532381e+02
2.541127117530753310e+02 2.417361199915409031e+02 1.542675762461498437e+02
2.541399167037258451e+02 2.417231502413749809e+02 1.542686015449464207e+02
2.541671216543763876e+02 2.417101804912090302e+02 1.542696268437430263e+02
2.541943266050269301e+02 2.416972107410430795e+02 1.542706521425396318e+02
2.542215315556774442e+02 2.416842409908771572e+02 1.542716774413362089e+02
2.542487365063279867e+02 2.416712712407112065e+02 1.542727027401328144e+02
2.542759414569785292e+02 2.416583014905452842e+02 1.542737280389293915e+02
2.543031464076290433e+02 2.416453317403793335e+02 1.542747533377259970e+02
2.543303513582795858e+02 2.416323619902133828e+02 1.542757786365226025e+02
2.543575563089301284e+02 2.416193922400474605e+02 1.542768039353191796e+02
2.543847612595806424e+02 2.416064224898815098e+02 1.542778292341157851e+02
2.544119662102311850e+02 2.415934527397155875e+02 1.542788545329123622e+02
2.544391711608817275e+02 2.415804829895496368e+02 1.542798798317089677e+02
2.544663761115322416e+02 2.415675132393836861e+02 1.542809051305055732e+02
2.544935810621827841e+02 2.415545434892177639e+02 1.542819304293021503e+02
2.545207860128333266e+02 2.415415737390518132e+02 1.542829557280987558e+02
2.545479909634838407e+02 2.415286039888858909e+02 1.542839810268953329e+02
2.545751959141343832e+02 2.415156342387199402e+02 1.542850063256919384e+02
2.545751959141343832e+02 2.415156342387199402e+02 1.542850063256919384e+02
2.545950820422420975e+02 2.415020840028921896e+02 1.542656891934573764e+02
2.546149681703497833e+02 2.414885337670644105e+02 1.542463720612227860e+02
2.546348542984574976e+02 2.414749835312366599e+02 1.542270549289882240e+02
2.546547404265652119e+02 2.414614332954088809e+02 1.542077377967536336e+02
2.546746265546729262e+02 2.414478830595811303e+02 1.541884206645190716e+02
2.546945126827806121e+02 2.414343328237533512e+02 1.541691035322845096e+02
2.547143988108883264e+02 2.414207825879256006e+02 1.541497864000499192e+02
2.547342849389960406e+02 2.414072323520978216e+02 1.541304692678153572e+02
2.547541710671037549e+02 2.413936821162700710e+02 1.541111521355807668e+02
2.547740571952114408e+02 2.413801318804422920e+02 1.540918350033462048e+02
2.547939433233191551e+02 2.413665816446145413e+02 1.540725178711116428e+02
2.548138294514268694e+02 2.413530314087867623e+02 1.540532007388770523e+02
2.548337155795345836e+02 2.413394811729590117e+02 1.540338836066424903e+02
2.548536017076422695e+02 2.413259309371312327e+02 1.540145664744078999e+02
2.548734878357499838e+02 2.413123807013034821e+02 1.539952493421733379e+02
2.548933739638576981e+02 2.412988304654757314e+02 1.539759322099387759e+02
2.549132600919653839e+02 2.412852802296479524e+02 1.539566150777041855e+02
2.549331462200730982e+02 2.412717299938202018e+02 1.539372979454696235e+02
2.549530323481808125e+02 2.412581797579924228e+02 1.539179808132350331e+02
2.549729184762885268e+02 2.412446295221646722e+02 1.538986636810004711e+02
2.549928046043962127e+02 2.412310792863368931e+02 1.538793465487659091e+02
2.550126907325039269e+02 2.412175290505091425e+02 1.538600294165313187e+02
2.550325768606116412e+02 2.412039788146813635e+02 1.538407122842967567e+02
2.550524629887193555e+02 2.411904285788536129e+02 1.538213951520621663e+02
2.550723491168270414e+02 2.411768783430258338e+02 1.538020780198276043e+02
2.550922352449347557e+02 2.411633281071980832e+02 1.537827608875930423e+02
2.551121213730424699e+02 2.411497778713703042e+02 1.537634437553584519e+02
2.551320075011501842e+02 2.411362276355425536e+02 1.537441266231238899e+02
2.551518936292578701e+02 2.411226773997147745e+02 1.537248094908892995e+02
2.551717797573655844e+02 2.411091271638870239e+02 1.537054923586547375e+02
2.551717797573655844e+02 2.411091271638870239e+02 1.537054923586547375e+02
2.551930900518621854e+02 2.411005729596162723e+02 1.536843118748531367e+02
2.552144003463587865e+02 2.410920187553455207e+02 1.536631313910515075e+02
2.552357106408553875e+02 2.410834645510747407e+02 1.536419509072499068e+02
2.552570209353519886e+02 2.410749103468039891e+02 1.536207704234482776e+02
2.552783312298485896e+02 2.410663561425332375e+02 1.535995899396466768e+02
2.552996415243451906e+02 2.410578019382624859e+02 1.535784094558450761e+02
2.553209518188417917e+02 2.410492477339917343e+02 1.535572289720434469e+02
2.553422621133383927e+02 2.410406935297209543e+02 1.535360484882418461e+02
2.553635724078349938e+02 2.410321393254502027e+02 1.535148680044402454e+02
2.553848827023315948e+02 2.410235851211794511e+02 1.534936875206386162e+02
2.554061929968281959e+02 2.410150309169086995e+02 1.534725070368370154e+02
2.554275032913247969e+02 2.410064767126379479e+02 1.534513265530353863e+02
2.554488135858213980e+02 2.409979225083671679e+02 1.534301460692337855e+02
2.554701238803179990e+02 2.409893683040964163e+02 1.534089655854321848e+02
2.554914341748146285e+02 2.409808140998256647e+02 1.533877851016305556e+02
2.555127444693112295e+02 2.409722598955549131e+02 1.533666046178289548e+02
2.555340547638078306e+02 2.409637056912841331e+02 1.533454241340273541e+02
2.555553650583044316e+02 2.409551514870133815e+02 1.533242436502257249e+02
2.555766753528010327e+02 2.409465972827426299e+02 1.533030631664241241e+02
2.555979856472976337e+02 2.409380430784718783e+02 1.532818826826224949e+02
2.556192959417942347e+02 2.409294888742011267e+02 1.532607021988208942e+02
2.556406062362908358e+02 2.409209346699303467e+02 1.532395217150192934e+02
2.556619165307874368e+02 2.409123804656595951e+02 1.532183412312176642e+02
2.556832268252840379e+02 2.409038262613888435e+02 1.531971607474160635e+02
2.557045371197806389e+02 2.408952720571180919e+02 1.531759802636144627e+02
2.557258474142772400e+02 2.408867178528473403e+02 1.531547997798128335e+02
2.557471577087738410e+02 2.408781636485765603e+02 1.531336192960112328e+02
2.557684680032704421e+02 2.408696094443058087e+02 1.531124388122096036e+02
2.557897782977670431e+02 2.408610552400350571e+02 1.530912583284080029e+02
2.557897782977670431e+02 2.408610552400350571e+02 1.530912583284080029e+02
2.558068832266751826e+02 2.408683120239040250e+02 1.530701898836895225e+02
2.558239881555833222e+02 2.408755688077729644e+02 1.530491214389710422e+02
2.558410930844914617e+02 2.408828255916419323e+02 1.530280529942525334e+02
2.558581980133996012e+02 2.408900823755108718e+02 1.530069845495340530e+02
2.558753029423077408e+02 2.408973391593798397e+02 1.529859161048155727e+02
2.558924078712158803e+02 2.409045959432487791e+02 1.529648476600970923e+02
2.559095128001240198e+02 2.409118527271177470e+02 1.529437792153786120e+02
2.559266177290321593e+02 2.409191095109867149e+02 1.529227107706601316e+02
2.559437226579402989e+02 2.409263662948556544e+02 1.529016423259416229e+02
2.559608275868484384e+02 2.409336230787246222e+02 1.528805738812231425e+02
2.559779325157565779e+02 2.409408798625935617e+02 1.528595054365046622e+02
2.559950374446647459e+02 2.409481366464625296e+02 1.528384369917861818e+02
2.560121423735728854e+02 2.409553934303314691e+02 1.528173685470677015e+02
2.560292473024809965e+02 2.409626502142004369e+02 1.527963001023492211e+02
2.560463522313891644e+02 2.409699069980693764e+02 1.527752316576307123e+02
2.560634571602972755e+02 2.409771637819383443e+02 1.527541632129122320e+02
2.560805620892054435e+02 2.409844205658073122e+02 1.527330947681937516e+02
2.560976670181135546e+02 2.409916773496762517e+02 1.527120263234752713e+02
2.561147719470217226e+02 2.409989341335452195e+02 1.526909578787567909e+02
2.561318768759298337e+02 2.410061909174141590e+02 1.526698894340383106e+02
2.561489818048380016e+02 2.410134477012831269e+02 1.526488209893198018e+02
2.561660867337461127e+02 2.410207044851520664e+02 1.526277525446013215e+02
2.561831916626542807e+02 2.410279612690210342e+02 1.526066840998828411e+02
2.561831916626542807e+02 2.410279612690210342e+02 1.526066840998828411e+02
2.561832680136652698e+02 2.410123102303062126e+02 1.525805403077531537e+02
2.561833443646762589e+02 2.409966591915913909e+02 1.525543965156234378e+02
2.561834207156872480e+02 2.409810081528765693e+02 1.525282527234937504e+02
2.561834970666982372e+02 2.409653571141617761e+02 1.525021089313640346e+02
2.561835734177092263e+02 2.409497060754469544e+02 1.524759651392343471e+02
2.561836497687202723e+02 2.409340550367321327e+02 1.524498213471046597e+02
2.561837261197312614e+02 2.409184039980173111e+02 1.524236775549749439e+02
2.561838024707422505e+02 2.409027529593024894e+02 1.523975337628452564e+02
2.561838788217532397e+02 2.408871019205876678e+02 1.523713899707155690e+02
2.561839551727642288e+02 2.408714508818728461e+02 1.523452461785858532e+02
2.561840315237752179e+02 2.408557998431580529e+02 1.523191023864561657e+02
2.561841078747862070e+02 2.408401488044432313e+02 1.522929585943264499e+02
2.561841842257971962e+02 2.408244977657284096e+02 1.522668148021967625e+02
2.561842605768081853e+02 2.408088467270135880e+02 1.522406710100670750e+02
2.561843369278191744e+02 2.407931956882987663e+02 1.522145272179373592e+02
2.561844132788302204e+02 2.407775446495839446e+02 1.521883834258076718e+02
2.561844896298412095e+02 2.407618936108691230e+02 1.521622396336779843e+02
2.561845659808521987e+02 2.407462425721543298e+02 1.521360958415482685e+02
2.561846423318631878e+02 2.407305915334395081e+02 1.521099520494185811e+02
2.561847186828741769e+02 2.407149404947246865e+02 1.520838082572888652e+02
2.561847950338851660e+02 2.406992894560098648e+02 1.520576644651591778e+02
2.561847950338851660e+02 2.406992894560098648e+02 1.520576644651591778e+02
2.561909430987667520e+02 2.406827061071991807e+02 1.520317469917237645e+02
2.561970911636482811e+02 2.406661227583885250e+02 1.520058295182883796e+02
2.562032392285298670e+02 2.406495394095778408e+02 1.519799120448529663e+02
2.562093872934113961e+02 2.406329560607671851e+02 1.519539945714175815e+02
2.562155353582929820e+02 2.406163727119565010e+02 1.519280770979821682e+02
2.562216834231745679e+02 2.405997893631458169e+02 1.519021596245467549e+02
2.562278314880560970e+02 2.405832060143351612e+02 1.518762421511113700e+02
2.562339795529376829e+02 2.405666226655244770e+02 1.518503246776759568e+02
2.562401276178192120e+02 2.405500393167138213e+02 1.518244072042405719e+02
2.562462756827007979e+02 2.405334559679031372e+02 1.517984897308051586e+02
2.562524237475823838e+02 2.405168726190924531e+02 1.517725722573697453e+02
2.562585718124639129e+02 2.405002892702817974e+02 1.517466547839343605e+02
2.562647198773454988e+02 2.404837059214711132e+02 1.517207373104989472e+02
2.562708679422270279e+02 2.404671225726604575e+02 1.516948198370635623e+02
2.562770160071086138e+02 2.404505392238497734e+02 1.516689023636281490e+02
2.562831640719901998e+02 2.404339558750390893e+02 1.516429848901927357e+02
2.562893121368717289e+02 2.404173725262284336e+02 1.516170674167573509e+02
2.562954602017533148e+02 2.404007891774177494e+02 1.515911499433219376e+02
2.563016082666348439e+02 2.403842058286070937e+02 1.515652324698865527e+02
2.563077563315164298e+02 2.403676224797964096e+02 1.515393149964511395e+02
2.563077563315164298e+02 2.403676224797964096e+02 1.515393149964511395e+02
2.562932217028767923e+02 2.403528735662499969e+02 1.515129883723954265e+02
2.562786870742372116e+02 2.403381246527036126e+02 1.514866617483397420e+02
2.562641524455975741e+02 2.403233757391571999e+02 1.514603351242840290e+02
2.562496178169579366e+02 2.403086268256107871e+02 1.514340085002283161e+02
2.562350831883183560e+02 2.402938779120644028e+02 1.514076818761726315e+02
2.562205485596787184e+02 2.402791289985179901e+02 1.513813552521169186e+02
2.562060139310390809e+02 2.402643800849715774e+02 1.513550286280612056e+02
2.561914793023995003e+02 2.402496311714251931e+02 1.513287020040055211e+02
2.561769446737598628e+02 2.402348822578787804e+02 1.513023753799498081e+02
2.561624100451202253e+02 2.402201333443323676e+02 1.512760487558940952e+02
2.561478754164806446e+02 2.402053844307859833e+02 1.512497221318384106e+02
2.561333407878410071e+02 2.401906355172395706e+02 1.512233955077826977e+02
2.561188061592013696e+02 2.401758866036931579e+02 1.511970688837269847e+02
2.561042715305617889e+02 2.401611376901467736e+02 1.511707422596713002e+02
2.560897369019221514e+02 2.401463887766003609e+02 1.511444156356155872e+02
2.560752022732825139e+02 2.401316398630539481e+02 1.511180890115598743e+02
2.560606676446429333e+02 2.401168909495075638e+02 1.510917623875041897e+02
2.560461330160032958e+02 2.401021420359611511e+02 1.510654357634484768e+02
2.560315983873636583e+02 2.400873931224147384e+02 1.510391091393927638e+02
2.560170637587240776e+02 2.400726442088683541e+02 1.510127825153370793e+02
2.560025291300844401e+02 2.400578952953219414e+02 1.509864558912813663e+02
2.559879945014448310e+02 2.400431463817755287e+02 1.509601292672256534e+02
2.559734598728051935e+02 2.400283974682291444e+02 1.509338026431699689e+02
2.559589252441655844e+02 2.400136485546827316e+02 1.509074760191142559e+02
2.559589252441655844e+02 2.400136485546827316e+02 1.509074760191142559e+02
2.559378795116674041e+02 2.399890382331609828e+02 1.509077998548001176e+02
2.559168337791692522e+02 2.399644279116392056e+02 1.509081236904859509e+02
2.558957880466710719e+02 2.399398175901174568e+02 1.509084475261718126e+02
2.558747423141729200e+02 2.399152072685957080e+02 1.509087713618576458e+02
2.558536965816747397e+02 2.398905969470739308e+02 1.509090951975435075e+02
2.558326508491765594e+02 2.398659866255521820e+02 1.509094190332293408e+02
2.558116051166784075e+02 2.398413763040304048e+02 1.509097428689152025e+02
2.557905593841802272e+02 2.398167659825086560e+02 1.509100667046010358e+02
2.557695136516820753e+02 2.397921556609869072e+02 1.509103905402868975e+02
2.557484679191838950e+02 2.397675453394651299e+02 1.509107143759727592e+02
2.557274221866857147e+02 2.397429350179433811e+02 1.509110382116585924e+02
2.557063764541875628e+02 2.397183246964216323e+02 1.509113620473444541e+02
2.556853307216893825e+02 2.396937143748998551e+02 1.509116858830302874e+02
2.556642849891912306e+02 2.396691040533781063e+02 1.509120097187161491e+02
2.556432392566930503e+02 2.396444937318563575e+02 1.509123335544019824e+02
2.556221935241948700e+02 2.396198834103345803e+02 1.509126573900878441e+02
2.556011477916967181e+02 2.395952730888128315e+02 1.509129812257737058e+02
2.555801020591985377e+02 2.395706627672910827e+02 1.509133050614595390e+02
2.555590563267003859e+02 2.395460524457693055e+02 1.509136288971454007e+02
2.555380105942022055e+02 2.395214421242475566e+02 1.509139527328312340e+02
2.555169648617040252e+02 2.394968318027257794e+02 1.509142765685170957e+02
2.554959191292058733e+02 2.394722214812040306e+02 1.509146004042029290e+02
2.554748733967076930e+02 2.394476111596822818e+02 1.509149242398887907e+02
2.554538276642095411e+02 2.394230008381605046e+02 1.509152480755746240e+02
2.554327819317113608e+02 2.393983905166387558e+02 1.509155719112604856e+02
2.554327819317113608e+02 2.393983905166387558e+02 1.509155719112604856e+02
2.554093384635559687e+02 2.393813908181844283e+02 1.508982196590232263e+02
2.553858949954005482e+02 2.393643911197301009e+02 1.508808674067859670e+02
2.553624515272451561e+02 2.393473914212757450e+02 1.508635151545487076e+02
2.553390080590897639e+02 2.393303917228214175e+02 1.508461629023114483e+02
2.553155645909343718e+02 2.393133920243670900e+02 1.508288106500741890e+02
2.552921211227789513e+02 2.392963923259127625e+02 1.508114583978369296e+02
2.552686776546235592e+02 2.392793926274584067e+02 1.507941061455996703e+02
2.552452341864681671e+02 2.392623929290040792e+02 1.507767538933624110e+02
2.552217907183127750e+02 2.392453932305497517e+02 1.507594016411251516e+02
2.551983472501573544e+02 2.392283935320954242e+02 1.507420493888878923e+02
2.551749037820019623e+02 2.392113938336410968e+02 1.507246971366506330e+02
2.551514603138465702e+02 2.391943941351867409e+02 1.507073448844133736e+02
2.551280168456911781e+02 2.391773944367324134e+02 1.506899926321761143e+02
2.551045733775357576e+02 2.391603947382780859e+02 1.506726403799388549e+02
2.550811299093803655e+02 2.391433950398237585e+02 1.506552881277015956e+02
2.550576864412249734e+02 2.391263953413694026e+02 1.506379358754643647e+02
2.550342429730695812e+02 2.391093956429150751e+02 1.506205836232271054e+02
2.550107995049141607e+02 2.390923959444607476e+02 1.506032313709898460e+02
2.549873560367587686e+02 2.390753962460064201e+02 1.505858791187525867e+02
2.549639125686033765e+02 2.390583965475520642e+02 1.505685268665153274e+02
2.549404691004479844e+02 2.390413968490977368e+02 1.505511746142780680e+02
2.549170256322925638e+02 2.390243971506434093e+02 1.505338223620408087e+02
2.548935821641371717e+02 2.390073974521890818e+02 1.505164701098035493e+02
2.548701386959817796e+02 2.389903977537347544e+02 1.504991178575662900e+02
2.548466952278263875e+02 2.389733980552803985e+02 1.504817656053290307e+02
2.548232517596709670e+02 2.389563983568260710e+02 1.504644133530917713e+02
2.547998082915155749e+02 2.389393986583717435e+02 1.504470611008545120e+02
2.547763648233601828e+02 2.389223989599174161e+02 1.504297088486172527e+02
2.547529213552047906e+02 2.389053992614630602e+02 1.504123565963799933e+02
2.547294778870493701e+02 2.388883995630087327e+02 1.503950043441427340e+02
2.547060344188939780e+02 2.388713998645544052e+02 1.503776520919054747e+02
2.547060344188939780e+02 2.388713998645544052e+02 1.503776520919054747e+02
2.546777230385757491e+02 2.388554457941225735e+02 1.503769369809222951e+02
2.546494116582575202e+02 2.388394917236907133e+02 1.503762218699391440e+02
2.546211002779392913e+02 2.388235376532588816e+02 1.503755067589559644e+02
2.545927888976210340e+02 2.388075835828270215e+02 1.503747916479728133e+02
2.545644775173028052e+02 2.387916295123951897e+02 1.503740765369896337e+02
2.545361661369845763e+02 2.387756754419633296e+02 1.503733614260064826e+02
2.545078547566663474e+02 2.387597213715314979e+02 1.503726463150233030e+02
2.544795433763481185e+02 2.387437673010996377e+02 1.503719312040401235e+02
2.544512319960298896e+02 2.387278132306678060e+02 1.503712160930569723e+02
2.544229206157116607e+02 2.387118591602359459e+02 1.503705009820737928e+02
2.543946092353934034e+02 2.386959050898041141e+02 1.503697858710906416e+02
2.543662978550751745e+02 2.386799510193722540e+02 1.503690707601074621e+02
2.543379864747569457e+02 2.386639969489404223e+02 1.503683556491243110e+02
2.543096750944387168e+02 2.386480428785085621e+02 1.503676405381411314e+02
2.542813637141204879e+02 2.386320888080767304e+02 1.503669254271579518e+02
2.542530523338022590e+02 2.386161347376448703e+02 1.503662103161748007e+02
2.542247409534840301e+02 2.386001806672130385e+02 1.503654952051916212e+02
2.541964295731657728e+02 2.385842265967811784e+02 1.503647800942084700e+02
2.541681181928475439e+02 2.385682725263493467e+02 1.503640649832252905e+02
2.541398068125293150e+02 2.385523184559174865e+02 1.503633498722421393e+02
2.541114954322110862e+02 2.385363643854856548e+02 1.503626347612589598e+02
2.540831840518928573e+02 2.385204103150537946e+02 1.503619196502757802e+02
2.540548726715746284e+02 2.385044562446219629e+02 1.503612045392926291e+02
2.540265612912563995e+02 2.384885021741901028e+02 1.503604894283094495e+02
2.539982499109381422e+02 2.384725481037582711e+02 1.503597743173262984e+02
2.539699385306199133e+02 2.384565940333264109e+02 1.503590592063431188e+02
2.539416271503016844e+02 2.384406399628945792e+02 1.503583440953599677e+02
2.539133157699834555e+02 2.384246858924627190e+02 1.503576289843767881e+02
2.538850043896652267e+02 2.384087318220308873e+02 1.503569138733936086e+02
2.538566930093469978e+02 2.383927777515990272e+02 1.503561987624104574e+02
2.538283816290287689e+02 2.383768236811671954e+02 1.503554836514272779e+02
2.538000702487105116e+02 2.383608696107353353e+02 1.503547685404441268e+02
2.537717588683922827e+02 2.383449155403035036e+02 1.503540534294609472e+02
2.537434474880740538e+02 2.383289614698716434e+02 1.503533383184777961e+02
2.537151361077558249e+02 2.383130073994398117e+02 1.503526232074946165e+02
2.537151361077558249e+02 2.383130073994398117e+02 1.503526232074946165e+02
2.536856239308447982e+02 2.383091057601074283e+02 1.503620537666396899e+02
2.536561117539337431e+02 2.383052041207750733e+02 1.503714843257847633e+02
2.536265995770227164e+02 2.383013024814426899e+02 1.503809148849298651e+02
2.535970874001116897e+02 2.382974008421103065e+02 1.503903454440749385e+02
2.535675752232006346e+02 2.382934992027779515e+02 1.503997760032200119e+02
2.535380630462896079e+02 2.382895975634455681e+02 1.504092065623650853e+02
2.535085508693785812e+02 2.382856959241131847e+02 1.504186371215101872e+02
2.534790386924675261e+02 2.382817942847808297e+02 1.504280676806552606e+02
2.534495265155564994e+02 2.382778926454484463e+02 1.504374982398003340e+02
2.534200143386454727e+02 2.382739910061160629e+02 1.504469287989454074e+02
2.533905021617344175e+02 2.382700893667837079e+02 1.504563593580904808e+02
2.533609899848233908e+02 2.382661877274513245e+02 1.504657899172355826e+02
2.533314778079123641e+02 2.382622860881189411e+02 1.504752204763806560e+02
2.533019656310013090e+02 2.382583844487865861e+02 1.504846510355257294e+02
2.532724534540902823e+02 2.382544828094542027e+02 1.504940815946708028e+02
2.532429412771792556e+02 2.382505811701218192e+02 1.505035121538159046e+02
2.532134291002682005e+02 2.382466795307894643e+02 1.505129427129609780e+02
2.531839169233571738e+02 2.382427778914570808e+02 1.505223732721060514e+02
2.531544047464461471e+02 2.382388762521246974e+02 1.505318038312511248e+02
2.531248925695350920e+02 2.382349746127923424e+02 1.505412343903961983e+02
2.530953803926240653e+02 2.382310729734599590e+02 1.505506649495413001e+02
2.530658682157130386e+02 2.382271713341275756e+02 1.505600955086863735e+02
2.530363560388019835e+02 2.382232696947952206e+02 1.505695260678314469e+02
2.530068438618909568e+02 2.382193680554628372e+02 1.505789566269765203e+02
2.529773316849799301e+02 2.382154664161304538e+02 1.505883871861216221e+02
2.529478195080688749e+02 2.382115647767980988e+02 1.505978177452666955e+02
2.529183073311578482e+02 2.382076631374657154e+02 1.506072483044117689e+02
2.528887951542468215e+02 2.382037614981333320e+02 1.506166788635568423e+02
2.528592829773357664e+02 2.381998598588009770e+02 1.506261094227019157e+02
2.528297708004247397e+02 2.381959582194685936e+02 1.506355399818470175e+02
2.528002586235137130e+02 2.381920565801362102e+02 1.506449705409920909e+02
2.527707464466026579e+02 2.381881549408038552e+02 1.506544011001371643e+02
2.527412342696916312e+02 2.381842533014714718e+02 1.506638316592822378e+02
2.527117220927806045e+02 2.381803516621390884e+02 1.506732622184273396e+02
2.526822099158695494e+02 2.381764500228067334e+02 1.506826927775724130e+02
2.526526977389585227e+02 2.381725483834743500e+02 1.506921233367174864e+02
