1.752867663484069567e+02 9.775874525509954083e+01 9.953972777402400141e+01
1.752701183795069255e+02 9.775789403325740068e+01 9.956064253325895663e+01
1.752534704106068943e+02 9.775704281141524632e+01 9.958155729249389765e+01
1.752368224417068348e+02 9.775619158957310617e+01 9.960247205172885288e+01
1.752201744728068036e+02 9.775534036773095181e+01 9.962338681096379389e+01
1.752035265039067724e+02 9.775448914588881166e+01 9.964430157019874912e+01
1.751868785350067412e+02 9.775363792404667151e+01 9.966521632943369013e+01
1.751702305661066816e+02 9.775278670220451716e+01 9.968613108866864536e+01
1.751535825972066505e+02 9.775193548036237701e+01 9.970704584790358638e+01
1.751369346283066193e+02 9.775108425852022265e+01 9.972796060713854160e+01
1.751202866594065881e+02 9.775023303667808250e+01 9.974887536637348262e+01
1.751036386905065569e+02 9.774938181483594235e+01 9.976979012560843785e+01
1.750869907216064973e+02 9.774853059299378799e+01 9.979070488484339307e+01
1.750703427527064662e+02 9.774767937115164784e+01 9.981161964407833409e+01
1.750536947838064350e+02 9.774682814930949348e+01 9.983253440331328932e+01
1.750370468149064038e+02 9.774597692746735333e+01 9.985344916254823033e+01
1.750203988460063442e+02 9.774512570562519898e+01 9.987436392178318556e+01
1.750037508771063131e+02 9.774427448378305883e+01 9.989527868101812658e+01
1.749871029082062819e+02 9.774342326194091868e+01 9.991619344025308180e+01
1.749704549393062507e+02 9.774257204009876432e+01 9.993710819948802282e+01
1.749538069704061911e+02 9.774172081825662417e+01 9.995802295872297805e+01
1.749371590015061599e+02 9.774086959641446981e+01 9.997893771795791906e+01
1.749205110326061288e+02 9.774001837457232966e+01 9.999985247719287429e+01
1.749205110326061288e+02 9.774001837457232966e+01 9.999985247719287429e+01
1.749005876983501366e+02 9.776113778027810497e+01 1.000202046327590892e+02
1.748806643640941161e+02 9.778225718598388028e+01 1.000405567883253042e+02
1.748607410298380955e+02 9.780337659168965558e+01 1.000609089438915191e+02
1.748408176955821034e+02 9.782449599739543089e+01 1.000812610994577341e+02
1.748208943613261113e+02 9.784561540310119199e+01 1.001016132550239490e+02
1.748009710270700907e+02 9.786673480880696729e+01 1.001219654105901640e+02
1.747810476928140702e+02 9.788785421451274260e+01 1.001423175661563789e+02
1.747611243585580780e+02 9.790897362021851791e+01 1.001626697217225939e+02
1.747412010243020859e+02 9.793009302592429322e+01 1.001830218772888088e+02
1.747212776900460653e+02 9.795121243163006852e+01 1.002033740328550380e+02
1.747013543557900448e+02 9.797233183733584383e+01 1.002237261884212529e+02
1.746814310215340527e+02 9.799345124304161914e+01 1.002440783439874679e+02
1.746615076872780605e+02 9.801457064874739444e+01 1.002644304995536828e+02
1.746415843530220400e+02 9.803569005445315554e+01 1.002847826551198978e+02
1.746216610187660194e+02 9.805680946015893085e+01 1.003051348106861127e+02
1.746017376845100273e+02 9.807792886586470615e+01 1.003254869662523276e+02
1.745818143502540352e+02 9.809904827157048146e+01 1.003458391218185426e+02
1.745618910159980146e+02 9.812016767727625677e+01 1.003661912773847575e+02
1.745618910159980146e+02 9.812016767727625677e+01 1.003661912773847575e+02
1.745308059932804383e+02 9.812054257498778043e+01 1.003683727383613586e+02
1.744997209705628620e+02 9.812091747269931830e+01 1.003705541993379597e+02
1.744686359478452857e+02 9.812129237041084195e+01 1.003727356603145608e+02
1.744375509251276810e+02 9.812166726812236561e+01 1.003749171212911619e+02
1.744064659024101047e+02 9.812204216583390348e+01 1.003770985822677630e+02
1.743753808796925284e+02 9.812241706354542714e+01 1.003792800432443642e+02
1.743442958569749521e+02 9.812279196125695080e+01 1.003814615042209653e+02
1.743132108342573758e+02 9.812316685896847446e+01 1.003836429651975664e+02
1.742821258115397995e+02 9.812354175668001233e+01 1.003858244261741675e+02
1.742510407888221948e+02 9.812391665439153599e+01 1.003880058871507686e+02
1.742199557661046185e+02 9.812429155210305964e+01 1.003901873481273554e+02
1.741888707433870422e+02 9.812466644981459751e+01 1.003923688091039566e+02
1.741577857206694659e+02 9.812504134752612117e+01 1.003945502700805577e+02
1.741267006979518897e+02 9.812541624523764483e+01 1.003967317310571588e+02
1.740956156752343134e+02 9.812579114294916849e+01 1.003989131920337599e+02
1.740645306525167371e+02 9.812616604066070636e+01 1.004010946530103610e+02
1.740334456297991323e+02 9.812654093837223002e+01 1.004032761139869621e+02
1.740023606070815561e+02 9.812691583608375367e+01 1.004054575749635632e+02
1.739712755843639798e+02 9.812729073379529154e+01 1.004076390359401643e+02
1.739401905616464035e+02 9.812766563150681520e+01 1.004098204969167654e+02
1.739401905616464035e+02 9.812766563150681520e+01 1.004098204969167654e+02
1.739061733260422784e+02 9.812807589286954624e+01 1.004122077324892359e+02
1.738721560904381249e+02 9.812848615423226306e+01 1.004145949680616923e+02
1.738381388548339999e+02 9.812889641559499410e+01 1.004169822036341628e+02
1.738041216192298748e+02 9.812930667695772513e+01 1.004193694392066192e+02
1.737701043836257213e+02 9.812971693832044195e+01 1.004217566747790897e+02
1.737360871480215962e+02 9.813012719968317299e+01 1.004241439103515461e+02
1.737020699124174712e+02 9.813053746104590402e+01 1.004265311459240166e+02
1.736680526768133177e+02 9.813094772240862085e+01 1.004289183814964730e+02
1.736340354412091926e+02 9.813135798377135188e+01 1.004313056170689435e+02
1.736000182056050676e+02 9.813176824513408292e+01 1.004336928526413999e+02
1.735660009700009425e+02 9.813217850649681395e+01 1.004360800882138705e+02
1.735319837343967890e+02 9.813258876785953078e+01 1.004384673237863268e+02
1.734979664987926640e+02 9.813299902922226181e+01 1.004408545593587974e+02
1.734639492631885389e+02 9.813340929058499285e+01 1.004432417949312537e+02
1.734299320275843854e+02 9.813381955194770967e+01 1.004456290305037243e+02
1.733959147919802604e+02 9.813422981331044070e+01 1.004480162660761806e+02
1.733618975563761353e+02 9.813464007467317174e+01 1.004504035016486512e+02
1.733278803207719818e+02 9.813505033603588856e+01 1.004527907372211075e+02
1.732938630851678568e+02 9.813546059739861960e+01 1.004551779727935781e+02
1.732938630851678568e+02 9.813546059739861960e+01 1.004551779727935781e+02
1.732550190179981939e+02 9.813715654961946200e+01 1.004435732524156606e+02
1.732161749508285595e+02 9.813885250184030440e+01 1.004319685320377289e+02
1.731773308836588967e+02 9.814054845406114680e+01 1.004203638116598114e+02
1.731384868164892339e+02 9.814224440628200341e+01 1.004087590912818939e+02
1.730996427493195995e+02 9.814394035850284581e+01 1.003971543709039622e+02
1.730607986821499367e+02 9.814563631072368821e+01 1.003855496505260447e+02
1.730219546149802738e+02 9.814733226294453061e+01 1.003739449301481272e+02
1.729831105478106394e+02 9.814902821516537301e+01 1.003623402097702098e+02
1.729442664806409766e+02 9.815072416738621541e+01 1.003507354893922781e+02
1.729054224134713422e+02 9.815242011960705781e+01 1.003391307690143606e+02
1.728665783463016794e+02 9.815411607182791442e+01 1.003275260486364431e+02
1.728277342791320166e+02 9.815581202404875683e+01 1.003159213282585114e+02
1.727888902119623822e+02 9.815750797626959923e+01 1.003043166078805939e+02
1.727500461447927194e+02 9.815920392849044163e+01 1.002927118875026764e+02
1.727112020776230565e+02 9.816089988071128403e+01 1.002811071671247589e+02
1.726723580104534221e+02 9.816259583293212643e+01 1.002695024467468272e+02
1.726335139432837593e+02 9.816429178515298304e+01 1.002578977263689097e+02
1.725946698761140965e+02 9.816598773737382544e+01 1.002462930059909922e+02
1.725558258089444621e+02 9.816768368959466784e+01 1.002346882856130605e+02
1.725169817417747993e+02 9.816937964181551024e+01 1.002230835652351431e+02
1.725169817417747993e+02 9.816937964181551024e+01 1.002230835652351431e+02
1.724927382276678429e+02 9.815259437315582147e+01 1.002192174249887557e+02
1.724684947135608866e+02 9.813580910449611849e+01 1.002153512847423542e+02
1.724442511994539302e+02 9.811902383583642973e+01 1.002114851444959669e+02
1.724200076853469739e+02 9.810223856717674096e+01 1.002076190042495796e+02
1.723957641712400175e+02 9.808545329851703798e+01 1.002037528640031923e+02
1.723715206571330611e+02 9.806866802985734921e+01 1.001998867237567907e+02
1.723472771430261048e+02 9.805188276119766044e+01 1.001960205835104034e+02
1.723230336289191484e+02 9.803509749253795746e+01 1.001921544432640161e+02
1.722987901148121921e+02 9.801831222387826870e+01 1.001882883030176288e+02
1.722745466007052357e+02 9.800152695521857993e+01 1.001844221627712272e+02
1.722503030865982794e+02 9.798474168655887695e+01 1.001805560225248399e+02
1.722260595724913230e+02 9.796795641789918818e+01 1.001766898822784526e+02
1.722018160583843382e+02 9.795117114923948520e+01 1.001728237420320511e+02
1.721775725442773819e+02 9.793438588057979644e+01 1.001689576017856638e+02
1.721533290301704255e+02 9.791760061192010767e+01 1.001650914615392765e+02
1.721290855160634692e+02 9.790081534326040469e+01 1.001612253212928891e+02
1.721048420019565128e+02 9.788403007460071592e+01 1.001573591810464876e+02
1.720805984878495565e+02 9.786724480594102715e+01 1.001534930408001003e+02
1.720563549737426001e+02 9.785045953728132417e+01 1.001496269005537130e+02
1.720321114596356438e+02 9.783367426862163541e+01 1.001457607603073257e+02
1.720078679455286874e+02 9.781688899996194664e+01 1.001418946200609241e+02
1.719836244314217311e+02 9.780010373130224366e+01 1.001380284798145368e+02
1.719593809173147747e+02 9.778331846264255489e+01 1.001341623395681495e+02
1.719351374032078184e+02 9.776653319398286612e+01 1.001302961993217622e+02
1.719108938891008620e+02 9.774974792532316314e+01 1.001264300590753606e+02
1.718866503749939056e+02 9.773296265666347438e+01 1.001225639188289733e+02
1.718866503749939056e+02 9.773296265666347438e+01 1.001225639188289733e+02
1.718728626517033149e+02 9.771610877457445099e+01 1.001404157470166751e+02
1.718590749284127526e+02 9.769925489248542760e+01 1.001582675752043770e+02
1.718452872051221618e+02 9.768240101039640422e+01 1.001761194033920788e+02
1.718314994818315711e+02 9.766554712830738083e+01 1.001939712315797948e+02
1.718177117585409803e+02 9.764869324621835744e+01 1.002118230597674966e+02
1.718039240352504180e+02 9.763183936412933406e+01 1.002296748879551984e+02
1.717901363119598273e+02 9.761498548204031067e+01 1.002475267161429002e+02
1.717763485886692365e+02 9.759813159995128728e+01 1.002653785443306020e+02
1.717625608653786742e+02 9.758127771786226390e+01 1.002832303725183181e+02
1.717487731420880834e+02 9.756442383577324051e+01 1.003010822007060199e+02
1.717349854187974927e+02 9.754756995368421713e+01 1.003189340288937217e+02
1.717211976955069304e+02 9.753071607159517953e+01 1.003367858570814235e+02
1.717074099722163396e+02 9.751386218950615614e+01 1.003546376852691253e+02
1.716936222489257489e+02 9.749700830741713276e+01 1.003724895134568271e+02
1.716798345256351581e+02 9.748015442532810937e+01 1.003903413416445289e+02
1.716660468023445958e+02 9.746330054323908598e+01 1.004081931698322450e+02
1.716522590790540050e+02 9.744644666115006260e+01 1.004260449980199468e+02
1.716384713557634143e+02 9.742959277906103921e+01 1.004438968262076486e+02
1.716246836324728520e+02 9.741273889697201582e+01 1.004617486543953504e+02
1.716108959091822612e+02 9.739588501488299244e+01 1.004796004825830522e+02
1.715971081858916705e+02 9.737903113279396905e+01 1.004974523107707682e+02
1.715833204626010797e+02 9.736217725070494566e+01 1.005153041389584700e+02
1.715695327393105174e+02 9.734532336861592228e+01 1.005331559671461719e+02
1.715557450160199267e+02 9.732846948652689889e+01 1.005510077953338737e+02
1.715557450160199267e+02 9.732846948652689889e+01 1.005510077953338737e+02
1.715331402748293783e+02 9.732731369091284535e+01 1.005794060175078357e+02
1.715105355336388584e+02 9.732615789529880601e+01 1.006078042396817978e+02
1.714879307924483101e+02 9.732500209968475247e+01 1.006362024618557598e+02
1.714653260512577617e+02 9.732384630407071313e+01 1.006646006840297218e+02
1.714427213100672134e+02 9.732269050845665959e+01 1.006929989062036839e+02
1.714201165688766935e+02 9.732153471284262025e+01 1.007213971283776601e+02
1.713975118276861451e+02 9.732037891722856671e+01 1.007497953505516222e+02
1.713749070864955968e+02 9.731922312161452737e+01 1.007781935727255842e+02
1.713523023453050769e+02 9.731806732600047383e+01 1.008065917948995462e+02
1.713296976041145285e+02 9.731691153038643449e+01 1.008349900170735083e+02
1.713070928629239802e+02 9.731575573477238095e+01 1.008633882392474703e+02
1.712844881217334319e+02 9.731459993915834161e+01 1.008917864614214324e+02
1.712618833805429119e+02 9.731344414354428807e+01 1.009201846835953944e+02
1.712392786393523636e+02 9.731228834793024873e+01 1.009485829057693564e+02
1.712166738981618153e+02 9.731113255231619519e+01 1.009769811279433185e+02
1.711940691569712953e+02 9.730997675670215585e+01 1.010053793501172947e+02
1.711714644157807470e+02 9.730882096108810231e+01 1.010337775722912568e+02
1.711488596745901987e+02 9.730766516547406297e+01 1.010621757944652188e+02
1.711262549333996503e+02 9.730650936986000943e+01 1.010905740166391809e+02
1.711036501922091304e+02 9.730535357424597009e+01 1.011189722388131429e+02
1.710810454510185821e+02 9.730419777863191655e+01 1.011473704609871049e+02
1.710810454510185821e+02 9.730419777863191655e+01 1.011473704609871049e+02
1.710607658928964270e+02 9.728525284437372989e+01 1.011759978602081702e+02
1.710404863347742719e+02 9.726630791011552901e+01 1.012046252594292355e+02
1.710202067766521168e+02 9.724736297585734235e+01 1.012332526586502865e+02
1.709999272185299333e+02 9.722841804159915569e+01 1.012618800578713518e+02
1.709796476604077782e+02 9.720947310734096902e+01 1.012905074570924171e+02
1.709593681022856231e+02 9.719052817308278236e+01 1.013191348563134824e+02
1.709390885441634680e+02 9.717158323882458149e+01 1.013477622555345476e+02
1.709188089860413129e+02 9.715263830456639482e+01 1.013763896547556129e+02
1.708985294279191578e+02 9.713369337030820816e+01 1.014050170539766782e+02
1.708782498697970027e+02 9.711474843605000729e+01 1.014336444531977293e+02
1.708579703116748476e+02 9.709580350179182062e+01 1.014622718524187945e+02
1.708376907535526925e+02 9.707685856753363396e+01 1.014908992516398598e+02
1.708174111954305090e+02 9.705791363327544730e+01 1.015195266508609251e+02
1.707971316373083539e+02 9.703896869901726063e+01 1.015481540500819904e+02
1.707768520791861988e+02 9.702002376475905976e+01 1.015767814493030414e+02
1.707565725210640437e+02 9.700107883050087310e+01 1.016054088485241067e+02
1.707362929629418886e+02 9.698213389624268643e+01 1.016340362477451720e+02
1.707160134048197335e+02 9.696318896198448556e+01 1.016626636469662373e+02
1.706957338466975784e+02 9.694424402772629890e+01 1.016912910461873025e+02
1.706754542885753949e+02 9.692529909346811223e+01 1.017199184454083678e+02
1.706551747304532398e+02 9.690635415920992557e+01 1.017485458446294331e+02
1.706348951723310847e+02 9.688740922495173891e+01 1.017771732438504841e+02
1.706146156142089296e+02 9.686846429069353803e+01 1.018058006430715494e+02
1.705943360560867745e+02 9.684951935643535137e+01 1.018344280422926147e+02
1.705943360560867745e+02 9.684951935643535137e+01 1.018344280422926147e+02
1.705937903082767377e+02 9.683455401484853553e+01 1.018537239915927444e+02
1.705932445604667009e+02 9.681958867326171969e+01 1.018730199408928740e+02
1.705926988126566641e+02 9.680462333167490385e+01 1.018923158901930037e+02
1.705921530648466273e+02 9.678965799008807380e+01 1.019116118394931334e+02
1.705916073170365905e+02 9.677469264850125796e+01 1.019309077887932631e+02
1.705910615692265537e+02 9.675972730691444212e+01 1.019502037380933928e+02
1.705905158214165169e+02 9.674476196532762629e+01 1.019694996873935224e+02
1.705899700736064801e+02 9.672979662374081045e+01 1.019887956366936521e+02
1.705894243257964433e+02 9.671483128215399461e+01 1.020080915859937818e+02
1.705888785779864065e+02 9.669986594056717877e+01 1.020273875352939115e+02
1.705883328301763697e+02 9.668490059898036293e+01 1.020466834845940411e+02
1.705877870823663329e+02 9.666993525739353288e+01 1.020659794338941708e+02
1.705872413345562961e+02 9.665496991580671704e+01 1.020852753831943005e+02
1.705866955867462593e+02 9.664000457421990120e+01 1.021045713324944302e+02
1.705861498389361941e+02 9.662503923263308536e+01 1.021238672817945599e+02
1.705856040911261573e+02 9.661007389104626952e+01 1.021431632310947037e+02
1.705850583433161205e+02 9.659510854945945368e+01 1.021624591803948334e+02
1.705845125955060837e+02 9.658014320787263784e+01 1.021817551296949631e+02
1.705839668476960469e+02 9.656517786628580780e+01 1.022010510789950928e+02
1.705834210998860101e+02 9.655021252469899196e+01 1.022203470282952225e+02
1.705828753520759733e+02 9.653524718311217612e+01 1.022396429775953521e+02
1.705823296042659365e+02 9.652028184152536028e+01 1.022589389268954818e+02
1.705817838564558997e+02 9.650531649993854444e+01 1.022782348761956115e+02
1.705812381086458629e+02 9.649035115835172860e+01 1.022975308254957412e+02
1.705806923608358261e+02 9.647538581676491276e+01 1.023168267747958708e+02
1.705801466130257893e+02 9.646042047517809692e+01 1.023361227240960005e+02
1.705796008652157525e+02 9.644545513359126687e+01 1.023554186733961302e+02
1.705790551174057157e+02 9.643048979200445103e+01 1.023747146226962599e+02
1.705785093695956789e+02 9.641552445041763519e+01 1.023940105719963896e+02
1.705779636217856421e+02 9.640055910883081935e+01 1.024133065212965192e+02
1.705779636217856421e+02 9.640055910883081935e+01 1.024133065212965192e+02
1.705787429961785904e+02 9.637774460419103661e+01 1.024131695519530467e+02
1.705795223705715102e+02 9.635493009955123966e+01 1.024130325826095742e+02
1.705803017449644585e+02 9.633211559491145692e+01 1.024128956132660875e+02
1.705810811193574068e+02 9.630930109027165997e+01 1.024127586439226150e+02
1.705818604937503551e+02 9.628648658563187723e+01 1.024126216745791425e+02
1.705826398681432750e+02 9.626367208099208028e+01 1.024124847052356699e+02
1.705834192425362232e+02 9.624085757635229754e+01 1.024123477358921832e+02
1.705841986169291715e+02 9.621804307171251480e+01 1.024122107665487107e+02
1.705849779913221198e+02 9.619522856707271785e+01 1.024120737972052382e+02
1.705857573657150397e+02 9.617241406243293511e+01 1.024119368278617657e+02
1.705865367401079880e+02 9.614959955779313816e+01 1.024117998585182931e+02
1.705873161145009362e+02 9.612678505315335542e+01 1.024116628891748064e+02
1.705880954888938845e+02 9.610397054851355847e+01 1.024115259198313339e+02
1.705888748632868044e+02 9.608115604387377573e+01 1.024113889504878614e+02
1.705896542376797527e+02 9.605834153923397878e+01 1.024112519811443889e+02
1.705904336120727010e+02 9.603552703459419604e+01 1.024111150118009164e+02
1.705912129864656492e+02 9.601271252995441330e+01 1.024109780424574296e+02
1.705919923608585691e+02 9.598989802531461635e+01 1.024108410731139571e+02
1.705927717352515174e+02 9.596708352067483361e+01 1.024107041037704846e+02
1.705935511096444657e+02 9.594426901603503666e+01 1.024105671344270121e+02
1.705943304840374140e+02 9.592145451139525392e+01 1.024104301650835254e+02
1.705951098584303338e+02 9.589864000675545697e+01 1.024102931957400529e+02
1.705958892328232821e+02 9.587582550211567423e+01 1.024101562263965803e+02
1.705958892328232821e+02 9.587582550211567423e+01 1.024101562263965803e+02
1.705967245415916977e+02 9.585137363925592524e+01 1.024100094269961261e+02
1.705975598503601134e+02 9.582692177639617626e+01 1.024098626275956860e+02
1.705983951591285290e+02 9.580246991353642727e+01 1.024097158281952318e+02
1.705992304678969163e+02 9.577801805067667829e+01 1.024095690287947775e+02
1.706000657766653319e+02 9.575356618781691509e+01 1.024094222293943375e+02
1.706009010854337475e+02 9.572911432495716610e+01 1.024092754299938832e+02
1.706017363942021632e+02 9.570466246209741712e+01 1.024091286305934432e+02
1.706025717029705788e+02 9.568021059923766813e+01 1.024089818311929889e+02
1.706034070117389945e+02 9.565575873637791915e+01 1.024088350317925347e+02
1.706042423205074101e+02 9.563130687351817016e+01 1.024086882323920946e+02
1.706050776292758258e+02 9.560685501065842118e+01 1.024085414329916404e+02
1.706059129380442414e+02 9.558240314779865798e+01 1.024083946335912003e+02
1.706067482468126286e+02 9.555795128493890900e+01 1.024082478341907461e+02
1.706075835555810443e+02 9.553349942207916001e+01 1.024081010347902918e+02
1.706084188643494599e+02 9.550904755921941103e+01 1.024079542353898518e+02
1.706092541731178756e+02 9.548459569635966204e+01 1.024078074359893975e+02
1.706092541731178756e+02 9.548459569635966204e+01 1.024078074359893975e+02
1.706105726749859173e+02 9.544599939750972339e+01 1.024075757189393272e+02
1.706118911768539590e+02 9.540740309865979896e+01 1.024073440018892427e+02
1.706132096787220007e+02 9.536880679980986031e+01 1.024071122848391724e+02
1.706145281805900424e+02 9.533021050095992166e+01 1.024068805677891021e+02
1.706158466824580842e+02 9.529161420210999722e+01 1.024066488507390176e+02
1.706171651843260975e+02 9.525301790326005857e+01 1.024064171336889473e+02
1.706184836861941392e+02 9.521442160441011993e+01 1.024061854166388770e+02
1.706198021880621809e+02 9.517582530556019549e+01 1.024059536995887925e+02
1.706211206899302226e+02 9.513722900671025684e+01 1.024057219825387222e+02
1.706224391917982643e+02 9.509863270786031819e+01 1.024054902654886519e+02
1.706237576936663061e+02 9.506003640901039375e+01 1.024052585484385673e+02
1.706250761955343478e+02 9.502144011016045511e+01 1.024050268313884970e+02
1.706250761955343478e+02 9.502144011016045511e+01 1.024050268313884970e+02
1.705924976983578745e+02 9.498638601962962014e+01 1.024012826962811857e+02
1.705599192011814011e+02 9.495133192909877096e+01 1.023975385611738744e+02
1.705273407040049278e+02 9.491627783856793599e+01 1.023937944260665631e+02
1.704947622068284261e+02 9.488122374803710102e+01 1.023900502909592376e+02
1.704621837096519528e+02 9.484616965750626605e+01 1.023863061558519263e+02
1.704296052124754794e+02 9.481111556697541687e+01 1.023825620207446150e+02
1.703970267152990061e+02 9.477606147644458190e+01 1.023788178856373037e+02
1.703644482181225328e+02 9.474100738591374693e+01 1.023750737505299924e+02
1.703318697209460595e+02 9.470595329538289775e+01 1.023713296154226811e+02
1.702992912237695862e+02 9.467089920485206278e+01 1.023675854803153698e+02
1.702667127265930844e+02 9.463584511432122781e+01 1.023638413452080442e+02
1.702341342294166111e+02 9.460079102379039284e+01 1.023600972101007329e+02
1.702015557322401378e+02 9.456573693325954366e+01 1.023563530749934216e+02
1.701689772350636645e+02 9.453068284272870869e+01 1.023526089398861103e+02
1.701689772350636645e+02 9.453068284272870869e+01 1.023526089398861103e+02
1.701378221633139276e+02 9.449716034168470458e+01 1.023490283941882240e+02
1.701066670915641623e+02 9.446363784064071467e+01 1.023454478484903234e+02
1.700755120198144255e+02 9.443011533959671056e+01 1.023418673027924370e+02
1.700443569480646886e+02 9.439659283855272065e+01 1.023382867570945365e+02
1.700132018763149517e+02 9.436307033750871653e+01 1.023347062113966501e+02
1.699820468045651864e+02 9.432954783646472663e+01 1.023311256656987496e+02
1.699508917328154496e+02 9.429602533542072251e+01 1.023275451200008632e+02
1.699197366610657127e+02 9.426250283437673261e+01 1.023239645743029627e+02
1.698885815893159474e+02 9.422898033333272849e+01 1.023203840286050763e+02
1.698574265175662106e+02 9.419545783228873859e+01 1.023168034829071757e+02
1.698262714458164737e+02 9.416193533124473447e+01 1.023132229372092894e+02
1.697951163740667369e+02 9.412841283020074457e+01 1.023096423915113888e+02
1.697639613023169716e+02 9.409489032915674045e+01 1.023060618458135025e+02
1.697328062305672347e+02 9.406136782811275054e+01 1.023024813001156019e+02
1.697016511588174978e+02 9.402784532706874643e+01 1.022989007544177156e+02
1.696704960870677326e+02 9.399432282602475652e+01 1.022953202087198150e+02
1.696393410153179957e+02 9.396080032498075241e+01 1.022917396630219287e+02
1.696081859435682588e+02 9.392727782393676250e+01 1.022881591173240281e+02
1.695770308718185220e+02 9.389375532289275839e+01 1.022845785716261418e+02
1.695458758000687567e+02 9.386023282184876848e+01 1.022809980259282412e+02
1.695147207283190198e+02 9.382671032080476436e+01 1.022774174802303548e+02
1.695147207283190198e+02 9.382671032080476436e+01 1.022774174802303548e+02
1.694871029573120325e+02 9.382704340208452720e+01 1.022793556190652424e+02
1.694594851863050451e+02 9.382737648336427583e+01 1.022812937579001442e+02
1.694318674152980577e+02 9.382770956464403866e+01 1.022832318967350318e+02
1.694042496442910704e+02 9.382804264592378729e+01 1.022851700355699194e+02
1.693766318732840830e+02 9.382837572720355013e+01 1.022871081744048070e+02
1.693490141022770956e+02 9.382870880848329875e+01 1.022890463132397088e+02
1.693213963312701082e+02 9.382904188976306159e+01 1.022909844520745963e+02
1.692937785602631209e+02 9.382937497104281022e+01 1.022929225909094839e+02
1.692661607892561335e+02 9.382970805232257305e+01 1.022948607297443857e+02
1.692385430182491461e+02 9.383004113360232168e+01 1.022967988685792733e+02
1.692109252472421588e+02 9.383037421488208452e+01 1.022987370074141609e+02
1.691833074762351714e+02 9.383070729616184735e+01 1.023006751462490485e+02
1.691556897052281840e+02 9.383104037744159598e+01 1.023026132850839502e+02
1.691280719342211967e+02 9.383137345872135882e+01 1.023045514239188378e+02
1.691004541632142093e+02 9.383170654000110744e+01 1.023064895627537254e+02
1.690728363922071935e+02 9.383203962128087028e+01 1.023084277015886272e+02
1.690452186212002061e+02 9.383237270256061890e+01 1.023103658404235148e+02
1.690176008501932188e+02 9.383270578384038174e+01 1.023123039792584024e+02
1.689899830791862314e+02 9.383303886512013037e+01 1.023142421180933042e+02
1.689623653081792440e+02 9.383337194639989320e+01 1.023161802569281917e+02
1.689347475371722567e+02 9.383370502767965604e+01 1.023181183957630793e+02
1.689071297661652693e+02 9.383403810895940467e+01 1.023200565345979669e+02
1.688795119951582819e+02 9.383437119023916750e+01 1.023219946734328687e+02
1.688518942241512946e+02 9.383470427151891613e+01 1.023239328122677563e+02
1.688242764531443072e+02 9.383503735279867897e+01 1.023258709511026439e+02
1.687966586821373198e+02 9.383537043407842759e+01 1.023278090899375457e+02
1.687690409111303325e+02 9.383570351535819043e+01 1.023297472287724332e+02
1.687414231401233451e+02 9.383603659663793906e+01 1.023316853676073208e+02
1.687138053691163577e+02 9.383636967791770189e+01 1.023336235064422084e+02
1.686861875981093704e+02 9.383670275919745052e+01 1.023355616452771102e+02
1.686585698271023830e+02 9.383703584047721336e+01 1.023374997841119978e+02
1.686585698271023830e+02 9.383703584047721336e+01 1.023374997841119978e+02
1.686318336285734176e+02 9.383735828964299230e+01 1.023393760566270174e+02
1.686050974300444523e+02 9.383768073880877125e+01 1.023412523291420229e+02
1.685783612315154869e+02 9.383800318797455020e+01 1.023431286016570425e+02
1.685516250329864931e+02 9.383832563714032915e+01 1.023450048741720622e+02
1.685248888344575278e+02 9.383864808630610810e+01 1.023468811466870676e+02
1.684981526359285624e+02 9.383897053547188705e+01 1.023487574192020872e+02
1.684714164373995970e+02 9.383929298463765178e+01 1.023506336917170927e+02
1.684446802388706317e+02 9.383961543380343073e+01 1.023525099642321123e+02
1.684179440403416663e+02 9.383993788296920968e+01 1.023543862367471320e+02
1.683912078418127010e+02 9.384026033213498863e+01 1.023562625092621374e+02
1.683644716432837072e+02 9.384058278130076758e+01 1.023581387817771571e+02
1.683377354447547418e+02 9.384090523046654653e+01 1.023600150542921767e+02
1.683109992462257765e+02 9.384122767963232548e+01 1.023618913268071822e+02
1.682842630476968111e+02 9.384155012879810442e+01 1.023637675993222018e+02
1.682575268491678457e+02 9.384187257796388337e+01 1.023656438718372073e+02
1.682307906506388804e+02 9.384219502712966232e+01 1.023675201443522269e+02
1.682040544521098866e+02 9.384251747629544127e+01 1.023693964168672466e+02
1.681773182535809212e+02 9.384283992546122022e+01 1.023712726893822520e+02
1.681505820550519559e+02 9.384316237462699917e+01 1.023731489618972716e+02
1.681238458565229905e+02 9.384348482379277812e+01 1.023750252344122913e+02
1.680971096579940252e+02 9.384380727295854285e+01 1.023769015069272967e+02
1.680703734594650598e+02 9.384412972212432180e+01 1.023787777794423164e+02
1.680436372609360944e+02 9.384445217129010075e+01 1.023806540519573218e+02
1.680169010624071007e+02 9.384477462045587970e+01 1.023825303244723415e+02
1.679901648638781353e+02 9.384509706962165865e+01 1.023844065969873611e+02
1.679634286653491699e+02 9.384541951878743760e+01 1.023862828695023666e+02
1.679366924668202046e+02 9.384574196795321654e+01 1.023881591420173862e+02
1.679366924668202046e+02 9.384574196795321654e+01 1.023881591420173862e+02
1.679144131551432508e+02 9.382268856863259998e+01 1.024065703200568578e+02
1.678921338434662971e+02 9.379963516931196921e+01 1.024249814980963151e+02
1.678698545317893434e+02 9.377658176999135264e+01 1.024433926761357867e+02
1.678475752201123896e+02 9.375352837067072187e+01 1.024618038541752583e+02
1.678252959084354359e+02 9.373047497135010531e+01 1.024802150322147298e+02
1.678030165967584821e+02 9.370742157202948874e+01 1.024986262102541872e+02
1.677807372850815284e+02 9.368436817270885797e+01 1.025170373882936588e+02
1.677584579734045747e+02 9.366131477338824141e+01 1.025354485663331303e+02
1.677361786617276209e+02 9.363826137406761063e+01 1.025538597443726019e+02
1.677138993500506672e+02 9.361520797474699407e+01 1.025722709224120592e+02
1.676916200383737134e+02 9.359215457542637751e+01 1.025906821004515308e+02
1.676693407266967881e+02 9.356910117610574673e+01 1.026090932784910024e+02
1.676470614150198344e+02 9.354604777678513017e+01 1.026275044565304739e+02
1.676247821033428806e+02 9.352299437746451360e+01 1.026459156345699313e+02
1.676025027916659269e+02 9.349994097814388283e+01 1.026643268126094029e+02
1.675802234799889732e+02 9.347688757882326627e+01 1.026827379906488744e+02
1.675579441683120194e+02 9.345383417950263549e+01 1.027011491686883460e+02
1.675356648566350657e+02 9.343078078018201893e+01 1.027195603467278033e+02
1.675133855449581120e+02 9.340772738086140237e+01 1.027379715247672749e+02
1.674911062332811582e+02 9.338467398154077159e+01 1.027563827028067465e+02
1.674688269216042045e+02 9.336162058222015503e+01 1.027747938808462180e+02
1.674465476099272507e+02 9.333856718289952425e+01 1.027932050588856754e+02
1.674242682982502970e+02 9.331551378357890769e+01 1.028116162369251469e+02
1.674242682982502970e+02 9.331551378357890769e+01 1.028116162369251469e+02
1.674030403070406123e+02 9.329568283383737537e+01 1.028415824805365872e+02
1.673818123158309277e+02 9.327585188409584305e+01 1.028715487241480275e+02
1.673605843246212146e+02 9.325602093435431073e+01 1.029015149677594678e+02
1.673393563334115299e+02 9.323618998461277840e+01 1.029314812113709081e+02
1.673181283422018453e+02 9.321635903487124608e+01 1.029614474549823626e+02
1.672969003509921606e+02 9.319652808512971376e+01 1.029914136985938029e+02
1.672756723597824760e+02 9.317669713538818144e+01 1.030213799422052432e+02
1.672544443685727913e+02 9.315686618564664911e+01 1.030513461858166835e+02
1.672332163773630782e+02 9.313703523590511679e+01 1.030813124294281238e+02
1.672119883861533935e+02 9.311720428616358447e+01 1.031112786730395641e+02
1.671907603949437089e+02 9.309737333642205215e+01 1.031412449166510044e+02
1.671695324037340242e+02 9.307754238668051983e+01 1.031712111602624447e+02
1.671483044125243396e+02 9.305771143693898750e+01 1.032011774038738849e+02
1.671270764213146265e+02 9.303788048719745518e+01 1.032311436474853394e+02
1.671058484301049418e+02 9.301804953745592286e+01 1.032611098910967797e+02
1.670846204388952572e+02 9.299821858771439054e+01 1.032910761347082200e+02
1.670633924476855725e+02 9.297838763797285822e+01 1.033210423783196603e+02
1.670421644564758878e+02 9.295855668823132589e+01 1.033510086219311006e+02
1.670209364652661748e+02 9.293872573848979357e+01 1.033809748655425409e+02
1.669997084740564901e+02 9.291889478874826125e+01 1.034109411091539812e+02
1.669784804828468054e+02 9.289906383900672893e+01 1.034409073527654215e+02
1.669572524916371208e+02 9.287923288926519660e+01 1.034708735963768618e+02
1.669360245004274361e+02 9.285940193952366428e+01 1.035008398399883163e+02
1.669147965092177515e+02 9.283957098978213196e+01 1.035308060835997566e+02
1.668935685180080384e+02 9.281974004004059964e+01 1.035607723272111969e+02
1.668723405267983537e+02 9.279990909029906732e+01 1.035907385708226371e+02
1.668511125355886691e+02 9.278007814055753499e+01 1.036207048144340774e+02
1.668511125355886691e+02 9.278007814055753499e+01 1.036207048144340774e+02
1.668406624561896763e+02 9.277031579435580966e+01 1.036354565458595971e+02
1.668302123767907119e+02 9.276055344815408432e+01 1.036502082772851310e+02
1.668197622973917191e+02 9.275079110195235899e+01 1.036649600087106506e+02
1.668093122179927548e+02 9.274102875575063365e+01 1.036797117401361703e+02
1.667988621385937620e+02 9.273126640954890831e+01 1.036944634715616900e+02
1.667884120591947976e+02 9.272150406334718298e+01 1.037092152029872238e+02
1.667779619797958048e+02 9.271174171714545764e+01 1.037239669344127435e+02
1.667675119003968405e+02 9.270197937094373231e+01 1.037387186658382632e+02
1.667570618209978477e+02 9.269221702474200697e+01 1.037534703972637828e+02
1.667466117415988833e+02 9.268245467854028163e+01 1.037682221286893167e+02
1.667361616621998905e+02 9.267269233233855630e+01 1.037829738601148364e+02
1.667257115828009262e+02 9.266292998613683096e+01 1.037977255915403560e+02
1.667152615034019334e+02 9.265316763993510563e+01 1.038124773229658899e+02
1.667048114240029690e+02 9.264340529373338029e+01 1.038272290543914096e+02
1.666943613446039762e+02 9.263364294753165495e+01 1.038419807858169293e+02
1.666839112652050119e+02 9.262388060132992962e+01 1.038567325172424489e+02
1.666734611858060191e+02 9.261411825512820428e+01 1.038714842486679828e+02
1.666630111064070547e+02 9.260435590892646474e+01 1.038862359800935025e+02
1.666525610270080620e+02 9.259459356272473940e+01 1.039009877115190221e+02
1.666421109476090692e+02 9.258483121652301406e+01 1.039157394429445560e+02
1.666316608682101048e+02 9.257506887032128873e+01 1.039304911743700757e+02
1.666212107888111120e+02 9.256530652411956339e+01 1.039452429057955953e+02
1.666107607094121477e+02 9.255554417791783806e+01 1.039599946372211150e+02
1.666003106300131549e+02 9.254578183171611272e+01 1.039747463686466489e+02
1.665898605506141905e+02 9.253601948551438738e+01 1.039894981000721685e+02
1.665794104712151977e+02 9.252625713931266205e+01 1.040042498314976882e+02
1.665689603918162334e+02 9.251649479311093671e+01 1.040190015629232221e+02
1.665585103124172406e+02 9.250673244690921138e+01 1.040337532943487417e+02
1.665480602330182762e+02 9.249697010070748604e+01 1.040485050257742614e+02
1.665376101536192834e+02 9.248720775450576070e+01 1.040632567571997811e+02
1.665271600742203191e+02 9.247744540830403537e+01 1.040780084886253150e+02
1.665167099948213263e+02 9.246768306210231003e+01 1.040927602200508346e+02
1.665062599154223619e+02 9.245792071590058470e+01 1.041075119514763543e+02
1.664958098360233691e+02 9.244815836969885936e+01 1.041222636829018739e+02
1.664853597566244048e+02 9.243839602349713402e+01 1.041370154143274078e+02
1.664749096772254120e+02 9.242863367729540869e+01 1.041517671457529275e+02
1.664749096772254120e+02 9.242863367729540869e+01 1.041517671457529275e+02
1.664508456697622307e+02 9.240884388149214601e+01 1.041519540866717222e+02
1.664267816622990779e+02 9.238905408568889754e+01 1.041521410275905168e+02
1.664027176548358966e+02 9.236926428988563487e+01 1.041523279685093257e+02
1.663786536473727153e+02 9.234947449408238640e+01 1.041525149094281204e+02
1.663545896399095625e+02 9.232968469827912372e+01 1.041527018503469151e+02
1.663305256324463812e+02 9.230989490247587526e+01 1.041528887912657098e+02
1.663064616249832000e+02 9.229010510667261258e+01 1.041530757321845186e+02
1.662823976175200471e+02 9.227031531086936411e+01 1.041532626731033133e+02
1.662583336100568658e+02 9.225052551506610143e+01 1.041534496140221080e+02
1.662342696025936846e+02 9.223073571926285297e+01 1.041536365549409027e+02
1.662102055951305317e+02 9.221094592345959029e+01 1.041538234958596973e+02
1.661861415876673504e+02 9.219115612765634182e+01 1.041540104367785062e+02
1.661620775802041976e+02 9.217136633185307915e+01 1.041541973776973009e+02
1.661380135727410163e+02 9.215157653604983068e+01 1.041543843186160956e+02
1.661139495652778351e+02 9.213178674024656800e+01 1.041545712595348903e+02
1.660898855578146822e+02 9.211199694444331953e+01 1.041547582004536849e+02
1.660658215503515009e+02 9.209220714864005686e+01 1.041549451413724938e+02
1.660417575428883197e+02 9.207241735283680839e+01 1.041551320822912885e+02
1.660176935354251668e+02 9.205262755703354571e+01 1.041553190232100832e+02
1.659936295279619856e+02 9.203283776123029725e+01 1.041555059641288778e+02
1.659695655204988043e+02 9.201304796542703457e+01 1.041556929050476867e+02
1.659455015130356514e+02 9.199325816962378610e+01 1.041558798459664814e+02
1.659214375055724702e+02 9.197346837382052342e+01 1.041560667868852761e+02
1.659214375055724702e+02 9.197346837382052342e+01 1.041560667868852761e+02
1.659227607108306302e+02 9.193473439336794684e+01 1.041558342432488189e+02
1.659240839160887617e+02 9.189600041291537025e+01 1.041556016996123759e+02
1.659254071213469217e+02 9.185726643246279366e+01 1.041553691559759187e+02
1.659267303266050533e+02 9.181853245201021707e+01 1.041551366123394615e+02
1.659280535318632133e+02 9.177979847155764048e+01 1.041549040687030185e+02
1.659293767371213733e+02 9.174106449110506389e+01 1.041546715250665613e+02
1.659306999423795048e+02 9.170233051065248731e+01 1.041544389814301184e+02
1.659320231476376648e+02 9.166359653019991072e+01 1.041542064377936612e+02
1.659333463528957964e+02 9.162486254974733413e+01 1.041539738941572040e+02
1.659346695581539564e+02 9.158612856929475754e+01 1.041537413505207610e+02
1.659359927634121163e+02 9.154739458884218095e+01 1.041535088068843038e+02
1.659373159686702479e+02 9.150866060838960436e+01 1.041532762632478466e+02
1.659386391739284079e+02 9.146992662793702777e+01 1.041530437196114036e+02
1.659399623791865395e+02 9.143119264748445119e+01 1.041528111759749464e+02
1.659412855844446995e+02 9.139245866703187460e+01 1.041525786323384892e+02
1.659426087897028310e+02 9.135372468657929801e+01 1.041523460887020462e+02
1.659439319949609910e+02 9.131499070612672142e+01 1.041521135450655891e+02
1.659452552002191510e+02 9.127625672567414483e+01 1.041518810014291461e+02
1.659465784054772826e+02 9.123752274522156824e+01 1.041516484577926889e+02
1.659479016107354425e+02 9.119878876476899165e+01 1.041514159141562317e+02
1.659492248159935741e+02 9.116005478431641507e+01 1.041511833705197887e+02
1.659505480212517341e+02 9.112132080386383848e+01 1.041509508268833315e+02
1.659505480212517341e+02 9.112132080386383848e+01 1.041509508268833315e+02
1.659345070526431982e+02 9.109409368442246091e+01 1.041501289207670595e+02
1.659184660840346623e+02 9.106686656498106913e+01 1.041493070146507876e+02
1.659024251154261549e+02 9.103963944553969156e+01 1.041484851085345156e+02
1.658863841468176190e+02 9.101241232609831400e+01 1.041476632024182436e+02
1.658703431782090831e+02 9.098518520665692222e+01 1.041468412963019574e+02
1.658543022096005473e+02 9.095795808721554465e+01 1.041460193901856854e+02
1.658382612409920114e+02 9.093073096777416708e+01 1.041451974840694135e+02
1.658222202723834755e+02 9.090350384833277531e+01 1.041443755779531415e+02
1.658061793037749680e+02 9.087627672889139774e+01 1.041435536718368695e+02
1.657901383351664322e+02 9.084904960945002017e+01 1.041427317657205975e+02
1.657740973665578963e+02 9.082182249000862839e+01 1.041419098596043256e+02
1.657580563979493604e+02 9.079459537056725082e+01 1.041410879534880536e+02
1.657420154293408245e+02 9.076736825112587326e+01 1.041402660473717816e+02
1.657259744607323171e+02 9.074014113168448148e+01 1.041394441412554954e+02
1.657099334921237812e+02 9.071291401224310391e+01 1.041386222351392234e+02
1.656938925235152453e+02 9.068568689280172634e+01 1.041378003290229515e+02
1.656778515549067095e+02 9.065845977336033457e+01 1.041369784229066795e+02
1.656618105862981736e+02 9.063123265391895700e+01 1.041361565167904075e+02
1.656457696176896661e+02 9.060400553447757943e+01 1.041353346106741355e+02
1.656297286490811302e+02 9.057677841503618765e+01 1.041345127045578636e+02
1.656136876804725944e+02 9.054955129559481009e+01 1.041336907984415916e+02
1.655976467118640585e+02 9.052232417615343252e+01 1.041328688923253196e+02
1.655816057432555226e+02 9.049509705671204074e+01 1.041320469862090334e+02
1.655655647746469867e+02 9.046786993727066317e+01 1.041312250800927615e+02
1.655495238060384793e+02 9.044064281782928560e+01 1.041304031739764895e+02
1.655334828374299434e+02 9.041341569838789383e+01 1.041295812678602175e+02
1.655174418688214075e+02 9.038618857894651626e+01 1.041287593617439455e+02
1.655174418688214075e+02 9.038618857894651626e+01 1.041287593617439455e+02
1.655184951672251259e+02 9.035535553960598065e+01 1.041285742522610747e+02
1.655195484656288158e+02 9.032452250026544505e+01 1.041283891427782038e+02
1.655206017640325342e+02 9.029368946092490944e+01 1.041282040332953329e+02
1.655216550624362526e+02 9.026285642158437383e+01 1.041280189238124620e+02
1.655227083608399710e+02 9.023202338224382402e+01 1.041278338143295912e+02
1.655237616592436609e+02 9.020119034290328841e+01 1.041276487048467203e+02
1.655248149576473793e+02 9.017035730356275280e+01 1.041274635953638494e+02
1.655258682560510977e+02 9.013952426422221720e+01 1.041272784858809786e+02
1.655269215544548160e+02 9.010869122488168159e+01 1.041270933763981077e+02
1.655279748528585060e+02 9.007785818554114599e+01 1.041269082669152368e+02
1.655290281512622244e+02 9.004702514620061038e+01 1.041267231574323660e+02
1.655300814496659427e+02 9.001619210686007477e+01 1.041265380479494951e+02
1.655311347480696611e+02 8.998535906751953917e+01 1.041263529384666242e+02
1.655321880464733511e+02 8.995452602817898935e+01 1.041261678289837391e+02
1.655332413448770694e+02 8.992369298883845374e+01 1.041259827195008683e+02
1.655342946432807878e+02 8.989285994949791814e+01 1.041257976100179974e+02
1.655353479416845062e+02 8.986202691015738253e+01 1.041256125005351265e+02
1.655364012400881961e+02 8.983119387081684692e+01 1.041254273910522556e+02
1.655374545384919145e+02 8.980036083147631132e+01 1.041252422815693848e+02
1.655385078368956329e+02 8.976952779213577571e+01 1.041250571720865139e+02
1.655395611352993512e+02 8.973869475279524011e+01 1.041248720626036430e+02
1.655406144337030412e+02 8.970786171345470450e+01 1.041246869531207722e+02
1.655416677321067596e+02 8.967702867411415468e+01 1.041245018436379013e+02
1.655427210305104779e+02 8.964619563477361908e+01 1.041243167341550304e+02
1.655437743289141963e+02 8.961536259543308347e+01 1.041241316246721595e+02
1.655448276273178863e+02 8.958452955609254786e+01 1.041239465151892887e+02
1.655458809257216046e+02 8.955369651675201226e+01 1.041237614057064178e+02
1.655458809257216046e+02 8.955369651675201226e+01 1.041237614057064178e+02
1.655767314059725379e+02 8.953167469516777999e+01 1.041230790232603454e+02
1.656075818862234996e+02 8.950965287358353351e+01 1.041223966408142729e+02
1.656384323664744329e+02 8.948763105199930123e+01 1.041217142583682147e+02
1.656692828467253946e+02 8.946560923041505475e+01 1.041210318759221423e+02
1.657001333269763279e+02 8.944358740883082248e+01 1.041203494934760698e+02
1.657309838072272612e+02 8.942156558724659021e+01 1.041196671110299974e+02
1.657618342874782229e+02 8.939954376566234373e+01 1.041189847285839392e+02
1.657926847677291562e+02 8.937752194407811146e+01 1.041183023461378667e+02
1.658235352479800895e+02 8.935550012249387919e+01 1.041176199636917943e+02
1.658543857282310512e+02 8.933347830090963271e+01 1.041169375812457218e+02
1.658852362084819845e+02 8.931145647932540044e+01 1.041162551987996636e+02
1.659160866887329462e+02 8.928943465774115396e+01 1.041155728163535912e+02
1.659469371689838795e+02 8.926741283615692168e+01 1.041148904339075187e+02
1.659777876492348128e+02 8.924539101457268941e+01 1.041142080514614463e+02
1.660086381294857745e+02 8.922336919298844293e+01 1.041135256690153739e+02
1.660394886097367078e+02 8.920134737140421066e+01 1.041128432865693156e+02
1.660703390899876695e+02 8.917932554981996418e+01 1.041121609041232432e+02
1.661011895702386028e+02 8.915730372823573191e+01 1.041114785216771708e+02
1.661320400504895360e+02 8.913528190665149964e+01 1.041107961392310983e+02
1.661628905307404978e+02 8.911326008506725316e+01 1.041101137567850401e+02
1.661937410109914310e+02 8.909123826348302089e+01 1.041094313743389677e+02
1.662245914912423643e+02 8.906921644189878862e+01 1.041087489918928952e+02
1.662554419714933260e+02 8.904719462031454214e+01 1.041080666094468228e+02
1.662862924517442593e+02 8.902517279873030986e+01 1.041073842270007646e+02
1.663171429319952210e+02 8.900315097714606338e+01 1.041067018445546921e+02
1.663479934122461543e+02 8.898112915556183111e+01 1.041060194621086197e+02
1.663479934122461543e+02 8.898112915556183111e+01 1.041060194621086197e+02
1.663720270459103858e+02 8.896397336452488958e+01 1.041054878616409951e+02
1.663960606795745889e+02 8.894681757348796225e+01 1.041049562611733847e+02
1.664200943132388204e+02 8.892966178245102071e+01 1.041044246607057602e+02
1.664441279469030235e+02 8.891250599141409339e+01 1.041038930602381356e+02
1.664681615805672550e+02 8.889535020037715185e+01 1.041033614597705110e+02
1.664921952142314581e+02 8.887819440934021031e+01 1.041028298593029007e+02
1.665162288478956896e+02 8.886103861830328299e+01 1.041022982588352761e+02
1.665402624815598926e+02 8.884388282726634145e+01 1.041017666583676515e+02
1.665642961152241242e+02 8.882672703622939991e+01 1.041012350579000412e+02
1.665883297488883272e+02 8.880957124519247259e+01 1.041007034574324166e+02
1.666123633825525587e+02 8.879241545415553105e+01 1.041001718569647920e+02
1.666363970162167618e+02 8.877525966311860373e+01 1.040996402564971675e+02
1.666604306498809933e+02 8.875810387208166219e+01 1.040991086560295571e+02
1.666844642835451964e+02 8.874094808104472065e+01 1.040985770555619325e+02
1.667084979172094279e+02 8.872379229000779333e+01 1.040980454550943080e+02
1.667325315508736310e+02 8.870663649897085179e+01 1.040975138546266976e+02
1.667565651845378625e+02 8.868948070793392446e+01 1.040969822541590730e+02
1.667805988182020656e+02 8.867232491689698293e+01 1.040964506536914485e+02
1.668046324518662971e+02 8.865516912586004139e+01 1.040959190532238381e+02
1.668286660855305001e+02 8.863801333482311406e+01 1.040953874527562135e+02
1.668526997191947316e+02 8.862085754378617253e+01 1.040948558522885889e+02
1.668767333528589347e+02 8.860370175274924520e+01 1.040943242518209644e+02
1.669007669865231662e+02 8.858654596171230367e+01 1.040937926513533540e+02
1.669248006201873693e+02 8.856939017067536213e+01 1.040932610508857294e+02
1.669488342538516008e+02 8.855223437963843480e+01 1.040927294504181049e+02
1.669728678875158039e+02 8.853507858860149327e+01 1.040921978499504945e+02
1.669969015211800354e+02 8.851792279756455173e+01 1.040916662494828699e+02
1.670209351548442385e+02 8.850076700652762440e+01 1.040911346490152454e+02
1.670449687885084700e+02 8.848361121549068287e+01 1.040906030485476208e+02
1.670690024221726731e+02 8.846645542445375554e+01 1.040900714480800104e+02
1.670930360558369046e+02 8.844929963341681400e+01 1.040895398476123859e+02
1.670930360558369046e+02 8.844929963341681400e+01 1.040895398476123859e+02
1.671267927495817958e+02 8.846153947928560513e+01 1.040802686441684699e+02
1.671605494433267154e+02 8.847377932515439625e+01 1.040709974407245397e+02
1.671943061370716066e+02 8.848601917102320158e+01 1.040617262372806238e+02
1.672280628308164978e+02 8.849825901689199270e+01 1.040524550338366936e+02
1.672618195245614174e+02 8.851049886276078382e+01 1.040431838303927776e+02
1.672955762183063086e+02 8.852273870862957494e+01 1.040339126269488617e+02
1.673293329120511999e+02 8.853497855449836607e+01 1.040246414235049315e+02
1.673630896057960911e+02 8.854721840036715719e+01 1.040153702200610155e+02
1.673968462995410107e+02 8.855945824623596252e+01 1.040060990166170853e+02
1.674306029932859019e+02 8.857169809210475364e+01 1.039968278131731694e+02
1.674643596870307931e+02 8.858393793797354476e+01 1.039875566097292392e+02
1.674981163807757127e+02 8.859617778384233588e+01 1.039782854062853232e+02
1.675318730745206040e+02 8.860841762971112701e+01 1.039690142028414073e+02
1.675656297682654952e+02 8.862065747557991813e+01 1.039597429993974771e+02
1.675993864620104148e+02 8.863289732144872346e+01 1.039504717959535611e+02
1.676331431557553060e+02 8.864513716731751458e+01 1.039412005925096310e+02
1.676668998495001972e+02 8.865737701318630570e+01 1.039319293890657150e+02
1.677006565432451168e+02 8.866961685905509682e+01 1.039226581856217990e+02
1.677344132369900080e+02 8.868185670492388795e+01 1.039133869821778688e+02
1.677681699307348993e+02 8.869409655079267907e+01 1.039041157787339529e+02
1.678019266244798189e+02 8.870633639666148440e+01 1.038948445752900227e+02
1.678356833182247101e+02 8.871857624253027552e+01 1.038855733718461067e+02
1.678694400119696013e+02 8.873081608839906664e+01 1.038763021684021766e+02
1.679031967057144925e+02 8.874305593426785777e+01 1.038670309649582606e+02
1.679369533994594121e+02 8.875529578013664889e+01 1.038577597615143446e+02
1.679707100932043033e+02 8.876753562600544001e+01 1.038484885580704145e+02
1.680044667869491946e+02 8.877977547187424534e+01 1.038392173546264985e+02
1.680382234806941142e+02 8.879201531774303646e+01 1.038299461511825683e+02
1.680719801744390054e+02 8.880425516361182758e+01 1.038206749477386523e+02
1.680719801744390054e+02 8.880425516361182758e+01 1.038206749477386523e+02
1.680855084842801830e+02 8.882431875178484404e+01 1.038339869926081036e+02
1.680990367941213322e+02 8.884438233995786049e+01 1.038472990374775549e+02
1.681125651039625097e+02 8.886444592813087695e+01 1.038606110823470061e+02
1.681260934138036873e+02 8.888450951630389341e+01 1.038739231272164574e+02
1.681396217236448649e+02 8.890457310447690986e+01 1.038872351720859086e+02
1.681531500334860141e+02 8.892463669264992632e+01 1.039005472169553599e+02
1.681666783433271917e+02 8.894470028082294277e+01 1.039138592618248111e+02
1.681802066531683693e+02 8.896476386899595923e+01 1.039271713066942624e+02
1.681937349630095468e+02 8.898482745716898989e+01 1.039404833515637137e+02
1.682072632728506960e+02 8.900489104534200635e+01 1.039537953964331649e+02
1.682207915826918736e+02 8.902495463351502281e+01 1.039671074413026162e+02
1.682343198925330512e+02 8.904501822168803926e+01 1.039804194861720674e+02
1.682478482023742288e+02 8.906508180986105572e+01 1.039937315310415187e+02
1.682613765122153779e+02 8.908514539803407217e+01 1.040070435759109699e+02
1.682749048220565555e+02 8.910520898620708863e+01 1.040203556207804212e+02
1.682884331318977331e+02 8.912527257438010508e+01 1.040336676656498724e+02
1.683019614417389107e+02 8.914533616255312154e+01 1.040469797105193095e+02
1.683154897515800599e+02 8.916539975072613800e+01 1.040602917553887607e+02
1.683290180614212375e+02 8.918546333889915445e+01 1.040736038002582120e+02
1.683425463712624151e+02 8.920552692707217091e+01 1.040869158451276633e+02
1.683560746811035642e+02 8.922559051524518736e+01 1.041002278899971145e+02
1.683696029909447418e+02 8.924565410341820382e+01 1.041135399348665658e+02
1.683831313007859194e+02 8.926571769159122027e+01 1.041268519797360170e+02
1.683966596106270970e+02 8.928578127976423673e+01 1.041401640246054683e+02
1.684101879204682461e+02 8.930584486793725318e+01 1.041534760694749195e+02
1.684237162303094237e+02 8.932590845611028385e+01 1.041667881143443708e+02
1.684372445401506013e+02 8.934597204428330031e+01 1.041801001592138221e+02
1.684507728499917789e+02 8.936603563245631676e+01 1.041934122040832733e+02
1.684643011598329281e+02 8.938609922062933322e+01 1.042067242489527246e+02
1.684778294696741057e+02 8.940616280880234967e+01 1.042200362938221758e+02
1.684913577795152833e+02 8.942622639697536613e+01 1.042333483386916271e+02
1.685048860893564608e+02 8.944628998514838258e+01 1.042466603835610783e+02
1.685184143991976100e+02 8.946635357332139904e+01 1.042599724284305296e+02
1.685319427090387876e+02 8.948641716149441550e+01 1.042732844732999808e+02
1.685319427090387876e+02 8.948641716149441550e+01 1.042732844732999808e+02
1.685475446187375042e+02 8.950353658944460733e+01 1.042641749908566453e+02
1.685631465284361923e+02 8.952065601739478495e+01 1.042550655084133098e+02
1.685787484381349088e+02 8.953777544534497679e+01 1.042459560259699884e+02
1.685943503478336254e+02 8.955489487329515441e+01 1.042368465435266529e+02
1.686099522575323135e+02 8.957201430124534625e+01 1.042277370610833174e+02
1.686255541672310301e+02 8.958913372919553808e+01 1.042186275786399818e+02
1.686411560769297466e+02 8.960625315714571570e+01 1.042095180961966463e+02
1.686567579866284348e+02 8.962337258509590754e+01 1.042004086137533250e+02
1.686723598963271513e+02 8.964049201304608516e+01 1.041912991313099894e+02
1.686879618060258679e+02 8.965761144099627700e+01 1.041821896488666539e+02
1.687035637157245560e+02 8.967473086894646883e+01 1.041730801664233184e+02
1.687191656254232726e+02 8.969185029689664646e+01 1.041639706839799828e+02
1.687347675351219891e+02 8.970896972484683829e+01 1.041548612015366615e+02
1.687503694448206772e+02 8.972608915279701591e+01 1.041457517190933260e+02
1.687659713545193938e+02 8.974320858074720775e+01 1.041366422366499904e+02
1.687815732642181104e+02 8.976032800869739958e+01 1.041275327542066549e+02
1.687971751739167985e+02 8.977744743664757721e+01 1.041184232717633193e+02
1.688127770836155150e+02 8.979456686459776904e+01 1.041093137893199980e+02
1.688283789933142316e+02 8.981168629254794666e+01 1.041002043068766625e+02
1.688439809030129197e+02 8.982880572049813850e+01 1.040910948244333269e+02
1.688595828127116363e+02 8.984592514844833033e+01 1.040819853419899914e+02
1.688751847224103528e+02 8.986304457639850796e+01 1.040728758595466559e+02
1.688907866321090410e+02 8.988016400434869979e+01 1.040637663771033345e+02
1.689063885418077575e+02 8.989728343229887741e+01 1.040546568946599990e+02
1.689219904515064741e+02 8.991440286024906925e+01 1.040455474122166635e+02
1.689375923612051622e+02 8.993152228819926108e+01 1.040364379297733279e+02
1.689531942709038788e+02 8.994864171614943871e+01 1.040273284473299924e+02
1.689687961806025953e+02 8.996576114409963054e+01 1.040182189648866711e+02
1.689843980903012834e+02 8.998288057204980817e+01 1.040091094824433355e+02
1.690000000000000000e+02 9.000000000000000000e+01 1.040000000000000000e+02
1.690000000000000000e+02 9.000000000000000000e+01 1.040000000000000000e+02
1.690000000000000000e+02 9.000000000000000000e+01 1.040000000000000000e+02
1.690000000000000000e+02 9.000000000000000000e+01 1.040000000000000000e+02
1.690000000000000000e+02 9.000000000000000000e+01 1.040000000000000000e+02
1.690000000000000000e+02 9.000000000000000000e+01 1.040000000000000000e+02
1.690000000000000000e+02 9.000000000000000000e+01 1.040000000000000000e+02
1.690000000000000000e+02 9.000000000000000000e+01 1.040000000000000000e+02
1.690000000000000000e+02 9.000000000000000000e+01 1.040000000000000000e+02
1.690000000000000000e+02 9.000000000000000000e+01 1.040000000000000000e+02
1.690000000000000000e+02 9.000000000000000000e+01 1.040000000000000000e+02
1.690000000000000000e+02 9.000000000000000000e+01 1.040000000000000000e+02
1.690000000000000000e+02 9.000000000000000000e+01 1.040000000000000000e+02
1.690000000000000000e+02 9.000000000000000000e+01 1.040000000000000000e+02
1.690000000000000000e+02 9.000000000000000000e+01 1.040000000000000000e+02
1.690000000000000000e+02 9.000000000000000000e+01 1.040000000000000000e+02
1.690000000000000000e+02 9.000000000000000000e+01 1.040000000000000000e+02
1.690000000000000000e+02 9.000000000000000000e+01 1.040000000000000000e+02
1.690000000000000000e+02 9.000000000000000000e+01 1.040000000000000000e+02
1.690000000000000000e+02 9.000000000000000000e+01 1.040000000000000000e+02
1.690000000000000000e+02 9.000000000000000000e+01 1.040000000000000000e+02
1.690000000000000000e+02 9.000000000000000000e+01 1.040000000000000000e+02
1.690000000000000000e+02 9.000000000000000000e+01 1.040000000000000000e+02
1.690000000000000000e+02 9.000000000000000000e+01 1.040000000000000000e+02
1.690000000000000000e+02 9.000000000000000000e+01 1.040000000000000000e+02
1.690000000000000000e+02 9.000000000000000000e+01 1.040000000000000000e+02
1.690230501696195233e+02 9.002239126981388040e+01 1.039953900694691669e+02
1.690461003392390751e+02 9.004478253962776080e+01 1.039907801389383195e+02
1.690691505088585984e+02 9.006717380944164120e+01 1.039861702084074864e+02
1.690922006784781217e+02 9.008956507925552160e+01 1.039815602778766532e+02
1.691152508480976735e+02 9.011195634906940199e+01 1.039769503473458059e+02
1.691383010177171968e+02 9.013434761888326818e+01 1.039723404168149727e+02
1.691613511873367202e+02 9.015673888869714858e+01 1.039677304862841396e+02
1.691844013569562435e+02 9.017913015851102898e+01 1.039631205557532923e+02
1.692074515265757952e+02 9.020152142832490938e+01 1.039585106252224591e+02
1.692305016961953186e+02 9.022391269813878978e+01 1.039539006946916260e+02
1.692535518658148419e+02 9.024630396795267018e+01 1.039492907641607786e+02
1.692766020354343937e+02 9.026869523776655058e+01 1.039446808336299455e+02
1.692996522050539170e+02 9.029108650758043098e+01 1.039400709030990981e+02
1.693227023746734403e+02 9.031347777739431137e+01 1.039354609725682650e+02
1.693457525442929921e+02 9.033586904720819177e+01 1.039308510420374319e+02
1.693688027139125154e+02 9.035826031702207217e+01 1.039262411115065845e+02
1.693918528835320387e+02 9.038065158683595257e+01 1.039216311809757514e+02
1.694149030531515621e+02 9.040304285664981876e+01 1.039170212504449182e+02
1.694379532227711138e+02 9.042543412646369916e+01 1.039124113199140709e+02
1.694610033923906371e+02 9.044782539627757956e+01 1.039078013893832377e+02
1.694840535620101605e+02 9.047021666609145996e+01 1.039031914588524046e+02
1.695071037316297122e+02 9.049260793590534036e+01 1.038985815283215572e+02
1.695301539012492356e+02 9.051499920571922075e+01 1.038939715977907241e+02
1.695301539012492356e+02 9.051499920571922075e+01 1.038939715977907241e+02
1.695561081158051593e+02 9.052722626766747283e+01 1.039065676263711140e+02
1.695820623303611114e+02 9.053945332961572490e+01 1.039191636549514897e+02
1.696080165449170352e+02 9.055168039156397697e+01 1.039317596835318795e+02
1.696339707594729873e+02 9.056390745351222904e+01 1.039443557121122694e+02
1.696599249740289110e+02 9.057613451546049532e+01 1.039569517406926451e+02
1.696858791885848632e+02 9.058836157740874739e+01 1.039695477692730350e+02
1.697118334031407869e+02 9.060058863935699947e+01 1.039821437978534249e+02
1.697377876176967391e+02 9.061281570130525154e+01 1.039947398264338005e+02
1.697637418322526628e+02 9.062504276325350361e+01 1.040073358550141904e+02
1.697896960468086149e+02 9.063726982520175568e+01 1.040199318835945803e+02
1.698156502613645387e+02 9.064949688715000775e+01 1.040325279121749560e+02
1.698416044759204908e+02 9.066172394909825982e+01 1.040451239407553459e+02
1.698675586904764145e+02 9.067395101104652611e+01 1.040577199693357358e+02
1.698935129050323667e+02 9.068617807299477818e+01 1.040703159979161114e+02
1.699194671195882904e+02 9.069840513494303025e+01 1.040829120264965013e+02
1.699454213341442426e+02 9.071063219689128232e+01 1.040955080550768912e+02
1.699713755487001663e+02 9.072285925883953439e+01 1.041081040836572811e+02
1.699973297632560900e+02 9.073508632078778646e+01 1.041207001122376568e+02
1.700232839778120422e+02 9.074731338273603853e+01 1.041332961408180466e+02
1.700492381923679659e+02 9.075954044468429061e+01 1.041458921693984365e+02
1.700751924069239180e+02 9.077176750663254268e+01 1.041584881979788122e+02
1.701011466214798418e+02 9.078399456858080896e+01 1.041710842265592021e+02
1.701271008360357939e+02 9.079622163052906103e+01 1.041836802551395920e+02
1.701530550505917176e+02 9.080844869247731310e+01 1.041962762837199676e+02
1.701790092651476698e+02 9.082067575442556517e+01 1.042088723123003575e+02
1.702049634797035935e+02 9.083290281637381725e+01 1.042214683408807474e+02
1.702309176942595457e+02 9.084512987832206932e+01 1.042340643694611231e+02
1.702568719088154694e+02 9.085735694027032139e+01 1.042466603980415130e+02
1.702828261233714215e+02 9.086958400221857346e+01 1.042592564266219028e+02
1.703087803379273453e+02 9.088181106416683974e+01 1.042718524552022785e+02
1.703347345524832974e+02 9.089403812611509181e+01 1.042844484837826684e+02
1.703606887670392211e+02 9.090626518806334389e+01 1.042970445123630583e+02
1.703866429815951733e+02 9.091849225001159596e+01 1.043096405409434340e+02
1.704125971961510970e+02 9.093071931195984803e+01 1.043222365695238238e+02
1.704125971961510970e+02 9.093071931195984803e+01 1.043222365695238238e+02
1.704427850104002857e+02 9.093860240763656577e+01 1.043253089702934915e+02
1.704729728246495029e+02 9.094648550331329773e+01 1.043283813710631733e+02
1.705031606388986916e+02 9.095436859899001547e+01 1.043314537718328410e+02
1.705333484531479087e+02 9.096225169466674743e+01 1.043345261726025086e+02
1.705635362673970974e+02 9.097013479034346517e+01 1.043375985733721762e+02
1.705937240816462861e+02 9.097801788602019712e+01 1.043406709741418581e+02
1.706239118958955032e+02 9.098590098169691487e+01 1.043437433749115257e+02
1.706540997101446919e+02 9.099378407737364682e+01 1.043468157756811934e+02
1.706842875243939091e+02 9.100166717305036457e+01 1.043498881764508752e+02
1.707144753386430978e+02 9.100955026872709652e+01 1.043529605772205429e+02
1.707446631528922865e+02 9.101743336440381427e+01 1.043560329779902105e+02
1.707748509671415036e+02 9.102531646008054622e+01 1.043591053787598923e+02
1.708050387813906923e+02 9.103319955575726397e+01 1.043621777795295600e+02
1.708352265956399094e+02 9.104108265143398171e+01 1.043652501802992276e+02
1.708654144098890981e+02 9.104896574711071366e+01 1.043683225810688953e+02
1.708956022241382868e+02 9.105684884278743141e+01 1.043713949818385771e+02
1.709257900383875040e+02 9.106473193846416336e+01 1.043744673826082447e+02
1.709559778526366927e+02 9.107261503414088111e+01 1.043775397833779124e+02
1.709861656668859098e+02 9.108049812981761306e+01 1.043806121841475942e+02
1.710163534811350985e+02 9.108838122549433081e+01 1.043836845849172619e+02
1.710465412953843156e+02 9.109626432117106276e+01 1.043867569856869295e+02
1.710767291096335043e+02 9.110414741684778051e+01 1.043898293864566114e+02
1.711069169238826930e+02 9.111203051252451246e+01 1.043929017872262790e+02
1.711371047381319102e+02 9.111991360820123020e+01 1.043959741879959466e+02
1.711672925523810989e+02 9.112779670387794795e+01 1.043990465887656143e+02
1.711974803666303160e+02 9.113567979955467990e+01 1.044021189895352961e+02
1.712276681808795047e+02 9.114356289523139765e+01 1.044051913903049638e+02
1.712578559951286934e+02 9.115144599090812960e+01 1.044082637910746314e+02
1.712880438093779105e+02 9.115932908658484735e+01 1.044113361918443132e+02
1.713182316236270992e+02 9.116721218226157930e+01 1.044144085926139809e+02
1.713484194378763164e+02 9.117509527793829704e+01 1.044174809933836485e+02
1.713786072521255051e+02 9.118297837361502900e+01 1.044205533941533304e+02
1.714087950663746938e+02 9.119086146929174674e+01 1.044236257949229980e+02
1.714389828806239109e+02 9.119874456496847870e+01 1.044266981956926656e+02
1.714691706948730996e+02 9.120662766064519644e+01 1.044297705964623333e+02
1.714993585091223167e+02 9.121451075632192840e+01 1.044328429972320151e+02
1.715295463233715054e+02 9.122239385199864614e+01 1.044359153980016828e+02
1.715295463233715054e+02 9.122239385199864614e+01 1.044359153980016828e+02
1.715582081730329662e+02 9.123146508368586183e+01 1.044459988845203782e+02
1.715868700226943986e+02 9.124053631537306330e+01 1.044560823710390594e+02
1.716155318723558594e+02 9.124960754706026478e+01 1.044661658575577547e+02
1.716441937220172917e+02 9.125867877874748046e+01 1.044762493440764359e+02
1.716728555716787525e+02 9.126775001043469615e+01 1.044863328305951313e+02
1.717015174213402133e+02 9.127682124212189763e+01 1.044964163171138267e+02
1.717301792710016457e+02 9.128589247380909910e+01 1.045064998036325079e+02
1.717588411206631065e+02 9.129496370549631479e+01 1.045165832901512033e+02
1.717875029703245389e+02 9.130403493718353047e+01 1.045266667766698845e+02
1.718161648199859997e+02 9.131310616887073195e+01 1.045367502631885799e+02
1.718448266696474604e+02 9.132217740055793342e+01 1.045468337497072753e+02
1.718734885193088928e+02 9.133124863224514911e+01 1.045569172362259565e+02
1.719021503689703536e+02 9.134031986393236480e+01 1.045670007227446519e+02
1.719308122186317860e+02 9.134939109561956627e+01 1.045770842092633472e+02
1.719594740682932468e+02 9.135846232730676775e+01 1.045871676957820284e+02
1.719881359179547076e+02 9.136753355899398343e+01 1.045972511823007238e+02
1.720167977676161399e+02 9.137660479068119912e+01 1.046073346688194050e+02
1.720454596172776007e+02 9.138567602236840060e+01 1.046174181553381004e+02
1.720741214669390615e+02 9.139474725405560207e+01 1.046275016418567958e+02
1.721027833166004939e+02 9.140381848574281776e+01 1.046375851283754770e+02
1.721314451662619547e+02 9.141288971743003344e+01 1.046476686148941724e+02
1.721601070159233871e+02 9.142196094911723492e+01 1.046577521014128536e+02
1.721887688655848478e+02 9.143103218080443639e+01 1.046678355879315490e+02
1.722174307152463086e+02 9.144010341249165208e+01 1.046779190744502444e+02
1.722460925649077410e+02 9.144917464417886777e+01 1.046880025609689255e+02
1.722747544145692018e+02 9.145824587586606924e+01 1.046980860474876209e+02
1.723034162642306342e+02 9.146731710755327072e+01 1.047081695340063021e+02
1.723320781138920950e+02 9.147638833924048640e+01 1.047182530205249975e+02
1.723320781138920950e+02 9.147638833924048640e+01 1.047182530205249975e+02
1.723544005441953573e+02 9.149595924289064897e+01 1.047067244804586892e+02
1.723767229744986480e+02 9.151553014654079732e+01 1.046951959403923809e+02
1.723990454048019103e+02 9.153510105019094567e+01 1.046836674003260725e+02
1.724213678351051726e+02 9.155467195384110823e+01 1.046721388602597500e+02
1.724436902654084633e+02 9.157424285749127080e+01 1.046606103201934417e+02
1.724660126957117257e+02 9.159381376114141915e+01 1.046490817801271334e+02
1.724883351260149880e+02 9.161338466479156750e+01 1.046375532400608250e+02
1.725106575563182787e+02 9.163295556844173007e+01 1.046260246999945167e+02
1.725329799866215410e+02 9.165252647209189263e+01 1.046144961599282084e+02
1.725553024169248033e+02 9.167209737574204098e+01 1.046029676198619001e+02
1.725776248472280940e+02 9.169166827939218933e+01 1.045914390797955775e+02
1.725999472775313563e+02 9.171123918304235190e+01 1.045799105397292692e+02
1.726222697078346187e+02 9.173081008669251446e+01 1.045683819996629609e+02
1.726445921381379094e+02 9.175038099034266281e+01 1.045568534595966526e+02
1.726669145684411717e+02 9.176995189399281116e+01 1.045453249195303442e+02
1.726892369987444340e+02 9.178952279764297373e+01 1.045337963794640359e+02
1.727115594290476963e+02 9.180909370129313629e+01 1.045222678393977276e+02
1.727338818593509870e+02 9.182866460494328464e+01 1.045107392993314050e+02
1.727562042896542494e+02 9.184823550859343300e+01 1.044992107592650967e+02
1.727785267199575117e+02 9.186780641224359556e+01 1.044876822191987884e+02
1.728008491502608024e+02 9.188737731589375812e+01 1.044761536791324801e+02
1.728231715805640647e+02 9.190694821954390648e+01 1.044646251390661718e+02
1.728454940108673270e+02 9.192651912319405483e+01 1.044530965989998634e+02
1.728678164411706177e+02 9.194609002684421739e+01 1.044415680589335551e+02
1.728901388714738800e+02 9.196566093049437995e+01 1.044300395188672326e+02
1.729124613017771424e+02 9.198523183414452831e+01 1.044185109788009242e+02
1.729347837320804331e+02 9.200480273779467666e+01 1.044069824387346159e+02
1.729571061623836954e+02 9.202437364144483922e+01 1.043954538986683076e+02
1.729571061623836954e+02 9.202437364144483922e+01 1.043954538986683076e+02
1.729811100858453869e+02 9.203603768696734733e+01 1.043787739816021229e+02
1.730051140093070785e+02 9.204770173248984122e+01 1.043620940645359383e+02
1.730291179327687416e+02 9.205936577801234932e+01 1.043454141474697536e+02
1.730531218562304332e+02 9.207102982353484322e+01 1.043287342304035690e+02
1.730771257796921248e+02 9.208269386905735132e+01 1.043120543133373843e+02
1.731011297031538163e+02 9.209435791457984521e+01 1.042953743962711997e+02
1.731251336266154794e+02 9.210602196010235332e+01 1.042786944792050008e+02
1.731491375500771710e+02 9.211768600562484721e+01 1.042620145621388161e+02
1.731731414735388626e+02 9.212935005114735532e+01 1.042453346450726315e+02
1.731971453970005541e+02 9.214101409666984921e+01 1.042286547280064468e+02
1.732211493204622457e+02 9.215267814219235731e+01 1.042119748109402622e+02
1.732451532439239088e+02 9.216434218771485121e+01 1.041952948938740775e+02
1.732691571673856004e+02 9.217600623323735931e+01 1.041786149768078928e+02
1.732931610908472919e+02 9.218767027875985320e+01 1.041619350597417082e+02
1.733171650143089835e+02 9.219933432428236131e+01 1.041452551426755235e+02
1.733411689377706466e+02 9.221099836980485520e+01 1.041285752256093389e+02
1.733651728612323382e+02 9.222266241532736331e+01 1.041118953085431542e+02
1.733891767846940297e+02 9.223432646084985720e+01 1.040952153914769696e+02
1.734131807081557213e+02 9.224599050637236530e+01 1.040785354744107849e+02
1.734371846316174128e+02 9.225765455189485920e+01 1.040618555573446002e+02
1.734611885550790760e+02 9.226931859741736730e+01 1.040451756402784014e+02
1.734851924785407675e+02 9.228098264293986119e+01 1.040284957232122167e+02
1.735091964020024591e+02 9.229264668846236930e+01 1.040118158061460321e+02
1.735332003254641506e+02 9.230431073398486319e+01 1.039951358890798474e+02
1.735572042489258138e+02 9.231597477950737130e+01 1.039784559720136627e+02
1.735812081723875053e+02 9.232763882502986519e+01 1.039617760549474781e+02
1.736052120958491969e+02 9.233930287055237329e+01 1.039450961378812934e+02
1.736052120958491969e+02 9.233930287055237329e+01 1.039450961378812934e+02
1.736297272307801620e+02 9.235121532520926735e+01 1.039280609886829865e+02
1.736542423657110987e+02 9.236312777986616140e+01 1.039110258394846653e+02
1.736787575006420639e+02 9.237504023452305546e+01 1.038939906902863584e+02
1.737032726355730006e+02 9.238695268917994952e+01 1.038769555410880514e+02
1.737277877705039657e+02 9.239886514383685778e+01 1.038599203918897302e+02
1.737523029054349308e+02 9.241077759849375184e+01 1.038428852426914233e+02
1.737768180403658675e+02 9.242269005315064589e+01 1.038258500934931163e+02
1.738013331752968327e+02 9.243460250780753995e+01 1.038088149442947952e+02
1.738258483102277978e+02 9.244651496246443401e+01 1.037917797950964882e+02
1.738503634451587345e+02 9.245842741712132806e+01 1.037747446458981813e+02
1.738748785800896997e+02 9.247033987177822212e+01 1.037577094966998601e+02
1.738993937150206364e+02 9.248225232643511617e+01 1.037406743475015531e+02
1.739239088499516015e+02 9.249416478109202444e+01 1.037236391983032320e+02
1.739484239848825666e+02 9.250607723574891850e+01 1.037066040491049250e+02
1.739729391198135033e+02 9.251798969040581255e+01 1.036895688999066181e+02
1.739974542547444685e+02 9.252990214506270661e+01 1.036725337507082969e+02
1.740219693896754052e+02 9.254181459971960066e+01 1.036554986015099900e+02
1.740464845246063703e+02 9.255372705437649472e+01 1.036384634523116830e+02
1.740709996595373354e+02 9.256563950903338878e+01 1.036214283031133618e+02
1.740955147944682722e+02 9.257755196369028283e+01 1.036043931539150549e+02
1.741200299293992373e+02 9.258946441834717689e+01 1.035873580047167479e+02
1.741445450643302024e+02 9.260137687300408516e+01 1.035703228555184268e+02
1.741690601992611391e+02 9.261328932766097921e+01 1.035532877063201198e+02
1.741935753341921043e+02 9.262520178231787327e+01 1.035362525571218129e+02
1.742180904691230410e+02 9.263711423697476732e+01 1.035192174079234917e+02
1.742426056040540061e+02 9.264902669163166138e+01 1.035021822587251847e+02
1.742426056040540061e+02 9.264902669163166138e+01 1.035021822587251847e+02
1.742731448065751181e+02 9.265700154709411152e+01 1.035052904224549764e+02
1.743036840090962301e+02 9.266497640255656165e+01 1.035083985861847680e+02
1.743342232116173420e+02 9.267295125801902600e+01 1.035115067499145596e+02
1.743647624141384540e+02 9.268092611348147614e+01 1.035146149136443512e+02
1.743953016166595660e+02 9.268890096894392627e+01 1.035177230773741428e+02
1.744258408191806780e+02 9.269687582440637641e+01 1.035208312411039344e+02
1.744563800217017899e+02 9.270485067986884076e+01 1.035239394048337260e+02
1.744869192242228735e+02 9.271282553533129089e+01 1.035270475685635034e+02
1.745174584267439855e+02 9.272080039079374103e+01 1.035301557322932950e+02
1.745479976292650974e+02 9.272877524625619117e+01 1.035332638960230867e+02
1.745785368317862094e+02 9.273675010171864130e+01 1.035363720597528783e+02
1.746090760343073214e+02 9.274472495718110565e+01 1.035394802234826699e+02
1.746396152368284334e+02 9.275269981264355579e+01 1.035425883872124615e+02
1.746701544393495453e+02 9.276067466810600592e+01 1.035456965509422531e+02
1.747006936418706573e+02 9.276864952356845606e+01 1.035488047146720447e+02
1.747312328443917693e+02 9.277662437903092041e+01 1.035519128784018363e+02
1.747617720469128813e+02 9.278459923449337055e+01 1.035550210421316280e+02
1.747923112494339932e+02 9.279257408995582068e+01 1.035581292058614196e+02
1.748228504519551052e+02 9.280054894541827082e+01 1.035612373695912112e+02
1.748533896544762172e+02 9.280852380088073517e+01 1.035643455333210028e+02
1.748839288569973291e+02 9.281649865634318530e+01 1.035674536970507944e+02
1.749144680595184411e+02 9.282447351180563544e+01 1.035705618607805860e+02
1.749450072620395531e+02 9.283244836726808558e+01 1.035736700245103776e+02
1.749755464645606367e+02 9.284042322273053571e+01 1.035767781882401550e+02
1.750060856670817486e+02 9.284839807819300006e+01 1.035798863519699466e+02
1.750366248696028606e+02 9.285637293365545020e+01 1.035829945156997383e+02
1.750671640721239726e+02 9.286434778911790033e+01 1.035861026794295299e+02
1.750977032746450845e+02 9.287232264458035047e+01 1.035892108431593215e+02
1.751282424771661965e+02 9.288029750004281482e+01 1.035923190068891131e+02
1.751587816796873085e+02 9.288827235550526495e+01 1.035954271706189047e+02
1.751893208822084205e+02 9.289624721096771509e+01 1.035985353343486963e+02
1.751893208822084205e+02 9.289624721096771509e+01 1.035985353343486963e+02
1.752201196145015842e+02 9.290428983874409141e+01 1.036016699120303173e+02
1.752509183467947764e+02 9.291233246652048194e+01 1.036048044897119382e+02
1.752817170790879402e+02 9.292037509429685826e+01 1.036079390673935592e+02
1.753125158113811040e+02 9.292841772207324880e+01 1.036110736450751801e+02
1.753433145436742677e+02 9.293646034984962512e+01 1.036142082227568011e+02
1.753741132759674599e+02 9.294450297762600144e+01 1.036173428004384220e+02
1.754049120082606237e+02 9.295254560540239197e+01 1.036204773781200430e+02
1.754357107405537874e+02 9.296058823317876829e+01 1.036236119558016640e+02
1.754665094728469796e+02 9.296863086095515882e+01 1.036267465334832849e+02
1.754973082051401434e+02 9.297667348873153514e+01 1.036298811111649059e+02
1.755281069374333072e+02 9.298471611650792568e+01 1.036330156888465268e+02
1.755589056697264709e+02 9.299275874428430200e+01 1.036361502665281478e+02
1.755897044020196631e+02 9.300080137206067832e+01 1.036392848442097687e+02
1.756205031343128269e+02 9.300884399983706885e+01 1.036424194218913897e+02
1.756513018666059907e+02 9.301688662761344517e+01 1.036455539995730106e+02
1.756821005988991828e+02 9.302492925538983570e+01 1.036486885772546316e+02
1.757128993311923466e+02 9.303297188316621202e+01 1.036518231549362525e+02
1.757436980634855104e+02 9.304101451094260256e+01 1.036549577326178735e+02
1.757744967957787026e+02 9.304905713871897888e+01 1.036580923102994944e+02
1.758052955280718663e+02 9.305709976649535520e+01 1.036612268879811154e+02
1.758360942603650301e+02 9.306514239427174573e+01 1.036643614656627364e+02
1.758668929926581939e+02 9.307318502204812205e+01 1.036674960433443573e+02
1.758976917249513860e+02 9.308122764982451258e+01 1.036706306210259783e+02
1.759284904572445498e+02 9.308927027760088890e+01 1.036737651987075992e+02
1.759284904572445498e+02 9.308927027760088890e+01 1.036737651987075992e+02
1.759482107702313556e+02 9.311188031295826306e+01 1.036650824501812593e+02
1.759679310832181613e+02 9.313449034831565143e+01 1.036563997016549337e+02
1.759876513962049387e+02 9.315710038367302559e+01 1.036477169531285938e+02
1.760073717091917445e+02 9.317971041903039975e+01 1.036390342046022681e+02
1.760270920221785502e+02 9.320232045438777391e+01 1.036303514560759282e+02
1.760468123351653560e+02 9.322493048974516228e+01 1.036216687075495884e+02
1.760665326481521333e+02 9.324754052510253644e+01 1.036129859590232627e+02
1.760862529611389391e+02 9.327015056045991059e+01 1.036043032104969228e+02
1.761059732741257449e+02 9.329276059581729896e+01 1.035956204619705829e+02
1.761256935871125506e+02 9.331537063117467312e+01 1.035869377134442573e+02
1.761454139000993564e+02 9.333798066653204728e+01 1.035782549649179174e+02
1.761651342130861337e+02 9.336059070188942144e+01 1.035695722163915775e+02
1.761848545260729395e+02 9.338320073724680981e+01 1.035608894678652518e+02
1.762045748390597453e+02 9.340581077260418397e+01 1.035522067193389120e+02
1.762242951520465510e+02 9.342842080796155813e+01 1.035435239708125863e+02
1.762440154650333284e+02 9.345103084331893228e+01 1.035348412222862464e+02
1.762637357780201341e+02 9.347364087867632065e+01 1.035261584737599065e+02
1.762834560910069399e+02 9.349625091403369481e+01 1.035174757252335809e+02
1.763031764039937457e+02 9.351886094939106897e+01 1.035087929767072410e+02
1.763228967169805514e+02 9.354147098474845734e+01 1.035001102281809153e+02
1.763426170299673288e+02 9.356408102010583150e+01 1.034914274796545754e+02
1.763623373429541346e+02 9.358669105546320566e+01 1.034827447311282356e+02
1.763820576559409403e+02 9.360930109082057982e+01 1.034740619826019099e+02
1.764017779689277461e+02 9.363191112617796819e+01 1.034653792340755700e+02
1.764214982819145519e+02 9.365452116153534234e+01 1.034566964855492301e+02
1.764412185949013292e+02 9.367713119689271650e+01 1.034480137370229045e+02
1.764609389078881350e+02 9.369974123225010487e+01 1.034393309884965646e+02
1.764806592208749407e+02 9.372235126760747903e+01 1.034306482399702247e+02
1.765003795338617465e+02 9.374496130296485319e+01 1.034219654914438991e+02
1.765200998468485238e+02 9.376757133832222735e+01 1.034132827429175592e+02
1.765398201598353296e+02 9.379018137367961572e+01 1.034045999943912335e+02
1.765595404728221354e+02 9.381279140903698988e+01 1.033959172458648936e+02
1.765595404728221354e+02 9.381279140903698988e+01 1.033959172458648936e+02
1.765810650015668557e+02 9.382430965249692179e+01 1.034153097181479382e+02
1.766025895303115760e+02 9.383582789595685369e+01 1.034347021904309827e+02
1.766241140590562679e+02 9.384734613941677139e+01 1.034540946627140272e+02
1.766456385878009883e+02 9.385886438287670330e+01 1.034734871349970717e+02
1.766671631165457086e+02 9.387038262633663521e+01 1.034928796072801163e+02
1.766886876452904289e+02 9.388190086979656712e+01 1.035122720795631608e+02
1.767102121740351492e+02 9.389341911325648482e+01 1.035316645518462053e+02
1.767317367027798412e+02 9.390493735671641673e+01 1.035510570241292641e+02
1.767532612315245615e+02 9.391645560017634864e+01 1.035704494964123086e+02
1.767747857602692818e+02 9.392797384363628055e+01 1.035898419686953531e+02
1.767963102890140021e+02 9.393949208709619825e+01 1.036092344409783976e+02
1.768178348177587225e+02 9.395101033055613016e+01 1.036286269132614422e+02
1.768393593465034144e+02 9.396252857401606207e+01 1.036480193855444867e+02
1.768608838752481347e+02 9.397404681747599398e+01 1.036674118578275312e+02
1.768824084039928550e+02 9.398556506093592589e+01 1.036868043301105757e+02
1.769039329327375754e+02 9.399708330439584358e+01 1.037061968023936203e+02
1.769254574614822957e+02 9.400860154785577549e+01 1.037255892746766648e+02
1.769469819902269876e+02 9.402011979131570740e+01 1.037449817469597093e+02
1.769685065189717079e+02 9.403163803477563931e+01 1.037643742192427538e+02
1.769900310477164282e+02 9.404315627823555701e+01 1.037837666915257984e+02
1.770115555764611486e+02 9.405467452169548892e+01 1.038031591638088429e+02
1.770330801052058689e+02 9.406619276515542083e+01 1.038225516360918874e+02
1.770546046339505608e+02 9.407771100861535274e+01 1.038419441083749462e+02
1.770761291626952811e+02 9.408922925207527044e+01 1.038613365806579907e+02
1.770976536914400015e+02 9.410074749553520235e+01 1.038807290529410352e+02
1.771191782201847218e+02 9.411226573899513426e+01 1.039001215252240797e+02
1.771407027489294421e+02 9.412378398245506617e+01 1.039195139975071243e+02
1.771622272776741340e+02 9.413530222591498386e+01 1.039389064697901688e+02
1.771837518064188544e+02 9.414682046937491577e+01 1.039582989420732133e+02
1.772052763351635747e+02 9.415833871283484768e+01 1.039776914143562578e+02
1.772052763351635747e+02 9.415833871283484768e+01 1.039776914143562578e+02
1.772233179140031041e+02 9.414829396620348234e+01 1.040008230400858906e+02
1.772413594928426335e+02 9.413824921957210279e+01 1.040239546658155376e+02
1.772594010716821629e+02 9.412820447294073745e+01 1.040470862915451704e+02
1.772774426505216923e+02 9.411815972630937210e+01 1.040702179172748174e+02
1.772954842293612217e+02 9.410811497967799255e+01 1.040933495430044502e+02
1.773135258082007510e+02 9.409807023304662721e+01 1.041164811687340830e+02
1.773315673870402520e+02 9.408802548641526187e+01 1.041396127944637300e+02
1.773496089658797814e+02 9.407798073978388231e+01 1.041627444201933628e+02
1.773676505447193108e+02 9.406793599315251697e+01 1.041858760459229956e+02
1.773856921235588402e+02 9.405789124652115163e+01 1.042090076716526426e+02
1.774037337023983696e+02 9.404784649988977208e+01 1.042321392973822753e+02
1.774217752812378990e+02 9.403780175325840673e+01 1.042552709231119223e+02
1.774398168600774284e+02 9.402775700662704139e+01 1.042784025488415551e+02
1.774578584389169578e+02 9.401771225999566184e+01 1.043015341745711879e+02
1.774759000177564872e+02 9.400766751336429650e+01 1.043246658003008349e+02
1.774939415965960166e+02 9.399762276673293115e+01 1.043477974260304677e+02
1.775119831754355459e+02 9.398757802010155160e+01 1.043709290517601005e+02
1.775300247542750753e+02 9.397753327347018626e+01 1.043940606774897475e+02
1.775480663331145763e+02 9.396748852683882092e+01 1.044171923032193803e+02
1.775661079119541057e+02 9.395744378020745557e+01 1.044403239289490273e+02
1.775841494907936351e+02 9.394739903357607602e+01 1.044634555546786601e+02
1.776021910696331645e+02 9.393735428694471068e+01 1.044865871804082929e+02
1.776202326484726939e+02 9.392730954031334534e+01 1.045097188061379399e+02
1.776382742273122233e+02 9.391726479368196578e+01 1.045328504318675726e+02
1.776563158061517527e+02 9.390722004705060044e+01 1.045559820575972054e+02
1.776743573849912821e+02 9.389717530041923510e+01 1.045791136833268524e+02
1.776923989638308115e+02 9.388713055378785555e+01 1.046022453090564852e+02
1.777104405426703408e+02 9.387708580715649020e+01 1.046253769347861322e+02
1.777284821215098702e+02 9.386704106052512486e+01 1.046485085605157650e+02
1.777465237003493996e+02 9.385699631389374531e+01 1.046716401862453978e+02
1.777645652791889006e+02 9.384695156726237997e+01 1.046947718119750448e+02
1.777826068580284300e+02 9.383690682063101463e+01 1.047179034377046776e+02
1.778006484368679594e+02 9.382686207399963507e+01 1.047410350634343104e+02
1.778186900157074888e+02 9.381681732736826973e+01 1.047641666891639574e+02
1.778367315945470182e+02 9.380677258073690439e+01 1.047872983148935901e+02
1.778547731733865476e+02 9.379672783410552483e+01 1.048104299406232371e+02
1.778728147522260770e+02 9.378668308747415949e+01 1.048335615663528699e+02
1.778728147522260770e+02 9.378668308747415949e+01 1.048335615663528699e+02
1.779013889100303629e+02 9.377306057865924060e+01 1.048346384676902403e+02
1.779299630678346773e+02 9.375943806984433593e+01 1.048357153690276249e+02
1.779585372256389633e+02 9.374581556102941704e+01 1.048367922703649953e+02
1.779871113834432776e+02 9.373219305221449815e+01 1.048378691717023656e+02
1.780156855412475636e+02 9.371857054339957926e+01 1.048389460730397502e+02
1.780442596990518496e+02 9.370494803458467459e+01 1.048400229743771206e+02
1.780728338568561639e+02 9.369132552576975570e+01 1.048410998757144910e+02
1.781014080146604499e+02 9.367770301695483681e+01 1.048421767770518613e+02
1.781299821724647643e+02 9.366408050813991792e+01 1.048432536783892459e+02
1.781585563302690502e+02 9.365045799932501325e+01 1.048443305797266163e+02
1.781871304880733362e+02 9.363683549051009436e+01 1.048454074810639867e+02
1.782157046458776506e+02 9.362321298169517547e+01 1.048464843824013712e+02
1.782442788036819366e+02 9.360959047288025658e+01 1.048475612837387416e+02
1.782728529614862225e+02 9.359596796406535191e+01 1.048486381850761120e+02
1.783014271192905369e+02 9.358234545525043302e+01 1.048497150864134966e+02
1.783300012770948229e+02 9.356872294643551413e+01 1.048507919877508670e+02
1.783585754348991372e+02 9.355510043762059524e+01 1.048518688890882373e+02
1.783871495927034232e+02 9.354147792880569057e+01 1.048529457904256077e+02
1.784157237505077092e+02 9.352785541999077168e+01 1.048540226917629923e+02
1.784442979083120235e+02 9.351423291117585279e+01 1.048550995931003627e+02
1.784728720661163095e+02 9.350061040236093390e+01 1.048561764944377330e+02
1.785014462239206239e+02 9.348698789354602923e+01 1.048572533957751176e+02
1.785300203817249098e+02 9.347336538473111034e+01 1.048583302971124880e+02
