1.053158099208052363e+02 2.042155273687099566e+02 2.285992825049757755e+02
1.053355684062951667e+02 2.041866899648892968e+02 2.285997719512961055e+02
1.053553268917850971e+02 2.041578525610686086e+02 2.286002613976164071e+02
1.053750853772750418e+02 2.041290151572479488e+02 2.286007508439367371e+02
1.053948438627649722e+02 2.041001777534272890e+02 2.286012402902570386e+02
1.054146023482549026e+02 2.040713403496066007e+02 2.286017297365773686e+02
1.054343608337448330e+02 2.040425029457859409e+02 2.286022191828976702e+02
1.054541193192347635e+02 2.040136655419652527e+02 2.286027086292180002e+02
1.054738778047246939e+02 2.039848281381445929e+02 2.286031980755383017e+02
1.054936362902146385e+02 2.039559907343239331e+02 2.286036875218586317e+02
1.055133947757045689e+02 2.039271533305032449e+02 2.286041769681789333e+02
1.055331532611944994e+02 2.038983159266825851e+02 2.286046664144992633e+02
1.055331532611944994e+02 2.038983159266825851e+02 2.286046664144992633e+02
1.055203300243197759e+02 2.038590961000141419e+02 2.286057396137389048e+02
1.055075067874450383e+02 2.038198762733456704e+02 2.286068128129785464e+02
1.054946835505703149e+02 2.037806564466772272e+02 2.286078860122181879e+02
1.054818603136955772e+02 2.037414366200087841e+02 2.286089592114578295e+02
1.054690370768208538e+02 2.037022167933403409e+02 2.286100324106974711e+02
1.054562138399461162e+02 2.036629969666718694e+02 2.286111056099371410e+02
1.054433906030713928e+02 2.036237771400034262e+02 2.286121788091767826e+02
1.054305673661966551e+02 2.035845573133349831e+02 2.286132520084164241e+02
1.054177441293219317e+02 2.035453374866665399e+02 2.286143252076560657e+02
1.054049208924471941e+02 2.035061176599980683e+02 2.286153984068957072e+02
1.053920976555724707e+02 2.034668978333296252e+02 2.286164716061353488e+02
1.053920976555724707e+02 2.034668978333296252e+02 2.286164716061353488e+02
1.053798620678979745e+02 2.034294753297552063e+02 2.286174956239802327e+02
1.053676264802234925e+02 2.033920528261807874e+02 2.286185196418251167e+02
1.053553908925489964e+02 2.033546303226063685e+02 2.286195436596700006e+02
1.053431553048745002e+02 2.033172078190319496e+02 2.286205676775148845e+02
1.053309197172000040e+02 2.032797853154575307e+02 2.286215916953597684e+02
1.053186841295255221e+02 2.032423628118831118e+02 2.286226157132046524e+02
1.053064485418510259e+02 2.032049403083086929e+02 2.286236397310495363e+02
1.052942129541765297e+02 2.031675178047342740e+02 2.286246637488943918e+02
1.052819773665020477e+02 2.031300953011598551e+02 2.286256877667392757e+02
1.052697417788275516e+02 2.030926727975854362e+02 2.286267117845841597e+02
1.052575061911530554e+02 2.030552502940110173e+02 2.286277358024290436e+02
1.052452706034785592e+02 2.030178277904365984e+02 2.286287598202739275e+02
1.052330350158040773e+02 2.029804052868621795e+02 2.286297838381188114e+02
1.052207994281295811e+02 2.029429827832877606e+02 2.286308078559636954e+02
1.052207994281295811e+02 2.029429827832877606e+02 2.286308078559636954e+02
1.052011812452335562e+02 2.029246556982994321e+02 2.286585016326413324e+02
1.051815630623375313e+02 2.029063286133111319e+02 2.286861954093189695e+02
1.051619448794415206e+02 2.028880015283228033e+02 2.287138891859966066e+02
1.051423266965454957e+02 2.028696744433345032e+02 2.287415829626742436e+02
1.051227085136494708e+02 2.028513473583461746e+02 2.287692767393518807e+02
1.051030903307534459e+02 2.028330202733578744e+02 2.287969705160295177e+02
1.050834721478574352e+02 2.028146931883695459e+02 2.288246642927071548e+02
1.050638539649614103e+02 2.027963661033812457e+02 2.288523580693847919e+02
1.050442357820653854e+02 2.027780390183929171e+02 2.288800518460624289e+02
1.050246175991693605e+02 2.027597119334046170e+02 2.289077456227400660e+02
1.050049994162733498e+02 2.027413848484162884e+02 2.289354393994177030e+02
1.049853812333773249e+02 2.027230577634279882e+02 2.289631331760953401e+02
1.049657630504813000e+02 2.027047306784396596e+02 2.289908269527729772e+02
1.049461448675852751e+02 2.026864035934513595e+02 2.290185207294506142e+02
1.049265266846892644e+02 2.026680765084630309e+02 2.290462145061282513e+02
1.049069085017932395e+02 2.026497494234747307e+02 2.290739082828058883e+02
1.048872903188972145e+02 2.026314223384864022e+02 2.291016020594835254e+02
1.048872903188972145e+02 2.026314223384864022e+02 2.291016020594835254e+02
1.048609924032553096e+02 2.026180031135423292e+02 2.291002425246000200e+02
1.048346944876134188e+02 2.026045838885982562e+02 2.290988829897165147e+02
1.048083965719715138e+02 2.025911646636541832e+02 2.290975234548330377e+02
1.047820986563296088e+02 2.025777454387101102e+02 2.290961639199495323e+02
1.047558007406877039e+02 2.025643262137660372e+02 2.290948043850660270e+02
1.047295028250458131e+02 2.025509069888219642e+02 2.290934448501825216e+02
1.047032049094039081e+02 2.025374877638778912e+02 2.290920853152990162e+02
1.046769069937620031e+02 2.025240685389338182e+02 2.290907257804155392e+02
1.046506090781201124e+02 2.025106493139897452e+02 2.290893662455320339e+02
1.046243111624782074e+02 2.024972300890456722e+02 2.290880067106485285e+02
1.045980132468363024e+02 2.024838108641015708e+02 2.290866471757650231e+02
1.045717153311944116e+02 2.024703916391574978e+02 2.290852876408815177e+02
1.045454174155525067e+02 2.024569724142134248e+02 2.290839281059980408e+02
1.045191194999106017e+02 2.024435531892693518e+02 2.290825685711145354e+02
1.044928215842687109e+02 2.024301339643252788e+02 2.290812090362310300e+02
1.044665236686268059e+02 2.024167147393812058e+02 2.290798495013475247e+02
1.044402257529849010e+02 2.024032955144371329e+02 2.290784899664640193e+02
1.044139278373429960e+02 2.023898762894930599e+02 2.290771304315805423e+02
1.043876299217011052e+02 2.023764570645489869e+02 2.290757708966970370e+02
1.043613320060592002e+02 2.023630378396049139e+02 2.290744113618135316e+02
1.043613320060592002e+02 2.023630378396049139e+02 2.290744113618135316e+02
1.043303281236869964e+02 2.023472172674592855e+02 2.290728085405031607e+02
1.042993242413147783e+02 2.023313966953136571e+02 2.290712057191928182e+02
1.042683203589425744e+02 2.023155761231680287e+02 2.290696028978824472e+02
1.042373164765703706e+02 2.022997555510224004e+02 2.290680000765720763e+02
1.042063125941981667e+02 2.022839349788767720e+02 2.290663972552617338e+02
1.041753087118259486e+02 2.022681144067311436e+02 2.290647944339513629e+02
1.041443048294537448e+02 2.022522938345855152e+02 2.290631916126409919e+02
1.041133009470815409e+02 2.022364732624398869e+02 2.290615887913306494e+02
1.040822970647093371e+02 2.022206526902942869e+02 2.290599859700202785e+02
1.040512931823371190e+02 2.022048321181486585e+02 2.290583831487099076e+02
1.040202892999649151e+02 2.021890115460030302e+02 2.290567803273995651e+02
1.039892854175927113e+02 2.021731909738574018e+02 2.290551775060891941e+02
1.039582815352204932e+02 2.021573704017117734e+02 2.290535746847788232e+02
1.039272776528482893e+02 2.021415498295661450e+02 2.290519718634684807e+02
1.038962737704760855e+02 2.021257292574205167e+02 2.290503690421581098e+02
1.038652698881038816e+02 2.021099086852748883e+02 2.290487662208477389e+02
1.038342660057316635e+02 2.020940881131292599e+02 2.290471633995373963e+02
1.038032621233594597e+02 2.020782675409836315e+02 2.290455605782270254e+02
1.038032621233594597e+02 2.020782675409836315e+02 2.290455605782270254e+02
1.037799748315134138e+02 2.020522090210027670e+02 2.290153477749071556e+02
1.037566875396673822e+02 2.020261505010219309e+02 2.289851349715872573e+02
1.037334002478213364e+02 2.020000919810410664e+02 2.289549221682673874e+02
1.037101129559752906e+02 2.019740334610602019e+02 2.289247093649475175e+02
1.036868256641292589e+02 2.019479749410793659e+02 2.288944965616276193e+02
1.036635383722832131e+02 2.019219164210985014e+02 2.288642837583077494e+02
1.036402510804371815e+02 2.018958579011176653e+02 2.288340709549878511e+02
1.036169637885911357e+02 2.018697993811368008e+02 2.288038581516679812e+02
1.035936764967450898e+02 2.018437408611559363e+02 2.287736453483481114e+02
1.035703892048990582e+02 2.018176823411751002e+02 2.287434325450282131e+02
1.035471019130530124e+02 2.017916238211942357e+02 2.287132197417083432e+02
1.035238146212069665e+02 2.017655653012133712e+02 2.286830069383884734e+02
1.035005273293609349e+02 2.017395067812325351e+02 2.286527941350685751e+02
1.034772400375148891e+02 2.017134482612516706e+02 2.286225813317487052e+02
1.034539527456688575e+02 2.016873897412708345e+02 2.285923685284288069e+02
1.034306654538228116e+02 2.016613312212899700e+02 2.285621557251089371e+02
1.034073781619767658e+02 2.016352727013091055e+02 2.285319429217890672e+02
1.033840908701307342e+02 2.016092141813282694e+02 2.285017301184691689e+02
1.033608035782846883e+02 2.015831556613474049e+02 2.284715173151492991e+02
1.033608035782846883e+02 2.015831556613474049e+02 2.284715173151492991e+02
1.033482113737156425e+02 2.015617822975438287e+02 2.284708721165827114e+02
1.033356191691465966e+02 2.015404089337402809e+02 2.284702269180161522e+02
1.033230269645775508e+02 2.015190355699367046e+02 2.284695817194495930e+02
1.033104347600085049e+02 2.014976622061331568e+02 2.284689365208830054e+02
1.032978425554394732e+02 2.014762888423295806e+02 2.284682913223164178e+02
1.032852503508704274e+02 2.014549154785260043e+02 2.284676461237498586e+02
1.032726581463013815e+02 2.014335421147224565e+02 2.284670009251832994e+02
1.032600659417323357e+02 2.014121687509188803e+02 2.284663557266167118e+02
1.032474737371632898e+02 2.013907953871153325e+02 2.284657105280501241e+02
1.032348815325942439e+02 2.013694220233117562e+02 2.284650653294835649e+02
1.032222893280251981e+02 2.013480486595081800e+02 2.284644201309170057e+02
1.032096971234561522e+02 2.013266752957046322e+02 2.284637749323504181e+02
1.031971049188871064e+02 2.013053019319010559e+02 2.284631297337838305e+02
1.031845127143180605e+02 2.012839285680975081e+02 2.284624845352172713e+02
1.031719205097490288e+02 2.012625552042939319e+02 2.284618393366507121e+02
1.031593283051799830e+02 2.012411818404903556e+02 2.284611941380841245e+02
1.031467361006109371e+02 2.012198084766868078e+02 2.284605489395175368e+02
1.031341438960418913e+02 2.011984351128832316e+02 2.284599037409509776e+02
1.031215516914728454e+02 2.011770617490796553e+02 2.284592585423844184e+02
1.031089594869037995e+02 2.011556883852761075e+02 2.284586133438178308e+02
1.030963672823347537e+02 2.011343150214725313e+02 2.284579681452512432e+02
1.030837750777657078e+02 2.011129416576689835e+02 2.284573229466846840e+02
1.030711828731966619e+02 2.010915682938654072e+02 2.284566777481181248e+02
1.030585906686276303e+02 2.010701949300618310e+02 2.284560325495515372e+02
1.030459984640585844e+02 2.010488215662582832e+02 2.284553873509849495e+02
1.030334062594895386e+02 2.010274482024547069e+02 2.284547421524183903e+02
1.030208140549204927e+02 2.010060748386511591e+02 2.284540969538518311e+02
1.030082218503514468e+02 2.009847014748475829e+02 2.284534517552852435e+02
1.030082218503514468e+02 2.009847014748475829e+02 2.284534517552852435e+02
1.029765742502980572e+02 2.009735745126945403e+02 2.284547274505875123e+02
1.029449266502446534e+02 2.009624475505414694e+02 2.284560031458897811e+02
1.029132790501912496e+02 2.009513205883884268e+02 2.284572788411920499e+02
1.028816314501378599e+02 2.009401936262353559e+02 2.284585545364943187e+02
1.028499838500844703e+02 2.009290666640823133e+02 2.284598302317965874e+02
1.028183362500310665e+02 2.009179397019292423e+02 2.284611059270988562e+02
1.027866886499776626e+02 2.009068127397761998e+02 2.284623816224011250e+02
1.027550410499242730e+02 2.008956857776231288e+02 2.284636573177033938e+02
1.027233934498708834e+02 2.008845588154700863e+02 2.284649330130056626e+02
1.026917458498174796e+02 2.008734318533170153e+02 2.284662087083079314e+02
1.026600982497640757e+02 2.008623048911639728e+02 2.284674844036102286e+02
1.026284506497106861e+02 2.008511779290109303e+02 2.284687600989124974e+02
1.025968030496572965e+02 2.008400509668578593e+02 2.284700357942147662e+02
1.025651554496038926e+02 2.008289240047048168e+02 2.284713114895170349e+02
1.025335078495504888e+02 2.008177970425517458e+02 2.284725871848193037e+02
1.025018602494970992e+02 2.008066700803987032e+02 2.284738628801215725e+02
1.024702126494437096e+02 2.007955431182456323e+02 2.284751385754238413e+02
1.024385650493903057e+02 2.007844161560925897e+02 2.284764142707261101e+02
1.024069174493369019e+02 2.007732891939395188e+02 2.284776899660283789e+02
1.023752698492835123e+02 2.007621622317864762e+02 2.284789656613306477e+02
1.023436222492301226e+02 2.007510352696334053e+02 2.284802413566329164e+02
1.023119746491767188e+02 2.007399083074803627e+02 2.284815170519351852e+02
1.023119746491767188e+02 2.007399083074803627e+02 2.284815170519351852e+02
1.022924036748098899e+02 2.007213502320461487e+02 2.284467646281200928e+02
1.022728327004430611e+02 2.007027921566119630e+02 2.284120122043049719e+02
1.022532617260762180e+02 2.006842340811777490e+02 2.283772597804898794e+02
1.022336907517093891e+02 2.006656760057435349e+02 2.283425073566747585e+02
1.022141197773425603e+02 2.006471179303093493e+02 2.283077549328596660e+02
1.021945488029757314e+02 2.006285598548751352e+02 2.282730025090445451e+02
1.021749778286088883e+02 2.006100017794409212e+02 2.282382500852294527e+02
1.021554068542420595e+02 2.005914437040067071e+02 2.282034976614143602e+02
1.021358358798752306e+02 2.005728856285725215e+02 2.281687452375992393e+02
1.021162649055084017e+02 2.005543275531383074e+02 2.281339928137841468e+02
1.020966939311415729e+02 2.005357694777040933e+02 2.280992403899690260e+02
1.020771229567747298e+02 2.005172114022699077e+02 2.280644879661539335e+02
1.020575519824079009e+02 2.004986533268356936e+02 2.280297355423388126e+02
1.020379810080410721e+02 2.004800952514014796e+02 2.279949831185237201e+02
1.020184100336742432e+02 2.004615371759672939e+02 2.279602306947085992e+02
1.019988390593074143e+02 2.004429791005330799e+02 2.279254782708935068e+02
1.019792680849405713e+02 2.004244210250988658e+02 2.278907258470784143e+02
1.019596971105737424e+02 2.004058629496646518e+02 2.278559734232632934e+02
1.019401261362069135e+02 2.003873048742304661e+02 2.278212209994482009e+02
1.019205551618400847e+02 2.003687467987962521e+02 2.277864685756330800e+02
1.019009841874732416e+02 2.003501887233620380e+02 2.277517161518179876e+02
1.018814132131064127e+02 2.003316306479278524e+02 2.277169637280028667e+02
1.018618422387395839e+02 2.003130725724936383e+02 2.276822113041877742e+02
1.018618422387395839e+02 2.003130725724936383e+02 2.276822113041877742e+02
1.018495381334772958e+02 2.003014052681822648e+02 2.276603627506755174e+02
1.018372340282150219e+02 2.002897379638708912e+02 2.276385141971632891e+02
1.018249299229527338e+02 2.002780706595595177e+02 2.276166656436510323e+02
1.018126258176904457e+02 2.002664033552481726e+02 2.275948170901388039e+02
1.018003217124281718e+02 2.002547360509367991e+02 2.275729685366265471e+02
1.017880176071658838e+02 2.002430687466254255e+02 2.275511199831142903e+02
1.017757135019036099e+02 2.002314014423140520e+02 2.275292714296020620e+02
1.017634093966413218e+02 2.002197341380026785e+02 2.275074228760898052e+02
1.017511052913790337e+02 2.002080668336913050e+02 2.274855743225775768e+02
1.017388011861167598e+02 2.001963995293799599e+02 2.274637257690653200e+02
1.017264970808544717e+02 2.001847322250685863e+02 2.274418772155530633e+02
1.017141929755921979e+02 2.001730649207572128e+02 2.274200286620408349e+02
1.017018888703299098e+02 2.001613976164458393e+02 2.273981801085285781e+02
1.016895847650676217e+02 2.001497303121344657e+02 2.273763315550163497e+02
1.016772806598053478e+02 2.001380630078230922e+02 2.273544830015040930e+02
1.016649765545430597e+02 2.001263957035117187e+02 2.273326344479918362e+02
1.016526724492807716e+02 2.001147283992003736e+02 2.273107858944796078e+02
1.016403683440184977e+02 2.001030610948890001e+02 2.272889373409673510e+02
1.016280642387562096e+02 2.000913937905776265e+02 2.272670887874551227e+02
1.016157601334939216e+02 2.000797264862662530e+02 2.272452402339428659e+02
1.016034560282316477e+02 2.000680591819548795e+02 2.272233916804306375e+02
1.015911519229693596e+02 2.000563918776435059e+02 2.272015431269183807e+02
1.015788478177070857e+02 2.000447245733321608e+02 2.271796945734061239e+02
1.015665437124447976e+02 2.000330572690207873e+02 2.271578460198938956e+02
1.015542396071825095e+02 2.000213899647094138e+02 2.271359974663816388e+02
1.015419355019202357e+02 2.000097226603980403e+02 2.271141489128694104e+02
1.015296313966579476e+02 1.999980553560866667e+02 2.270923003593571536e+02
1.015173272913956737e+02 1.999863880517752932e+02 2.270704518058448969e+02
1.015050231861333856e+02 1.999747207474639481e+02 2.270486032523326685e+02
1.014927190808710975e+02 1.999630534431525746e+02 2.270267546988204117e+02
1.014804149756088236e+02 1.999513861388412010e+02 2.270049061453081833e+02
1.014681108703465355e+02 1.999397188345298275e+02 2.269830575917959266e+02
1.014681108703465355e+02 1.999397188345298275e+02 2.269830575917959266e+02
1.014522794884019987e+02 1.999226844485388028e+02 2.269812381452875627e+02
1.014364481064574761e+02 1.999056500625477497e+02 2.269794186987791704e+02
1.014206167245129393e+02 1.998886156765567250e+02 2.269775992522708066e+02
1.014047853425684025e+02 1.998715812905657003e+02 2.269757798057624427e+02
1.013889539606238799e+02 1.998545469045746756e+02 2.269739603592540504e+02
1.013731225786793431e+02 1.998375125185836225e+02 2.269721409127456866e+02
1.013572911967348205e+02 1.998204781325925978e+02 2.269703214662372943e+02
1.013414598147902836e+02 1.998034437466015731e+02 2.269685020197289305e+02
1.013256284328457468e+02 1.997864093606105200e+02 2.269666825732205666e+02
1.013097970509012242e+02 1.997693749746194953e+02 2.269648631267121743e+02
1.012939656689566874e+02 1.997523405886284706e+02 2.269630436802038105e+02
1.012781342870121506e+02 1.997353062026374459e+02 2.269612242336954466e+02
1.012623029050676280e+02 1.997182718166463928e+02 2.269594047871870544e+02
1.012464715231230912e+02 1.997012374306553681e+02 2.269575853406786905e+02
1.012306401411785544e+02 1.996842030446643435e+02 2.269557658941703266e+02
1.012148087592340318e+02 1.996671686586732903e+02 2.269539464476619344e+02
1.011989773772894949e+02 1.996501342726822656e+02 2.269521270011535705e+02
1.011831459953449581e+02 1.996330998866912410e+02 2.269503075546452067e+02
1.011673146134004355e+02 1.996160655007002163e+02 2.269484881081368144e+02
1.011514832314558987e+02 1.995990311147091631e+02 2.269466686616284505e+02
1.011356518495113619e+02 1.995819967287181385e+02 2.269448492151200867e+02
1.011198204675668393e+02 1.995649623427271138e+02 2.269430297686116944e+02
1.011039890856223025e+02 1.995479279567360607e+02 2.269412103221033306e+02
1.010881577036777799e+02 1.995308935707450360e+02 2.269393908755949383e+02
1.010723263217332430e+02 1.995138591847540113e+02 2.269375714290865744e+02
1.010564949397887062e+02 1.994968247987629866e+02 2.269357519825782106e+02
1.010406635578441836e+02 1.994797904127719335e+02 2.269339325360698183e+02
1.010248321758996468e+02 1.994627560267809088e+02 2.269321130895614544e+02
1.010248321758996468e+02 1.994627560267809088e+02 2.269321130895614544e+02
1.010056155740814035e+02 1.994590147404099980e+02 2.269050720002651076e+02
1.009863989722631459e+02 1.994552734540391157e+02 2.268780309109687607e+02
1.009671823704449025e+02 1.994515321676682049e+02 2.268509898216724423e+02
1.009479657686266592e+02 1.994477908812973226e+02 2.268239487323760954e+02
1.009287491668084158e+02 1.994440495949264118e+02 2.267969076430797486e+02
1.009095325649901582e+02 1.994403083085555295e+02 2.267698665537834017e+02
1.008903159631719149e+02 1.994365670221846187e+02 2.267428254644870549e+02
1.008710993613536715e+02 1.994328257358137364e+02 2.267157843751907365e+02
1.008518827595354139e+02 1.994290844494428256e+02 2.266887432858943896e+02
1.008326661577171706e+02 1.994253431630719433e+02 2.266617021965980427e+02
1.008134495558989272e+02 1.994216018767010326e+02 2.266346611073016959e+02
1.007942329540806696e+02 1.994178605903301218e+02 2.266076200180053490e+02
1.007750163522624263e+02 1.994141193039592395e+02 2.265805789287090306e+02
1.007557997504441829e+02 1.994103780175883287e+02 2.265535378394126838e+02
1.007365831486259253e+02 1.994066367312174464e+02 2.265264967501163369e+02
1.007173665468076820e+02 1.994028954448465356e+02 2.264994556608199900e+02
1.006981499449894386e+02 1.993991541584756533e+02 2.264724145715236432e+02
1.006789333431711952e+02 1.993954128721047425e+02 2.264453734822273248e+02
1.006597167413529377e+02 1.993916715857338602e+02 2.264183323929309779e+02
1.006405001395346943e+02 1.993879302993629494e+02 2.263912913036346310e+02
1.006405001395346943e+02 1.993879302993629494e+02 2.263912913036346310e+02
1.006517742230211923e+02 1.993912296671302329e+02 2.263499047925472212e+02
1.006630483065076760e+02 1.993945290348975448e+02 2.263085182814597829e+02
1.006743223899941739e+02 1.993978284026648282e+02 2.262671317703723730e+02
1.006855964734806577e+02 1.994011277704321401e+02 2.262257452592849631e+02
1.006968705569671556e+02 1.994044271381994236e+02 2.261843587481975533e+02
1.007081446404536393e+02 1.994077265059667070e+02 2.261429722371101150e+02
1.007194187239401373e+02 1.994110258737340189e+02 2.261015857260227051e+02
1.007306928074266352e+02 1.994143252415013023e+02 2.260601992149352952e+02
1.007419668909131190e+02 1.994176246092685858e+02 2.260188127038478569e+02
1.007532409743996169e+02 1.994209239770358977e+02 2.259774261927604471e+02
1.007645150578861006e+02 1.994242233448031811e+02 2.259360396816730372e+02
1.007757891413725986e+02 1.994275227125704930e+02 2.258946531705856273e+02
1.007870632248590823e+02 1.994308220803377765e+02 2.258532666594981890e+02
1.007983373083455803e+02 1.994341214481050599e+02 2.258118801484107792e+02
1.008096113918320782e+02 1.994374208158723718e+02 2.257704936373233693e+02
1.008208854753185619e+02 1.994407201836396553e+02 2.257291071262359310e+02
1.008321595588050599e+02 1.994440195514069387e+02 2.256877206151485211e+02
1.008434336422915436e+02 1.994473189191742506e+02 2.256463341040611112e+02
1.008547077257780415e+02 1.994506182869415341e+02 2.256049475929737014e+02
1.008659818092645253e+02 1.994539176547088459e+02 2.255635610818862631e+02
1.008772558927510232e+02 1.994572170224761294e+02 2.255221745707988532e+02
1.008772558927510232e+02 1.994572170224761294e+02 2.255221745707988532e+02
1.008981822224242677e+02 1.994575771994765603e+02 2.254948386911153477e+02
1.009191085520975122e+02 1.994579373764770196e+02 2.254675028114318707e+02
1.009400348817707567e+02 1.994582975534774505e+02 2.254401669317483652e+02
1.009609612114440012e+02 1.994586577304778814e+02 2.254128310520648881e+02
1.009818875411172456e+02 1.994590179074783407e+02 2.253854951723813826e+02
1.010028138707904901e+02 1.994593780844787716e+02 2.253581592926978772e+02
1.010237402004637346e+02 1.994597382614792025e+02 2.253308234130144001e+02
1.010446665301369791e+02 1.994600984384796618e+02 2.253034875333308946e+02
1.010655928598102236e+02 1.994604586154800927e+02 2.252761516536473891e+02
1.010865191894834680e+02 1.994608187924805236e+02 2.252488157739639121e+02
1.011074455191567125e+02 1.994611789694809829e+02 2.252214798942804066e+02
1.011283718488299570e+02 1.994615391464814138e+02 2.251941440145969295e+02
1.011492981785032015e+02 1.994618993234818447e+02 2.251668081349134241e+02
1.011702245081764460e+02 1.994622595004823040e+02 2.251394722552299186e+02
1.011911508378497047e+02 1.994626196774827349e+02 2.251121363755464415e+02
1.012120771675229491e+02 1.994629798544831942e+02 2.250848004958629360e+02
1.012330034971961936e+02 1.994633400314836251e+02 2.250574646161794305e+02
1.012539298268694381e+02 1.994637002084840560e+02 2.250301287364959535e+02
1.012748561565426826e+02 1.994640603854845153e+02 2.250027928568124480e+02
1.012957824862159271e+02 1.994644205624849462e+02 2.249754569771289709e+02
1.013167088158891715e+02 1.994647807394853771e+02 2.249481210974454655e+02
1.013376351455624160e+02 1.994651409164858364e+02 2.249207852177619600e+02
1.013585614752356605e+02 1.994655010934862673e+02 2.248934493380784829e+02
1.013794878049089050e+02 1.994658612704866982e+02 2.248661134583949774e+02
1.014004141345821495e+02 1.994662214474871575e+02 2.248387775787114720e+02
1.014213404642553940e+02 1.994665816244875884e+02 2.248114416990279949e+02
1.014422667939286384e+02 1.994669418014880193e+02 2.247841058193444894e+02
1.014631931236018829e+02 1.994673019784884787e+02 2.247567699396610124e+02
1.014841194532751274e+02 1.994676621554889095e+02 2.247294340599775069e+02
1.014841194532751274e+02 1.994676621554889095e+02 2.247294340599775069e+02
1.014975769155184793e+02 1.994678937808365049e+02 2.247118546958714376e+02
1.015110343777618311e+02 1.994681254061841003e+02 2.246942753317653967e+02
1.015244918400051830e+02 1.994683570315316672e+02 2.246766959676593274e+02
1.015379493022485349e+02 1.994685886568792625e+02 2.246591166035532865e+02
1.015514067644918867e+02 1.994688202822268579e+02 2.246415372394472172e+02
1.015648642267352244e+02 1.994690519075744533e+02 2.246239578753411479e+02
1.015783216889785763e+02 1.994692835329220486e+02 2.246063785112351070e+02
1.015917791512219281e+02 1.994695151582696440e+02 2.245887991471290377e+02
1.016052366134652800e+02 1.994697467836172109e+02 2.245712197830229684e+02
1.016186940757086319e+02 1.994699784089648062e+02 2.245536404189169275e+02
1.016321515379519838e+02 1.994702100343124016e+02 2.245360610548108582e+02
1.016456090001953356e+02 1.994704416596599970e+02 2.245184816907047889e+02
1.016590664624386875e+02 1.994706732850075923e+02 2.245009023265987480e+02
1.016725239246820394e+02 1.994709049103551592e+02 2.244833229624926787e+02
1.016859813869253912e+02 1.994711365357027546e+02 2.244657435983866378e+02
1.016994388491687289e+02 1.994713681610503500e+02 2.244481642342805685e+02
1.017128963114120808e+02 1.994715997863979453e+02 2.244305848701744992e+02
1.017263537736554326e+02 1.994718314117455407e+02 2.244130055060684583e+02
1.017398112358987845e+02 1.994720630370931076e+02 2.243954261419623890e+02
1.017532686981421364e+02 1.994722946624407030e+02 2.243778467778563481e+02
1.017667261603854882e+02 1.994725262877882983e+02 2.243602674137502788e+02
1.017801836226288401e+02 1.994727579131358937e+02 2.243426880496442095e+02
1.017936410848721920e+02 1.994729895384834890e+02 2.243251086855381686e+02
1.018070985471155439e+02 1.994732211638310559e+02 2.243075293214320993e+02
1.018205560093588957e+02 1.994734527891786513e+02 2.242899499573260300e+02
1.018340134716022476e+02 1.994736844145262467e+02 2.242723705932199891e+02
1.018474709338455853e+02 1.994739160398738420e+02 2.242547912291139198e+02
1.018609283960889371e+02 1.994741476652214374e+02 2.242372118650078505e+02
1.018743858583322890e+02 1.994743792905690327e+02 2.242196325009018096e+02
1.018878433205756409e+02 1.994746109159165997e+02 2.242020531367957403e+02
1.019013007828189927e+02 1.994748425412641950e+02 2.241844737726896994e+02
1.019147582450623446e+02 1.994750741666117904e+02 2.241668944085836301e+02
1.019147582450623446e+02 1.994750741666117904e+02 2.241668944085836301e+02
1.019048768498178816e+02 1.994671456995062897e+02 2.241358196351528136e+02
1.018949954545734187e+02 1.994592172324008175e+02 2.241047448617219686e+02
1.018851140593289557e+02 1.994512887652953168e+02 2.240736700882911521e+02
1.018752326640844927e+02 1.994433602981898161e+02 2.240425953148603355e+02
1.018653512688400298e+02 1.994354318310843439e+02 2.240115205414295190e+02
1.018554698735955668e+02 1.994275033639788433e+02 2.239804457679986740e+02
1.018455884783511038e+02 1.994195748968733426e+02 2.239493709945678575e+02
1.018357070831066409e+02 1.994116464297678704e+02 2.239182962211370409e+02
1.018258256878621779e+02 1.994037179626623697e+02 2.238872214477062244e+02
1.018159442926177150e+02 1.993957894955568690e+02 2.238561466742753794e+02
1.018060628973732378e+02 1.993878610284513684e+02 2.238250719008445628e+02
1.017961815021287748e+02 1.993799325613458961e+02 2.237939971274137463e+02
1.017863001068843118e+02 1.993720040942403955e+02 2.237629223539829013e+02
1.017764187116398489e+02 1.993640756271348948e+02 2.237318475805520848e+02
1.017665373163953859e+02 1.993561471600294226e+02 2.237007728071212682e+02
1.017566559211509229e+02 1.993482186929239219e+02 2.236696980336904517e+02
1.017467745259064600e+02 1.993402902258184213e+02 2.236386232602596067e+02
1.017368931306619970e+02 1.993323617587129490e+02 2.236075484868287901e+02
1.017270117354175341e+02 1.993244332916074484e+02 2.235764737133979736e+02
1.017171303401730711e+02 1.993165048245019477e+02 2.235453989399671570e+02
1.017072489449286081e+02 1.993085763573964755e+02 2.235143241665363121e+02
1.016973675496841452e+02 1.993006478902909748e+02 2.234832493931054955e+02
1.016973675496841452e+02 1.993006478902909748e+02 2.234832493931054955e+02
1.016809973842031383e+02 1.992907808682267330e+02 2.234534170331747589e+02
1.016646272187221456e+02 1.992809138461624627e+02 2.234235846732440223e+02
1.016482570532411387e+02 1.992710468240982209e+02 2.233937523133132572e+02
1.016318868877601318e+02 1.992611798020339506e+02 2.233639199533825206e+02
1.016155167222791249e+02 1.992513127799697088e+02 2.233340875934517840e+02
1.015991465567981322e+02 1.992414457579054385e+02 2.233042552335210473e+02
1.015827763913171253e+02 1.992315787358411967e+02 2.232744228735902823e+02
1.015664062258361184e+02 1.992217117137769549e+02 2.232445905136595456e+02
1.015500360603551115e+02 1.992118446917126846e+02 2.232147581537288090e+02
1.015336658948741189e+02 1.992019776696484428e+02 2.231849257937980724e+02
1.015172957293931120e+02 1.991921106475841725e+02 2.231550934338673358e+02
1.015009255639121051e+02 1.991822436255199307e+02 2.231252610739365707e+02
1.014845553984310982e+02 1.991723766034556604e+02 2.230954287140058341e+02
1.014681852329501055e+02 1.991625095813914186e+02 2.230655963540750975e+02
1.014518150674690986e+02 1.991526425593271483e+02 2.230357639941443608e+02
1.014354449019880917e+02 1.991427755372629065e+02 2.230059316342136242e+02
1.014190747365070848e+02 1.991329085151986646e+02 2.229760992742828591e+02
1.014027045710260921e+02 1.991230414931343944e+02 2.229462669143521225e+02
1.013863344055450852e+02 1.991131744710701525e+02 2.229164345544213859e+02
1.013699642400640784e+02 1.991033074490058823e+02 2.228866021944906493e+02
1.013535940745830715e+02 1.990934404269416405e+02 2.228567698345598842e+02
1.013372239091020788e+02 1.990835734048773702e+02 2.228269374746291476e+02
1.013208537436210719e+02 1.990737063828131284e+02 2.227971051146984109e+02
1.013208537436210719e+02 1.990737063828131284e+02 2.227971051146984109e+02
1.013364952792945530e+02 1.990726811923175603e+02 2.227574439466549734e+02
1.013521368149680484e+02 1.990716560018219923e+02 2.227177827786115643e+02
1.013677783506415437e+02 1.990706308113264242e+02 2.226781216105681267e+02
1.013834198863150249e+02 1.990696056208308562e+02 2.226384604425246891e+02
1.013990614219885060e+02 1.990685804303352882e+02 2.225987992744812516e+02
1.014147029576620014e+02 1.990675552398397201e+02 2.225591381064378425e+02
1.014303444933354967e+02 1.990665300493441521e+02 2.225194769383944049e+02
1.014459860290089779e+02 1.990655048588485840e+02 2.224798157703509673e+02
1.014616275646824590e+02 1.990644796683530160e+02 2.224401546023075298e+02
1.014772691003559544e+02 1.990634544778574480e+02 2.224004934342641207e+02
1.014929106360294497e+02 1.990624292873618799e+02 2.223608322662206831e+02
1.015085521717029309e+02 1.990614040968663119e+02 2.223211710981772455e+02
1.015241937073764120e+02 1.990603789063707723e+02 2.222815099301338364e+02
1.015398352430499074e+02 1.990593537158752042e+02 2.222418487620903988e+02
1.015554767787234027e+02 1.990583285253796362e+02 2.222021875940469613e+02
1.015711183143968839e+02 1.990573033348840681e+02 2.221625264260035237e+02
1.015867598500703650e+02 1.990562781443885001e+02 2.221228652579601146e+02
1.016024013857438604e+02 1.990552529538929321e+02 2.220832040899166770e+02
1.016180429214173557e+02 1.990542277633973640e+02 2.220435429218732395e+02
1.016336844570908369e+02 1.990532025729017960e+02 2.220038817538298019e+02
1.016493259927643180e+02 1.990521773824062279e+02 2.219642205857863928e+02
1.016649675284378134e+02 1.990511521919106599e+02 2.219245594177429552e+02
1.016806090641113087e+02 1.990501270014150919e+02 2.218848982496995177e+02
1.016962505997847899e+02 1.990491018109195238e+02 2.218452370816560801e+02
1.017118921354582710e+02 1.990480766204239558e+02 2.218055759136126710e+02
1.017275336711317664e+02 1.990470514299283877e+02 2.217659147455692334e+02
1.017275336711317664e+02 1.990470514299283877e+02 2.217659147455692334e+02
1.017538970422910864e+02 1.990625931740708836e+02 2.217455495924540969e+02
1.017802604134504065e+02 1.990781349182133795e+02 2.217251844393389604e+02
1.018066237846097266e+02 1.990936766623558754e+02 2.217048192862238238e+02
1.018329871557690467e+02 1.991092184064983712e+02 2.216844541331086873e+02
1.018593505269283668e+02 1.991247601506408671e+02 2.216640889799935508e+02
1.018857138980876869e+02 1.991403018947833630e+02 2.216437238268784142e+02
1.019120772692470069e+02 1.991558436389258588e+02 2.216233586737632777e+02
1.019384406404063270e+02 1.991713853830683547e+02 2.216029935206481412e+02
1.019648040115656471e+02 1.991869271272108506e+02 2.215826283675330046e+02
1.019911673827249672e+02 1.992024688713533465e+02 2.215622632144178681e+02
1.020175307538842873e+02 1.992180106154958423e+02 2.215418980613027315e+02
1.020438941250436073e+02 1.992335523596383382e+02 2.215215329081875950e+02
1.020702574962029274e+02 1.992490941037808341e+02 2.215011677550724585e+02
1.020966208673622475e+02 1.992646358479233299e+02 2.214808026019573219e+02
1.021229842385215676e+02 1.992801775920658258e+02 2.214604374488421854e+02
1.021493476096808877e+02 1.992957193362083217e+02 2.214400722957270489e+02
1.021757109808402078e+02 1.993112610803508176e+02 2.214197071426119123e+02
1.022020743519995136e+02 1.993268028244933419e+02 2.213993419894967758e+02
1.022284377231588337e+02 1.993423445686358377e+02 2.213789768363816393e+02
1.022548010943181538e+02 1.993578863127783336e+02 2.213586116832665027e+02
1.022811644654774739e+02 1.993734280569208295e+02 2.213382465301513662e+02
1.023075278366367939e+02 1.993889698010633253e+02 2.213178813770362297e+02
1.023338912077961140e+02 1.994045115452058212e+02 2.212975162239210931e+02
1.023602545789554341e+02 1.994200532893483171e+02 2.212771510708059566e+02
1.023866179501147542e+02 1.994355950334908130e+02 2.212567859176908200e+02
1.024129813212740743e+02 1.994511367776333088e+02 2.212364207645756835e+02
1.024393446924333944e+02 1.994666785217758047e+02 2.212160556114605470e+02
1.024657080635927144e+02 1.994822202659183006e+02 2.211956904583454104e+02
1.024920714347520345e+02 1.994977620100607965e+02 2.211753253052302739e+02
1.025184348059113546e+02 1.995133037542032923e+02 2.211549601521151374e+02
1.025447981770706747e+02 1.995288454983457882e+02 2.211345949990000008e+02
1.025711615482299948e+02 1.995443872424882841e+02 2.211142298458848643e+02
1.025975249193893148e+02 1.995599289866307799e+02 2.210938646927697278e+02
1.026238882905486349e+02 1.995754707307732758e+02 2.210734995396545912e+02
1.026502516617079550e+02 1.995910124749157717e+02 2.210531343865394547e+02
1.026502516617079550e+02 1.995910124749157717e+02 2.210531343865394547e+02
1.026610108740542842e+02 1.995774682340242236e+02 2.210314318441937473e+02
1.026717700864005991e+02 1.995639239931326756e+02 2.210097293018480684e+02
1.026825292987469282e+02 1.995503797522411560e+02 2.209880267595023611e+02
1.026932885110932574e+02 1.995368355113496079e+02 2.209663242171566537e+02
1.027040477234395723e+02 1.995232912704580599e+02 2.209446216748109748e+02
1.027148069357859015e+02 1.995097470295665119e+02 2.209229191324652675e+02
1.027255661481322306e+02 1.994962027886749922e+02 2.209012165901195601e+02
1.027363253604785456e+02 1.994826585477834442e+02 2.208795140477738812e+02
1.027470845728248747e+02 1.994691143068918961e+02 2.208578115054281739e+02
1.027578437851712039e+02 1.994555700660003481e+02 2.208361089630824665e+02
1.027686029975175330e+02 1.994420258251088285e+02 2.208144064207367592e+02
1.027793622098638480e+02 1.994284815842172804e+02 2.207927038783910803e+02
1.027901214222101771e+02 1.994149373433257324e+02 2.207710013360453729e+02
1.028008806345565063e+02 1.994013931024341844e+02 2.207492987936996656e+02
1.028116398469028212e+02 1.993878488615426647e+02 2.207275962513539866e+02
1.028223990592491504e+02 1.993743046206511167e+02 2.207058937090082793e+02
1.028331582715954795e+02 1.993607603797595687e+02 2.206841911666625720e+02
1.028439174839417944e+02 1.993472161388680206e+02 2.206624886243168930e+02
1.028546766962881236e+02 1.993336718979765010e+02 2.206407860819711857e+02
1.028654359086344527e+02 1.993201276570849529e+02 2.206190835396254784e+02
1.028761951209807677e+02 1.993065834161934049e+02 2.205973809972797994e+02
1.028869543333270968e+02 1.992930391753018569e+02 2.205756784549340921e+02
1.028977135456734260e+02 1.992794949344103372e+02 2.205539759125883847e+02
1.029084727580197409e+02 1.992659506935187892e+02 2.205322733702427058e+02
1.029192319703660701e+02 1.992524064526272412e+02 2.205105708278969985e+02
1.029299911827123992e+02 1.992388622117356931e+02 2.204888682855512911e+02
1.029407503950587142e+02 1.992253179708441735e+02 2.204671657432056122e+02
1.029515096074050433e+02 1.992117737299526254e+02 2.204454632008599049e+02
1.029622688197513725e+02 1.991982294890610774e+02 2.204237606585141975e+02
1.029730280320976874e+02 1.991846852481695294e+02 2.204020581161685186e+02
1.029837872444440166e+02 1.991711410072780097e+02 2.203803555738228113e+02
1.029945464567903457e+02 1.991575967663864617e+02 2.203586530314771039e+02
1.030053056691366749e+02 1.991440525254949137e+02 2.203369504891313966e+02
1.030160648814829898e+02 1.991305082846033656e+02 2.203152479467857177e+02
1.030268240938293189e+02 1.991169640437118460e+02 2.202935454044400103e+02
1.030375833061756481e+02 1.991034198028202979e+02 2.202718428620943030e+02
1.030483425185219630e+02 1.990898755619287499e+02 2.202501403197486241e+02
1.030591017308682922e+02 1.990763313210372019e+02 2.202284377774029167e+02
1.030698609432146213e+02 1.990627870801456822e+02 2.202067352350572094e+02
1.030806201555609363e+02 1.990492428392541342e+02 2.201850326927115304e+02
1.030913793679072654e+02 1.990356985983625862e+02 2.201633301503658231e+02
1.030913793679072654e+02 1.990356985983625862e+02 2.201633301503658231e+02
1.031177219020744076e+02 1.990244510876610491e+02 2.201643045841521484e+02
1.031440644362415640e+02 1.990132035769595120e+02 2.201652790179385022e+02
1.031704069704087061e+02 1.990019560662579750e+02 2.201662534517248559e+02
1.031967495045758483e+02 1.989907085555564379e+02 2.201672278855111813e+02
1.032230920387429904e+02 1.989794610448549008e+02 2.201682023192975066e+02
1.032494345729101326e+02 1.989682135341533638e+02 2.201691767530838604e+02
1.032757771070772890e+02 1.989569660234518267e+02 2.201701511868702141e+02
1.033021196412444311e+02 1.989457185127502896e+02 2.201711256206565395e+02
1.033284621754115733e+02 1.989344710020487810e+02 2.201721000544428648e+02
1.033548047095787297e+02 1.989232234913472439e+02 2.201730744882292186e+02
1.033811472437458718e+02 1.989119759806457068e+02 2.201740489220155723e+02
1.034074897779130140e+02 1.989007284699441698e+02 2.201750233558018977e+02
1.034338323120801562e+02 1.988894809592426327e+02 2.201759977895882230e+02
1.034601748462472983e+02 1.988782334485410956e+02 2.201769722233745767e+02
1.034865173804144547e+02 1.988669859378395586e+02 2.201779466571609305e+02
1.035128599145815969e+02 1.988557384271380215e+02 2.201789210909472558e+02
1.035392024487487390e+02 1.988444909164364844e+02 2.201798955247335812e+02
1.035655449829158954e+02 1.988332434057349474e+02 2.201808699585199349e+02
1.035918875170830376e+02 1.988219958950334103e+02 2.201818443923062887e+02
1.036182300512501797e+02 1.988107483843318732e+02 2.201828188260926140e+02
1.036445725854173219e+02 1.987995008736303362e+02 2.201837932598789394e+02
1.036709151195844640e+02 1.987882533629287991e+02 2.201847676936652931e+02
1.036972576537516204e+02 1.987770058522272620e+02 2.201857421274516469e+02
1.037236001879187626e+02 1.987657583415257250e+02 2.201867165612379722e+02
1.037499427220859047e+02 1.987545108308241879e+02 2.201876909950242975e+02
1.037762852562530611e+02 1.987432633201226508e+02 2.201886654288106513e+02
1.038026277904202033e+02 1.987320158094211138e+02 2.201896398625970050e+02
1.038289703245873454e+02 1.987207682987196051e+02 2.201906142963833304e+02
1.038553128587544876e+02 1.987095207880180681e+02 2.201915887301696557e+02
1.038816553929216298e+02 1.986982732773165310e+02 2.201925631639560095e+02
1.039079979270887861e+02 1.986870257666149939e+02 2.201935375977423632e+02
1.039343404612559283e+02 1.986757782559134569e+02 2.201945120315286886e+02
1.039606829954230705e+02 1.986645307452119198e+02 2.201954864653150139e+02
1.039870255295902268e+02 1.986532832345103827e+02 2.201964608991013677e+02
1.040133680637573690e+02 1.986420357238088457e+02 2.201974353328877214e+02
1.040397105979245111e+02 1.986307882131073086e+02 2.201984097666740468e+02
1.040397105979245111e+02 1.986307882131073086e+02 2.201984097666740468e+02
1.040593580684954134e+02 1.986309799115643386e+02 2.202184469699534475e+02
1.040790055390663014e+02 1.986311716100213403e+02 2.202384841732328766e+02
1.040986530096372036e+02 1.986313633084783703e+02 2.202585213765122774e+02
1.041183004802081058e+02 1.986315550069354003e+02 2.202785585797916781e+02
1.041379479507790080e+02 1.986317467053924020e+02 2.202985957830710788e+02
1.041575954213498960e+02 1.986319384038494320e+02 2.203186329863505080e+02
1.041772428919207982e+02 1.986321301023064620e+02 2.203386701896299087e+02
1.041968903624917004e+02 1.986323218007634637e+02 2.203587073929093094e+02
1.042165378330626027e+02 1.986325134992204937e+02 2.203787445961887101e+02
1.042361853036334907e+02 1.986327051976775238e+02 2.203987817994681393e+02
1.042558327742043929e+02 1.986328968961345254e+02 2.204188190027475400e+02
1.042754802447752951e+02 1.986330885945915554e+02 2.204388562060269408e+02
1.042951277153461831e+02 1.986332802930485855e+02 2.204588934093063699e+02
1.043147751859170853e+02 1.986334719915055871e+02 2.204789306125857706e+02
1.043344226564879875e+02 1.986336636899626171e+02 2.204989678158651714e+02
1.043540701270588897e+02 1.986338553884196472e+02 2.205190050191445721e+02
1.043737175976297777e+02 1.986340470868766488e+02 2.205390422224240012e+02
1.043933650682006800e+02 1.986342387853336788e+02 2.205590794257034020e+02
1.044130125387715822e+02 1.986344304837907089e+02 2.205791166289828027e+02
1.044326600093424844e+02 1.986346221822477105e+02 2.205991538322622034e+02
1.044523074799133724e+02 1.986348138807047405e+02 2.206191910355416326e+02
1.044719549504842746e+02 1.986350055791617706e+02 2.206392282388210333e+02
1.044916024210551768e+02 1.986351972776187722e+02 2.206592654421004340e+02
1.045112498916260648e+02 1.986353889760758022e+02 2.206793026453798632e+02
1.045308973621969670e+02 1.986355806745328323e+02 2.206993398486592639e+02
1.045505448327678693e+02 1.986357723729898339e+02 2.207193770519386646e+02
1.045701923033387715e+02 1.986359640714468640e+02 2.207394142552180654e+02
1.045898397739096595e+02 1.986361557699038940e+02 2.207594514584974945e+02
1.046094872444805617e+02 1.986363474683608956e+02 2.207794886617768952e+02
1.046291347150514639e+02 1.986365391668179257e+02 2.207995258650562960e+02
1.046487821856223661e+02 1.986367308652749557e+02 2.208195630683356967e+02
1.046684296561932541e+02 1.986369225637319573e+02 2.208396002716151258e+02
1.046880771267641563e+02 1.986371142621889874e+02 2.208596374748945266e+02
1.046880771267641563e+02 1.986371142621889874e+02 2.208596374748945266e+02
1.047213289509717242e+02 1.986346858143441807e+02 2.208832525159284899e+02
1.047545807751792921e+02 1.986322573664994025e+02 2.209068675569624816e+02
1.047878325993868600e+02 1.986298289186545958e+02 2.209304825979964448e+02
1.048210844235944279e+02 1.986274004708098175e+02 2.209540976390304365e+02
1.048543362478020100e+02 1.986249720229650109e+02 2.209777126800643998e+02
1.048875880720095779e+02 1.986225435751202042e+02 2.210013277210983631e+02
1.049208398962171458e+02 1.986201151272754259e+02 2.210249427621323548e+02
1.049540917204247137e+02 1.986176866794306193e+02 2.210485578031663181e+02
1.049873435446322816e+02 1.986152582315858410e+02 2.210721728442003098e+02
1.050205953688398495e+02 1.986128297837410344e+02 2.210957878852342731e+02
1.050538471930474174e+02 1.986104013358962561e+02 2.211194029262682648e+02
1.050870990172549853e+02 1.986079728880514494e+02 2.211430179673022280e+02
1.051203508414625531e+02 1.986055444402066428e+02 2.211666330083361913e+02
1.051536026656701210e+02 1.986031159923618645e+02 2.211902480493701830e+02
1.051868544898777031e+02 1.986006875445170579e+02 2.212138630904041463e+02
1.052201063140852710e+02 1.985982590966722796e+02 2.212374781314381380e+02
1.052533581382928389e+02 1.985958306488274729e+02 2.212610931724721013e+02
1.052866099625004068e+02 1.985934022009826663e+02 2.212847082135060646e+02
1.053198617867079747e+02 1.985909737531378880e+02 2.213083232545400563e+02
1.053531136109155426e+02 1.985885453052930814e+02 2.213319382955740195e+02
1.053863654351231105e+02 1.985861168574483031e+02 2.213555533366080113e+02
1.054196172593306784e+02 1.985836884096034964e+02 2.213791683776419745e+02
1.054528690835382463e+02 1.985812599617587182e+02 2.214027834186759662e+02
1.054861209077458142e+02 1.985788315139139115e+02 2.214263984597099295e+02
1.055193727319533963e+02 1.985764030660691049e+02 2.214500135007438928e+02
1.055526245561609642e+02 1.985739746182243266e+02 2.214736285417778845e+02
1.055858763803685321e+02 1.985715461703795199e+02 2.214972435828118478e+02
1.056191282045761000e+02 1.985691177225347417e+02 2.215208586238458395e+02
1.056523800287836679e+02 1.985666892746899350e+02 2.215444736648798028e+02
1.056523800287836679e+02 1.985666892746899350e+02 2.215444736648798028e+02
1.056708302965466544e+02 1.985831864478637385e+02 2.215463102101150241e+02
1.056892805643096267e+02 1.985996836210375420e+02 2.215481467553502739e+02
1.057077308320726132e+02 1.986161807942113740e+02 2.215499833005854953e+02
1.057261810998355998e+02 1.986326779673851775e+02 2.215518198458207451e+02
1.057446313675985863e+02 1.986491751405589810e+02 2.215536563910559664e+02
1.057630816353615586e+02 1.986656723137327845e+02 2.215554929362911878e+02
1.057815319031245451e+02 1.986821694869066164e+02 2.215573294815264376e+02
1.057999821708875317e+02 1.986986666600804199e+02 2.215591660267616589e+02
1.058184324386505040e+02 1.987151638332542234e+02 2.215610025719969087e+02
1.058368827064134905e+02 1.987316610064280269e+02 2.215628391172321301e+02
1.058553329741764770e+02 1.987481581796018588e+02 2.215646756624673515e+02
1.058737832419394636e+02 1.987646553527756623e+02 2.215665122077026012e+02
1.058922335097024359e+02 1.987811525259494658e+02 2.215683487529378226e+02
1.059106837774654224e+02 1.987976496991232693e+02 2.215701852981730724e+02
1.059291340452284089e+02 1.988141468722971013e+02 2.215720218434082938e+02
1.059475843129913812e+02 1.988306440454709048e+02 2.215738583886435151e+02
1.059660345807543678e+02 1.988471412186447083e+02 2.215756949338787649e+02
1.059844848485173543e+02 1.988636383918185118e+02 2.215775314791139863e+02
1.060029351162803266e+02 1.988801355649923153e+02 2.215793680243492076e+02
1.060213853840433131e+02 1.988966327381661472e+02 2.215812045695844574e+02
1.060398356518062997e+02 1.989131299113399507e+02 2.215830411148196788e+02
1.060582859195692862e+02 1.989296270845137542e+02 2.215848776600549286e+02
1.060767361873322585e+02 1.989461242576875577e+02 2.215867142052901499e+02
1.060951864550952450e+02 1.989626214308613896e+02 2.215885507505253713e+02
1.061136367228582316e+02 1.989791186040351931e+02 2.215903872957606211e+02
1.061320869906212039e+02 1.989956157772089966e+02 2.215922238409958425e+02
1.061505372583841904e+02 1.990121129503828001e+02 2.215940603862310923e+02
1.061689875261471769e+02 1.990286101235566321e+02 2.215958969314663136e+02
1.061874377939101635e+02 1.990451072967304356e+02 2.215977334767015350e+02
1.062058880616731358e+02 1.990616044699042391e+02 2.215995700219367848e+02
1.062243383294361223e+02 1.990781016430780426e+02 2.216014065671720061e+02
1.062427885971991088e+02 1.990945988162518745e+02 2.216032431124072559e+02
1.062612388649620812e+02 1.991110959894256780e+02 2.216050796576424773e+02
1.062796891327250677e+02 1.991275931625994815e+02 2.216069162028776987e+02
1.062981394004880542e+02 1.991440903357732850e+02 2.216087527481129484e+02
1.063165896682510407e+02 1.991605875089471169e+02 2.216105892933481698e+02
1.063350399360140131e+02 1.991770846821209204e+02 2.216124258385834196e+02
1.063534902037769996e+02 1.991935818552947239e+02 2.216142623838186410e+02
1.063534902037769996e+02 1.991935818552947239e+02 2.216142623838186410e+02
1.063811818059436405e+02 1.991859241215576048e+02 2.216128240388035806e+02
1.064088734081102814e+02 1.991782663878204858e+02 2.216113856937885487e+02
1.064365650102769223e+02 1.991706086540833667e+02 2.216099473487734883e+02
1.064642566124435632e+02 1.991629509203462476e+02 2.216085090037584564e+02
1.064919482146102041e+02 1.991552931866091285e+02 2.216070706587433961e+02
1.065196398167768592e+02 1.991476354528720094e+02 2.216056323137283357e+02
1.065473314189435001e+02 1.991399777191348903e+02 2.216041939687133038e+02
1.065750230211101410e+02 1.991323199853977712e+02 2.216027556236982434e+02
1.066027146232767819e+02 1.991246622516606521e+02 2.216013172786832115e+02
1.066304062254434228e+02 1.991170045179235331e+02 2.215998789336681511e+02
1.066580978276100637e+02 1.991093467841864140e+02 2.215984405886530908e+02
1.066857894297767047e+02 1.991016890504492949e+02 2.215970022436380589e+02
1.067134810319433456e+02 1.990940313167121758e+02 2.215955638986229985e+02
1.067411726341099865e+02 1.990863735829750567e+02 2.215941255536079666e+02
1.067688642362766416e+02 1.990787158492379376e+02 2.215926872085929062e+02
1.067965558384432825e+02 1.990710581155008470e+02 2.215912488635778459e+02
1.068242474406099234e+02 1.990634003817637279e+02 2.215898105185628140e+02
1.068519390427765643e+02 1.990557426480266088e+02 2.215883721735477536e+02
1.068796306449432052e+02 1.990480849142894897e+02 2.215869338285327217e+02
1.069073222471098461e+02 1.990404271805523706e+02 2.215854954835176613e+02
1.069350138492764870e+02 1.990327694468152515e+02 2.215840571385026010e+02
1.069627054514431279e+02 1.990251117130781324e+02 2.215826187934875691e+02
1.069903970536097688e+02 1.990174539793410133e+02 2.215811804484725087e+02
1.070180886557764097e+02 1.990097962456038942e+02 2.215797421034574768e+02
1.070457802579430506e+02 1.990021385118667752e+02 2.215783037584424164e+02
1.070734718601097057e+02 1.989944807781296561e+02 2.215768654134273561e+02
1.071011634622763466e+02 1.989868230443925370e+02 2.215754270684123242e+02
1.071288550644429876e+02 1.989791653106554179e+02 2.215739887233972638e+02
1.071565466666096285e+02 1.989715075769182988e+02 2.215725503783822319e+02
1.071842382687762694e+02 1.989638498431811797e+02 2.215711120333671715e+02
1.071842382687762694e+02 1.989638498431811797e+02 2.215711120333671715e+02
1.072049083491097861e+02 1.989520760303568636e+02 2.215588560748012128e+02
1.072255784294433028e+02 1.989403022175325475e+02 2.215466001162352541e+02
1.072462485097768337e+02 1.989285284047082314e+02 2.215343441576692953e+02
1.072669185901103504e+02 1.989167545918839153e+02 2.215220881991033366e+02
1.072875886704438670e+02 1.989049807790595708e+02 2.215098322405373779e+02
1.073082587507773837e+02 1.988932069662352546e+02 2.214975762819714191e+02
1.073289288311109004e+02 1.988814331534109385e+02 2.214853203234054604e+02
1.073495989114444171e+02 1.988696593405866224e+02 2.214730643648395016e+02
1.073702689917779480e+02 1.988578855277623063e+02 2.214608084062735429e+02
1.073909390721114647e+02 1.988461117149379902e+02 2.214485524477075842e+02
1.074116091524449814e+02 1.988343379021136741e+02 2.214362964891416254e+02
1.074322792327784981e+02 1.988225640892893580e+02 2.214240405305756667e+02
1.074529493131120148e+02 1.988107902764650419e+02 2.214117845720097080e+02
1.074736193934455457e+02 1.987990164636406973e+02 2.213995286134437492e+02
1.074942894737790624e+02 1.987872426508163812e+02 2.213872726548777905e+02
1.075149595541125791e+02 1.987754688379920651e+02 2.213750166963118318e+02
1.075356296344460958e+02 1.987636950251677490e+02 2.213627607377458730e+02
1.075562997147796125e+02 1.987519212123434329e+02 2.213505047791799143e+02
1.075769697951131434e+02 1.987401473995191168e+02 2.213382488206139556e+02
1.075976398754466601e+02 1.987283735866948007e+02 2.213259928620479968e+02
1.076183099557801768e+02 1.987165997738704846e+02 2.213137369034820381e+02
1.076389800361136935e+02 1.987048259610461685e+02 2.213014809449160794e+02
1.076596501164472102e+02 1.986930521482218239e+02 2.212892249863501206e+02
1.076803201967807269e+02 1.986812783353975078e+02 2.212769690277841619e+02
1.077009902771142578e+02 1.986695045225731917e+02 2.212647130692182031e+02
1.077216603574477745e+02 1.986577307097488756e+02 2.212524571106522444e+02
1.077423304377812912e+02 1.986459568969245595e+02 2.212402011520862857e+02
1.077423304377812912e+02 1.986459568969245595e+02 2.212402011520862857e+02
1.077634265712843131e+02 1.986151672029881752e+02 2.212407237338864547e+02
1.077845227047873493e+02 1.985843775090517909e+02 2.212412463156866238e+02
1.078056188382903713e+02 1.985535878151154066e+02 2.212417688974867929e+02
1.078267149717934075e+02 1.985227981211790222e+02 2.212422914792869619e+02
1.078478111052964294e+02 1.984920084272426379e+02 2.212428140610871310e+02
1.078689072387994514e+02 1.984612187333062252e+02 2.212433366428873001e+02
1.078900033723024876e+02 1.984304290393698409e+02 2.212438592246874691e+02
1.079110995058055096e+02 1.983996393454334566e+02 2.212443818064876382e+02
1.079321956393085458e+02 1.983688496514970723e+02 2.212449043882878073e+02
1.079532917728115677e+02 1.983380599575606880e+02 2.212454269700879763e+02
1.079743879063145897e+02 1.983072702636243037e+02 2.212459495518881454e+02
1.079954840398176259e+02 1.982764805696879193e+02 2.212464721336883429e+02
1.080165801733206479e+02 1.982456908757515350e+02 2.212469947154885119e+02
1.080376763068236698e+02 1.982149011818151507e+02 2.212475172972886810e+02
1.080587724403267060e+02 1.981841114878787664e+02 2.212480398790888501e+02
1.080798685738297280e+02 1.981533217939423821e+02 2.212485624608890191e+02
1.081009647073327642e+02 1.981225321000059978e+02 2.212490850426891882e+02
1.081220608408357862e+02 1.980917424060695851e+02 2.212496076244893572e+02
1.081431569743388081e+02 1.980609527121332007e+02 2.212501302062895263e+02
1.081642531078418443e+02 1.980301630181968164e+02 2.212506527880896954e+02
1.081853492413448663e+02 1.979993733242604321e+02 2.212511753698898644e+02
1.082064453748479025e+02 1.979685836303240478e+02 2.212516979516900335e+02
1.082275415083509245e+02 1.979377939363876635e+02 2.212522205334902026e+02
1.082275415083509245e+02 1.979377939363876635e+02 2.212522205334902026e+02
1.082407989134542845e+02 1.979155541864377881e+02 2.212269834676495464e+02
1.082540563185576445e+02 1.978933144364879411e+02 2.212017464018088901e+02
1.082673137236610046e+02 1.978710746865380656e+02 2.211765093359682623e+02
1.082805711287643646e+02 1.978488349365881902e+02 2.211512722701276061e+02
1.082938285338677389e+02 1.978265951866383432e+02 2.211260352042869499e+02
1.083070859389710989e+02 1.978043554366884678e+02 2.211007981384462937e+02
1.083203433440744590e+02 1.977821156867386208e+02 2.210755610726056375e+02
1.083336007491778190e+02 1.977598759367887453e+02 2.210503240067649813e+02
1.083468581542811791e+02 1.977376361868388699e+02 2.210250869409243535e+02
1.083601155593845391e+02 1.977153964368890229e+02 2.209998498750836973e+02
1.083733729644878991e+02 1.976931566869391474e+02 2.209746128092430411e+02
1.083866303695912592e+02 1.976709169369892720e+02 2.209493757434023848e+02
1.083998877746946192e+02 1.976486771870394250e+02 2.209241386775617286e+02
1.084131451797979935e+02 1.976264374370895496e+02 2.208989016117211008e+02
1.084264025849013535e+02 1.976041976871397026e+02 2.208736645458804446e+02
1.084396599900047136e+02 1.975819579371898271e+02 2.208484274800397884e+02
1.084529173951080736e+02 1.975597181872399517e+02 2.208231904141991322e+02
1.084661748002114336e+02 1.975374784372901047e+02 2.207979533483584760e+02
1.084794322053147937e+02 1.975152386873402293e+02 2.207727162825178482e+02
1.084926896104181537e+02 1.974929989373903538e+02 2.207474792166771920e+02
1.085059470155215138e+02 1.974707591874405068e+02 2.207222421508365358e+02
1.085192044206248738e+02 1.974485194374906314e+02 2.206970050849958795e+02
1.085324618257282481e+02 1.974262796875407844e+02 2.206717680191552233e+02
1.085457192308316081e+02 1.974040399375909089e+02 2.206465309533145671e+02
1.085589766359349682e+02 1.973818001876410335e+02 2.206212938874739393e+02
1.085722340410383282e+02 1.973595604376911865e+02 2.205960568216332831e+02
1.085854914461416882e+02 1.973373206877413111e+02 2.205708197557926269e+02
1.085854914461416882e+02 1.973373206877413111e+02 2.205708197557926269e+02
1.085988626898145384e+02 1.973264393752335195e+02 2.205524062152831846e+02
1.086122339334873885e+02 1.973155580627257564e+02 2.205339926747737422e+02
1.086256051771602387e+02 1.973046767502179648e+02 2.205155791342642999e+02
1.086389764208330888e+02 1.972937954377101732e+02 2.204971655937548576e+02
1.086523476645059390e+02 1.972829141252023817e+02 2.204787520532454153e+02
1.086657189081787749e+02 1.972720328126946185e+02 2.204603385127360013e+02
1.086790901518516250e+02 1.972611515001868270e+02 2.204419249722265590e+02
1.086924613955244752e+02 1.972502701876790354e+02 2.204235114317171167e+02
1.087058326391973253e+02 1.972393888751712439e+02 2.204050978912076744e+02
1.087192038828701754e+02 1.972285075626634807e+02 2.203866843506982320e+02
1.087325751265430256e+02 1.972176262501556891e+02 2.203682708101887897e+02
1.087459463702158757e+02 1.972067449376478976e+02 2.203498572696793474e+02
1.087593176138887259e+02 1.971958636251401060e+02 2.203314437291699051e+02
1.087726888575615760e+02 1.971849823126323429e+02 2.203130301886604627e+02
1.087860601012344262e+02 1.971741010001245513e+02 2.202946166481510204e+02
1.087994313449072621e+02 1.971632196876167598e+02 2.202762031076416065e+02
1.088128025885801122e+02 1.971523383751089682e+02 2.202577895671321642e+02
1.088261738322529624e+02 1.971414570626012051e+02 2.202393760266227218e+02
1.088395450759258125e+02 1.971305757500934135e+02 2.202209624861132795e+02
1.088529163195986627e+02 1.971196944375856219e+02 2.202025489456038372e+02
1.088662875632715128e+02 1.971088131250778304e+02 2.201841354050943949e+02
1.088796588069443629e+02 1.970979318125700672e+02 2.201657218645849525e+02
1.088930300506172131e+02 1.970870505000622757e+02 2.201473083240755102e+02
1.089064012942900632e+02 1.970761691875544841e+02 2.201288947835660679e+02
1.089197725379629134e+02 1.970652878750466925e+02 2.201104812430566255e+02
1.089331437816357493e+02 1.970544065625389294e+02 2.200920677025472116e+02
1.089465150253085994e+02 1.970435252500311378e+02 2.200736541620377693e+02
1.089598862689814496e+02 1.970326439375233463e+02 2.200552406215283270e+02
1.089732575126542997e+02 1.970217626250155547e+02 2.200368270810188847e+02
1.089866287563271499e+02 1.970108813125077916e+02 2.200184135405094423e+02
1.090000000000000000e+02 1.970000000000000000e+02 2.200000000000000000e+02
1.090000000000000000e+02 1.970000000000000000e+02 2.200000000000000000e+02
1.090000000000000000e+02 1.970000000000000000e+02 2.200000000000000000e+02
1.090000000000000000e+02 1.970000000000000000e+02 2.200000000000000000e+02
1.090000000000000000e+02 1.970000000000000000e+02 2.200000000000000000e+02
1.090000000000000000e+02 1.970000000000000000e+02 2.200000000000000000e+02
1.090000000000000000e+02 1.970000000000000000e+02 2.200000000000000000e+02
1.090000000000000000e+02 1.970000000000000000e+02 2.200000000000000000e+02
1.090000000000000000e+02 1.970000000000000000e+02 2.200000000000000000e+02
1.090000000000000000e+02 1.970000000000000000e+02 2.200000000000000000e+02
1.090000000000000000e+02 1.970000000000000000e+02 2.200000000000000000e+02
1.090000000000000000e+02 1.970000000000000000e+02 2.200000000000000000e+02
1.090000000000000000e+02 1.970000000000000000e+02 2.200000000000000000e+02
1.090000000000000000e+02 1.970000000000000000e+02 2.200000000000000000e+02
1.090000000000000000e+02 1.970000000000000000e+02 2.200000000000000000e+02
1.090000000000000000e+02 1.970000000000000000e+02 2.200000000000000000e+02
1.090000000000000000e+02 1.970000000000000000e+02 2.200000000000000000e+02
1.090000000000000000e+02 1.970000000000000000e+02 2.200000000000000000e+02
1.090000000000000000e+02 1.970000000000000000e+02 2.200000000000000000e+02
1.090000000000000000e+02 1.970000000000000000e+02 2.200000000000000000e+02
1.090000000000000000e+02 1.970000000000000000e+02 2.200000000000000000e+02
1.090000000000000000e+02 1.970000000000000000e+02 2.200000000000000000e+02
1.090000000000000000e+02 1.970000000000000000e+02 2.200000000000000000e+02
1.090000000000000000e+02 1.970000000000000000e+02 2.200000000000000000e+02
1.090000000000000000e+02 1.970000000000000000e+02 2.200000000000000000e+02
1.090000000000000000e+02 1.970000000000000000e+02 2.200000000000000000e+02
1.090000000000000000e+02 1.970000000000000000e+02 2.200000000000000000e+02
1.090000000000000000e+02 1.970000000000000000e+02 2.200000000000000000e+02
1.090224402595503079e+02 1.969793476238203596e+02 2.200069436704540351e+02
1.090448805191006159e+02 1.969586952476406907e+02 2.200138873409080418e+02
1.090673207786509238e+02 1.969380428714610503e+02 2.200208310113620769e+02
1.090897610382012175e+02 1.969173904952814098e+02 2.200277746818161120e+02
1.091122012977515254e+02 1.968967381191017409e+02 2.200347183522701187e+02
1.091346415573018334e+02 1.968760857429221005e+02 2.200416620227241538e+02
1.091570818168521413e+02 1.968554333667424316e+02 2.200486056931781604e+02
1.091795220764024492e+02 1.968347809905627912e+02 2.200555493636321955e+02
1.092019623359527571e+02 1.968141286143831508e+02 2.200624930340862306e+02
1.092244025955030509e+02 1.967934762382034819e+02 2.200694367045402373e+02
1.092468428550533588e+02 1.967728238620238415e+02 2.200763803749942724e+02
1.092692831146036667e+02 1.967521714858442010e+02 2.200833240454483075e+02
1.092917233741539746e+02 1.967315191096645322e+02 2.200902677159023142e+02
1.093141636337042826e+02 1.967108667334848917e+02 2.200972113863563493e+02
1.093366038932545905e+02 1.966902143573052513e+02 2.201041550568103844e+02
1.093590441528048842e+02 1.966695619811255824e+02 2.201110987272643911e+02
1.093814844123551921e+02 1.966489096049459420e+02 2.201180423977184262e+02
1.094039246719055001e+02 1.966282572287663015e+02 2.201249860681724613e+02
1.094263649314558080e+02 1.966076048525866327e+02 2.201319297386264680e+02
1.094488051910061159e+02 1.965869524764069922e+02 2.201388734090805031e+02
1.094712454505564239e+02 1.965663001002273234e+02 2.201458170795345097e+02
1.094936857101067176e+02 1.965456477240476829e+02 2.201527607499885448e+02
1.095161259696570255e+02 1.965249953478680425e+02 2.201597044204425799e+02
1.095385662292073334e+02 1.965043429716883736e+02 2.201666480908965866e+02
1.095610064887576414e+02 1.964836905955087332e+02 2.201735917613506217e+02
1.095610064887576414e+02 1.964836905955087332e+02 2.201735917613506217e+02
1.095780708311226732e+02 1.964683617661424364e+02 2.201504646076928964e+02
1.095951351734877051e+02 1.964530329367761396e+02 2.201273374540351710e+02
1.096121995158527369e+02 1.964377041074098713e+02 2.201042103003774173e+02
1.096292638582177688e+02 1.964223752780435746e+02 2.200810831467196920e+02
1.096463282005828006e+02 1.964070464486772778e+02 2.200579559930619666e+02
1.096633925429478325e+02 1.963917176193109810e+02 2.200348288394042413e+02
1.096804568853128643e+02 1.963763887899447127e+02 2.200117016857464876e+02
1.096975212276778961e+02 1.963610599605784159e+02 2.199885745320887622e+02
1.097145855700429280e+02 1.963457311312121192e+02 2.199654473784310369e+02
1.097316499124079598e+02 1.963304023018458224e+02 2.199423202247733116e+02
1.097487142547729775e+02 1.963150734724795541e+02 2.199191930711155578e+02
1.097657785971380093e+02 1.962997446431132573e+02 2.198960659174578325e+02
1.097828429395030412e+02 1.962844158137469606e+02 2.198729387638001072e+02
1.097999072818680730e+02 1.962690869843806638e+02 2.198498116101423818e+02
1.098169716242331049e+02 1.962537581550143955e+02 2.198266844564846281e+02
1.098340359665981367e+02 1.962384293256480987e+02 2.198035573028269027e+02
1.098511003089631686e+02 1.962231004962818020e+02 2.197804301491691774e+02
1.098681646513282004e+02 1.962077716669155052e+02 2.197573029955114521e+02
1.098852289936932323e+02 1.961924428375492369e+02 2.197341758418536983e+02
1.099022933360582641e+02 1.961771140081829401e+02 2.197110486881959730e+02
1.099193576784232960e+02 1.961617851788166433e+02 2.196879215345382477e+02
1.099193576784232960e+02 1.961617851788166433e+02 2.196879215345382477e+02
1.099459303909106751e+02 1.961444281565422898e+02 2.196863325883298899e+02
1.099725031033980400e+02 1.961270711342679647e+02 2.196847436421215320e+02
1.099990758158854192e+02 1.961097141119936111e+02 2.196831546959131742e+02
1.100256485283727983e+02 1.960923570897192576e+02 2.196815657497048164e+02
1.100522212408601632e+02 1.960750000674449041e+02 2.196799768034964586e+02
1.100787939533475424e+02 1.960576430451705789e+02 2.196783878572881008e+02
1.101053666658349215e+02 1.960402860228962254e+02 2.196767989110797430e+02
1.101319393783223006e+02 1.960229290006218719e+02 2.196752099648713852e+02
1.101585120908096656e+02 1.960055719783475467e+02 2.196736210186630274e+02
1.101850848032970447e+02 1.959882149560731932e+02 2.196720320724546696e+02
1.102116575157844238e+02 1.959708579337988397e+02 2.196704431262463117e+02
1.102382302282717887e+02 1.959535009115244861e+02 2.196688541800379539e+02
1.102648029407591679e+02 1.959361438892501610e+02 2.196672652338295961e+02
1.102913756532465470e+02 1.959187868669758075e+02 2.196656762876212383e+02
1.103179483657339119e+02 1.959014298447014539e+02 2.196640873414128805e+02
1.103445210782212911e+02 1.958840728224271288e+02 2.196624983952045227e+02
1.103710937907086702e+02 1.958667158001527753e+02 2.196609094489961649e+02
1.103976665031960351e+02 1.958493587778784217e+02 2.196593205027878071e+02
1.104242392156834143e+02 1.958320017556040682e+02 2.196577315565794493e+02
1.104508119281707934e+02 1.958146447333297431e+02 2.196561426103710915e+02
1.104773846406581583e+02 1.957972877110553895e+02 2.196545536641627336e+02
1.105039573531455375e+02 1.957799306887810360e+02 2.196529647179543758e+02
1.105305300656329166e+02 1.957625736665066825e+02 2.196513757717460180e+02
1.105571027781202815e+02 1.957452166442323573e+02 2.196497868255376602e+02
1.105836754906076607e+02 1.957278596219580038e+02 2.196481978793293024e+02
1.106102482030950398e+02 1.957105025996836503e+02 2.196466089331209446e+02
1.106368209155824189e+02 1.956931455774093251e+02 2.196450199869125868e+02
1.106633936280697839e+02 1.956757885551349716e+02 2.196434310407042290e+02
1.106899663405571630e+02 1.956584315328606181e+02 2.196418420944958712e+02
1.107165390530445421e+02 1.956410745105862645e+02 2.196402531482875133e+02
1.107431117655319071e+02 1.956237174883119394e+02 2.196386642020791555e+02
1.107696844780192862e+02 1.956063604660375859e+02 2.196370752558707977e+02
1.107696844780192862e+02 1.956063604660375859e+02 2.196370752558707977e+02
1.107986673188559195e+02 1.955925431207467113e+02 2.196381675596325351e+02
1.108276501596925385e+02 1.955787257754558084e+02 2.196392598633942441e+02
1.108566330005291718e+02 1.955649084301649339e+02 2.196403521671559815e+02
1.108856158413657909e+02 1.955510910848740309e+02 2.196414444709177189e+02
1.109145986822024241e+02 1.955372737395831564e+02 2.196425367746794564e+02
1.109435815230390432e+02 1.955234563942922819e+02 2.196436290784411653e+02
1.109725643638756765e+02 1.955096390490013789e+02 2.196447213822029028e+02
1.110015472047122955e+02 1.954958217037105044e+02 2.196458136859646402e+02
1.110305300455489288e+02 1.954820043584196014e+02 2.196469059897263492e+02
1.110595128863855621e+02 1.954681870131287269e+02 2.196479982934880866e+02
1.110884957272221811e+02 1.954543696678378524e+02 2.196490905972498240e+02
1.111174785680588144e+02 1.954405523225469494e+02 2.196501829010115330e+02
1.111464614088954335e+02 1.954267349772560749e+02 2.196512752047732704e+02
1.111754442497320667e+02 1.954129176319651719e+02 2.196523675085350078e+02
1.112044270905686858e+02 1.953991002866742974e+02 2.196534598122967452e+02
1.112334099314053191e+02 1.953852829413833945e+02 2.196545521160584542e+02
1.112623927722419381e+02 1.953714655960925199e+02 2.196556444198201916e+02
1.112913756130785714e+02 1.953576482508016454e+02 2.196567367235819290e+02
1.113203584539152047e+02 1.953438309055107425e+02 2.196578290273436380e+02
1.113493412947518237e+02 1.953300135602198679e+02 2.196589213311053754e+02
1.113783241355884570e+02 1.953161962149289650e+02 2.196600136348671128e+02
1.114073069764250761e+02 1.953023788696380905e+02 2.196611059386288218e+02
1.114362898172617093e+02 1.952885615243472159e+02 2.196621982423905592e+02
1.114652726580983284e+02 1.952747441790563130e+02 2.196632905461522967e+02
1.114942554989349617e+02 1.952609268337654385e+02 2.196643828499140341e+02
1.115232383397715807e+02 1.952471094884745355e+02 2.196654751536757431e+02
1.115522211806082140e+02 1.952332921431836610e+02 2.196665674574374805e+02
1.115522211806082140e+02 1.952332921431836610e+02 2.196665674574374805e+02
1.115749741209177017e+02 1.952100971395070417e+02 2.196666324407802904e+02
1.115977270612272036e+02 1.951869021358304224e+02 2.196666974241231287e+02
1.116204800015366914e+02 1.951637071321538031e+02 2.196667624074659386e+02
1.116432329418461791e+02 1.951405121284772122e+02 2.196668273908087770e+02
1.116659858821556668e+02 1.951173171248005929e+02 2.196668923741515869e+02
1.116887388224651687e+02 1.950941221211239736e+02 2.196669573574944252e+02
1.117114917627746564e+02 1.950709271174473542e+02 2.196670223408372351e+02
1.117342447030841441e+02 1.950477321137707349e+02 2.196670873241800734e+02
1.117569976433936318e+02 1.950245371100941156e+02 2.196671523075228833e+02
1.117797505837031338e+02 1.950013421064175247e+02 2.196672172908657217e+02
1.118025035240126215e+02 1.949781471027409054e+02 2.196672822742085316e+02
1.118252564643221092e+02 1.949549520990642861e+02 2.196673472575513699e+02
1.118480094046315969e+02 1.949317570953876668e+02 2.196674122408941798e+02
1.118707623449410988e+02 1.949085620917110475e+02 2.196674772242370182e+02
1.118935152852505865e+02 1.948853670880344282e+02 2.196675422075798281e+02
1.119162682255600743e+02 1.948621720843578373e+02 2.196676071909226664e+02
1.119390211658695620e+02 1.948389770806812180e+02 2.196676721742654763e+02
1.119617741061790639e+02 1.948157820770045987e+02 2.196677371576083146e+02
1.119845270464885516e+02 1.947925870733279794e+02 2.196678021409511246e+02
1.119845270464885516e+02 1.947925870733279794e+02 2.196678021409511246e+02
1.120074455797215336e+02 1.947692232594484949e+02 2.196678675972342205e+02
1.120303641129545298e+02 1.947458594455690388e+02 2.196679330535173165e+02
1.120532826461875118e+02 1.947224956316895543e+02 2.196679985098004124e+02
1.120762011794205080e+02 1.946991318178100698e+02 2.196680639660835084e+02
1.120991197126534900e+02 1.946757680039306138e+02 2.196681294223665759e+02
1.121220382458864719e+02 1.946524041900511293e+02 2.196681948786496719e+02
1.121449567791194681e+02 1.946290403761716448e+02 2.196682603349327678e+02
1.121678753123524501e+02 1.946056765622921603e+02 2.196683257912158638e+02
1.121907938455854463e+02 1.945823127484127042e+02 2.196683912474989597e+02
1.122137123788184283e+02 1.945589489345332197e+02 2.196684567037820557e+02
1.122366309120514103e+02 1.945355851206537352e+02 2.196685221600651516e+02
1.122595494452844065e+02 1.945122213067742791e+02 2.196685876163482476e+02
1.122824679785173885e+02 1.944888574928947946e+02 2.196686530726313435e+02
1.123053865117503847e+02 1.944654936790153101e+02 2.196687185289144395e+02
1.123283050449833667e+02 1.944421298651358256e+02 2.196687839851975355e+02
1.123512235782163486e+02 1.944187660512563696e+02 2.196688494414806030e+02
1.123741421114493448e+02 1.943954022373768851e+02 2.196689148977636989e+02
1.123970606446823268e+02 1.943720384234974006e+02 2.196689803540467949e+02
1.124199791779153230e+02 1.943486746096179445e+02 2.196690458103298909e+02
1.124428977111483050e+02 1.943253107957384600e+02 2.196691112666129868e+02
1.124428977111483050e+02 1.943253107957384600e+02 2.196691112666129868e+02
1.124754194209252915e+02 1.943249185710107838e+02 2.196668289829094931e+02
1.125079411307022781e+02 1.943245263462831076e+02 2.196645466992060278e+02
1.125404628404792646e+02 1.943241341215554030e+02 2.196622644155025341e+02
1.125729845502562512e+02 1.943237418968277268e+02 2.196599821317990404e+02
1.126055062600332377e+02 1.943233496721000506e+02 2.196576998480955467e+02
1.126380279698102385e+02 1.943229574473723744e+02 2.196554175643920814e+02
1.126705496795872250e+02 1.943225652226446982e+02 2.196531352806885877e+02
1.127030713893642115e+02 1.943221729979169936e+02 2.196508529969850940e+02
1.127355930991411981e+02 1.943217807731893174e+02 2.196485707132816287e+02
1.127681148089181846e+02 1.943213885484616412e+02 2.196462884295781350e+02
1.128006365186951712e+02 1.943209963237339650e+02 2.196440061458746413e+02
1.128331582284721577e+02 1.943206040990062888e+02 2.196417238621711476e+02
1.128656799382491442e+02 1.943202118742786126e+02 2.196394415784676823e+02
1.128982016480261308e+02 1.943198196495509080e+02 2.196371592947641886e+02
1.129307233578031173e+02 1.943194274248232318e+02 2.196348770110606949e+02
1.129632450675801181e+02 1.943190352000955556e+02 2.196325947273572297e+02
1.129957667773571046e+02 1.943186429753678794e+02 2.196303124436537360e+02
1.130282884871340912e+02 1.943182507506402033e+02 2.196280301599502423e+02
1.130608101969110777e+02 1.943178585259124986e+02 2.196257478762467485e+02
1.130933319066880642e+02 1.943174663011848224e+02 2.196234655925432833e+02
1.131258536164650508e+02 1.943170740764571462e+02 2.196211833088397896e+02
1.131258536164650508e+02 1.943170740764571462e+02 2.196211833088397896e+02
1.131529385238692527e+02 1.943275688180838472e+02 2.196087315490330809e+02
1.131800234312734545e+02 1.943380635597105481e+02 2.195962797892264007e+02
1.132071083386776564e+02 1.943485583013372491e+02 2.195838280294196920e+02
1.132341932460818583e+02 1.943590530429639784e+02 2.195713762696129834e+02
1.132612781534860602e+02 1.943695477845906794e+02 2.195589245098062747e+02
1.132883630608902621e+02 1.943800425262173803e+02 2.195464727499995661e+02
1.133154479682944782e+02 1.943905372678440813e+02 2.195340209901928858e+02
1.133425328756986801e+02 1.944010320094707822e+02 2.195215692303861772e+02
1.133696177831028820e+02 1.944115267510974832e+02 2.195091174705794685e+02
1.133967026905070838e+02 1.944220214927241841e+02 2.194966657107727883e+02
1.134237875979112857e+02 1.944325162343509135e+02 2.194842139509660797e+02
1.134508725053154876e+02 1.944430109759776144e+02 2.194717621911593710e+02
1.134779574127196895e+02 1.944535057176043154e+02 2.194593104313526624e+02
1.135050423201238914e+02 1.944640004592310163e+02 2.194468586715459537e+02
1.135321272275280933e+02 1.944744952008577172e+02 2.194344069117392735e+02
1.135592121349322952e+02 1.944849899424844182e+02 2.194219551519325648e+02
1.135862970423364970e+02 1.944954846841111191e+02 2.194095033921258562e+02
1.136133819497406989e+02 1.945059794257378485e+02 2.193970516323191760e+02
1.136404668571449008e+02 1.945164741673645494e+02 2.193845998725124673e+02
1.136675517645491027e+02 1.945269689089912504e+02 2.193721481127057586e+02
1.136946366719533046e+02 1.945374636506179513e+02 2.193596963528990500e+02
1.137217215793575207e+02 1.945479583922446523e+02 2.193472445930923413e+02
1.137488064867617226e+02 1.945584531338713532e+02 2.193347928332856611e+02
1.137758913941659245e+02 1.945689478754980541e+02 2.193223410734789525e+02
1.138029763015701263e+02 1.945794426171247835e+02 2.193098893136722438e+02
1.138300612089743282e+02 1.945899373587514845e+02 2.192974375538655636e+02
1.138571461163785301e+02 1.946004321003781854e+02 2.192849857940588549e+02
1.138842310237827320e+02 1.946109268420048863e+02 2.192725340342521463e+02
1.138842310237827320e+02 1.946109268420048863e+02 2.192725340342521463e+02
1.139125562689080056e+02 1.945974230003852483e+02 2.192736015545817452e+02
1.139408815140332649e+02 1.945839191587656103e+02 2.192746690749113156e+02
1.139692067591585385e+02 1.945704153171460007e+02 2.192757365952409145e+02
1.139975320042837978e+02 1.945569114755263627e+02 2.192768041155704850e+02
1.140258572494090714e+02 1.945434076339067246e+02 2.192778716359000839e+02
1.140541824945343308e+02 1.945299037922870866e+02 2.192789391562296544e+02
1.140825077396596043e+02 1.945163999506674770e+02 2.192800066765592533e+02
1.141108329847848637e+02 1.945028961090478390e+02 2.192810741968888237e+02
1.141391582299101373e+02 1.944893922674282010e+02 2.192821417172184226e+02
1.141674834750353966e+02 1.944758884258085629e+02 2.192832092375479931e+02
1.141958087201606702e+02 1.944623845841889533e+02 2.192842767578775920e+02
1.142241339652859295e+02 1.944488807425693153e+02 2.192853442782071625e+02
1.142524592104112031e+02 1.944353769009496773e+02 2.192864117985367614e+02
1.142807844555364767e+02 1.944218730593300393e+02 2.192874793188663602e+02
1.143091097006617360e+02 1.944083692177104012e+02 2.192885468391959307e+02
1.143374349457870096e+02 1.943948653760907916e+02 2.192896143595255296e+02
1.143657601909122690e+02 1.943813615344711536e+02 2.192906818798551001e+02
1.143940854360375425e+02 1.943678576928515156e+02 2.192917494001846990e+02
1.144224106811628019e+02 1.943543538512318776e+02 2.192928169205142694e+02
1.144507359262880755e+02 1.943408500096122680e+02 2.192938844408438683e+02
1.144790611714133348e+02 1.943273461679926299e+02 2.192949519611734388e+02
1.145073864165386084e+02 1.943138423263729919e+02 2.192960194815030377e+02
1.145357116616638677e+02 1.943003384847533539e+02 2.192970870018326082e+02
1.145640369067891413e+02 1.942868346431337443e+02 2.192981545221622071e+02
1.145923621519144007e+02 1.942733308015141063e+02 2.192992220424917775e+02
1.146206873970396742e+02 1.942598269598944682e+02 2.193002895628213764e+02
1.146206873970396742e+02 1.942598269598944682e+02 2.193002895628213764e+02
1.146501843601435837e+02 1.942457645107875237e+02 2.193014012427957198e+02
1.146796813232475074e+02 1.942317020616806076e+02 2.193025129227700916e+02
1.147091782863514169e+02 1.942176396125736630e+02 2.193036246027444349e+02
1.147386752494553406e+02 1.942035771634667469e+02 2.193047362827188067e+02
1.147681722125592501e+02 1.941895147143598024e+02 2.193058479626931501e+02
1.147976691756631737e+02 1.941754522652528863e+02 2.193069596426675218e+02
1.148271661387670832e+02 1.941613898161459417e+02 2.193080713226418652e+02
1.148566631018709927e+02 1.941473273670390256e+02 2.193091830026162086e+02
1.148861600649749164e+02 1.941332649179320811e+02 2.193102946825905804e+02
1.149156570280788259e+02 1.941192024688251649e+02 2.193114063625649237e+02
1.149451539911827496e+02 1.941051400197182204e+02 2.193125180425392955e+02
1.149746509542866590e+02 1.940910775706113043e+02 2.193136297225136389e+02
1.150041479173905685e+02 1.940770151215043597e+02 2.193147414024879822e+02
1.150336448804944922e+02 1.940629526723974436e+02 2.193158530824623540e+02
1.150631418435984017e+02 1.940488902232904991e+02 2.193169647624366974e+02
1.150926388067023254e+02 1.940348277741835830e+02 2.193180764424110691e+02
1.151221357698062349e+02 1.940207653250766384e+02 2.193191881223854125e+02
1.151516327329101586e+02 1.940067028759697223e+02 2.193202998023597843e+02
1.151811296960140680e+02 1.939926404268627778e+02 2.193214114823341276e+02
1.151811296960140680e+02 1.939926404268627778e+02 2.193214114823341276e+02
1.152070313670639337e+02 1.940069054219497673e+02 2.193117697902172836e+02
1.152329330381137851e+02 1.940211704170367284e+02 2.193021280981004111e+02
1.152588347091636507e+02 1.940354354121237179e+02 2.192924864059835670e+02
1.152847363802135021e+02 1.940497004072107075e+02 2.192828447138666945e+02
1.153106380512633677e+02 1.940639654022976970e+02 2.192732030217498504e+02
1.153365397223132192e+02 1.940782303973846865e+02 2.192635613296329780e+02
1.153624413933630848e+02 1.940924953924716476e+02 2.192539196375161339e+02
1.153883430644129362e+02 1.941067603875586371e+02 2.192442779453992898e+02
1.154142447354628018e+02 1.941210253826456267e+02 2.192346362532824173e+02
1.154401464065126532e+02 1.941352903777325878e+02 2.192249945611655733e+02
1.154660480775625189e+02 1.941495553728195773e+02 2.192153528690487008e+02
1.154919497486123703e+02 1.941638203679065668e+02 2.192057111769318567e+02
1.155178514196622359e+02 1.941780853629935564e+02 2.191960694848149842e+02
1.155437530907120873e+02 1.941923503580805459e+02 2.191864277926981401e+02
1.155696547617619530e+02 1.942066153531675070e+02 2.191767861005812676e+02
1.155955564328118044e+02 1.942208803482544965e+02 2.191671444084644236e+02
1.156214581038616700e+02 1.942351453433414861e+02 2.191575027163475795e+02
1.156473597749115356e+02 1.942494103384284472e+02 2.191478610242307070e+02
1.156732614459613870e+02 1.942636753335154367e+02 2.191382193321138629e+02
1.156991631170112527e+02 1.942779403286024262e+02 2.191285776399969905e+02
1.157250647880611041e+02 1.942922053236894158e+02 2.191189359478801464e+02
1.157509664591109697e+02 1.943064703187764053e+02 2.191092942557632739e+02
1.157768681301608211e+02 1.943207353138633664e+02 2.190996525636464298e+02
1.158027698012106868e+02 1.943350003089503559e+02 2.190900108715295573e+02
1.158286714722605382e+02 1.943492653040373455e+02 2.190803691794127133e+02
1.158545731433104038e+02 1.943635302991243066e+02 2.190707274872958692e+02
1.158804748143602552e+02 1.943777952942112961e+02 2.190610857951789967e+02
1.159063764854101208e+02 1.943920602892982856e+02 2.190514441030621526e+02
1.159322781564599723e+02 1.944063252843852752e+02 2.190418024109452801e+02
1.159581798275098379e+02 1.944205902794722647e+02 2.190321607188284361e+02
1.159840814985596893e+02 1.944348552745592258e+02 2.190225190267115636e+02
1.160099831696095549e+02 1.944491202696462153e+02 2.190128773345947195e+02
1.160099831696095549e+02 1.944491202696462153e+02 2.190128773345947195e+02
1.160403253929851388e+02 1.944410473707895619e+02 2.190241534353867223e+02
1.160706676163607369e+02 1.944329744719329369e+02 2.190354295361786967e+02
1.161010098397363208e+02 1.944249015730762835e+02 2.190467056369706995e+02
1.161313520631119189e+02 1.944168286742196301e+02 2.190579817377626739e+02
1.161616942864875028e+02 1.944087557753630051e+02 2.190692578385546767e+02
1.161920365098631009e+02 1.944006828765063517e+02 2.190805339393466511e+02
1.162223787332386848e+02 1.943926099776496983e+02 2.190918100401386539e+02
1.162527209566142687e+02 1.943845370787930733e+02 2.191030861409306567e+02
1.162830631799898669e+02 1.943764641799364199e+02 2.191143622417226311e+02
1.163134054033654508e+02 1.943683912810797665e+02 2.191256383425146339e+02
1.163437476267410489e+02 1.943603183822231131e+02 2.191369144433066083e+02
1.163740898501166328e+02 1.943522454833664881e+02 2.191481905440986111e+02
1.164044320734922309e+02 1.943441725845098347e+02 2.191594666448905855e+02
1.164347742968678148e+02 1.943360996856531813e+02 2.191707427456825883e+02
1.164651165202434129e+02 1.943280267867965563e+02 2.191820188464745627e+02
1.164954587436189968e+02 1.943199538879399029e+02 2.191932949472665655e+02
1.164954587436189968e+02 1.943199538879399029e+02 2.191932949472665655e+02
1.165181421271488205e+02 1.942968297924508931e+02 2.191933597319523415e+02
1.165408255106786442e+02 1.942737056969618834e+02 2.191934245166381174e+02
1.165635088942084678e+02 1.942505816014729021e+02 2.191934893013238650e+02
1.165861922777382915e+02 1.942274575059838924e+02 2.191935540860096410e+02
1.166088756612681152e+02 1.942043334104948826e+02 2.191936188706954169e+02
1.166315590447979247e+02 1.941812093150058729e+02 2.191936836553811929e+02
1.166542424283277484e+02 1.941580852195168632e+02 2.191937484400669689e+02
1.166769258118575721e+02 1.941349611240278819e+02 2.191938132247527165e+02
1.166996091953873957e+02 1.941118370285388721e+02 2.191938780094384924e+02
1.167222925789172194e+02 1.940887129330498624e+02 2.191939427941242684e+02
1.167449759624470431e+02 1.940655888375608527e+02 2.191940075788100444e+02
1.167676593459768668e+02 1.940424647420718429e+02 2.191940723634958204e+02
1.167903427295066905e+02 1.940193406465828332e+02 2.191941371481815963e+02
1.168130261130365142e+02 1.939962165510938519e+02 2.191942019328673439e+02
1.168357094965663379e+02 1.939730924556048421e+02 2.191942667175531199e+02
1.168583928800961473e+02 1.939499683601158324e+02 2.191943315022388958e+02
1.168810762636259710e+02 1.939268442646268227e+02 2.191943962869246718e+02
1.169037596471557947e+02 1.939037201691378129e+02 2.191944610716104478e+02
1.169264430306856184e+02 1.938805960736488316e+02 2.191945258562961953e+02
1.169491264142154421e+02 1.938574719781598219e+02 2.191945906409819713e+02
1.169718097977452658e+02 1.938343478826708122e+02 2.191946554256677473e+02
1.169718097977452658e+02 1.938343478826708122e+02 2.191946554256677473e+02
1.170036172735172784e+02 1.938339642718887035e+02 2.191924232649326143e+02
1.170354247492892910e+02 1.938335806611065948e+02 2.191901911041974813e+02
1.170672322250613036e+02 1.938331970503244861e+02 2.191879589434623483e+02
1.170990397008333161e+02 1.938328134395424058e+02 2.191857267827272153e+02
1.171308471766053287e+02 1.938324298287602971e+02 2.191834946219920823e+02
1.171626546523773413e+02 1.938320462179781885e+02 2.191812624612569493e+02
1.171944621281493681e+02 1.938316626071960798e+02 2.191790303005218448e+02
1.172262696039213807e+02 1.938312789964139711e+02 2.191767981397867118e+02
1.172580770796933933e+02 1.938308953856318624e+02 2.191745659790515788e+02
1.172898845554654059e+02 1.938305117748497821e+02 2.191723338183164458e+02
1.173216920312374185e+02 1.938301281640676734e+02 2.191701016575813128e+02
1.173534995070094311e+02 1.938297445532855647e+02 2.191678694968461798e+02
1.173853069827814437e+02 1.938293609425034560e+02 2.191656373361110468e+02
1.174171144585534563e+02 1.938289773317213474e+02 2.191634051753759138e+02
1.174489219343254689e+02 1.938285937209392387e+02 2.191611730146407808e+02
1.174807294100974815e+02 1.938282101101571584e+02 2.191589408539056478e+02
1.175125368858694941e+02 1.938278264993750497e+02 2.191567086931705148e+02
1.175443443616415067e+02 1.938274428885929410e+02 2.191544765324353818e+02
1.175761518374135335e+02 1.938270592778108323e+02 2.191522443717002773e+02
1.176079593131855461e+02 1.938266756670287236e+02 2.191500122109651443e+02
1.176397667889575587e+02 1.938262920562466149e+02 2.191477800502300113e+02
1.176715742647295713e+02 1.938259084454645347e+02 2.191455478894948783e+02
1.177033817405015839e+02 1.938255248346824260e+02 2.191433157287597453e+02
1.177351892162735965e+02 1.938251412239003173e+02 2.191410835680246123e+02
1.177669966920456091e+02 1.938247576131182086e+02 2.191388514072894793e+02
1.177669966920456091e+02 1.938247576131182086e+02 2.191388514072894793e+02
1.177893308741371925e+02 1.938019895036483149e+02 2.191389151946414415e+02
1.178116650562287901e+02 1.937792213941784212e+02 2.191389789819933753e+02
1.178339992383203736e+02 1.937564532847084990e+02 2.191390427693453375e+02
1.178563334204119712e+02 1.937336851752386053e+02 2.191391065566972998e+02
1.178786676025035547e+02 1.937109170657687116e+02 2.191391703440492620e+02
1.179010017845951381e+02 1.936881489562988179e+02 2.191392341314011958e+02
1.179233359666867358e+02 1.936653808468288958e+02 2.191392979187531580e+02
1.179456701487783192e+02 1.936426127373590020e+02 2.191393617061051202e+02
1.179680043308699169e+02 1.936198446278891083e+02 2.191394254934570824e+02
1.179903385129615003e+02 1.935970765184192146e+02 2.191394892808090162e+02
1.180126726950530838e+02 1.935743084089493209e+02 2.191395530681609785e+02
1.180350068771446814e+02 1.935515402994793988e+02 2.191396168555129407e+02
1.180573410592362649e+02 1.935287721900095050e+02 2.191396806428648745e+02
1.180796752413278625e+02 1.935060040805396113e+02 2.191397444302168367e+02
1.181020094234194460e+02 1.934832359710697176e+02 2.191398082175687989e+02
1.181243436055110436e+02 1.934604678615997955e+02 2.191398720049207611e+02
1.181466777876026271e+02 1.934376997521299018e+02 2.191399357922726949e+02
1.181690119696942105e+02 1.934149316426600080e+02 2.191399995796246571e+02
1.181913461517858082e+02 1.933921635331901143e+02 2.191400633669766194e+02
1.182136803338773916e+02 1.933693954237201922e+02 2.191401271543285816e+02
1.182360145159689893e+02 1.933466273142502985e+02 2.191401909416805154e+02
1.182583486980605727e+02 1.933238592047804048e+02 2.191402547290324776e+02
1.182583486980605727e+02 1.933238592047804048e+02 2.191402547290324776e+02
1.182752859047755578e+02 1.932968062638054221e+02 2.191419807956729358e+02
1.182922231114905287e+02 1.932697533228304110e+02 2.191437068623133655e+02
1.183091603182055138e+02 1.932427003818554283e+02 2.191454329289538236e+02
1.183260975249204847e+02 1.932156474408804456e+02 2.191471589955942534e+02
1.183430347316354698e+02 1.931885944999054630e+02 2.191488850622347115e+02
1.183599719383504549e+02 1.931615415589304519e+02 2.191506111288751413e+02
1.183769091450654258e+02 1.931344886179554692e+02 2.191523371955155994e+02
1.183938463517804109e+02 1.931074356769804865e+02 2.191540632621560292e+02
1.184107835584953961e+02 1.930803827360054754e+02 2.191557893287964873e+02
1.184277207652103669e+02 1.930533297950304927e+02 2.191575153954369171e+02
1.184446579719253521e+02 1.930262768540555101e+02 2.191592414620773752e+02
1.184615951786403230e+02 1.929992239130805274e+02 2.191609675287178050e+02
1.184785323853553081e+02 1.929721709721055163e+02 2.191626935953582631e+02
1.184954695920702932e+02 1.929451180311305336e+02 2.191644196619986928e+02
1.185124067987852641e+02 1.929180650901555509e+02 2.191661457286391510e+02
1.185293440055002492e+02 1.928910121491805398e+02 2.191678717952795807e+02
1.185462812122152343e+02 1.928639592082055572e+02 2.191695978619200389e+02
1.185632184189302052e+02 1.928369062672305745e+02 2.191713239285604686e+02
1.185801556256451903e+02 1.928098533262555918e+02 2.191730499952009268e+02
1.185970928323601612e+02 1.927828003852805807e+02 2.191747760618413565e+02
1.186140300390751463e+02 1.927557474443055980e+02 2.191765021284818147e+02
1.186140300390751463e+02 1.927557474443055980e+02 2.191765021284818147e+02
1.186201510352473463e+02 1.927338327631538277e+02 2.191548114919295074e+02
1.186262720314195462e+02 1.927119180820020290e+02 2.191331208553772285e+02
1.186323930275917462e+02 1.926900034008502587e+02 2.191114302188249212e+02
1.186385140237639462e+02 1.926680887196984884e+02 2.190897395822726139e+02
1.186446350199361461e+02 1.926461740385466896e+02 2.190680489457203350e+02
1.186507560161083461e+02 1.926242593573949193e+02 2.190463583091680277e+02
1.186568770122805461e+02 1.926023446762431490e+02 2.190246676726157204e+02
1.186629980084527460e+02 1.925804299950913503e+02 2.190029770360634416e+02
1.186691190046249460e+02 1.925585153139395800e+02 2.189812863995111343e+02
1.186752400007971460e+02 1.925366006327878097e+02 2.189595957629588270e+02
1.186813609969693459e+02 1.925146859516360109e+02 2.189379051264065481e+02
1.186874819931415459e+02 1.924927712704842406e+02 2.189162144898542408e+02
1.186936029893137459e+02 1.924708565893324703e+02 2.188945238533019619e+02
1.186997239854859458e+02 1.924489419081806716e+02 2.188728332167496546e+02
1.187058449816581458e+02 1.924270272270289013e+02 2.188511425801973473e+02
1.187119659778303458e+02 1.924051125458771025e+02 2.188294519436450685e+02
1.187180869740025457e+02 1.923831978647253322e+02 2.188077613070927612e+02
1.187242079701747457e+02 1.923612831835735619e+02 2.187860706705404539e+02
1.187303289663469457e+02 1.923393685024217632e+02 2.187643800339881750e+02
1.187364499625191456e+02 1.923174538212699929e+02 2.187426893974358677e+02
1.187425709586913456e+02 1.922955391401182226e+02 2.187209987608835604e+02
1.187486919548635456e+02 1.922736244589664238e+02 2.186993081243312815e+02
1.187548129510357455e+02 1.922517097778146535e+02 2.186776174877789742e+02
1.187609339472079455e+02 1.922297950966628832e+02 2.186559268512266669e+02
1.187670549433801455e+02 1.922078804155110845e+02 2.186342362146743881e+02
1.187731759395523454e+02 1.921859657343593142e+02 2.186125455781220808e+02
1.187731759395523454e+02 1.921859657343593142e+02 2.186125455781220808e+02
1.187794011706369446e+02 1.921691742423946891e+02 2.185863028045544354e+02
1.187856264017215437e+02 1.921523827504300641e+02 2.185600600309868184e+02
1.187918516328061429e+02 1.921355912584654106e+02 2.185338172574191731e+02
1.187980768638907421e+02 1.921187997665007856e+02 2.185075744838515277e+02
1.188043020949753412e+02 1.921020082745361606e+02 2.184813317102838823e+02
1.188105273260599404e+02 1.920852167825715355e+02 2.184550889367162654e+02
1.188167525571445395e+02 1.920684252906069105e+02 2.184288461631486200e+02
1.188229777882291387e+02 1.920516337986422855e+02 2.184026033895809746e+02
1.188292030193137379e+02 1.920348423066776604e+02 2.183763606160133577e+02
1.188354282503983370e+02 1.920180508147130070e+02 2.183501178424457123e+02
1.188416534814829362e+02 1.920012593227483819e+02 2.183238750688780669e+02
1.188478787125675353e+02 1.919844678307837569e+02 2.182976322953104500e+02
1.188541039436521345e+02 1.919676763388191318e+02 2.182713895217428046e+02
1.188603291747367336e+02 1.919508848468545068e+02 2.182451467481751592e+02
1.188665544058213328e+02 1.919340933548898533e+02 2.182189039746075139e+02
1.188727796369059320e+02 1.919173018629252283e+02 2.181926612010398969e+02
1.188790048679905311e+02 1.919005103709606033e+02 2.181664184274722516e+02
1.188852300990751303e+02 1.918837188789959782e+02 2.181401756539046062e+02
1.188914553301597294e+02 1.918669273870313532e+02 2.181139328803369892e+02
1.188976805612443286e+02 1.918501358950667282e+02 2.180876901067693439e+02
1.189039057923289278e+02 1.918333444031021031e+02 2.180614473332016985e+02
1.189101310234135269e+02 1.918165529111374497e+02 2.180352045596340531e+02
1.189163562544981261e+02 1.917997614191728246e+02 2.180089617860664362e+02
1.189225814855827252e+02 1.917829699272081996e+02 2.179827190124987908e+02
1.189225814855827252e+02 1.917829699272081996e+02 2.179827190124987908e+02
1.189382367912602803e+02 1.917816729171338181e+02 2.179555135204635974e+02
1.189538920969378353e+02 1.917803759070594083e+02 2.179283080284283756e+02
1.189695474026153761e+02 1.917790788969850269e+02 2.179011025363931822e+02
1.189852027082929311e+02 1.917777818869106454e+02 2.178738970443579888e+02
1.190008580139704861e+02 1.917764848768362640e+02 2.178466915523227669e+02
1.190165133196480411e+02 1.917751878667618541e+02 2.178194860602875735e+02
1.190321686253255820e+02 1.917738908566874727e+02 2.177922805682523801e+02
1.190478239310031370e+02 1.917725938466130913e+02 2.177650750762171867e+02
1.190634792366806920e+02 1.917712968365387098e+02 2.177378695841819649e+02
1.190791345423582470e+02 1.917699998264643000e+02 2.177106640921467715e+02
1.190947898480358020e+02 1.917687028163899186e+02 2.176834586001115781e+02
1.191104451537133428e+02 1.917674058063155371e+02 2.176562531080763563e+02
1.191261004593908979e+02 1.917661087962411557e+02 2.176290476160411629e+02
1.191417557650684529e+02 1.917648117861667458e+02 2.176018421240059695e+02
1.191574110707460079e+02 1.917635147760923644e+02 2.175746366319707477e+02
1.191730663764235629e+02 1.917622177660179830e+02 2.175474311399355543e+02
1.191887216821011037e+02 1.917609207559436015e+02 2.175202256479003609e+02
1.192043769877786588e+02 1.917596237458691917e+02 2.174930201558651675e+02
1.192200322934562138e+02 1.917583267357948102e+02 2.174658146638299456e+02
1.192356875991337688e+02 1.917570297257204288e+02 2.174386091717947522e+02
1.192513429048113096e+02 1.917557327156460474e+02 2.174114036797595588e+02
1.192669982104888646e+02 1.917544357055716375e+02 2.173841981877243370e+02
1.192826535161664196e+02 1.917531386954972561e+02 2.173569926956891436e+02
1.192826535161664196e+02 1.917531386954972561e+02 2.173569926956891436e+02
1.192762271288179932e+02 1.917729481264672415e+02 2.173327906090474642e+02
1.192698007414695667e+02 1.917927575574371986e+02 2.173085885224057847e+02
1.192633743541211402e+02 1.918125669884071840e+02 2.172843864357641053e+02
1.192569479667727137e+02 1.918323764193771410e+02 2.172601843491224543e+02
1.192505215794242872e+02 1.918521858503471265e+02 2.172359822624807748e+02
1.192440951920758607e+02 1.918719952813170835e+02 2.172117801758390954e+02
1.192376688047274342e+02 1.918918047122870689e+02 2.171875780891974159e+02
1.192312424173790077e+02 1.919116141432570259e+02 2.171633760025557365e+02
1.192248160300305813e+02 1.919314235742270114e+02 2.171391739159140570e+02
1.192183896426821548e+02 1.919512330051969684e+02 2.171149718292723776e+02
1.192119632553337283e+02 1.919710424361669538e+02 2.170907697426307266e+02
1.192055368679853018e+02 1.919908518671369109e+02 2.170665676559890471e+02
1.191991104806368753e+02 1.920106612981068963e+02 2.170423655693473677e+02
1.191926840932884488e+02 1.920304707290768533e+02 2.170181634827056882e+02
1.191862577059400223e+02 1.920502801600468388e+02 2.169939613960640088e+02
1.191798313185915958e+02 1.920700895910167958e+02 2.169697593094223294e+02
1.191734049312431694e+02 1.920898990219867812e+02 2.169455572227806499e+02
1.191669785438947429e+02 1.921097084529567383e+02 2.169213551361389989e+02
1.191605521565463164e+02 1.921295178839267237e+02 2.168971530494973194e+02
1.191541257691978899e+02 1.921493273148966807e+02 2.168729509628556400e+02
1.191476993818494634e+02 1.921691367458666662e+02 2.168487488762139606e+02
1.191476993818494634e+02 1.921691367458666662e+02 2.168487488762139606e+02
1.191455080696740794e+02 1.921915881999050839e+02 2.168262611890065443e+02
1.191433167574986811e+02 1.922140396539435301e+02 2.168037735017991565e+02
1.191411254453232971e+02 1.922364911079819478e+02 2.167812858145917403e+02
1.191389341331479130e+02 1.922589425620203656e+02 2.167587981273843525e+02
1.191367428209725290e+02 1.922813940160588118e+02 2.167363104401769363e+02
1.191345515087971307e+02 1.923038454700972295e+02 2.167138227529695484e+02
1.191323601966217467e+02 1.923262969241356473e+02 2.166913350657621322e+02
1.191301688844463627e+02 1.923487483781740934e+02 2.166688473785547160e+02
1.191279775722709644e+02 1.923711998322125112e+02 2.166463596913473282e+02
1.191257862600955804e+02 1.923936512862509289e+02 2.166238720041399120e+02
1.191235949479201963e+02 1.924161027402893751e+02 2.166013843169325241e+02
1.191214036357448123e+02 1.924385541943277929e+02 2.165788966297251079e+02
1.191192123235694140e+02 1.924610056483662106e+02 2.165564089425177201e+02
1.191170210113940300e+02 1.924834571024046568e+02 2.165339212553103039e+02
1.191148296992186459e+02 1.925059085564430745e+02 2.165114335681028876e+02
1.191126383870432477e+02 1.925283600104814923e+02 2.164889458808954998e+02
1.191104470748678636e+02 1.925508114645199385e+02 2.164664581936880836e+02
1.191082557626924796e+02 1.925732629185583562e+02 2.164439705064806958e+02
1.191060644505170956e+02 1.925957143725967740e+02 2.164214828192732796e+02
1.191038731383416973e+02 1.926181658266352201e+02 2.163989951320658918e+02
1.191016818261663133e+02 1.926406172806736379e+02 2.163765074448584755e+02
