9.177696843171057139e+01 8.738347804074760461e+01 2.035809368765354179e+02
9.176460100510703910e+01 8.735243724712982782e+01 2.035494335235313201e+02
9.175223357850350681e+01 8.732139645351205104e+01 2.035179301705272223e+02
9.173986615189997451e+01 8.729035565989427425e+01 2.034864268175231246e+02
9.172749872529644222e+01 8.725931486627648326e+01 2.034549234645189983e+02
9.171513129869290992e+01 8.722827407265870647e+01 2.034234201115149006e+02
9.170276387208937763e+01 8.719723327904092969e+01 2.033919167585108028e+02
9.169039644548584533e+01 8.716619248542315290e+01 2.033604134055067050e+02
9.167802901888231304e+01 8.713515169180537612e+01 2.033289100525026072e+02
9.166566159227878074e+01 8.710411089818759933e+01 2.032974066994985094e+02
9.165329416567524845e+01 8.707307010456982255e+01 2.032659033464944116e+02
9.164092673907171616e+01 8.704202931095203155e+01 2.032343999934902854e+02
9.162855931246818386e+01 8.701098851733425477e+01 2.032028966404861876e+02
9.161619188586465157e+01 8.697994772371647798e+01 2.031713932874820898e+02
9.160382445926113348e+01 8.694890693009870120e+01 2.031398899344779920e+02
9.159145703265760119e+01 8.691786613648092441e+01 2.031083865814738942e+02
9.157908960605406889e+01 8.688682534286314763e+01 2.030768832284697964e+02
9.156672217945053660e+01 8.685578454924535663e+01 2.030453798754656702e+02
9.155435475284700431e+01 8.682474375562757984e+01 2.030138765224615724e+02
9.154198732624347201e+01 8.679370296200980306e+01 2.029823731694574747e+02
9.152961989963993972e+01 8.676266216839202627e+01 2.029508698164533769e+02
9.151725247303640742e+01 8.673162137477424949e+01 2.029193664634492791e+02
9.150488504643287513e+01 8.670058058115647270e+01 2.028878631104451813e+02
9.149251761982934283e+01 8.666953978753869592e+01 2.028563597574410835e+02
9.148015019322581054e+01 8.663849899392090492e+01 2.028248564044369573e+02
9.146778276662227825e+01 8.660745820030312814e+01 2.027933530514328595e+02
9.145541534001874595e+01 8.657641740668535135e+01 2.027618496984287617e+02
9.144304791341521366e+01 8.654537661306757457e+01 2.027303463454246639e+02
9.144304791341521366e+01 8.654537661306757457e+01 2.027303463454246639e+02
9.141773683685801188e+01 8.653499673420463978e+01 2.027252828466892254e+02
9.139242576030079590e+01 8.652461685534171920e+01 2.027202193479538153e+02
9.136711468374359413e+01 8.651423697647878441e+01 2.027151558492183767e+02
9.134180360718639236e+01 8.650385709761584963e+01 2.027100923504829666e+02
9.131649253062917637e+01 8.649347721875292905e+01 2.027050288517475281e+02
9.129118145407197460e+01 8.648309733988999426e+01 2.026999653530120895e+02
9.126587037751477283e+01 8.647271746102705947e+01 2.026949018542766794e+02
9.124055930095757105e+01 8.646233758216412468e+01 2.026898383555412408e+02
9.121524822440035507e+01 8.645195770330120411e+01 2.026847748568058023e+02
9.118993714784315330e+01 8.644157782443826932e+01 2.026797113580703922e+02
9.116462607128595153e+01 8.643119794557533453e+01 2.026746478593349536e+02
9.113931499472873554e+01 8.642081806671241395e+01 2.026695843605995151e+02
9.111400391817153377e+01 8.641043818784947916e+01 2.026645208618641050e+02
9.108869284161433200e+01 8.640005830898654438e+01 2.026594573631286664e+02
9.106338176505713022e+01 8.638967843012360959e+01 2.026543938643932563e+02
9.103807068849991424e+01 8.637929855126068901e+01 2.026493303656578178e+02
9.101275961194271247e+01 8.636891867239775422e+01 2.026442668669223792e+02
9.098744853538551070e+01 8.635853879353481943e+01 2.026392033681869691e+02
9.096213745882829471e+01 8.634815891467189886e+01 2.026341398694515306e+02
9.093682638227109294e+01 8.633777903580896407e+01 2.026290763707161204e+02
9.091151530571389117e+01 8.632739915694602928e+01 2.026240128719806819e+02
9.088620422915667518e+01 8.631701927808310870e+01 2.026189493732452434e+02
9.086089315259947341e+01 8.630663939922017391e+01 2.026138858745098332e+02
9.083558207604227164e+01 8.629625952035723913e+01 2.026088223757743947e+02
9.081027099948505565e+01 8.628587964149431855e+01 2.026037588770389561e+02
9.078495992292785388e+01 8.627549976263138376e+01 2.025986953783035460e+02
9.075964884637065211e+01 8.626511988376844897e+01 2.025936318795681075e+02
9.073433776981345034e+01 8.625474000490551418e+01 2.025885683808326689e+02
9.070902669325623435e+01 8.624436012604259361e+01 2.025835048820972588e+02
9.068371561669903258e+01 8.623398024717965882e+01 2.025784413833618203e+02
9.065840454014183081e+01 8.622360036831672403e+01 2.025733778846264102e+02
9.063309346358461482e+01 8.621322048945380345e+01 2.025683143858909716e+02
9.060778238702741305e+01 8.620284061059086866e+01 2.025632508871555331e+02
9.058247131047021128e+01 8.619246073172793388e+01 2.025581873884201229e+02
9.055716023391300951e+01 8.618208085286499909e+01 2.025531238896846844e+02
9.053184915735579352e+01 8.617170097400207851e+01 2.025480603909492743e+02
9.050653808079859175e+01 8.616132109513914372e+01 2.025429968922138357e+02
9.048122700424138998e+01 8.615094121627620893e+01 2.025379333934783972e+02
9.045591592768417399e+01 8.614056133741328836e+01 2.025328698947429871e+02
9.043060485112697222e+01 8.613018145855035357e+01 2.025278063960075485e+02
9.043060485112697222e+01 8.613018145855035357e+01 2.025278063960075485e+02
9.040796783209819409e+01 8.611156519171036905e+01 2.025279822513858505e+02
9.038533081306941597e+01 8.609294892487037032e+01 2.025281581067641810e+02
9.036269379404063784e+01 8.607433265803038580e+01 2.025283339621424830e+02
9.034005677501187392e+01 8.605571639119040128e+01 2.025285098175207850e+02
9.031741975598309580e+01 8.603710012435040255e+01 2.025286856728990870e+02
9.029478273695431767e+01 8.601848385751041803e+01 2.025288615282774174e+02
9.027214571792553954e+01 8.599986759067043351e+01 2.025290373836557194e+02
9.024950869889676142e+01 8.598125132383043479e+01 2.025292132390340214e+02
9.022687167986799750e+01 8.596263505699045027e+01 2.025293890944123518e+02
9.020423466083921937e+01 8.594401879015046575e+01 2.025295649497906538e+02
9.018159764181044125e+01 8.592540252331046702e+01 2.025297408051689558e+02
9.015896062278166312e+01 8.590678625647048250e+01 2.025299166605472578e+02
9.013632360375288499e+01 8.588816998963049798e+01 2.025300925159255883e+02
9.011368658472410686e+01 8.586955372279049925e+01 2.025302683713038903e+02
9.009104956569532874e+01 8.585093745595051473e+01 2.025304442266821923e+02
9.006841254666656482e+01 8.583232118911053021e+01 2.025306200820604943e+02
9.004577552763778669e+01 8.581370492227053148e+01 2.025307959374388247e+02
9.002313850860900857e+01 8.579508865543054696e+01 2.025309717928171267e+02
9.000050148958023044e+01 8.577647238859056245e+01 2.025311476481954287e+02
8.997786447055145231e+01 8.575785612175056372e+01 2.025313235035737591e+02
8.995522745152268840e+01 8.573923985491057920e+01 2.025314993589520611e+02
8.993259043249391027e+01 8.572062358807059468e+01 2.025316752143303631e+02
8.990995341346513214e+01 8.570200732123059595e+01 2.025318510697086651e+02
8.988731639443635402e+01 8.568339105439061143e+01 2.025320269250869956e+02
8.986467937540757589e+01 8.566477478755062691e+01 2.025322027804652976e+02
8.984204235637879776e+01 8.564615852071062818e+01 2.025323786358435996e+02
8.981940533735001964e+01 8.562754225387064366e+01 2.025325544912219016e+02
8.979676831832125572e+01 8.560892598703065914e+01 2.025327303466002320e+02
8.977413129929247759e+01 8.559030972019066041e+01 2.025329062019785340e+02
8.975149428026369947e+01 8.557169345335067590e+01 2.025330820573568360e+02
8.972885726123492134e+01 8.555307718651069138e+01 2.025332579127351664e+02
8.970622024220614321e+01 8.553446091967069265e+01 2.025334337681134684e+02
8.968358322317737930e+01 8.551584465283070813e+01 2.025336096234917704e+02
8.966094620414860117e+01 8.549722838599072361e+01 2.025337854788700724e+02
8.963830918511982304e+01 8.547861211915072488e+01 2.025339613342484029e+02
8.961567216609104491e+01 8.545999585231074036e+01 2.025341371896267049e+02
8.961567216609104491e+01 8.545999585231074036e+01 2.025341371896267049e+02
8.960774110780326396e+01 8.544406047687141381e+01 2.025084447007810411e+02
8.959981004951548300e+01 8.542812510143207305e+01 2.024827522119353773e+02
8.959187899122768783e+01 8.541218972599274650e+01 2.024570597230897420e+02
8.958394793293990688e+01 8.539625435055340574e+01 2.024313672342440782e+02
8.957601687465212592e+01 8.538031897511407919e+01 2.024056747453984144e+02
8.956808581636434496e+01 8.536438359967473843e+01 2.023799822565527506e+02
8.956015475807656401e+01 8.534844822423541189e+01 2.023542897677071153e+02
8.955222369978878305e+01 8.533251284879607113e+01 2.023285972788614515e+02
8.954429264150098788e+01 8.531657747335674458e+01 2.023029047900157877e+02
8.953636158321320693e+01 8.530064209791741803e+01 2.022772123011701240e+02
8.952843052492542597e+01 8.528470672247807727e+01 2.022515198123244886e+02
8.952049946663764501e+01 8.526877134703875072e+01 2.022258273234788248e+02
8.951256840834986406e+01 8.525283597159940996e+01 2.022001348346331611e+02
8.950463735006208310e+01 8.523690059616008341e+01 2.021744423457874973e+02
8.949670629177428793e+01 8.522096522072074265e+01 2.021487498569418619e+02
8.948877523348650698e+01 8.520502984528141610e+01 2.021230573680961982e+02
8.948084417519872602e+01 8.518909446984207534e+01 2.020973648792505344e+02
8.947291311691094506e+01 8.517315909440274879e+01 2.020716723904048706e+02
8.946498205862316411e+01 8.515722371896342224e+01 2.020459799015592068e+02
8.945705100033536894e+01 8.514128834352408148e+01 2.020202874127135715e+02
8.944911994204758798e+01 8.512535296808475493e+01 2.019945949238679077e+02
8.944118888375980703e+01 8.510941759264541417e+01 2.019689024350222439e+02
8.943325782547202607e+01 8.509348221720608763e+01 2.019432099461765802e+02
8.942532676718424511e+01 8.507754684176674687e+01 2.019175174573309448e+02
8.941739570889646416e+01 8.506161146632742032e+01 2.018918249684852810e+02
8.940946465060866899e+01 8.504567609088809377e+01 2.018661324796396173e+02
8.940153359232088803e+01 8.502974071544875301e+01 2.018404399907939535e+02
8.939360253403310708e+01 8.501380534000942646e+01 2.018147475019483181e+02
8.938567147574532612e+01 8.499786996457008570e+01 2.017890550131026544e+02
8.937774041745754516e+01 8.498193458913075915e+01 2.017633625242569906e+02
8.936980935916976421e+01 8.496599921369141839e+01 2.017376700354113268e+02
8.936187830088196904e+01 8.495006383825209184e+01 2.017119775465656915e+02
8.935394724259418808e+01 8.493412846281275108e+01 2.016862850577200277e+02
8.934601618430640713e+01 8.491819308737342453e+01 2.016605925688743639e+02
8.934601618430640713e+01 8.491819308737342453e+01 2.016605925688743639e+02
8.935984507008910782e+01 8.490489724705899732e+01 2.016273691837927799e+02
8.937367395587180852e+01 8.489160140674457011e+01 2.015941457987112244e+02
8.938750284165452342e+01 8.487830556643014290e+01 2.015609224136296405e+02
8.940133172743722412e+01 8.486500972611571569e+01 2.015276990285480849e+02
8.941516061321992481e+01 8.485171388580128848e+01 2.014944756434665010e+02
8.942898949900262551e+01 8.483841804548684706e+01 2.014612522583849454e+02
8.944281838478534041e+01 8.482512220517241985e+01 2.014280288733033615e+02
8.945664727056804111e+01 8.481182636485799264e+01 2.013948054882218059e+02
8.947047615635074180e+01 8.479853052454356543e+01 2.013615821031402220e+02
8.948430504213344250e+01 8.478523468422913822e+01 2.013283587180586380e+02
8.949813392791615740e+01 8.477193884391471101e+01 2.012951353329770825e+02
8.951196281369885810e+01 8.475864300360028381e+01 2.012619119478954985e+02
8.952579169948155879e+01 8.474534716328585660e+01 2.012286885628139430e+02
8.953962058526425949e+01 8.473205132297142939e+01 2.011954651777323591e+02
8.955344947104697439e+01 8.471875548265700218e+01 2.011622417926508035e+02
8.956727835682967509e+01 8.470545964234257497e+01 2.011290184075692196e+02
8.958110724261237579e+01 8.469216380202814776e+01 2.010957950224876640e+02
8.959493612839507648e+01 8.467886796171370634e+01 2.010625716374060801e+02
8.960876501417777718e+01 8.466557212139927913e+01 2.010293482523244961e+02
8.962259389996049208e+01 8.465227628108485192e+01 2.009961248672429406e+02
8.963642278574319278e+01 8.463898044077042471e+01 2.009629014821613566e+02
8.965025167152589347e+01 8.462568460045599750e+01 2.009296780970798011e+02
8.966408055730859417e+01 8.461238876014157029e+01 2.008964547119982171e+02
8.967790944309130907e+01 8.459909291982714308e+01 2.008632313269166616e+02
8.969173832887400977e+01 8.458579707951271587e+01 2.008300079418350776e+02
8.970556721465671046e+01 8.457250123919828866e+01 2.007967845567534937e+02
8.971939610043941116e+01 8.455920539888386145e+01 2.007635611716719382e+02
8.973322498622212606e+01 8.454590955856943424e+01 2.007303377865903542e+02
8.974705387200482676e+01 8.453261371825499282e+01 2.006971144015087987e+02
8.976088275778752745e+01 8.451931787794056561e+01 2.006638910164272147e+02
8.977471164357022815e+01 8.450602203762613840e+01 2.006306676313456592e+02
8.978854052935294305e+01 8.449272619731171119e+01 2.005974442462640752e+02
8.980236941513564375e+01 8.447943035699728398e+01 2.005642208611825197e+02
8.981619830091834444e+01 8.446613451668285677e+01 2.005309974761009357e+02
8.981619830091834444e+01 8.446613451668285677e+01 2.005309974761009357e+02
8.981944918233155306e+01 8.445276299847702717e+01 2.005047032045239632e+02
8.982270006374476168e+01 8.443939148027118335e+01 2.004784089329469907e+02
8.982595094515795608e+01 8.442601996206535375e+01 2.004521146613700182e+02
8.982920182657116470e+01 8.441264844385952415e+01 2.004258203897930457e+02
8.983245270798437332e+01 8.439927692565369455e+01 2.003995261182160732e+02
8.983570358939758194e+01 8.438590540744785073e+01 2.003732318466391007e+02
8.983895447081079055e+01 8.437253388924202113e+01 2.003469375750621282e+02
8.984220535222399917e+01 8.435916237103619153e+01 2.003206433034851557e+02
8.984545623363720779e+01 8.434579085283036193e+01 2.002943490319081832e+02
8.984870711505040219e+01 8.433241933462451811e+01 2.002680547603312107e+02
8.985195799646361081e+01 8.431904781641868851e+01 2.002417604887542382e+02
8.985520887787681943e+01 8.430567629821285891e+01 2.002154662171772657e+02
8.985845975929002805e+01 8.429230478000702931e+01 2.001891719456002932e+02
8.986171064070323666e+01 8.427893326180118549e+01 2.001628776740233207e+02
8.986496152211643107e+01 8.426556174359535589e+01 2.001365834024463481e+02
8.986821240352963969e+01 8.425219022538952629e+01 2.001102891308693756e+02
8.987146328494284830e+01 8.423881870718369669e+01 2.000839948592924031e+02
8.987471416635605692e+01 8.422544718897785287e+01 2.000577005877154306e+02
8.987796504776926554e+01 8.421207567077202327e+01 2.000314063161384581e+02
8.988121592918247416e+01 8.419870415256619367e+01 2.000051120445614856e+02
8.988446681059568277e+01 8.418533263436034986e+01 1.999788177729845131e+02
8.988771769200887718e+01 8.417196111615452025e+01 1.999525235014075406e+02
8.989096857342208580e+01 8.415858959794869065e+01 1.999262292298305681e+02
8.989421945483529441e+01 8.414521807974286105e+01 1.998999349582535956e+02
8.989747033624850303e+01 8.413184656153701724e+01 1.998736406866766231e+02
8.990072121766171165e+01 8.411847504333118763e+01 1.998473464150996506e+02
8.990397209907490605e+01 8.410510352512535803e+01 1.998210521435226781e+02
8.990722298048811467e+01 8.409173200691952843e+01 1.997947578719457056e+02
8.991047386190132329e+01 8.407836048871368462e+01 1.997684636003687331e+02
8.991372474331453191e+01 8.406498897050785502e+01 1.997421693287917606e+02
8.991697562472774052e+01 8.405161745230202541e+01 1.997158750572147881e+02
8.992022650614094914e+01 8.403824593409619581e+01 1.996895807856378156e+02
8.992347738755415776e+01 8.402487441589035200e+01 1.996632865140608430e+02
8.992672826896735216e+01 8.401150289768452240e+01 1.996369922424838705e+02
8.992997915038056078e+01 8.399813137947869279e+01 1.996106979709068980e+02
8.993323003179376940e+01 8.398475986127286319e+01 1.995844036993299255e+02
8.993648091320697802e+01 8.397138834306701938e+01 1.995581094277529530e+02
8.993973179462018663e+01 8.395801682486118978e+01 1.995318151561759805e+02
8.994298267603338104e+01 8.394464530665536017e+01 1.995055208845990080e+02
8.994623355744658966e+01 8.393127378844953057e+01 1.994792266130220355e+02
8.994948443885979827e+01 8.391790227024368676e+01 1.994529323414450630e+02
8.995273532027300689e+01 8.390453075203785716e+01 1.994266380698680905e+02
8.995273532027300689e+01 8.390453075203785716e+01 1.994266380698680905e+02
8.995134452330188424e+01 8.389212659425054142e+01 1.994061497311323876e+02
8.994995372633076158e+01 8.387972243646321147e+01 1.993856613923966847e+02
8.994856292935965314e+01 8.386731827867589573e+01 1.993651730536609819e+02
8.994717213238853049e+01 8.385491412088856578e+01 1.993446847149252790e+02
8.994578133541740783e+01 8.384250996310125004e+01 1.993241963761896045e+02
8.994439053844628518e+01 8.383010580531393430e+01 1.993037080374539016e+02
8.994299974147516252e+01 8.381770164752660435e+01 1.992832196987181987e+02
8.994160894450405408e+01 8.380529748973928861e+01 1.992627313599824959e+02
8.994021814753293143e+01 8.379289333195195866e+01 1.992422430212467930e+02
8.993882735056180877e+01 8.378048917416464292e+01 1.992217546825110901e+02
8.993743655359068612e+01 8.376808501637732718e+01 1.992012663437753872e+02
8.993604575661956346e+01 8.375568085858999723e+01 1.991807780050397128e+02
8.993465495964845502e+01 8.374327670080268149e+01 1.991602896663040099e+02
8.993326416267733237e+01 8.373087254301535154e+01 1.991398013275683070e+02
8.993187336570620971e+01 8.371846838522803580e+01 1.991193129888326041e+02
8.993048256873508706e+01 8.370606422744072006e+01 1.990988246500969012e+02
8.992909177176396440e+01 8.369366006965339011e+01 1.990783363113611983e+02
8.992770097479285596e+01 8.368125591186607437e+01 1.990578479726254955e+02
8.992631017782173330e+01 8.366885175407874442e+01 1.990373596338897926e+02
8.992491938085061065e+01 8.365644759629142868e+01 1.990168712951540897e+02
8.992352858387948800e+01 8.364404343850411294e+01 1.989963829564184152e+02
8.992213778690836534e+01 8.363163928071678299e+01 1.989758946176827124e+02
8.992074698993725690e+01 8.361923512292946725e+01 1.989554062789470095e+02
8.991935619296613424e+01 8.360683096514213730e+01 1.989349179402113066e+02
8.991796539599501159e+01 8.359442680735482156e+01 1.989144296014756037e+02
8.991657459902388894e+01 8.358202264956750582e+01 1.988939412627399008e+02
8.991518380205276628e+01 8.356961849178017587e+01 1.988734529240041979e+02
8.991379300508165784e+01 8.355721433399286013e+01 1.988529645852685235e+02
8.991240220811053518e+01 8.354481017620553018e+01 1.988324762465328206e+02
8.991101141113941253e+01 8.353240601841821444e+01 1.988119879077971177e+02
8.990962061416828988e+01 8.352000186063089870e+01 1.987914995690614148e+02
8.990822981719716722e+01 8.350759770284356875e+01 1.987710112303257119e+02
8.990683902022605878e+01 8.349519354505625301e+01 1.987505228915900091e+02
8.990544822325493612e+01 8.348278938726892306e+01 1.987300345528543062e+02
8.990405742628381347e+01 8.347038522948160733e+01 1.987095462141186033e+02
8.990266662931269082e+01 8.345798107169429159e+01 1.986890578753829004e+02
8.990127583234156816e+01 8.344557691390696164e+01 1.986685695366472260e+02
8.989988503537045972e+01 8.343317275611964590e+01 1.986480811979115231e+02
8.989849423839933706e+01 8.342076859833231595e+01 1.986275928591758202e+02
8.989710344142821441e+01 8.340836444054500021e+01 1.986071045204401173e+02
8.989710344142821441e+01 8.340836444054500021e+01 1.986071045204401173e+02
8.989547767461377248e+01 8.339386464761295770e+01 1.985831547550241396e+02
8.989385190779933055e+01 8.337936485468091519e+01 1.985592049896081335e+02
8.989222614098488862e+01 8.336486506174887268e+01 1.985352552241921558e+02
8.989060037417043247e+01 8.335036526881681596e+01 1.985113054587761781e+02
8.988897460735599054e+01 8.333586547588477345e+01 1.984873556933602003e+02
8.988734884054154861e+01 8.332136568295273094e+01 1.984634059279441942e+02
8.988572307372710668e+01 8.330686589002068843e+01 1.984394561625282165e+02
8.988409730691266475e+01 8.329236609708864592e+01 1.984155063971122388e+02
8.988247154009822282e+01 8.327786630415660341e+01 1.983915566316962327e+02
8.988084577328378089e+01 8.326336651122456090e+01 1.983676068662802550e+02
8.987922000646933895e+01 8.324886671829251839e+01 1.983436571008642773e+02
8.987759423965488281e+01 8.323436692536046166e+01 1.983197073354482711e+02
8.987596847284044088e+01 8.321986713242841915e+01 1.982957575700322934e+02
8.987434270602599895e+01 8.320536733949637664e+01 1.982718078046163157e+02
8.987271693921155702e+01 8.319086754656433413e+01 1.982478580392003096e+02
8.987109117239711509e+01 8.317636775363229162e+01 1.982239082737843319e+02
8.986946540558267316e+01 8.316186796070024911e+01 1.981999585083683542e+02
8.986783963876823123e+01 8.314736816776820660e+01 1.981760087429523765e+02
8.986621387195377508e+01 8.313286837483614988e+01 1.981520589775363703e+02
8.986458810513933315e+01 8.311836858190410737e+01 1.981281092121203926e+02
8.986296233832489122e+01 8.310386878897206486e+01 1.981041594467044149e+02
8.986133657151044929e+01 8.308936899604002235e+01 1.980802096812884088e+02
8.985971080469600736e+01 8.307486920310797984e+01 1.980562599158724311e+02
8.985808503788156543e+01 8.306036941017593733e+01 1.980323101504564534e+02
8.985645927106712350e+01 8.304586961724389482e+01 1.980083603850404756e+02
8.985483350425268156e+01 8.303136982431185231e+01 1.979844106196244695e+02
8.985320773743822542e+01 8.301687003137979559e+01 1.979604608542084918e+02
8.985158197062378349e+01 8.300237023844775308e+01 1.979365110887925141e+02
8.984995620380934156e+01 8.298787044551571057e+01 1.979125613233765080e+02
8.984833043699489963e+01 8.297337065258366806e+01 1.978886115579605303e+02
8.984833043699489963e+01 8.297337065258366806e+01 1.978886115579605303e+02
8.984674985598110197e+01 8.295927386009854843e+01 1.978653274410963263e+02
8.984516927496730432e+01 8.294517706761342879e+01 1.978420433242321224e+02
8.984358869395350666e+01 8.293108027512830915e+01 1.978187592073679184e+02
8.984200811293970901e+01 8.291698348264318952e+01 1.977954750905037145e+02
8.984042753192589714e+01 8.290288669015806988e+01 1.977721909736395105e+02
8.983884695091209949e+01 8.288878989767295025e+01 1.977489068567753066e+02
8.983726636989830183e+01 8.287469310518781640e+01 1.977256227399111026e+02
8.983568578888450418e+01 8.286059631270269676e+01 1.977023386230468986e+02
8.983410520787070652e+01 8.284649952021757713e+01 1.976790545061826947e+02
8.983252462685690887e+01 8.283240272773245749e+01 1.976557703893184907e+02
8.983094404584311121e+01 8.281830593524733786e+01 1.976324862724542868e+02
8.982936346482931356e+01 8.280420914276221822e+01 1.976092021555900828e+02
8.982778288381551590e+01 8.279011235027709859e+01 1.975859180387258789e+02
8.982620230280170404e+01 8.277601555779197895e+01 1.975626339218616749e+02
8.982462172178790638e+01 8.276191876530685931e+01 1.975393498049974710e+02
8.982304114077410873e+01 8.274782197282173968e+01 1.975160656881332670e+02
8.982146055976031107e+01 8.273372518033662004e+01 1.974927815712690631e+02
8.981987997874651342e+01 8.271962838785150041e+01 1.974694974544048591e+02
8.981829939773271576e+01 8.270553159536638077e+01 1.974462133375406552e+02
8.981671881671891811e+01 8.269143480288126113e+01 1.974229292206764512e+02
8.981513823570512045e+01 8.267733801039612729e+01 1.973996451038122473e+02
8.981355765469132280e+01 8.266324121791100765e+01 1.973763609869480433e+02
8.981197707367751093e+01 8.264914442542588802e+01 1.973530768700838394e+02
8.981039649266371327e+01 8.263504763294076838e+01 1.973297927532196354e+02
8.980881591164991562e+01 8.262095084045564874e+01 1.973065086363554315e+02
8.980723533063611796e+01 8.260685404797052911e+01 1.972832245194912275e+02
8.980565474962232031e+01 8.259275725548540947e+01 1.972599404026270236e+02
8.980565474962232031e+01 8.259275725548540947e+01 1.972599404026270236e+02
8.982129190057511892e+01 8.258003198247327248e+01 1.972384064810587461e+02
8.983692905152791752e+01 8.256730670946113548e+01 1.972168725594904402e+02
8.985256620248073034e+01 8.255458143644899849e+01 1.971953386379221627e+02
8.986820335343352895e+01 8.254185616343686149e+01 1.971738047163538567e+02
8.988384050438632755e+01 8.252913089042472450e+01 1.971522707947855793e+02
8.989947765533912616e+01 8.251640561741258750e+01 1.971307368732172733e+02
8.991511480629192476e+01 8.250368034440045051e+01 1.971092029516489958e+02
8.993075195724472337e+01 8.249095507138831351e+01 1.970876690300807184e+02
8.994638910819753619e+01 8.247822979837617652e+01 1.970661351085124124e+02
8.996202625915033479e+01 8.246550452536403952e+01 1.970446011869441350e+02
8.997766341010313340e+01 8.245277925235190253e+01 1.970230672653758290e+02
8.999330056105593201e+01 8.244005397933975132e+01 1.970015333438075515e+02
9.000893771200873061e+01 8.242732870632761433e+01 1.969799994222392456e+02
9.002457486296152922e+01 8.241460343331547733e+01 1.969584655006709681e+02
9.004021201391434204e+01 8.240187816030334034e+01 1.969369315791026622e+02
9.005584916486714064e+01 8.238915288729120334e+01 1.969153976575343847e+02
9.007148631581993925e+01 8.237642761427906635e+01 1.968938637359661072e+02
9.008712346677273786e+01 8.236370234126692935e+01 1.968723298143978013e+02
9.010276061772553646e+01 8.235097706825479236e+01 1.968507958928295238e+02
9.011839776867833507e+01 8.233825179524265536e+01 1.968292619712612179e+02
9.013403491963114789e+01 8.232552652223051837e+01 1.968077280496929404e+02
9.014967207058394649e+01 8.231280124921838137e+01 1.967861941281246345e+02
9.016530922153674510e+01 8.230007597620624438e+01 1.967646602065563570e+02
9.016530922153674510e+01 8.230007597620624438e+01 1.967646602065563570e+02
9.018325182801834217e+01 8.227388883807924458e+01 1.967651046709219997e+02
9.020119443449993923e+01 8.224770169995223057e+01 1.967655491352876425e+02
9.021913704098155051e+01 8.222151456182523077e+01 1.967659935996532852e+02
9.023707964746314758e+01 8.219532742369823097e+01 1.967664380640189279e+02
9.025502225394474465e+01 8.216914028557123117e+01 1.967668825283845706e+02
9.027296486042634172e+01 8.214295314744421717e+01 1.967673269927502133e+02
9.029090746690795299e+01 8.211676600931721737e+01 1.967677714571158560e+02
9.030885007338955006e+01 8.209057887119021757e+01 1.967682159214814988e+02
9.032679267987114713e+01 8.206439173306320356e+01 1.967686603858471415e+02
9.034473528635274420e+01 8.203820459493620376e+01 1.967691048502127842e+02
9.036267789283435548e+01 8.201201745680920396e+01 1.967695493145783985e+02
9.038062049931595254e+01 8.198583031868220417e+01 1.967699937789440412e+02
9.039856310579754961e+01 8.195964318055519016e+01 1.967704382433096839e+02
9.041650571227914668e+01 8.193345604242819036e+01 1.967708827076753266e+02
9.043444831876075796e+01 8.190726890430119056e+01 1.967713271720409693e+02
9.045239092524235502e+01 8.188108176617417655e+01 1.967717716364066121e+02
9.047033353172395209e+01 8.185489462804717675e+01 1.967722161007722548e+02
9.048827613820554916e+01 8.182870748992017695e+01 1.967726605651378975e+02
9.050621874468716044e+01 8.180252035179317716e+01 1.967731050295035402e+02
9.052416135116875751e+01 8.177633321366616315e+01 1.967735494938691829e+02
9.054210395765035457e+01 8.175014607553916335e+01 1.967739939582348256e+02
9.054210395765035457e+01 8.175014607553916335e+01 1.967739939582348256e+02
9.056341433271342112e+01 8.174277666948233900e+01 1.967474611331224708e+02
9.058472470777650187e+01 8.173540726342551466e+01 1.967209283080101443e+02
9.060603508283956842e+01 8.172803785736869031e+01 1.966943954828977894e+02
9.062734545790264917e+01 8.172066845131186597e+01 1.966678626577854629e+02
9.064865583296571572e+01 8.171329904525504162e+01 1.966413298326731081e+02
9.066996620802879647e+01 8.170592963919821727e+01 1.966147970075607816e+02
9.069127658309186302e+01 8.169856023314139293e+01 1.965882641824484267e+02
9.071258695815492956e+01 8.169119082708456858e+01 1.965617313573360718e+02
9.073389733321801032e+01 8.168382142102774424e+01 1.965351985322237454e+02
9.075520770828107686e+01 8.167645201497091989e+01 1.965086657071113905e+02
9.077651808334415762e+01 8.166908260891408133e+01 1.964821328819990640e+02
9.079782845840722416e+01 8.166171320285725699e+01 1.964556000568867091e+02
9.081913883347030492e+01 8.165434379680043264e+01 1.964290672317743827e+02
9.084044920853337146e+01 8.164697439074360830e+01 1.964025344066620278e+02
9.086175958359643801e+01 8.163960498468678395e+01 1.963760015815496729e+02
9.088306995865951876e+01 8.163223557862995960e+01 1.963494687564373464e+02
9.090438033372258531e+01 8.162486617257313526e+01 1.963229359313249915e+02
9.092569070878566606e+01 8.161749676651631091e+01 1.962964031062126651e+02
9.094700108384873261e+01 8.161012736045948657e+01 1.962698702811003102e+02
9.096831145891181336e+01 8.160275795440266222e+01 1.962433374559879837e+02
9.098962183397487991e+01 8.159538854834583788e+01 1.962168046308756288e+02
9.098962183397487991e+01 8.159538854834583788e+01 1.962168046308756288e+02
9.101233355747469034e+01 8.158753453769492126e+01 1.961885270343604759e+02
9.103504528097448656e+01 8.157968052704400463e+01 1.961602494378453230e+02
9.105775700447429699e+01 8.157182651639308801e+01 1.961319718413301416e+02
9.108046872797410742e+01 8.156397250574217139e+01 1.961036942448149887e+02
9.110318045147391786e+01 8.155611849509125477e+01 1.960754166482998357e+02
9.112589217497371408e+01 8.154826448444033815e+01 1.960471390517846828e+02
9.114860389847352451e+01 8.154041047378942153e+01 1.960188614552695299e+02
9.117131562197333494e+01 8.153255646313850491e+01 1.959905838587543769e+02
9.119402734547314537e+01 8.152470245248758829e+01 1.959623062622391956e+02
9.121673906897294160e+01 8.151684844183667167e+01 1.959340286657240426e+02
9.123945079247275203e+01 8.150899443118575505e+01 1.959057510692088897e+02
9.126216251597256246e+01 8.150114042053483843e+01 1.958774734726937368e+02
9.128487423947237289e+01 8.149328640988392181e+01 1.958491958761785838e+02
9.130758596297216911e+01 8.148543239923300519e+01 1.958209182796634309e+02
9.133029768647197955e+01 8.147757838858208856e+01 1.957926406831482495e+02
9.135300940997178998e+01 8.146972437793117194e+01 1.957643630866330966e+02
9.137572113347160041e+01 8.146187036728025532e+01 1.957360854901179437e+02
9.139843285697139663e+01 8.145401635662933870e+01 1.957078078936027907e+02
9.142114458047120706e+01 8.144616234597842208e+01 1.956795302970876378e+02
9.144385630397101750e+01 8.143830833532750546e+01 1.956512527005724849e+02
9.146656802747082793e+01 8.143045432467658884e+01 1.956229751040573035e+02
9.148927975097062415e+01 8.142260031402567222e+01 1.955946975075421506e+02
9.151199147447043458e+01 8.141474630337475560e+01 1.955664199110269976e+02
9.151199147447043458e+01 8.141474630337475560e+01 1.955664199110269976e+02
9.152720672686783132e+01 8.142479692208236486e+01 1.955441295007070437e+02
9.154242197926522806e+01 8.143484754078995991e+01 1.955218390903870613e+02
9.155763723166262480e+01 8.144489815949756917e+01 1.954995486800671074e+02
9.157285248406002154e+01 8.145494877820517843e+01 1.954772582697471535e+02
9.158806773645741828e+01 8.146499939691277348e+01 1.954549678594271711e+02
9.160328298885481502e+01 8.147505001562038274e+01 1.954326774491072172e+02
9.161849824125222597e+01 8.148510063432799200e+01 1.954103870387872348e+02
9.163371349364962271e+01 8.149515125303558705e+01 1.953880966284672809e+02
9.164892874604701944e+01 8.150520187174319631e+01 1.953658062181473269e+02
9.166414399844441618e+01 8.151525249045080557e+01 1.953435158078273446e+02
9.167935925084181292e+01 8.152530310915840062e+01 1.953212253975073907e+02
9.169457450323920966e+01 8.153535372786600988e+01 1.952989349871874367e+02
9.170978975563660640e+01 8.154540434657361914e+01 1.952766445768674544e+02
9.172500500803400314e+01 8.155545496528121419e+01 1.952543541665475004e+02
9.174022026043139988e+01 8.156550558398882345e+01 1.952320637562275181e+02
9.175543551282879662e+01 8.157555620269643271e+01 1.952097733459075641e+02
9.177065076522619336e+01 8.158560682140402776e+01 1.951874829355876102e+02
9.178586601762359010e+01 8.159565744011163702e+01 1.951651925252676278e+02
9.180108127002098684e+01 8.160570805881924628e+01 1.951429021149476739e+02
9.181629652241838357e+01 8.161575867752684132e+01 1.951206117046277200e+02
9.183151177481579452e+01 8.162580929623445058e+01 1.950983212943077376e+02
9.184672702721319126e+01 8.163585991494205985e+01 1.950760308839877837e+02
9.186194227961058800e+01 8.164591053364965489e+01 1.950537404736678013e+02
9.187715753200798474e+01 8.165596115235726415e+01 1.950314500633478474e+02
9.189237278440538148e+01 8.166601177106487341e+01 1.950091596530278935e+02
9.190758803680277822e+01 8.167606238977246846e+01 1.949868692427079111e+02
9.192280328920017496e+01 8.168611300848007772e+01 1.949645788323879572e+02
9.192280328920017496e+01 8.168611300848007772e+01 1.949645788323879572e+02
9.194859216038877037e+01 8.167142349893653375e+01 1.949492877773146233e+02
9.197438103157735156e+01 8.165673398939300398e+01 1.949339967222412611e+02
9.200016990276594697e+01 8.164204447984946000e+01 1.949187056671679272e+02
9.202595877395452817e+01 8.162735497030593024e+01 1.949034146120945934e+02
9.205174764514312358e+01 8.161266546076238626e+01 1.948881235570212596e+02
9.207753651633171899e+01 8.159797595121884228e+01 1.948728325019479257e+02
9.210332538752030018e+01 8.158328644167531252e+01 1.948575414468745635e+02
9.212911425870889559e+01 8.156859693213176854e+01 1.948422503918012296e+02
9.215490312989749100e+01 8.155390742258822456e+01 1.948269593367278958e+02
9.218069200108607220e+01 8.153921791304469480e+01 1.948116682816545335e+02
9.220648087227466760e+01 8.152452840350115082e+01 1.947963772265811997e+02
9.223226974346326301e+01 8.150983889395760684e+01 1.947810861715078659e+02
9.225805861465184421e+01 8.149514938441407708e+01 1.947657951164345320e+02
9.228384748584043962e+01 8.148045987487053310e+01 1.947505040613611982e+02
9.230963635702902081e+01 8.146577036532700333e+01 1.947352130062878359e+02
9.233542522821761622e+01 8.145108085578345936e+01 1.947199219512145021e+02
9.236121409940621163e+01 8.143639134623991538e+01 1.947046308961411683e+02
9.238700297059479283e+01 8.142170183669638561e+01 1.946893398410678060e+02
9.241279184178338824e+01 8.140701232715284164e+01 1.946740487859944722e+02
9.243858071297196943e+01 8.139232281760931187e+01 1.946587577309211383e+02
9.246436958416056484e+01 8.137763330806576789e+01 1.946434666758478045e+02
9.249015845534916025e+01 8.136294379852222391e+01 1.946281756207744706e+02
9.251594732653774145e+01 8.134825428897869415e+01 1.946128845657011084e+02
9.254173619772633685e+01 8.133356477943515017e+01 1.945975935106277745e+02
9.254173619772633685e+01 8.133356477943515017e+01 1.945975935106277745e+02
9.256304976780522509e+01 8.132142443064705617e+01 1.945849560061979560e+02
9.258436333788411332e+01 8.130928408185896217e+01 1.945723185017681374e+02
9.260567690796300155e+01 8.129714373307086817e+01 1.945596809973383188e+02
9.262699047804188979e+01 8.128500338428277416e+01 1.945470434929085002e+02
9.264830404812077802e+01 8.127286303549468016e+01 1.945344059884786816e+02
9.266961761819966625e+01 8.126072268670658616e+01 1.945217684840488630e+02
9.269093118827855449e+01 8.124858233791849216e+01 1.945091309796190444e+02
9.271224475835744272e+01 8.123644198913039816e+01 1.944964934751892258e+02
9.273355832843633095e+01 8.122430164034230415e+01 1.944838559707594072e+02
9.275487189851521919e+01 8.121216129155421015e+01 1.944712184663295886e+02
9.277618546859410742e+01 8.120002094276611615e+01 1.944585809618997700e+02
9.279749903867299565e+01 8.118788059397802215e+01 1.944459434574699515e+02
9.281881260875189810e+01 8.117574024518992815e+01 1.944333059530401613e+02
9.284012617883078633e+01 8.116359989640183414e+01 1.944206684486103427e+02
9.286143974890967456e+01 8.115145954761374014e+01 1.944080309441805241e+02
9.288275331898856280e+01 8.113931919882564614e+01 1.943953934397507055e+02
9.290406688906745103e+01 8.112717885003755214e+01 1.943827559353208869e+02
9.292538045914633926e+01 8.111503850124945814e+01 1.943701184308910683e+02
9.294669402922522750e+01 8.110289815246136413e+01 1.943574809264612497e+02
9.296800759930411573e+01 8.109075780367327013e+01 1.943448434220314311e+02
9.298932116938300396e+01 8.107861745488517613e+01 1.943322059176016126e+02
9.301063473946189220e+01 8.106647710609708213e+01 1.943195684131717940e+02
9.303194830954078043e+01 8.105433675730898813e+01 1.943069309087419754e+02
9.305326187961966866e+01 8.104219640852089412e+01 1.942942934043121568e+02
9.307457544969855689e+01 8.103005605973280012e+01 1.942816558998823382e+02
9.307457544969855689e+01 8.103005605973280012e+01 1.942816558998823382e+02
9.310265683794847291e+01 8.104473240681842583e+01 1.942704282324370979e+02
9.313073822619840314e+01 8.105940875390405154e+01 1.942592005649918860e+02
9.315881961444831916e+01 8.107408510098967724e+01 1.942479728975466458e+02
9.318690100269823517e+01 8.108876144807530295e+01 1.942367452301014339e+02
9.321498239094816540e+01 8.110343779516092866e+01 1.942255175626561936e+02
9.324306377919808142e+01 8.111811414224656858e+01 1.942142898952109817e+02
9.327114516744799744e+01 8.113279048933219428e+01 1.942030622277657415e+02
9.329922655569792767e+01 8.114746683641781999e+01 1.941918345603205012e+02
9.332730794394784368e+01 8.116214318350344570e+01 1.941806068928752893e+02
9.335538933219775970e+01 8.117681953058907141e+01 1.941693792254300490e+02
9.338347072044768993e+01 8.119149587767469711e+01 1.941581515579848372e+02
9.341155210869760595e+01 8.120617222476032282e+01 1.941469238905395969e+02
9.343963349694752196e+01 8.122084857184594853e+01 1.941356962230943850e+02
9.346771488519745219e+01 8.123552491893157423e+01 1.941244685556491447e+02
9.349579627344736821e+01 8.125020126601719994e+01 1.941132408882039044e+02
9.352387766169728422e+01 8.126487761310283986e+01 1.941020132207586926e+02
9.355195904994721445e+01 8.127955396018846557e+01 1.940907855533134523e+02
9.358004043819713047e+01 8.129423030727409127e+01 1.940795578858682404e+02
9.360812182644704649e+01 8.130890665435971698e+01 1.940683302184230001e+02
9.363620321469697672e+01 8.132358300144534269e+01 1.940571025509777883e+02
9.366428460294689273e+01 8.133825934853096840e+01 1.940458748835325480e+02
9.366428460294689273e+01 8.133825934853096840e+01 1.940458748835325480e+02
9.368724605690717055e+01 8.132518035431611736e+01 1.940322602954994693e+02
9.371020751086744838e+01 8.131210136010128053e+01 1.940186457074664190e+02
9.373316896482771199e+01 8.129902236588642950e+01 1.940050311194333403e+02
9.375613041878798981e+01 8.128594337167157846e+01 1.939914165314002616e+02
9.377909187274826763e+01 8.127286437745674164e+01 1.939778019433672114e+02
9.380205332670854546e+01 8.125978538324189060e+01 1.939641873553341327e+02
9.382501478066882328e+01 8.124670638902703956e+01 1.939505727673010540e+02
9.384797623462910110e+01 8.123362739481220274e+01 1.939369581792680037e+02
9.387093768858936471e+01 8.122054840059735170e+01 1.939233435912349250e+02
9.389389914254964253e+01 8.120746940638250067e+01 1.939097290032018464e+02
9.391686059650992036e+01 8.119439041216764963e+01 1.938961144151687677e+02
9.393982205047019818e+01 8.118131141795281280e+01 1.938824998271357174e+02
9.396278350443047600e+01 8.116823242373796177e+01 1.938688852391026387e+02
9.398574495839073961e+01 8.115515342952311073e+01 1.938552706510695600e+02
9.400870641235101743e+01 8.114207443530827391e+01 1.938416560630365097e+02
9.403166786631129526e+01 8.112899544109342287e+01 1.938280414750034311e+02
9.405462932027157308e+01 8.111591644687857183e+01 1.938144268869703524e+02
9.407759077423185090e+01 8.110283745266373501e+01 1.938008122989373021e+02
9.410055222819212872e+01 8.108975845844888397e+01 1.937871977109042234e+02
9.412351368215239233e+01 8.107667946423403293e+01 1.937735831228711447e+02
9.414647513611267016e+01 8.106360047001919611e+01 1.937599685348380945e+02
9.416943659007294798e+01 8.105052147580434507e+01 1.937463539468050158e+02
9.416943659007294798e+01 8.105052147580434507e+01 1.937463539468050158e+02
9.419727738632685998e+01 8.103466317633552762e+01 1.937298462390542113e+02
9.422511818258077199e+01 8.101880487686669596e+01 1.937133385313034069e+02
9.425295897883468399e+01 8.100294657739787851e+01 1.936968308235526308e+02
9.428079977508859599e+01 8.098708827792906106e+01 1.936803231158018264e+02
9.430864057134249379e+01 8.097122997846022940e+01 1.936638154080510219e+02
9.433648136759640579e+01 8.095537167899141195e+01 1.936473077003002459e+02
9.436432216385031779e+01 8.093951337952259451e+01 1.936307999925494414e+02
9.439216296010422980e+01 8.092365508005377706e+01 1.936142922847986370e+02
9.442000375635814180e+01 8.090779678058494540e+01 1.935977845770478325e+02
9.444784455261205380e+01 8.089193848111612795e+01 1.935812768692970280e+02
9.447568534886596581e+01 8.087608018164731050e+01 1.935647691615462520e+02
9.450352614511987781e+01 8.086022188217847884e+01 1.935482614537954476e+02
9.453136694137378981e+01 8.084436358270966139e+01 1.935317537460446431e+02
9.455920773762770182e+01 8.082850528324084394e+01 1.935152460382938671e+02
9.458704853388161382e+01 8.081264698377202649e+01 1.934987383305430626e+02
9.461488933013551161e+01 8.079678868430319483e+01 1.934822306227922581e+02
9.464273012638942362e+01 8.078093038483437738e+01 1.934657229150414537e+02
9.467057092264333562e+01 8.076507208536555993e+01 1.934492152072906492e+02
9.469841171889724762e+01 8.074921378589672827e+01 1.934327074995398732e+02
9.472625251515115963e+01 8.073335548642791082e+01 1.934161997917890687e+02
9.472625251515115963e+01 8.073335548642791082e+01 1.934161997917890687e+02
9.474328280451599937e+01 8.071949649879663014e+01 1.933927473792252556e+02
9.476031309388085333e+01 8.070563751116534945e+01 1.933692949666614140e+02
9.477734338324569308e+01 8.069177852353406877e+01 1.933458425540976009e+02
9.479437367261053282e+01 8.067791953590278808e+01 1.933223901415337878e+02
9.481140396197538678e+01 8.066406054827150740e+01 1.932989377289699462e+02
9.482843425134022652e+01 8.065020156064022672e+01 1.932754853164061331e+02
9.484546454070506627e+01 8.063634257300894603e+01 1.932520329038423199e+02
9.486249483006992023e+01 8.062248358537766535e+01 1.932285804912785068e+02
9.487952511943475997e+01 8.060862459774638467e+01 1.932051280787146652e+02
9.489655540879959972e+01 8.059476561011510398e+01 1.931816756661508521e+02
9.491358569816445367e+01 8.058090662248382330e+01 1.931582232535870389e+02
9.493061598752929342e+01 8.056704763485252840e+01 1.931347708410231974e+02
9.494764627689414738e+01 8.055318864722124772e+01 1.931113184284593842e+02
9.496467656625898712e+01 8.053932965958996704e+01 1.930878660158955711e+02
9.498170685562382687e+01 8.052547067195868635e+01 1.930644136033317295e+02
9.499873714498868083e+01 8.051161168432740567e+01 1.930409611907679164e+02
9.501576743435352057e+01 8.049775269669612499e+01 1.930175087782041032e+02
9.503279772371836032e+01 8.048389370906484430e+01 1.929940563656402901e+02
9.504982801308321427e+01 8.047003472143356362e+01 1.929706039530764485e+02
9.506685830244805402e+01 8.045617573380228293e+01 1.929471515405126354e+02
9.508388859181289376e+01 8.044231674617100225e+01 1.929236991279488223e+02
9.510091888117774772e+01 8.042845775853972157e+01 1.929002467153849807e+02
9.511794917054258747e+01 8.041459877090844088e+01 1.928767943028211675e+02
9.511794917054258747e+01 8.041459877090844088e+01 1.928767943028211675e+02
9.513374539283401532e+01 8.040174404808676911e+01 1.928550413241023591e+02
9.514954161512544317e+01 8.038888932526509734e+01 1.928332883453835791e+02
9.516533783741688524e+01 8.037603460244342557e+01 1.928115353666647707e+02
9.518113405970831309e+01 8.036317987962176801e+01 1.927897823879459622e+02
9.519693028199974094e+01 8.035032515680009624e+01 1.927680294092271822e+02
9.521272650429116879e+01 8.033747043397842447e+01 1.927462764305083738e+02
9.522852272658259665e+01 8.032461571115675270e+01 1.927245234517895653e+02
9.524431894887402450e+01 8.031176098833508092e+01 1.927027704730707853e+02
9.526011517116546656e+01 8.029890626551340915e+01 1.926810174943519769e+02
9.527591139345689442e+01 8.028605154269173738e+01 1.926592645156331685e+02
9.529170761574832227e+01 8.027319681987006561e+01 1.926375115369143884e+02
9.530750383803975012e+01 8.026034209704840805e+01 1.926157585581955800e+02
9.532330006033117797e+01 8.024748737422673628e+01 1.925940055794768000e+02
9.533909628262260583e+01 8.023463265140506451e+01 1.925722526007579916e+02
9.535489250491404789e+01 8.022177792858339274e+01 1.925504996220391831e+02
9.537068872720547574e+01 8.020892320576172096e+01 1.925287466433204031e+02
9.538648494949690360e+01 8.019606848294004919e+01 1.925069936646015947e+02
9.540228117178833145e+01 8.018321376011837742e+01 1.924852406858827862e+02
9.541807739407975930e+01 8.017035903729670565e+01 1.924634877071640062e+02
9.543387361637118715e+01 8.015750431447504809e+01 1.924417347284451978e+02
9.544966983866262922e+01 8.014464959165337632e+01 1.924199817497263894e+02
9.546546606095405707e+01 8.013179486883170455e+01 1.923982287710076093e+02
9.548126228324548492e+01 8.011894014601003278e+01 1.923764757922888009e+02
9.548126228324548492e+01 8.011894014601003278e+01 1.923764757922888009e+02
9.549743777224836094e+01 8.010577678177010341e+01 1.923542005253576406e+02
9.551361326125123696e+01 8.009261341753018826e+01 1.923319252584264518e+02
9.552978875025411298e+01 8.007945005329025889e+01 1.923096499914952915e+02
9.554596423925698900e+01 8.006628668905032953e+01 1.922873747245641027e+02
9.556213972825986502e+01 8.005312332481040016e+01 1.922650994576329424e+02
9.557831521726274104e+01 8.003995996057048501e+01 1.922428241907017821e+02
9.559449070626561706e+01 8.002679659633055564e+01 1.922205489237705933e+02
9.561066619526849308e+01 8.001363323209062628e+01 1.921982736568394330e+02
9.562684168427136910e+01 8.000046986785071113e+01 1.921759983899082727e+02
9.564301717327424512e+01 7.998730650361078176e+01 1.921537231229770839e+02
9.565919266227710693e+01 7.997414313937085240e+01 1.921314478560459236e+02
9.567536815127998295e+01 7.996097977513092303e+01 1.921091725891147348e+02
9.569154364028285897e+01 7.994781641089100788e+01 1.920868973221835745e+02
9.570771912928573499e+01 7.993465304665107851e+01 1.920646220552524142e+02
9.572389461828861101e+01 7.992148968241114915e+01 1.920423467883212254e+02
9.574007010729148703e+01 7.990832631817123399e+01 1.920200715213900651e+02
9.575624559629436305e+01 7.989516295393130463e+01 1.919977962544589047e+02
9.577242108529723907e+01 7.988199958969137526e+01 1.919755209875277160e+02
9.578859657430011509e+01 7.986883622545144590e+01 1.919532457205965557e+02
9.580477206330299111e+01 7.985567286121153074e+01 1.919309704536653669e+02
9.582094755230586713e+01 7.984250949697160138e+01 1.919086951867342066e+02
9.582094755230586713e+01 7.984250949697160138e+01 1.919086951867342066e+02
9.584639369398952624e+01 7.981862800603698815e+01 1.919110034510553078e+02
9.587183983567317114e+01 7.979474651510236072e+01 1.919133117153763806e+02
9.589728597735683024e+01 7.977086502416773328e+01 1.919156199796974818e+02
9.592273211904048935e+01 7.974698353323312006e+01 1.919179282440185546e+02
9.594817826072414846e+01 7.972310204229850683e+01 1.919202365083396558e+02
9.597362440240779335e+01 7.969922055136387939e+01 1.919225447726607285e+02
9.599907054409145246e+01 7.967533906042925196e+01 1.919248530369818297e+02
9.602451668577511157e+01 7.965145756949463873e+01 1.919271613013029025e+02
9.604996282745875646e+01 7.962757607856002551e+01 1.919294695656240037e+02
9.607540896914241557e+01 7.960369458762539807e+01 1.919317778299450765e+02
9.610085511082607468e+01 7.957981309669077064e+01 1.919340860942661777e+02
9.612630125250971957e+01 7.955593160575615741e+01 1.919363943585872789e+02
9.615174739419337868e+01 7.953205011482154418e+01 1.919387026229083517e+02
9.617719353587703779e+01 7.950816862388691675e+01 1.919410108872294529e+02
9.620263967756068268e+01 7.948428713295228931e+01 1.919433191515505257e+02
9.622808581924434179e+01 7.946040564201767609e+01 1.919456274158716269e+02
9.625353196092800090e+01 7.943652415108306286e+01 1.919479356801926997e+02
9.627897810261166001e+01 7.941264266014843543e+01 1.919502439445138009e+02
9.630442424429530490e+01 7.938876116921380799e+01 1.919525522088348737e+02
9.632987038597896401e+01 7.936487967827919476e+01 1.919548604731559749e+02
9.632987038597896401e+01 7.936487967827919476e+01 1.919548604731559749e+02
9.635336627204210913e+01 7.934282852423810084e+01 1.919569918263554484e+02
9.637686215810525425e+01 7.932077737019699271e+01 1.919591231795549504e+02
9.640035804416839937e+01 7.929872621615589878e+01 1.919612545327544240e+02
9.642385393023155871e+01 7.927667506211480486e+01 1.919633858859538975e+02
9.644734981629470383e+01 7.925462390807369673e+01 1.919655172391533995e+02
9.647084570235784895e+01 7.923257275403260280e+01 1.919676485923528730e+02
9.649434158842099407e+01 7.921052159999149467e+01 1.919697799455523466e+02
9.651783747448413919e+01 7.918847044595040074e+01 1.919719112987518486e+02
9.654133336054728431e+01 7.916641929190930682e+01 1.919740426519513221e+02
9.656482924661042944e+01 7.914436813786819869e+01 1.919761740051507957e+02
9.658832513267358877e+01 7.912231698382710476e+01 1.919783053583502692e+02
9.661182101873673389e+01 7.910026582978601084e+01 1.919804367115497712e+02
9.663531690479987901e+01 7.907821467574490271e+01 1.919825680647492447e+02
9.665881279086302413e+01 7.905616352170380878e+01 1.919846994179487183e+02
9.668230867692616926e+01 7.903411236766271486e+01 1.919868307711482203e+02
9.670580456298931438e+01 7.901206121362160673e+01 1.919889621243476938e+02
9.672930044905245950e+01 7.899001005958051280e+01 1.919910934775471674e+02
9.675279633511560462e+01 7.896795890553940467e+01 1.919932248307466693e+02
9.677629222117876395e+01 7.894590775149831074e+01 1.919953561839461429e+02
9.679978810724190907e+01 7.892385659745721682e+01 1.919974875371456164e+02
9.682328399330505420e+01 7.890180544341610869e+01 1.919996188903451184e+02
9.684677987936819932e+01 7.887975428937501476e+01 1.920017502435445920e+02
9.684677987936819932e+01 7.887975428937501476e+01 1.920017502435445920e+02
9.686754196417498974e+01 7.886026883864298043e+01 1.920036336088180633e+02
9.688830404898178017e+01 7.884078338791094609e+01 1.920055169740915346e+02
9.690906613378857060e+01 7.882129793717891175e+01 1.920074003393650059e+02
9.692982821859536102e+01 7.880181248644687741e+01 1.920092837046385057e+02
9.695059030340215145e+01 7.878232703571484308e+01 1.920111670699119770e+02
9.697135238820895609e+01 7.876284158498280874e+01 1.920130504351854484e+02
9.699211447301574651e+01 7.874335613425077440e+01 1.920149338004589197e+02
9.701287655782253694e+01 7.872387068351874007e+01 1.920168171657323910e+02
9.703363864262932736e+01 7.870438523278670573e+01 1.920187005310058623e+02
9.705440072743611779e+01 7.868489978205467139e+01 1.920205838962793337e+02
9.707516281224290822e+01 7.866541433132263705e+01 1.920224672615528334e+02
9.709592489704969864e+01 7.864592888059061693e+01 1.920243506268263047e+02
9.711668698185648907e+01 7.862644342985858259e+01 1.920262339920997761e+02
9.713744906666327950e+01 7.860695797912654825e+01 1.920281173573732474e+02
9.715821115147006992e+01 7.858747252839451392e+01 1.920300007226467187e+02
9.717897323627686035e+01 7.856798707766247958e+01 1.920318840879201900e+02
9.719973532108366499e+01 7.854850162693044524e+01 1.920337674531936614e+02
9.722049740589045541e+01 7.852901617619841090e+01 1.920356508184671327e+02
9.724125949069724584e+01 7.850953072546637657e+01 1.920375341837406324e+02
9.726202157550403626e+01 7.849004527473434223e+01 1.920394175490141038e+02
9.728278366031082669e+01 7.847055982400230789e+01 1.920413009142875751e+02
9.730354574511761712e+01 7.845107437327027355e+01 1.920431842795610464e+02
9.730354574511761712e+01 7.845107437327027355e+01 1.920431842795610464e+02
9.732686101060784267e+01 7.842919273367378707e+01 1.920452992483502896e+02
9.735017627609806823e+01 7.840731109407728638e+01 1.920474142171395613e+02
9.737349154158829379e+01 7.838542945448079990e+01 1.920495291859288045e+02
9.739680680707850513e+01 7.836354781488429921e+01 1.920516441547180477e+02
9.742012207256873069e+01 7.834166617528781273e+01 1.920537591235072910e+02
9.744343733805895624e+01 7.831978453569131204e+01 1.920558740922965626e+02
9.746675260354918180e+01 7.829790289609482556e+01 1.920579890610858058e+02
9.749006786903940736e+01 7.827602125649833908e+01 1.920601040298750490e+02
9.751338313452963291e+01 7.825413961690183839e+01 1.920622189986642923e+02
9.753669840001984426e+01 7.823225797730535191e+01 1.920643339674535639e+02
9.756001366551006981e+01 7.821037633770885122e+01 1.920664489362428071e+02
9.758332893100029537e+01 7.818849469811236474e+01 1.920685639050320503e+02
9.760664419649052093e+01 7.816661305851587827e+01 1.920706788738212936e+02
9.762995946198074648e+01 7.814473141891937757e+01 1.920727938426105652e+02
9.765327472747097204e+01 7.812284977932289110e+01 1.920749088113998084e+02
9.767658999296118338e+01 7.810096813972639040e+01 1.920770237801890516e+02
9.769990525845140894e+01 7.807908650012990392e+01 1.920791387489782949e+02
9.772322052394163450e+01 7.805720486053340323e+01 1.920812537177675665e+02
9.774653578943186005e+01 7.803532322093691675e+01 1.920833686865568097e+02
9.774653578943186005e+01 7.803532322093691675e+01 1.920833686865568097e+02
9.776397405160142284e+01 7.802113223131004816e+01 1.920593544546177327e+02
9.778141231377099984e+01 7.800694124168317956e+01 1.920353402226786841e+02
9.779885057594056263e+01 7.799275025205631096e+01 1.920113259907396071e+02
9.781628883811012543e+01 7.797855926242944236e+01 1.919873117588005584e+02
9.783372710027970243e+01 7.796436827280257376e+01 1.919632975268614814e+02
9.785116536244926522e+01 7.795017728317570516e+01 1.919392832949224328e+02
9.786860362461882801e+01 7.793598629354883656e+01 1.919152690629833558e+02
9.788604188678840501e+01 7.792179530392196796e+01 1.918912548310442787e+02
9.790348014895796780e+01 7.790760431429509936e+01 1.918672405991052301e+02
9.792091841112753059e+01 7.789341332466823076e+01 1.918432263671661531e+02
9.793835667329709338e+01 7.787922233504136216e+01 1.918192121352271045e+02
9.795579493546667038e+01 7.786503134541449356e+01 1.917951979032880274e+02
9.797323319763623317e+01 7.785084035578762496e+01 1.917711836713489504e+02
9.799067145980579596e+01 7.783664936616075636e+01 1.917471694394099018e+02
9.800810972197537296e+01 7.782245837653388776e+01 1.917231552074708247e+02
9.802554798414493575e+01 7.780826738690701916e+01 1.916991409755317761e+02
9.804298624631449854e+01 7.779407639728015056e+01 1.916751267435926991e+02
9.806042450848407555e+01 7.777988540765328196e+01 1.916511125116536505e+02
9.807786277065363834e+01 7.776569441802641336e+01 1.916270982797145734e+02
9.807786277065363834e+01 7.776569441802641336e+01 1.916270982797145734e+02
9.809350062562027972e+01 7.775296857209863788e+01 1.916055633886487612e+02
9.810913848058692110e+01 7.774024272617086240e+01 1.915840284975829775e+02
9.812477633555357670e+01 7.772751688024307271e+01 1.915624936065171653e+02
9.814041419052021809e+01 7.771479103431529722e+01 1.915409587154513815e+02
9.815605204548685947e+01 7.770206518838752174e+01 1.915194238243855693e+02
9.817168990045350085e+01 7.768933934245974626e+01 1.914978889333197856e+02
9.818732775542014224e+01 7.767661349653197078e+01 1.914763540422539734e+02
9.820296561038679783e+01 7.766388765060418109e+01 1.914548191511881896e+02
9.821860346535343922e+01 7.765116180467640561e+01 1.914332842601223774e+02
9.823424132032008060e+01 7.763843595874863013e+01 1.914117493690565937e+02
9.824987917528672199e+01 7.762571011282085465e+01 1.913902144779907815e+02
9.826551703025337758e+01 7.761298426689306496e+01 1.913686795869249977e+02
9.828115488522001897e+01 7.760025842096528947e+01 1.913471446958591855e+02
9.829679274018666035e+01 7.758753257503751399e+01 1.913256098047934017e+02
9.831243059515330174e+01 7.757480672910973851e+01 1.913040749137275895e+02
9.832806845011994312e+01 7.756208088318196303e+01 1.912825400226618058e+02
9.834370630508659872e+01 7.754935503725417334e+01 1.912610051315959936e+02
9.835934416005324010e+01 7.753662919132639786e+01 1.912394702405302098e+02
9.837498201501988149e+01 7.752390334539862238e+01 1.912179353494643976e+02
9.837498201501988149e+01 7.752390334539862238e+01 1.912179353494643976e+02
9.840280935788935324e+01 7.749778707029753377e+01 1.912204596167381965e+02
9.843063670075881078e+01 7.747167079519644517e+01 1.912229838840119669e+02
9.845846404362828252e+01 7.744555452009534235e+01 1.912255081512857657e+02
9.848629138649774006e+01 7.741943824499425375e+01 1.912280324185595646e+02
9.851411872936721181e+01 7.739332196989316515e+01 1.912305566858333634e+02
9.854194607223668356e+01 7.736720569479207654e+01 1.912330809531071338e+02
9.856977341510614110e+01 7.734108941969097373e+01 1.912356052203809327e+02
9.859760075797561285e+01 7.731497314458988512e+01 1.912381294876547315e+02
9.862542810084507039e+01 7.728885686948879652e+01 1.912406537549285019e+02
9.865325544371454214e+01 7.726274059438770792e+01 1.912431780222023008e+02
9.868108278658399968e+01 7.723662431928660510e+01 1.912457022894760996e+02
9.870891012945347143e+01 7.721050804418551650e+01 1.912482265567498700e+02
9.873673747232294318e+01 7.718439176908442789e+01 1.912507508240236689e+02
9.876456481519240072e+01 7.715827549398333929e+01 1.912532750912974677e+02
9.879239215806187246e+01 7.713215921888223647e+01 1.912557993585712666e+02
9.882021950093133000e+01 7.710604294378114787e+01 1.912583236258450370e+02
9.884804684380080175e+01 7.707992666868005927e+01 1.912608478931188358e+02
9.884804684380080175e+01 7.707992666868005927e+01 1.912608478931188358e+02
9.887207207960200606e+01 7.705737871394013894e+01 1.912630272645652099e+02
9.889609731540321036e+01 7.703483075920021861e+01 1.912652066360115839e+02
9.892012255120442887e+01 7.701228280446029828e+01 1.912673860074579579e+02
9.894414778700563318e+01 7.698973484972037795e+01 1.912695653789043320e+02
9.896817302280683748e+01 7.696718689498045762e+01 1.912717447503507060e+02
9.899219825860804178e+01 7.694463894024053729e+01 1.912739241217970516e+02
9.901622349440924609e+01 7.692209098550061697e+01 1.912761034932434256e+02
9.904024873021046460e+01 7.689954303076069664e+01 1.912782828646897997e+02
9.906427396601166890e+01 7.687699507602077631e+01 1.912804622361361737e+02
9.908829920181287321e+01 7.685444712128085598e+01 1.912826416075825477e+02
9.911232443761407751e+01 7.683189916654094986e+01 1.912848209790289218e+02
9.913634967341528181e+01 7.680935121180102954e+01 1.912870003504752958e+02
9.916037490921650033e+01 7.678680325706110921e+01 1.912891797219216699e+02
9.918440014501770463e+01 7.676425530232118888e+01 1.912913590933680439e+02
9.920842538081890893e+01 7.674170734758126855e+01 1.912935384648143895e+02
9.923245061662011324e+01 7.671915939284134822e+01 1.912957178362607635e+02
9.925647585242131754e+01 7.669661143810142789e+01 1.912978972077071376e+02
9.928050108822253605e+01 7.667406348336150756e+01 1.913000765791535116e+02
9.930452632402374036e+01 7.665151552862158724e+01 1.913022559505998856e+02
9.932855155982494466e+01 7.662896757388166691e+01 1.913044353220462597e+02
9.932855155982494466e+01 7.662896757388166691e+01 1.913044353220462597e+02
9.934991824674834504e+01 7.660968485816316331e+01 1.912873708517381033e+02
9.937128493367175963e+01 7.659040214244465972e+01 1.912703063814299185e+02
9.939265162059516001e+01 7.657111942672615612e+01 1.912532419111217621e+02
9.941401830751857460e+01 7.655183671100765253e+01 1.912361774408135773e+02
9.943538499444197498e+01 7.653255399528914893e+01 1.912191129705054209e+02
9.945675168136538957e+01 7.651327127957064533e+01 1.912020485001972645e+02
9.947811836828878995e+01 7.649398856385214174e+01 1.911849840298890797e+02
9.949948505521219033e+01 7.647470584813363814e+01 1.911679195595809233e+02
9.952085174213560492e+01 7.645542313241513455e+01 1.911508550892727669e+02
9.954221842905900530e+01 7.643614041669663095e+01 1.911337906189645821e+02
9.956358511598241989e+01 7.641685770097811314e+01 1.911167261486564257e+02
9.958495180290582027e+01 7.639757498525960955e+01 1.910996616783482409e+02
9.960631848982923486e+01 7.637829226954110595e+01 1.910825972080400845e+02
9.962768517675263524e+01 7.635900955382260236e+01 1.910655327377319281e+02
9.964905186367603562e+01 7.633972683810409876e+01 1.910484682674237433e+02
9.967041855059945021e+01 7.632044412238559516e+01 1.910314037971155869e+02
9.969178523752285059e+01 7.630116140666709157e+01 1.910143393268074306e+02
9.971315192444626518e+01 7.628187869094858797e+01 1.909972748564992457e+02
9.973451861136966556e+01 7.626259597523008438e+01 1.909802103861910894e+02
9.975588529829308015e+01 7.624331325951158078e+01 1.909631459158829045e+02
9.977725198521648053e+01 7.622403054379307719e+01 1.909460814455747482e+02
9.977725198521648053e+01 7.622403054379307719e+01 1.909460814455747482e+02
9.979563549803002331e+01 7.620744004229128166e+01 1.909313994824940437e+02
9.981401901084356609e+01 7.619084954078950034e+01 1.909167175194133392e+02
9.983240252365710887e+01 7.617425903928770481e+01 1.909020355563326063e+02
9.985078603647065165e+01 7.615766853778592349e+01 1.908873535932519019e+02
9.986916954928419443e+01 7.614107803628412796e+01 1.908726716301711974e+02
9.988755306209775142e+01 7.612448753478233243e+01 1.908579896670904930e+02
9.990593657491129420e+01 7.610789703328055111e+01 1.908433077040097885e+02
9.992432008772483698e+01 7.609130653177875558e+01 1.908286257409290840e+02
9.994270360053837976e+01 7.607471603027697427e+01 1.908139437778483511e+02
9.996108711335192254e+01 7.605812552877517874e+01 1.907992618147676467e+02
9.997947062616546532e+01 7.604153502727339742e+01 1.907845798516869422e+02
9.999785413897900810e+01 7.602494452577160189e+01 1.907698978886062378e+02
1.000162376517925509e+02 7.600835402426980636e+01 1.907552159255255333e+02
1.000346211646060937e+02 7.599176352276802504e+01 1.907405339624448004e+02
1.000530046774196364e+02 7.597517302126622951e+01 1.907258519993640959e+02
1.000713881902331792e+02 7.595858251976444819e+01 1.907111700362833915e+02
1.000897717030467362e+02 7.594199201826265266e+01 1.906964880732026870e+02
1.001081552158602790e+02 7.592540151676085713e+01 1.906818061101219826e+02
1.001265387286738218e+02 7.590881101525907582e+01 1.906671241470412781e+02
1.001449222414873645e+02 7.589222051375728029e+01 1.906524421839605452e+02
1.001633057543009073e+02 7.587563001225549897e+01 1.906377602208798407e+02
1.001816892671144501e+02 7.585903951075370344e+01 1.906230782577991363e+02
1.001816892671144501e+02 7.585903951075370344e+01 1.906230782577991363e+02
1.002033794155306055e+02 7.583343780094087094e+01 1.906072786704420992e+02
1.002250695639467608e+02 7.580783609112803845e+01 1.905914790830850620e+02
1.002467597123629162e+02 7.578223438131520595e+01 1.905756794957279965e+02
1.002684498607790573e+02 7.575663267150237346e+01 1.905598799083709594e+02
1.002901400091952127e+02 7.573103096168952675e+01 1.905440803210139222e+02
1.003118301576113680e+02 7.570542925187669425e+01 1.905282807336568567e+02
1.003335203060275234e+02 7.567982754206386176e+01 1.905124811462998196e+02
1.003552104544436787e+02 7.565422583225102926e+01 1.904966815589427824e+02
1.003769006028598341e+02 7.562862412243819676e+01 1.904808819715857453e+02
1.003985907512759752e+02 7.560302241262536427e+01 1.904650823842287082e+02
1.004202808996921306e+02 7.557742070281253177e+01 1.904492827968716426e+02
1.004419710481082859e+02 7.555181899299969928e+01 1.904334832095146055e+02
1.004636611965244413e+02 7.552621728318686678e+01 1.904176836221575684e+02
1.004853513449405966e+02 7.550061557337403428e+01 1.904018840348005028e+02
1.005070414933567520e+02 7.547501386356120179e+01 1.903860844474434657e+02
1.005287316417729073e+02 7.544941215374835508e+01 1.903702848600864286e+02
1.005504217901890485e+02 7.542381044393552258e+01 1.903544852727293915e+02
1.005721119386052038e+02 7.539820873412269009e+01 1.903386856853723543e+02
1.005938020870213592e+02 7.537260702430985759e+01 1.903228860980152888e+02
1.006154922354375145e+02 7.534700531449702510e+01 1.903070865106582517e+02
1.006154922354375145e+02 7.534700531449702510e+01 1.903070865106582517e+02
1.006322099643315369e+02 7.533191812691019607e+01 1.902937349232383326e+02
1.006489276932255592e+02 7.531683093932336703e+01 1.902803833358184136e+02
1.006656454221195816e+02 7.530174375173653800e+01 1.902670317483984661e+02
1.006823631510136039e+02 7.528665656414972318e+01 1.902536801609785471e+02
1.006990808799076262e+02 7.527156937656289415e+01 1.902403285735586280e+02
1.007157986088016344e+02 7.525648218897606512e+01 1.902269769861387090e+02
1.007325163376956567e+02 7.524139500138923609e+01 1.902136253987187899e+02
1.007492340665896791e+02 7.522630781380240705e+01 1.902002738112988709e+02
1.007659517954837014e+02 7.521122062621557802e+01 1.901869222238789234e+02
1.007826695243777237e+02 7.519613343862874899e+01 1.901735706364590044e+02
1.007993872532717461e+02 7.518104625104191996e+01 1.901602190490390853e+02
1.008161049821657684e+02 7.516595906345510514e+01 1.901468674616191663e+02
1.008328227110597908e+02 7.515087187586827611e+01 1.901335158741992473e+02
1.008495404399538131e+02 7.513578468828144707e+01 1.901201642867793282e+02
1.008662581688478355e+02 7.512069750069461804e+01 1.901068126993593808e+02
1.008829758977418578e+02 7.510561031310778901e+01 1.900934611119394617e+02
1.008996936266358802e+02 7.509052312552095998e+01 1.900801095245195427e+02
1.009164113555298883e+02 7.507543593793413095e+01 1.900667579370996236e+02
1.009331290844239106e+02 7.506034875034730192e+01 1.900534063496797046e+02
1.009498468133179330e+02 7.504526156276048710e+01 1.900400547622597855e+02
1.009665645422119553e+02 7.503017437517365806e+01 1.900267031748398381e+02
1.009832822711059777e+02 7.501508718758682903e+01 1.900133515874199190e+02
1.010000000000000000e+02 7.500000000000000000e+01 1.900000000000000000e+02
1.010000000000000000e+02 7.500000000000000000e+01 1.900000000000000000e+02
1.010000000000000000e+02 7.500000000000000000e+01 1.900000000000000000e+02
1.010000000000000000e+02 7.500000000000000000e+01 1.900000000000000000e+02
1.010000000000000000e+02 7.500000000000000000e+01 1.900000000000000000e+02
1.010000000000000000e+02 7.500000000000000000e+01 1.900000000000000000e+02
1.010000000000000000e+02 7.500000000000000000e+01 1.900000000000000000e+02
1.010000000000000000e+02 7.500000000000000000e+01 1.900000000000000000e+02
1.010000000000000000e+02 7.500000000000000000e+01 1.900000000000000000e+02
1.010000000000000000e+02 7.500000000000000000e+01 1.900000000000000000e+02
1.010000000000000000e+02 7.500000000000000000e+01 1.900000000000000000e+02
1.010000000000000000e+02 7.500000000000000000e+01 1.900000000000000000e+02
1.010000000000000000e+02 7.500000000000000000e+01 1.900000000000000000e+02
1.010000000000000000e+02 7.500000000000000000e+01 1.900000000000000000e+02
1.010000000000000000e+02 7.500000000000000000e+01 1.900000000000000000e+02
1.010000000000000000e+02 7.500000000000000000e+01 1.900000000000000000e+02
1.010000000000000000e+02 7.500000000000000000e+01 1.900000000000000000e+02
1.010000000000000000e+02 7.500000000000000000e+01 1.900000000000000000e+02
1.010000000000000000e+02 7.500000000000000000e+01 1.900000000000000000e+02
1.010000000000000000e+02 7.500000000000000000e+01 1.900000000000000000e+02
1.010000000000000000e+02 7.500000000000000000e+01 1.900000000000000000e+02
1.010000000000000000e+02 7.500000000000000000e+01 1.900000000000000000e+02
1.010166020868457935e+02 7.498508641288719900e+01 1.899774993371963490e+02
1.010332041736915869e+02 7.497017282577441222e+01 1.899549986743926979e+02
1.010498062605373804e+02 7.495525923866161122e+01 1.899324980115890469e+02
1.010664083473831596e+02 7.494034565154882443e+01 1.899099973487853958e+02
1.010830104342289530e+02 7.492543206443602344e+01 1.898874966859817448e+02
1.010996125210747465e+02 7.491051847732323665e+01 1.898649960231780938e+02
1.011162146079205399e+02 7.489560489021043566e+01 1.898424953603744427e+02
1.011328166947663334e+02 7.488069130309763466e+01 1.898199946975707917e+02
1.011494187816121268e+02 7.486577771598484787e+01 1.897974940347671406e+02
1.011660208684579061e+02 7.485086412887204688e+01 1.897749933719635180e+02
1.011826229553036995e+02 7.483595054175926009e+01 1.897524927091598670e+02
1.011992250421494930e+02 7.482103695464645909e+01 1.897299920463562160e+02
1.012158271289952864e+02 7.480612336753365810e+01 1.897074913835525649e+02
1.012324292158410799e+02 7.479120978042087131e+01 1.896849907207489139e+02
1.012490313026868733e+02 7.477629619330807031e+01 1.896624900579452628e+02
1.012656333895326526e+02 7.476138260619528353e+01 1.896399893951416118e+02
1.012822354763784460e+02 7.474646901908248253e+01 1.896174887323379608e+02
1.012988375632242395e+02 7.473155543196969575e+01 1.895949880695343097e+02
1.013154396500700329e+02 7.471664184485689475e+01 1.895724874067306587e+02
1.013154396500700329e+02 7.471664184485689475e+01 1.895724874067306587e+02
1.013328120012029814e+02 7.470103633246668551e+01 1.895489428114890984e+02
1.013501843523359298e+02 7.468543082007647627e+01 1.895253982162475666e+02
1.013675567034688925e+02 7.466982530768626702e+01 1.895018536210060063e+02
1.013849290546018409e+02 7.465421979529605778e+01 1.894783090257644744e+02
1.014023014057347893e+02 7.463861428290583433e+01 1.894547644305229142e+02
1.014196737568677378e+02 7.462300877051562509e+01 1.894312198352813823e+02
1.014370461080007004e+02 7.460740325812541585e+01 1.894076752400398220e+02
1.014544184591336489e+02 7.459179774573520660e+01 1.893841306447982902e+02
1.014717908102665973e+02 7.457619223334499736e+01 1.893605860495567299e+02
1.014891631613995457e+02 7.456058672095478812e+01 1.893370414543151981e+02
1.015065355125325084e+02 7.454498120856457888e+01 1.893134968590736378e+02
1.015239078636654568e+02 7.452937569617436964e+01 1.892899522638321059e+02
1.015412802147984053e+02 7.451377018378414618e+01 1.892664076685905457e+02
1.015586525659313537e+02 7.449816467139393694e+01 1.892428630733490138e+02
1.015760249170643164e+02 7.448255915900372770e+01 1.892193184781074535e+02
1.015933972681972648e+02 7.446695364661351846e+01 1.891957738828659217e+02
1.016107696193302132e+02 7.445134813422330922e+01 1.891722292876243614e+02
1.016107696193302132e+02 7.445134813422330922e+01 1.891722292876243614e+02
1.016283777460258193e+02 7.443553082560379153e+01 1.891483651478290540e+02
1.016459858727214254e+02 7.441971351698425963e+01 1.891245010080337465e+02
1.016635939994170172e+02 7.440389620836474194e+01 1.891006368682384391e+02
1.016812021261126233e+02 7.438807889974521004e+01 1.890767727284431601e+02
1.016988102528082294e+02 7.437226159112569235e+01 1.890529085886478526e+02
1.017164183795038355e+02 7.435644428250616045e+01 1.890290444488525452e+02
1.017340265061994415e+02 7.434062697388664276e+01 1.890051803090572378e+02
1.017516346328950334e+02 7.432480966526711086e+01 1.889813161692619303e+02
1.017692427595906395e+02 7.430899235664759317e+01 1.889574520294666229e+02
1.017868508862862456e+02 7.429317504802806127e+01 1.889335878896713155e+02
1.018044590129818516e+02 7.427735773940854358e+01 1.889097237498760080e+02
1.018220671396774577e+02 7.426154043078901168e+01 1.888858596100807290e+02
1.018396752663730496e+02 7.424572312216949399e+01 1.888619954702854216e+02
1.018572833930686556e+02 7.422990581354996209e+01 1.888381313304901141e+02
1.018748915197642617e+02 7.421408850493044440e+01 1.888142671906948067e+02
1.018748915197642617e+02 7.421408850493044440e+01 1.888142671906948067e+02
1.018914627133409709e+02 7.419920266911564966e+01 1.887918083972679995e+02
1.019080339069176944e+02 7.418431683330086912e+01 1.887693496038411638e+02
1.019246051004944036e+02 7.416943099748607438e+01 1.887468908104143566e+02
1.019411762940711128e+02 7.415454516167127963e+01 1.887244320169875493e+02
1.019577474876478362e+02 7.413965932585649909e+01 1.887019732235607421e+02
1.019743186812245455e+02 7.412477349004170435e+01 1.886795144301339064e+02
1.019908898748012689e+02 7.410988765422692381e+01 1.886570556367070992e+02
1.020074610683779781e+02 7.409500181841212907e+01 1.886345968432802920e+02
1.020240322619546873e+02 7.408011598259733432e+01 1.886121380498534847e+02
1.020406034555314108e+02 7.406523014678255379e+01 1.885896792564266491e+02
1.020571746491081200e+02 7.405034431096775904e+01 1.885672204629998419e+02
1.020737458426848292e+02 7.403545847515296430e+01 1.885447616695730346e+02
1.020903170362615526e+02 7.402057263933818376e+01 1.885223028761462274e+02
1.021068882298382619e+02 7.400568680352338902e+01 1.884998440827193917e+02
1.021234594234149853e+02 7.399080096770860848e+01 1.884773852892925845e+02
1.021400306169916945e+02 7.397591513189381374e+01 1.884549264958657773e+02
1.021566018105684037e+02 7.396102929607901899e+01 1.884324677024389700e+02
1.021731730041451272e+02 7.394614346026423846e+01 1.884100089090121344e+02
1.021897441977218364e+02 7.393125762444944371e+01 1.883875501155853271e+02
1.021897441977218364e+02 7.393125762444944371e+01 1.883875501155853271e+02
1.022065607983114859e+02 7.391615134051271241e+01 1.883647587241846111e+02
1.022233773989011354e+02 7.390104505657598111e+01 1.883419673327838666e+02
1.022401939994907849e+02 7.388593877263924981e+01 1.883191759413831505e+02
1.022570106000804344e+02 7.387083248870251850e+01 1.882963845499824060e+02
1.022738272006700697e+02 7.385572620476578720e+01 1.882735931585816900e+02
1.022906438012597192e+02 7.384061992082905590e+01 1.882508017671809455e+02
1.023074604018493687e+02 7.382551363689232460e+01 1.882280103757802294e+02
1.023242770024390182e+02 7.381040735295559330e+01 1.882052189843794849e+02
1.023410936030286678e+02 7.379530106901884778e+01 1.881824275929787689e+02
1.023579102036183173e+02 7.378019478508211648e+01 1.881596362015780244e+02
1.023747268042079668e+02 7.376508850114538518e+01 1.881368448101773083e+02
1.023915434047976163e+02 7.374998221720865388e+01 1.881140534187765638e+02
1.024083600053872516e+02 7.373487593327192258e+01 1.880912620273758478e+02
1.024251766059769011e+02 7.371976964933519127e+01 1.880684706359751033e+02
1.024419932065665506e+02 7.370466336539845997e+01 1.880456792445743872e+02
1.024588098071562001e+02 7.368955708146172867e+01 1.880228878531736427e+02
1.024756264077458496e+02 7.367445079752499737e+01 1.880000964617729267e+02
1.024756264077458496e+02 7.367445079752499737e+01 1.880000964617729267e+02
1.024821939403454536e+02 7.365673600599757265e+01 1.879724106990169048e+02
1.024887614729450576e+02 7.363902121447013371e+01 1.879447249362609114e+02
1.024953290055446757e+02 7.362130642294270899e+01 1.879170391735048895e+02
1.025018965381442797e+02 7.360359163141528427e+01 1.878893534107488676e+02
1.025084640707438837e+02 7.358587683988785955e+01 1.878616676479928742e+02
1.025150316033434876e+02 7.356816204836042061e+01 1.878339818852368523e+02
1.025215991359431058e+02 7.355044725683299589e+01 1.878062961224808305e+02
1.025281666685427098e+02 7.353273246530557117e+01 1.877786103597248371e+02
1.025347342011423137e+02 7.351501767377813223e+01 1.877509245969688152e+02
1.025413017337419177e+02 7.349730288225070751e+01 1.877232388342128218e+02
1.025478692663415359e+02 7.347958809072328279e+01 1.876955530714567999e+02
1.025544367989411398e+02 7.346187329919584386e+01 1.876678673087007780e+02
1.025610043315407438e+02 7.344415850766841913e+01 1.876401815459447846e+02
1.025675718641403478e+02 7.342644371614099441e+01 1.876124957831887627e+02
1.025741393967399659e+02 7.340872892461356969e+01 1.875848100204327409e+02
1.025807069293395699e+02 7.339101413308613076e+01 1.875571242576767474e+02
1.025872744619391739e+02 7.337329934155870603e+01 1.875294384949207256e+02
1.025872744619391739e+02 7.337329934155870603e+01 1.875294384949207256e+02
1.026141989877459366e+02 7.337605989681559038e+01 1.875110486695264456e+02
1.026411235135526994e+02 7.337882045207247472e+01 1.874926588441321655e+02
1.026680480393594621e+02 7.338158100732934486e+01 1.874742690187378855e+02
1.026949725651662249e+02 7.338434156258622920e+01 1.874558791933436055e+02
1.027218970909729876e+02 7.338710211784311355e+01 1.874374893679493255e+02
1.027488216167797503e+02 7.338986267309999789e+01 1.874190995425550454e+02
1.027757461425865131e+02 7.339262322835688224e+01 1.874007097171607654e+02
1.028026706683932758e+02 7.339538378361375237e+01 1.873823198917664854e+02
1.028295951942000386e+02 7.339814433887063672e+01 1.873639300663722054e+02
1.028565197200068013e+02 7.340090489412752106e+01 1.873455402409779538e+02
1.028834442458135641e+02 7.340366544938440541e+01 1.873271504155836737e+02
1.029103687716203268e+02 7.340642600464127554e+01 1.873087605901893937e+02
1.029372932974270896e+02 7.340918655989815989e+01 1.872903707647951137e+02
1.029642178232338523e+02 7.341194711515504423e+01 1.872719809394008337e+02
1.029911423490406150e+02 7.341470767041192858e+01 1.872535911140065537e+02
1.030180668748473778e+02 7.341746822566881292e+01 1.872352012886122736e+02
1.030449914006541405e+02 7.342022878092568305e+01 1.872168114632179936e+02
1.030719159264609033e+02 7.342298933618256740e+01 1.871984216378237136e+02
1.030988404522676660e+02 7.342574989143945174e+01 1.871800318124294336e+02
1.030988404522676660e+02 7.342574989143945174e+01 1.871800318124294336e+02
1.031258713402530702e+02 7.344063678748436530e+01 1.871699697782425744e+02
1.031529022282384886e+02 7.345552368352926464e+01 1.871599077440557153e+02
1.031799331162238929e+02 7.347041057957417820e+01 1.871498457098688561e+02
1.032069640042093113e+02 7.348529747561907755e+01 1.871397836756819686e+02
1.032339948921947155e+02 7.350018437166399110e+01 1.871297216414951095e+02
1.032610257801801197e+02 7.351507126770889045e+01 1.871196596073082503e+02
1.032880566681655381e+02 7.352995816375380400e+01 1.871095975731213912e+02
1.033150875561509423e+02 7.354484505979870335e+01 1.870995355389345320e+02
1.033421184441363465e+02 7.355973195584361690e+01 1.870894735047476729e+02
1.033691493321217649e+02 7.357461885188851625e+01 1.870794114705608138e+02
1.033961802201071691e+02 7.358950574793342980e+01 1.870693494363739262e+02
1.034232111080925876e+02 7.360439264397832915e+01 1.870592874021870671e+02
1.034502419960779918e+02 7.361927954002324270e+01 1.870492253680002079e+02
1.034772728840633960e+02 7.363416643606814205e+01 1.870391633338133488e+02
1.035043037720488144e+02 7.364905333211305560e+01 1.870291012996264897e+02
1.035313346600342186e+02 7.366394022815795495e+01 1.870190392654396305e+02
1.035583655480196228e+02 7.367882712420286850e+01 1.870089772312527714e+02
1.035853964360050412e+02 7.369371402024776785e+01 1.869989151970658838e+02
1.036124273239904454e+02 7.370860091629268140e+01 1.869888531628790247e+02
1.036394582119758638e+02 7.372348781233758075e+01 1.869787911286921656e+02
1.036664890999612680e+02 7.373837470838249430e+01 1.869687290945053064e+02
1.036664890999612680e+02 7.373837470838249430e+01 1.869687290945053064e+02
1.036933385227756901e+02 7.375316166493826131e+01 1.869587346092926055e+02
1.037201879455901121e+02 7.376794862149402832e+01 1.869487401240799045e+02
1.037470373684045342e+02 7.378273557804979532e+01 1.869387456388672035e+02
1.037738867912189562e+02 7.379752253460556233e+01 1.869287511536545310e+02
1.038007362140333782e+02 7.381230949116132933e+01 1.869187566684418300e+02
1.038275856368478003e+02 7.382709644771709634e+01 1.869087621832291291e+02
1.038544350596622223e+02 7.384188340427286334e+01 1.868987676980164281e+02
1.038812844824766444e+02 7.385667036082863035e+01 1.868887732128037271e+02
1.039081339052910664e+02 7.387145731738439736e+01 1.868787787275910546e+02
1.039349833281054742e+02 7.388624427394016436e+01 1.868687842423783536e+02
1.039618327509198963e+02 7.390103123049593137e+01 1.868587897571656526e+02
1.039886821737343183e+02 7.391581818705169837e+01 1.868487952719529517e+02
1.040155315965487404e+02 7.393060514360746538e+01 1.868388007867402507e+02
1.040423810193631624e+02 7.394539210016323239e+01 1.868288063015275497e+02
1.040692304421775845e+02 7.396017905671899939e+01 1.868188118163148488e+02
1.040960798649920065e+02 7.397496601327476640e+01 1.868088173311021762e+02
1.041229292878064285e+02 7.398975296983053340e+01 1.867988228458894753e+02
1.041497787106208506e+02 7.400453992638630041e+01 1.867888283606767743e+02
1.041497787106208506e+02 7.400453992638630041e+01 1.867888283606767743e+02
1.041783174990738843e+02 7.401910261747929098e+01 1.867903037429452127e+02
1.042068562875269180e+02 7.403366530857228156e+01 1.867917791252136226e+02
1.042353950759799375e+02 7.404822799966527214e+01 1.867932545074820609e+02
1.042639338644329712e+02 7.406279069075826271e+01 1.867947298897504993e+02
1.042924726528860049e+02 7.407735338185126750e+01 1.867962052720189092e+02
1.043210114413390386e+02 7.409191607294425808e+01 1.867976806542873476e+02
1.043495502297920581e+02 7.410647876403724865e+01 1.867991560365557859e+02
1.043780890182450918e+02 7.412104145513023923e+01 1.868006314188241959e+02
1.044066278066981255e+02 7.413560414622322980e+01 1.868021068010926342e+02
1.044351665951511592e+02 7.415016683731622038e+01 1.868035821833610726e+02
1.044637053836041929e+02 7.416472952840921096e+01 1.868050575656294825e+02
1.044922441720572124e+02 7.417929221950220153e+01 1.868065329478979208e+02
1.045207829605102461e+02 7.419385491059519211e+01 1.868080083301663592e+02
1.045493217489632798e+02 7.420841760168819690e+01 1.868094837124347691e+02
1.045778605374163135e+02 7.422298029278118747e+01 1.868109590947032075e+02
1.046063993258693330e+02 7.423754298387417805e+01 1.868124344769716458e+02
1.046349381143223667e+02 7.425210567496716862e+01 1.868139098592400558e+02
1.046634769027754004e+02 7.426666836606015920e+01 1.868153852415084941e+02
1.046634769027754004e+02 7.426666836606015920e+01 1.868153852415084941e+02
1.046932116459413038e+02 7.427712278792088796e+01 1.868141866522913972e+02
1.047229463891072072e+02 7.428757720978161672e+01 1.868129880630743003e+02
1.047526811322731106e+02 7.429803163164234547e+01 1.868117894738572033e+02
1.047824158754390282e+02 7.430848605350307423e+01 1.868105908846401064e+02
1.048121506186049317e+02 7.431894047536380299e+01 1.868093922954230095e+02
1.048418853617708351e+02 7.432939489722454596e+01 1.868081937062059126e+02
1.048716201049367385e+02 7.433984931908527471e+01 1.868069951169888157e+02
1.049013548481026419e+02 7.435030374094600347e+01 1.868057965277717187e+02
1.049310895912685453e+02 7.436075816280673223e+01 1.868045979385546218e+02
1.049608243344344487e+02 7.437121258466746099e+01 1.868033993493375249e+02
1.049905590776003663e+02 7.438166700652818975e+01 1.868022007601204564e+02
1.050202938207662697e+02 7.439212142838891850e+01 1.868010021709033595e+02
1.050500285639321731e+02 7.440257585024964726e+01 1.867998035816862625e+02
1.050797633070980766e+02 7.441303027211037602e+01 1.867986049924691656e+02
1.051094980502639800e+02 7.442348469397110478e+01 1.867974064032520687e+02
1.051392327934298834e+02 7.443393911583184774e+01 1.867962078140349718e+02
1.051689675365957868e+02 7.444439353769257650e+01 1.867950092248178748e+02
1.051987022797617044e+02 7.445484795955330526e+01 1.867938106356007779e+02
1.052284370229276078e+02 7.446530238141403402e+01 1.867926120463836810e+02
1.052581717660935112e+02 7.447575680327476277e+01 1.867914134571665841e+02
1.052879065092594146e+02 7.448621122513549153e+01 1.867902148679494871e+02
1.052879065092594146e+02 7.448621122513549153e+01 1.867902148679494871e+02
1.053177685765169826e+02 7.449671041280299733e+01 1.867890111463765379e+02
1.053476306437745507e+02 7.450720960047051733e+01 1.867878074248035887e+02
1.053774927110321187e+02 7.451770878813802312e+01 1.867866037032306110e+02
1.054073547782896867e+02 7.452820797580554313e+01 1.867853999816576618e+02
1.054372168455472547e+02 7.453870716347304892e+01 1.867841962600847125e+02
1.054670789128048227e+02 7.454920635114055472e+01 1.867829925385117633e+02
1.054969409800623907e+02 7.455970553880807472e+01 1.867817888169388141e+02
1.055268030473199588e+02 7.457020472647558051e+01 1.867805850953658364e+02
1.055566651145775268e+02 7.458070391414310052e+01 1.867793813737928872e+02
1.055865271818350948e+02 7.459120310181060631e+01 1.867781776522199380e+02
1.056163892490926628e+02 7.460170228947812632e+01 1.867769739306469887e+02
1.056462513163502308e+02 7.461220147714563211e+01 1.867757702090740395e+02
1.056761133836077846e+02 7.462270066481313791e+01 1.867745664875010618e+02
1.057059754508653526e+02 7.463319985248065791e+01 1.867733627659281126e+02
1.057358375181229206e+02 7.464369904014816370e+01 1.867721590443551634e+02
1.057656995853804887e+02 7.465419822781568371e+01 1.867709553227822141e+02
1.057955616526380567e+02 7.466469741548318950e+01 1.867697516012092365e+02
1.058254237198956247e+02 7.467519660315070951e+01 1.867685478796362872e+02
1.058552857871531927e+02 7.468569579081821530e+01 1.867673441580633380e+02
1.058851478544107607e+02 7.469619497848572109e+01 1.867661404364903888e+02
1.059150099216683287e+02 7.470669416615324110e+01 1.867649367149174395e+02
1.059448719889258967e+02 7.471719335382074689e+01 1.867637329933444619e+02
1.059747340561834648e+02 7.472769254148826690e+01 1.867625292717715126e+02
1.060045961234410328e+02 7.473819172915577269e+01 1.867613255501985634e+02
1.060045961234410328e+02 7.473819172915577269e+01 1.867613255501985634e+02
1.060345917110026761e+02 7.474873786115294649e+01 1.867601164465042416e+02
1.060645872985643194e+02 7.475928399315013451e+01 1.867589073428099198e+02
1.060945828861259628e+02 7.476983012514730831e+01 1.867576982391155695e+02
1.061245784736876061e+02 7.478037625714449632e+01 1.867564891354212477e+02
1.061545740612492352e+02 7.479092238914167012e+01 1.867552800317269259e+02
1.061845696488108786e+02 7.480146852113884393e+01 1.867540709280326041e+02
1.062145652363725219e+02 7.481201465313603194e+01 1.867528618243382539e+02
1.062445608239341652e+02 7.482256078513320574e+01 1.867516527206439321e+02
1.062745564114958086e+02 7.483310691713037954e+01 1.867504436169496103e+02
1.063045519990574519e+02 7.484365304912756756e+01 1.867492345132552884e+02
1.063345475866190952e+02 7.485419918112474136e+01 1.867480254095609382e+02
1.063645431741807386e+02 7.486474531312192937e+01 1.867468163058666164e+02
1.063945387617423819e+02 7.487529144511910317e+01 1.867456072021722946e+02
1.064245343493040110e+02 7.488583757711627698e+01 1.867443980984779728e+02
1.064545299368656543e+02 7.489638370911346499e+01 1.867431889947836510e+02
1.064845255244272977e+02 7.490692984111063879e+01 1.867419798910893007e+02
1.065145211119889410e+02 7.491747597310782680e+01 1.867407707873949789e+02
1.065445166995505843e+02 7.492802210510500061e+01 1.867395616837006571e+02
1.065745122871122277e+02 7.493856823710217441e+01 1.867383525800063353e+02
1.066045078746738710e+02 7.494911436909936242e+01 1.867371434763119851e+02
1.066345034622355143e+02 7.495966050109653622e+01 1.867359343726176633e+02
1.066644990497971435e+02 7.497020663309371002e+01 1.867347252689233414e+02
1.066944946373587868e+02 7.498075276509089804e+01 1.867335161652290196e+02
1.067244902249204301e+02 7.499129889708807184e+01 1.867323070615346694e+02
1.067544858124820735e+02 7.500184502908525985e+01 1.867310979578403476e+02
1.067844814000437168e+02 7.501239116108243365e+01 1.867298888541460258e+02
1.067844814000437168e+02 7.501239116108243365e+01 1.867298888541460258e+02
1.068139973836494363e+02 7.502276866939071454e+01 1.867286990829923070e+02
1.068435133672551558e+02 7.503314617769898121e+01 1.867275093118386167e+02
1.068730293508608753e+02 7.504352368600726209e+01 1.867263195406848979e+02
1.069025453344665948e+02 7.505390119431552876e+01 1.867251297695311791e+02
1.069320613180723143e+02 7.506427870262380964e+01 1.867239399983774888e+02
1.069615773016780338e+02 7.507465621093207631e+01 1.867227502272237700e+02
1.069910932852837533e+02 7.508503371924035719e+01 1.867215604560700513e+02
1.070206092688894728e+02 7.509541122754862386e+01 1.867203706849163325e+02
1.070501252524951923e+02 7.510578873585690474e+01 1.867191809137626421e+02
1.070796412361009118e+02 7.511616624416517141e+01 1.867179911426089234e+02
1.071091572197066313e+02 7.512654375247345229e+01 1.867168013714552046e+02
1.071386732033123508e+02 7.513692126078171896e+01 1.867156116003015143e+02
1.071681891869180703e+02 7.514729876908999984e+01 1.867144218291477955e+02
1.071977051705237898e+02 7.515767627739826651e+01 1.867132320579940767e+02
1.072272211541295093e+02 7.516805378570654739e+01 1.867120422868403864e+02
1.072567371377352288e+02 7.517843129401481406e+01 1.867108525156866676e+02
1.072862531213409625e+02 7.518880880232309494e+01 1.867096627445329489e+02
1.073157691049466820e+02 7.519918631063136161e+01 1.867084729733792301e+02
1.073452850885524015e+02 7.520956381893964249e+01 1.867072832022255398e+02
1.073748010721581210e+02 7.521994132724790916e+01 1.867060934310718210e+02
1.074043170557638405e+02 7.523031883555619004e+01 1.867049036599181022e+02
1.074338330393695600e+02 7.524069634386445671e+01 1.867037138887644119e+02
1.074633490229752795e+02 7.525107385217273759e+01 1.867025241176106931e+02
1.074928650065809990e+02 7.526145136048100426e+01 1.867013343464569743e+02
1.075223809901867185e+02 7.527182886878928514e+01 1.867001445753032840e+02
1.075518969737924380e+02 7.528220637709755181e+01 1.866989548041495652e+02
1.075814129573981575e+02 7.529258388540583269e+01 1.866977650329958465e+02
1.076109289410038770e+02 7.530296139371409936e+01 1.866965752618421277e+02
1.076404449246095965e+02 7.531333890202238024e+01 1.866953854906884374e+02
1.076699609082153160e+02 7.532371641033064691e+01 1.866941957195347186e+02
1.076994768918210355e+02 7.533409391863892779e+01 1.866930059483809998e+02
1.077289928754267549e+02 7.534447142694719446e+01 1.866918161772273095e+02
1.077585088590324744e+02 7.535484893525547534e+01 1.866906264060735907e+02
1.077585088590324744e+02 7.535484893525547534e+01 1.866906264060735907e+02
1.077826336966234493e+02 7.534276435906099323e+01 1.866732242361881333e+02
1.078067585342144241e+02 7.533067978286651112e+01 1.866558220663026759e+02
1.078308833718053990e+02 7.531859520667204322e+01 1.866384198964172185e+02
1.078550082093963738e+02 7.530651063047756111e+01 1.866210177265317611e+02
1.078791330469873628e+02 7.529442605428307900e+01 1.866036155566463037e+02
1.079032578845783377e+02 7.528234147808859689e+01 1.865862133867608463e+02
1.079273827221693125e+02 7.527025690189412899e+01 1.865688112168753889e+02
1.079515075597602873e+02 7.525817232569964688e+01 1.865514090469899315e+02
1.079756323973512622e+02 7.524608774950516477e+01 1.865340068771044741e+02
1.079997572349422370e+02 7.523400317331068266e+01 1.865166047072190167e+02
1.080238820725332118e+02 7.522191859711620054e+01 1.864992025373335593e+02
1.080480069101241867e+02 7.520983402092173264e+01 1.864818003674481020e+02
1.080721317477151615e+02 7.519774944472725053e+01 1.864643981975626446e+02
1.080962565853061506e+02 7.518566486853276842e+01 1.864469960276771587e+02
1.081203814228971254e+02 7.517358029233828631e+01 1.864295938577917013e+02
1.081445062604881002e+02 7.516149571614381841e+01 1.864121916879062439e+02
1.081686310980790751e+02 7.514941113994933630e+01 1.863947895180207865e+02
1.081927559356700499e+02 7.513732656375485419e+01 1.863773873481353291e+02
1.082168807732610247e+02 7.512524198756037208e+01 1.863599851782498718e+02
1.082410056108519996e+02 7.511315741136588997e+01 1.863425830083644144e+02
1.082651304484429744e+02 7.510107283517142207e+01 1.863251808384789570e+02
1.082892552860339492e+02 7.508898825897693996e+01 1.863077786685934996e+02
1.083133801236249383e+02 7.507690368278245785e+01 1.862903764987080422e+02
1.083375049612159131e+02 7.506481910658797574e+01 1.862729743288225848e+02
1.083616297988068879e+02 7.505273453039350784e+01 1.862555721589371274e+02
1.083857546363978628e+02 7.504064995419902573e+01 1.862381699890516700e+02
1.084098794739888376e+02 7.502856537800454362e+01 1.862207678191662126e+02
